x,y,z,id,xi,xv,jvx,jix
0,0,0,0,0,3.7e-11,-0.00020040546567625,-0.00020040614231999
1,0,0,1,6.9640053925196e-05,0.38474794082203,-1.6812380531037e-07,-1.6880044587526e-07
2,0,0,2,6.9543649603344e-05,0.38421158192204,3.4706816266651e-07,3.4639153170773e-07
3,0,0,3,6.9197258071637e-05,0.3822940782609,3.4706816266651e-07,3.4639153170773e-07
4,0,0,4,6.8852457485558e-05,0.38038536442155,3.4547720492229e-07,3.4480058607878e-07
5,0,0,5,6.8509403737164e-05,0.37848630170832,3.4373035109536e-07,3.4305374839426e-07
6,0,0,6,6.8168057981427e-05,0.37659667553004,3.4202233826815e-07,3.4134575573668e-07
7,0,0,7,6.7828417228201e-05,0.37471646938882,3.4031731156068e-07,3.3964075322574e-07
8,0,0,8,6.7490471958589e-05,0.37284563071631,3.3862179972404e-07,3.3794526961254e-07
9,0,0,9,6.7154213899501e-05,0.37098411382709,3.3693455694876e-07,3.3625805908721e-07
10,0,0,10,6.6819634600089e-05,0.36913187205363,3.3525576099721e-07,3.3457929941198e-07
11,0,0,11,6.648672569159e-05,0.3672888591819,3.3358532978275e-07,3.3290890849989e-07
12,0,0,12,6.6155478839697e-05,0.36545502918827,3.3192322884753e-07,3.3124685189271e-07
13,0,0,13,6.5825885752985e-05,0.36363033628599,3.302694153128e-07,3.2959308671159e-07
14,0,0,14,6.5497938181133e-05,0.36181473491541,3.2862384807431e-07,3.2794757185178e-07
15,0,0,15,6.5171627915003e-05,0.36000817974442,3.2698648594993e-07,3.2631026613084e-07
16,0,0,16,6.484694678638e-05,0.35821062566699,3.2535728801416e-07,3.2468112862276e-07
17,0,0,17,6.4523886667783e-05,0.35642202780215,3.2373621353627e-07,3.2306011859652e-07
18,0,0,18,6.4202439472257e-05,0.35464234149281,3.2212322199046e-07,3.2144719552586e-07
19,0,0,19,6.3882597153171e-05,0.35287152230467,3.2051827305281e-07,3.1984231908621e-07
20,0,0,20,6.3564351704017e-05,0.35110952602511,3.1892132660037e-07,3.1824544915437e-07
21,0,0,21,6.324769515821e-05,0.34935630866207,3.1733234271053e-07,3.1665654580699e-07
22,0,0,22,6.293261958889e-05,0.34761182644296,3.1575128165974e-07,3.1507556932001e-07
23,0,0,23,6.2619117108722e-05,0.34587603581355,3.141781039225e-07,3.1350248016744e-07
24,0,0,24,6.2307179869702e-05,0.34414889343692,3.1261277017059e-07,3.1193723902034e-07
25,0,0,25,6.1996800062956e-05,0.34243035619232,3.1105524127189e-07,3.1037980674588e-07
26,0,0,26,6.168796991855e-05,0.34072038117415,3.0950547828934e-07,3.0883014440665e-07
27,0,0,27,6.138068170529e-05,0.33901892569083,3.0796344248032e-07,3.0728821325909e-07
28,0,0,28,6.1074927730537e-05,0.33732594726378,3.0642909529532e-07,3.0575397475304e-07
29,0,0,29,6.0770700340007e-05,0.33564140362634,3.0490239837709e-07,3.0422739053059e-07
30,0,0,30,6.0467991917582e-05,0.3339652527227,3.0338331355981e-07,3.0270842242499e-07
31,0,0,31,6.0166794885122e-05,0.33229745270685,3.0187180286793e-07,3.0119703246003e-07
32,0,0,32,5.9867101702273e-05,0.33063796194157,3.0036782851529e-07,2.9969318284877e-07
33,0,0,33,5.956890486628e-05,0.32898673899735,2.9887135290428e-07,2.9819683599275e-07
34,0,0,34,5.9272196911799e-05,0.32734374265136,2.973823386249e-07,2.9670795448086e-07
35,0,0,35,5.8976970410711e-05,0.32570893188642,2.9590074845351e-07,2.952265010889e-07
36,0,0,36,5.8683217971933e-05,0.32408226589,2.944265453523e-07,2.9375243877802e-07
37,0,0,37,5.8390932241238e-05,0.32246370405316,2.9295969246823e-07,2.9228573069411e-07
38,0,0,38,5.8100105901071e-05,0.32085320596956,2.91500153132e-07,2.9082634016701e-07
39,0,0,39,5.7810731670362e-05,0.31925073143443,2.9004789085717e-07,2.8937423070933e-07
40,0,0,40,5.7522802304347e-05,0.31765624044361,2.8860286933944e-07,2.8792936601559e-07
41,0,0,41,5.7236310594385e-05,0.31606969319247,2.8716505245537e-07,2.8649170996157e-07
42,0,0,42,5.6951249367782e-05,0.314491050075,2.8573440426192e-07,2.8506122660299e-07
43,0,0,43,5.6667611487607e-05,0.31292027168277,2.8431088899525e-07,2.8363788017486e-07
44,0,0,44,5.6385389852517e-05,0.31135731880393,2.828944710699e-07,2.8222163509058e-07
45,0,0,45,5.6104577396575e-05,0.30980215242228,2.814851150779e-07,2.8081245594111e-07
46,0,0,46,5.5825167089082e-05,0.30825473371627,2.8008278578791e-07,2.7941030749384e-07
47,0,0,47,5.554715193439e-05,0.30671502405801,2.7868744814424e-07,2.7801515469202e-07
48,0,0,48,5.5270524971736e-05,0.30518298501234,2.7729906726617e-07,2.7662696265359e-07
49,0,0,49,5.4995279275065e-05,0.30365857833584,2.7591760844691e-07,2.7524569667054e-07
50,0,0,50,5.4721407952857e-05,0.30214176597588,2.7454303715272e-07,2.7387132220795e-07
51,0,0,51,5.4448904147954e-05,0.30063251006968,2.7317531902223e-07,2.7250380490308e-07
52,0,0,52,5.417776103739e-05,0.29913077294335,2.7181441986544e-07,2.7114311056449e-07
53,0,0,53,5.3907971832218e-05,0.29763651711096,2.7046030566281e-07,2.6978920517143e-07
54,0,0,54,5.3639529777346e-05,0.29614970527359,2.6911294256454e-07,2.6844205487264e-07
55,0,0,55,5.337242815136e-05,0.2946703003184,2.677722968897e-07,2.6710162598575e-07
56,0,0,56,5.3106660266364e-05,0.29319826531771,2.6643833512537e-07,2.6576788499632e-07
57,0,0,57,5.2842219467807e-05,0.29173356352806,2.651110239256e-07,2.6444079855719e-07
58,0,0,58,5.2579099134319e-05,0.29027615838933,2.6379033011102e-07,2.631203334873e-07
59,0,0,59,5.2317292677548e-05,0.28882601352376,2.6247622066762e-07,2.6180645677123e-07
60,0,0,60,5.205679354199e-05,0.28738309273511,2.6116866274609e-07,2.6049913555805e-07
61,0,0,61,5.1797595204829e-05,0.2859473600077,2.5986762366092e-07,2.591983371608e-07
62,0,0,62,5.1539691175774e-05,0.28451877950555,2.5857307088976e-07,2.579040290555e-07
63,0,0,63,5.1283074996893e-05,0.28309731557144,2.5728497207237e-07,2.5661617888021e-07
64,0,0,64,5.1027740242459e-05,0.28168293272608,2.5600329500999e-07,2.5533475443457e-07
65,0,0,65,5.077368051878e-05,0.28027559566717,2.5472800766439e-07,2.5405972367872e-07
66,0,0,66,5.0520889464048e-05,0.27887526926851,2.5345907815722e-07,2.5279105473256e-07
67,0,0,67,5.0269360748173e-05,0.27748191857917,2.5219647476915e-07,2.5152871587501e-07
68,0,0,68,5.0019088072629e-05,0.27609550882261,2.5094016593892e-07,2.5027267554318e-07
69,0,0,69,4.9770065170298e-05,0.27471600539574,2.4969012026282e-07,2.4902290233164e-07
70,0,0,70,4.9522285805306e-05,0.27334337386815,2.4844630649387e-07,2.4777936499137e-07
71,0,0,71,4.9275743772877e-05,0.27197757998118,2.4720869354075e-07,2.4654203242937e-07
72,0,0,72,4.9030432899169e-05,0.27061858964711,2.4597725046735e-07,2.4531087370768e-07
73,0,0,73,4.8786347041127e-05,0.26926636894826,2.4475194649183e-07,2.4408585804255e-07
74,0,0,74,4.8543480086323e-05,0.26792088413618,2.4353275098588e-07,2.4286695480383e-07
75,0,0,75,4.8301825952809e-05,0.2665821016308,2.4231963347396e-07,2.4165413351404e-07
76,0,0,76,4.8061378588961e-05,0.26524998801957,2.4111256363265e-07,2.4044736384775e-07
77,0,0,77,4.7822131973331e-05,0.26392451005665,2.3991151128967e-07,2.3924661563062e-07
78,0,0,78,4.7584080114492e-05,0.26260563466204,2.3871644642324e-07,2.3805185883901e-07
79,0,0,79,4.7347217050893e-05,0.26129332892082,2.3752733916131e-07,2.368630635989e-07
80,0,0,80,4.7111536850707e-05,0.25998756008225,2.3634415978093e-07,2.3568020018519e-07
81,0,0,81,4.6877033611686e-05,0.25868829555901,2.351668787074e-07,2.3450323902103e-07
82,0,0,82,4.6643701461009e-05,0.25739550292633,2.339954665134e-07,2.3333215067715e-07
83,0,0,83,4.6411534555138e-05,0.25610914992126,2.3282989391859e-07,2.3216690587097e-07
84,0,0,84,4.6180527079672e-05,0.25482920444176,2.3167013178855e-07,2.3100747546588e-07
85,0,0,85,4.5950673249202e-05,0.253555634546,2.3051615113419e-07,2.2985383047072e-07
86,0,0,86,4.5721967307163e-05,0.25228840845146,2.2936792311109e-07,2.2870594203881e-07
87,0,0,87,4.5494403525696e-05,0.25102749453423,2.2822541901865e-07,2.2756378146729e-07
88,0,0,88,4.5267976205499e-05,0.24977286132816,2.2708861029943e-07,2.264273201965e-07
89,0,0,89,4.504267967569e-05,0.24852447752408,2.259574685385e-07,2.2529652980919e-07
90,0,0,90,4.481850829366e-05,0.24728231196903,2.2483196546255e-07,2.2417138202979e-07
91,0,0,91,4.4595456444936e-05,0.2460463336655,2.2371207293948e-07,2.2305184872375e-07
92,0,0,92,4.437351854304e-05,0.2448165117706,2.2259776297732e-07,2.2193790189683e-07
93,0,0,93,4.4152689029345e-05,0.24359281559533,2.2148900772386e-07,2.2082951369436e-07
94,0,0,94,4.3932962372945e-05,0.2423752146038,2.2038577946572e-07,2.1972665640064e-07
95,0,0,95,4.3714333070506e-05,0.24116367841249,2.1928805062787e-07,2.1862930243814e-07
96,0,0,96,4.349679564614e-05,0.23995817678944,2.181957937727e-07,2.1753742436682e-07
97,0,0,97,4.3280344651256e-05,0.23875867965353,2.1710898159955e-07,2.1645099488354e-07
98,0,0,98,4.3064974664435e-05,0.23756515707373,2.1602758694396e-07,2.1536998682126e-07
99,0,0,99,4.2850680291286e-05,0.23637757926833,2.1495158277688e-07,2.1429437314843e-07
100,0,0,100,4.2637456164318e-05,0.23519591660422,2.1388094220414e-07,2.1322412696834e-07
101,0,0,101,4.24252969428e-05,0.23402013959612,2.1281563846575e-07,2.121592215183e-07
102,0,0,102,4.2214197312631e-05,0.23285021890587,2.1175564493516e-07,2.1109963016921e-07
103,0,0,103,4.2004151986206e-05,0.23168612534168,2.107009351186e-07,2.1004532642467e-07
104,0,0,104,4.1795155702285e-05,0.2305278298574,2.0965148265452e-07,2.0899628392046e-07
105,0,0,105,4.1587203225862e-05,0.2293753035518,2.0860726131288e-07,2.0795247642378e-07
106,0,0,106,4.1380289348029e-05,0.22822851766786,2.0756824499441e-07,2.0691387783271e-07
107,0,0,107,4.1174408885853e-05,0.227087443592,2.0653440773006e-07,2.0588046217541e-07
108,0,0,108,4.0969556682244e-05,0.22595205285344,2.0550572368031e-07,2.0485220360966e-07
109,0,0,109,4.0765727605822e-05,0.22482231712341,2.0448216713458e-07,2.03829076422e-07
110,0,0,110,4.0562916550795e-05,0.22369820821451,2.034637125105e-07,2.028110550272e-07
111,0,0,111,4.0361118436827e-05,0.22257969807996,2.0245033435328e-07,2.0179811396772e-07
112,0,0,112,4.0160328208914e-05,0.22146675881292,2.0144200733513e-07,2.0079022791289e-07
113,0,0,113,3.9960540837256e-05,0.22035936264577,2.0043870625462e-07,1.9978737165839e-07
114,0,0,114,3.976175131713e-05,0.21925748194944,1.9944040603599e-07,1.9878952012549e-07
115,0,0,115,3.9563954668769e-05,0.2181610892327,1.9844708172863e-07,1.9779664836069e-07
116,0,0,116,3.9367145937235e-05,0.21707015714151,1.9745870850632e-07,1.968087315347e-07
117,0,0,117,3.9171320192292e-05,0.21598465845827,1.9647526166674e-07,1.9582574494223e-07
118,0,0,118,3.8976472528291e-05,0.21490456610119,1.9549671663071e-07,1.9484766400112e-07
119,0,0,119,3.878259806404e-05,0.21382985312361,1.9452304894171e-07,1.9387446425179e-07
120,0,0,120,3.8589691942683e-05,0.21276049271331,1.9355423426523e-07,1.9290612135664e-07
121,0,0,121,3.8397749331584e-05,0.21169645819182,1.9259024838813e-07,1.919426110994e-07
122,0,0,122,3.8206765422199e-05,0.21063772301382,1.9163106721805e-07,1.9098390938458e-07
123,0,0,123,3.8016735429962e-05,0.20958426076641,1.9067666678274e-07,1.9002999223687e-07
124,0,0,124,3.7827654594162e-05,0.20853604516845,1.897270232297e-07,1.8908083580046e-07
125,0,0,125,3.7639518177823e-05,0.20749305006997,1.8878211282519e-07,1.8813641633856e-07
126,0,0,126,3.745232146759e-05,0.20645524945144,1.8784191195406e-07,1.8719671023269e-07
127,0,0,127,3.7266059773608e-05,0.20542261742316,1.8690639711889e-07,1.8626169398214e-07
128,0,0,128,3.7080728429405e-05,0.2043951282246,1.8597554493939e-07,1.8533134420343e-07
129,0,0,129,3.6896322791775e-05,0.20337275622376,1.8504933215203e-07,1.8440563762968e-07
130,0,0,130,3.6712838240665e-05,0.20235547591653,1.8412773560922e-07,1.8348455110999e-07
131,0,0,131,3.6530270179056e-05,0.20134326192603,1.832107322789e-07,1.8256806160895e-07
132,0,0,132,3.634861403285e-05,0.20033608900203,1.822982992439e-07,1.81656146206e-07
133,0,0,133,3.6167865250755e-05,0.19933393202026,1.8139041370131e-07,1.807487820948e-07
134,0,0,134,3.5988019304172e-05,0.1983367659818,1.8048705296201e-07,1.798459465829e-07
135,0,0,135,3.5809071687082e-05,0.19734456601246,1.7958819445009e-07,1.7894761709082e-07
136,0,0,136,3.563101791593e-05,0.19635730736217,1.7869381570223e-07,1.7805377115177e-07
137,0,0,137,3.5453853529519e-05,0.19537496540434,1.7780389436714e-07,1.7716438641101e-07
138,0,0,138,3.5277574088894e-05,0.19439751563525,1.7691840820502e-07,1.7627944062523e-07
139,0,0,139,3.5102175177232e-05,0.19342493367344,1.7603733508708e-07,1.7539891166201e-07
140,0,0,140,3.4927652399732e-05,0.19245719525911,1.7516065299485e-07,1.745227774994e-07
141,0,0,141,3.4754001383507e-05,0.19149427625347,1.7428834001971e-07,1.7365101622509e-07
142,0,0,142,3.4581217777471e-05,0.19053615263821,1.7342037436238e-07,1.7278360603621e-07
143,0,0,143,3.4409297252232e-05,0.18958280051483,1.7255673433224e-07,1.7192052523844e-07
144,0,0,144,3.4238235499987e-05,0.18863419610407,1.7169739834692e-07,1.7106175224581e-07
145,0,0,145,3.4068028234407e-05,0.18769031574533,1.7084234493172e-07,1.7020726557986e-07
146,0,0,146,3.3898671190538e-05,0.18675113589606,1.6999155271904e-07,1.6935704386927e-07
147,0,0,147,3.3730160124688e-05,0.18581663313115,1.691450004479e-07,1.6851106584927e-07
148,0,0,148,3.3562490814327e-05,0.1848867841424,1.6830266696332e-07,1.6766931036118e-07
149,0,0,149,3.3395659057975e-05,0.1839615657379,1.6746453121591e-07,1.6683175635175e-07
150,0,0,150,3.3229660675103e-05,0.18304095484143,1.6663057226125e-07,1.6599838287279e-07
151,0,0,151,3.3064491506022e-05,0.18212492849193,1.6580076925943e-07,1.6516916908047e-07
152,0,0,152,3.2900147411787e-05,0.1812134638429,1.6497510147446e-07,1.6434409423496e-07
153,0,0,153,3.2736624274087e-05,0.18030653816183,1.6415354827384e-07,1.6352313769984e-07
154,0,0,154,3.2573917995146e-05,0.17940412882963,1.6333608912793e-07,1.6270627894156e-07
155,0,0,155,3.2412024497617e-05,0.17850621334007,1.6252270360957e-07,1.6189349752901e-07
156,0,0,156,3.2250939724484e-05,0.17761276929922,1.6171337139346e-07,1.6108477313288e-07
157,0,0,157,3.2090659638959e-05,0.17672377442488,1.6090807225566e-07,1.6028008552529e-07
158,0,0,158,3.1931180224379e-05,0.17583920654602,1.6010678607323e-07,1.5947941457921e-07
159,0,0,159,3.1772497484111e-05,0.17495904360225,1.593094928235e-07,1.5868274026795e-07
160,0,0,160,3.1614607441447e-05,0.17408326364322,1.5851617258372e-07,1.5789004266469e-07
161,0,0,161,3.1457506139505e-05,0.17321184482814,1.5772680553055e-07,1.5710130194197e-07
162,0,0,162,3.1301189641134e-05,0.17234476542516,1.5694137193951e-07,1.5631649837118e-07
163,0,0,163,3.1145654028811e-05,0.17148200381088,1.5615985218453e-07,1.5553561232211e-07
164,0,0,164,3.0990895404549e-05,0.17062353846979,1.5538222673743e-07,1.5475862426243e-07
165,0,0,165,3.0836909889792e-05,0.16976934799372,1.5460847616746e-07,1.5398551475721e-07
166,0,0,166,3.0683693625323e-05,0.16891941108134,1.5383858114081e-07,1.5321626446834e-07
167,0,0,167,3.0531242771169e-05,0.16807370653759,1.530725224201e-07,1.5245085415425e-07
168,0,0,168,3.03795535065e-05,0.16723221327314,1.5231028086392e-07,1.5168926466927e-07
169,0,0,169,3.0228622029537e-05,0.16639491030394,1.5155183742637e-07,1.5093147696317e-07
170,0,0,170,3.0078444557456e-05,0.16556177675059,1.5079717315652e-07,1.5017747208071e-07
171,0,0,171,2.9929017326295e-05,0.16473279183789,1.5004626919804e-07,1.494272311612e-07
172,0,0,172,2.9780336590857e-05,0.16390793489431,1.492991067886e-07,1.4868073543796e-07
173,0,0,173,2.9632398624619e-05,0.16308718535144,1.4855566725953e-07,1.4793796623794e-07
174,0,0,174,2.9485199719638e-05,0.16227052274351,1.4781593203523e-07,1.4719890498109e-07
175,0,0,175,2.9338736186458e-05,0.16145792670686,1.470798826328e-07,1.464635331801e-07
176,0,0,176,2.9193004354018e-05,0.16064937697945,1.4634750066155e-07,1.4573183243981e-07
177,0,0,177,2.9048000569561e-05,0.15984485340032,1.4561876782254e-07,1.4500378445675e-07
178,0,0,178,2.8903721198542e-05,0.15904433590911,1.448936659081e-07,1.4427937101877e-07
179,0,0,179,2.8760162624538e-05,0.15824780454557,1.4417217680137e-07,1.4355857400447e-07
180,0,0,180,2.8617321249155e-05,0.15745523944902,1.4345428247593e-07,1.4284137538286e-07
181,0,0,181,2.8475193491942e-05,0.15666662085789,1.4273996499522e-07,1.4212775721281e-07
182,0,0,182,2.83337757903e-05,0.1558819291092,1.420292065122e-07,1.4141770164269e-07
183,0,0,183,2.819306459939e-05,0.1551011446381,1.4132198926888e-07,1.4071119090981e-07
184,0,0,184,2.805305639205e-05,0.15432424797735,1.4061829559584e-07,1.4000820734009e-07
185,0,0,185,2.7913747658702e-05,0.15355121975684,1.3991810791177e-07,1.393087333476e-07
186,0,0,186,2.7775134907268e-05,0.15278204070312,1.3922140872313e-07,1.3861275143405e-07
187,0,0,187,2.763721466308e-05,0.1520166916389,1.3852818062362e-07,1.3792024418842e-07
188,0,0,188,2.7499983468793e-05,0.15125515348259,1.3783840629376e-07,1.3723119428648e-07
189,0,0,189,2.7363437884303e-05,0.15049740724778,1.3715206850054e-07,1.365455844904e-07
190,0,0,190,2.7227574486655e-05,0.14974343404282,1.3646915009682e-07,1.3586339764827e-07
191,0,0,191,2.7092389869961e-05,0.14899321507033,1.3578963402111e-07,1.3518461669377e-07
192,0,0,192,2.6957880645315e-05,0.1482467316267,1.3511350329692e-07,1.3450922464558e-07
193,0,0,193,2.6824043440708e-05,0.14750396510166,1.3444074103255e-07,1.3383720460712e-07
194,0,0,194,2.6690874900942e-05,0.14676489697779,1.3377133042056e-07,1.3316853976601e-07
195,0,0,195,2.6558371687548e-05,0.14602950883007,1.331052547373e-07,1.325032133937e-07
196,0,0,196,2.6426530478703e-05,0.14529778232541,1.3244249734259e-07,1.3184120884508e-07
197,0,0,197,2.6295347969145e-05,0.14456969922221,1.3178304167926e-07,1.31182509558e-07
198,0,0,198,2.6164820870092e-05,0.14384524136988,1.3112687127277e-07,1.3052709905292e-07
199,0,0,199,2.603494590916e-05,0.14312439070838,1.3047396973069e-07,1.2987496093241e-07
200,0,0,200,2.5905719830279e-05,0.14240712926781,1.2982432074248e-07,1.2922607888085e-07
201,0,0,201,2.5777139393615e-05,0.14169343916793,1.2917790807888e-07,1.2858043666395e-07
202,0,0,202,2.5649201375487e-05,0.1409833026177,1.2853471559164e-07,1.2793801812835e-07
203,0,0,203,2.5521902568286e-05,0.14027670191487,1.2789472721305e-07,1.2729880720124e-07
204,0,0,204,2.5395239780396e-05,0.1395736194455,1.2725792695557e-07,1.2666278788994e-07
205,0,0,205,2.5269209836114e-05,0.13887403768356,1.2662429891144e-07,1.2602994428155e-07
206,0,0,206,2.5143809575572e-05,0.13817793919045,1.2599382725223e-07,1.2540026054241e-07
207,0,0,207,2.5019035854654e-05,0.1374853066146,1.253664962285e-07,1.2477372091791e-07
208,0,0,208,2.4894885544922e-05,0.13679612269101,1.2474229016936e-07,1.2415030973193e-07
209,0,0,209,2.4771355533535e-05,0.13611037024084,1.2412119348214e-07,1.2353001138653e-07
210,0,0,210,2.4648442723174e-05,0.13542803217094,1.2350319065192e-07,1.2291281036153e-07
211,0,0,211,2.452614403196e-05,0.13474909147347,1.2288826624119e-07,1.2229869121413e-07
212,0,0,212,2.4404456393381e-05,0.13407353122546,1.2227640488951e-07,1.2168763857851e-07
213,0,0,213,2.4283376756216e-05,0.13340133458838,1.2166759131299e-07,1.2107963716551e-07
214,0,0,214,2.4162902084453e-05,0.13273248480769,1.2106181030406e-07,1.2047467176212e-07
215,0,0,215,2.4043029357222e-05,0.13206696521249,1.20459046731e-07,1.1987272723126e-07
216,0,0,216,2.3923755568711e-05,0.13140475921505,1.1985928553757e-07,1.1927378851128e-07
217,0,0,217,2.3805077728095e-05,0.13074585031039,1.1926251174263e-07,1.1867784061559e-07
218,0,0,218,2.3686992859463e-05,0.13009022207592,1.1866871043985e-07,1.180848686324e-07
219,0,0,219,2.3569498001739e-05,0.12943785817096,1.1807786679718e-07,1.1749485772418e-07
220,0,0,220,2.3452590208611e-05,0.12878874233639,1.1748996605666e-07,1.1690779312743e-07
221,0,0,221,2.3336266548459e-05,0.12814285839422,1.1690499353388e-07,1.1632366015224e-07
222,0,0,222,2.3220524104277e-05,0.12750019024716,1.1632293461774e-07,1.1574244418196e-07
223,0,0,223,2.3105359973604e-05,0.12686072187826,1.1574377477003e-07,1.1516413067277e-07
224,0,0,224,2.2990771268451e-05,0.1262244373505,1.1516749952503e-07,1.1458870515336e-07
225,0,0,225,2.2876755115226e-05,0.12559132080636,1.1459409448926e-07,1.1401615322465e-07
226,0,0,226,2.2763308654667e-05,0.12496135646746,1.1402354534102e-07,1.1344646055924e-07
227,0,0,227,2.2650429041766e-05,0.12433452863414,1.1345583783003e-07,1.1287961290123e-07
228,0,0,228,2.25381134457e-05,0.1237108216851,1.1289095777716e-07,1.1231559606579e-07
229,0,0,229,2.2426359049761e-05,0.12309022007696,1.1232889107401e-07,1.1175439593878e-07
230,0,0,230,2.2315163051285e-05,0.1224727083439,1.1176962368253e-07,1.1119599847643e-07
231,0,0,231,2.220452266158e-05,0.1218582710973,1.1121314163478e-07,1.1064038970501e-07
232,0,0,232,2.2094435105859e-05,0.1212468930253,1.1065943103244e-07,1.1008755572046e-07
233,0,0,233,2.1984897623171e-05,0.12063855889245,1.1010847804657e-07,1.09537482688e-07
234,0,0,234,2.187590746633e-05,0.12003325353931,1.0956026891722e-07,1.0899015684186e-07
235,0,0,235,2.1767461901845e-05,0.11943096188211,1.0901478995308e-07,1.0844556448489e-07
236,0,0,236,2.1659558209856e-05,0.11883166891233,1.0847202753117e-07,1.0790369198821e-07
237,0,0,237,2.1552193684066e-05,0.11823535969632,1.0793196809646e-07,1.0736452579091e-07
238,0,0,238,2.1445365631666e-05,0.11764201937499,1.0739459816159e-07,1.0682805239969e-07
239,0,0,239,2.1339071373277e-05,0.11705163316335,1.0685990430641e-07,1.0629425838849e-07
240,0,0,240,2.1233308242879e-05,0.11646418635021,1.0632787317782e-07,1.0576313039822e-07
241,0,0,241,2.1128073587743e-05,0.11587966429779,1.0579849148928e-07,1.0523465513636e-07
242,0,0,242,2.1023364768366e-05,0.11529805244132,1.0527174602059e-07,1.047088193767e-07
243,0,0,243,2.0919179158407e-05,0.11471933628874,1.0474762361745e-07,1.0418560995891e-07
244,0,0,244,2.0815514144619e-05,0.11414350142028,1.0422611119125e-07,1.0366501378833e-07
245,0,0,245,2.0712367126783e-05,0.11357053348813,1.0370719571867e-07,1.0314701783554e-07
246,0,0,246,2.0609735517647e-05,0.11300041821608,1.0319086424134e-07,1.0263160913608e-07
247,0,0,247,2.0507616742857e-05,0.11243314139914,1.0267710386559e-07,1.0211877479016e-07
248,0,0,248,2.0406008240895e-05,0.11186868890322,1.0216590176203e-07,1.0160850196225e-07
249,0,0,249,2.0304907463014e-05,0.11130704666474,1.0165724516533e-07,1.0110077788084e-07
250,0,0,250,2.0204311873176e-05,0.1107482006903,1.0115112137381e-07,1.005955898381e-07
251,0,0,251,2.0104218947986e-05,0.11019213705632,1.0064751774921e-07,1.0009292518951e-07
252,0,0,252,2.0004626176633e-05,0.10963884190872,1.001464217163e-07,9.9592771353643e-08
253,0,0,253,1.9905531060821e-05,0.10908830146252,9.9647820762596e-08,9.9095115811742e-08
254,0,0,254,1.9806931114713e-05,0.10854050200153,9.9151702438047e-08,9.8599946107494e-08
255,0,0,255,1.9708823864867e-05,0.10799542987803,9.8658054354725e-08,9.8107249846663e-08
256,0,0,256,1.961120685017e-05,0.10745307151235,9.8166864186516e-08,9.7617014696811e-08
257,0,0,257,1.9514077621783e-05,0.10691341339264,9.7678119668817e-08,9.712922838699e-08
258,0,0,258,1.9417433743076e-05,0.10637644207441,9.7191808598182e-08,9.6643878707398e-08
259,0,0,259,1.9321272789566e-05,0.10584214418031,9.6707918832114e-08,9.616095350913e-08
260,0,0,260,1.9225592348863e-05,0.10531050639971,9.6226438288633e-08,9.5680440703848e-08
261,0,0,261,1.9130390020599e-05,0.10478151548841,9.5747354946106e-08,9.5202328263445e-08
262,0,0,262,1.9035663416379e-05,0.10425515826828,9.5270656842847e-08,9.4726604219801e-08
263,0,0,263,1.8941410159715e-05,0.10373142162698,9.4796332076877e-08,9.4253256664456e-08
264,0,0,264,1.8847627885967e-05,0.10321029251755,9.4324368805579e-08,9.3782273748316e-08
265,0,0,265,1.8754314242285e-05,0.10269175795818,9.3854755245464e-08,9.3313643681357e-08
266,0,0,266,1.8661466887553e-05,0.10217580503182,9.3387479671796e-08,9.2847354732298e-08
267,0,0,267,1.8569083492325e-05,0.10166242088586,9.2922530418376e-08,9.2383395228402e-08
268,0,0,268,1.8477161738769e-05,0.10115159273185,9.2459895877202e-08,9.1921753555071e-08
269,0,0,269,1.8385699320614e-05,0.10064330784512,9.1999564498197e-08,9.1462418155633e-08
270,0,0,270,1.8294693943083e-05,0.10013755356451,9.1541524788909e-08,9.1005377531007e-08
271,0,0,271,1.8204143322843e-05,0.099634317292059,9.1085765314248e-08,9.0550620239461e-08
272,0,0,272,1.8114045187947e-05,0.099133586492633,9.0632274696157e-08,9.0098134896277e-08
273,0,0,273,1.8024397277774e-05,0.098635348693664,9.0181041613389e-08,8.9647910173506e-08
274,0,0,274,1.7935197342974e-05,0.098139591484818,8.9732054801153e-08,8.9199934799662e-08
275,0,0,275,1.7846443145414e-05,0.097646302517686,8.9285303050896e-08,8.875419755944e-08
276,0,0,276,1.7758132458121e-05,0.097155469505476,8.8840775209956e-08,8.8310687293461e-08
277,0,0,277,1.7670263065223e-05,0.096667080222706,8.8398460181391e-08,8.7869392897972e-08
278,0,0,278,1.7582832761898e-05,0.096181122504896,8.7958346923545e-08,8.7430303324559e-08
279,0,0,279,1.7495839354319e-05,0.095697584248267,8.7520424449932e-08,8.6993407579893e-08
280,0,0,280,1.7409280659593e-05,0.095216453409433,8.7084681828833e-08,8.6558694725444e-08
281,0,0,281,1.7323154505716e-05,0.094737718005107,8.6651108183136e-08,8.6126153877223e-08
282,0,0,282,1.723745873151e-05,0.094261366111792,8.6219692689948e-08,8.5695774205466e-08
283,0,0,283,1.7152191186576e-05,0.093787385865491,8.5790424580422e-08,8.5267544934429e-08
284,0,0,284,1.7067349731234e-05,0.093315765461406,8.5363293139437e-08,8.4841455342058e-08
285,0,0,285,1.6982932236474e-05,0.092846493153642,8.4938287705324e-08,8.4417494759756e-08
286,0,0,286,1.6898936583902e-05,0.092379557254915,8.4515397669639e-08,8.3995652572124e-08
287,0,0,287,1.6815360665685e-05,0.091914946136258,8.4094612476875e-08,8.3575918216653e-08
288,0,0,288,1.6732202384502e-05,0.091452648226732,8.367592162418e-08,8.3158281183495e-08
289,0,0,289,1.6649459653487e-05,0.090992652013135,8.3259314661123e-08,8.2742731015207e-08
290,0,0,290,1.656713039618e-05,0.090534946039712,8.2844781189422e-08,8.2329257306458e-08
291,0,0,291,1.6485212546476e-05,0.090079518907874,8.2432310862684e-08,8.1917849703791e-08
292,0,0,292,1.6403704048571e-05,0.089626359275907,8.202189338615e-08,8.1508497905351e-08
293,0,0,293,1.632260285691e-05,0.089175455858689,8.1613518516433e-08,8.1101191660657e-08
294,0,0,294,1.624190693614e-05,0.088726797427411,8.1207176061248e-08,8.0695920770293e-08
295,0,0,295,1.6161614261054e-05,0.088280372809294,8.0802855879195e-08,8.0292675085714e-08
296,0,0,296,1.6081722816546e-05,0.087836170887308,8.0400547879467e-08,7.989144450895e-08
297,0,0,297,1.6002230597553e-05,0.087394180599896,8.0000242021615e-08,7.9492218992362e-08
298,0,0,298,1.5923135609015e-05,0.086954390940695,7.9601928315307e-08,7.9094988538404e-08
299,0,0,299,1.5844435865815e-05,0.086516790958264,7.920559682005e-08,7.869974319936e-08
300,0,0,300,1.5766129392738e-05,0.086081369755806,7.8811237644961e-08,7.8306473077098e-08
301,0,0,301,1.5688214224415e-05,0.085648116490897,7.841884094852e-08,7.7915168322834e-08
302,0,0,302,1.5610688405279e-05,0.085217020375215,7.8028396938331e-08,7.7525819136875e-08
303,0,0,303,1.553354998951e-05,0.084788070674272,7.7639895870838e-08,7.7138415768369e-08
304,0,0,304,1.5456797040995e-05,0.084361256707138,7.7253328051135e-08,7.6752948515068e-08
305,0,0,305,1.5380427633272e-05,0.083936567846184,7.6868683832676e-08,7.636940772309e-08
306,0,0,306,1.5304439849485e-05,0.083513993516808,7.6485953617088e-08,7.5987783786679e-08
307,0,0,307,1.5228831782337e-05,0.083093523197173,7.6105127853868e-08,7.5608067147963e-08
308,0,0,308,1.5153601534041e-05,0.082675146417946,7.5726197040178e-08,7.5230248296686e-08
309,0,0,309,1.5078747216271e-05,0.082258852762031,7.5349151720623e-08,7.4854317770027e-08
310,0,0,310,1.5004266950118e-05,0.081844631864313,7.4973982486994e-08,7.448026615232e-08
311,0,0,311,1.4930158866044e-05,0.081432473411396,7.4600679977996e-08,7.4108084074822e-08
312,0,0,312,1.4856421103828e-05,0.081022367141345,7.4229234879103e-08,7.3737762215507e-08
313,0,0,313,1.4783051812529e-05,0.080614302843432,7.3859637922253e-08,7.3369291298807e-08
314,0,0,314,1.4710049150434e-05,0.080208270357876,7.3491879885633e-08,7.3002662095378e-08
315,0,0,315,1.4637411285012e-05,0.079804259575592,7.3125951593456e-08,7.2637865421903e-08
316,0,0,316,1.4565136392871e-05,0.079402260437936,7.2761843915731e-08,7.2274892140814e-08
317,0,0,317,1.4493222659711e-05,0.079002262936455,7.2399547768032e-08,7.1913733160105e-08
318,0,0,318,1.4421668280278e-05,0.078604257112636,7.2039054111273e-08,7.1554379433086e-08
319,0,0,319,1.435047145832e-05,0.078208233057655,7.1680353951471e-08,7.1196821958156e-08
320,0,0,320,1.4279630406541e-05,0.077814180912133,7.1323438339545e-08,7.0841051778573e-08
321,0,0,321,1.4209143346559e-05,0.077422090865884,7.0968298371057e-08,7.0487059982257e-08
322,0,0,322,1.4139008508857e-05,0.077031953157674,7.0614925186038e-08,7.0134837701547e-08
323,0,0,323,1.4069224132744e-05,0.076643758074974,7.0263309968701e-08,6.9784376112958e-08
324,0,0,324,1.3999788466307e-05,0.076257495953718,6.9913443947289e-08,6.9435666437017e-08
325,0,0,325,1.3930699766369e-05,0.075873157178062,6.9565318393808e-08,6.9088699937998e-08
326,0,0,326,1.3861956298446e-05,0.07549073218014,6.9218924623832e-08,6.8743467923706e-08
327,0,0,327,1.37935563367e-05,0.075110211439829,6.8874253996274e-08,6.8399961745283e-08
328,0,0,328,1.3725498163903e-05,0.074731585484508,6.8531297913176e-08,6.8058172796976e-08
329,0,0,329,1.3657780071388e-05,0.07435484488882,6.819004781949e-08,6.7718092515927e-08
330,0,0,330,1.3590400359006e-05,0.07397998027444,6.7850495202877e-08,6.7379712381954e-08
331,0,0,331,1.3523357335088e-05,0.073606982309835,6.7512631593464e-08,6.7043023917339e-08
332,0,0,332,1.3456649316402e-05,0.073235841710035,6.7176448563681e-08,6.6708018686644e-08
333,0,0,333,1.3390274628105e-05,0.0728665492364,6.684193772798e-08,6.6374688296436e-08
334,0,0,334,1.332423160371e-05,0.072499095696385,6.6509090742712e-08,6.604302439514e-08
335,0,0,335,1.3258518585037e-05,0.072133471943314,6.6177899305832e-08,6.5713018672801e-08
336,0,0,336,1.3193133922176e-05,0.07176966887615,6.5848355156771e-08,6.5384662860899e-08
337,0,0,337,1.3128075973444e-05,0.071407677439265,6.5520450076148e-08,6.5057948732098e-08
338,0,0,338,1.3063343105344e-05,0.071047488622217,6.519417588564e-08,6.4732868100082e-08
339,0,0,339,1.2998933692525e-05,0.070689093459523,6.4869524447731e-08,6.4409412819347e-08
340,0,0,340,1.293484611774e-05,0.070332483030431,6.4546487665512e-08,6.4087574784963e-08
341,0,0,341,1.2871078771807e-05,0.069977648458705,6.4225057482514e-08,6.3767345932431e-08
342,0,0,342,1.280763005357e-05,0.069624580912393,6.3905225882463e-08,6.3448718237403e-08
343,0,0,343,1.2744498369854e-05,0.069273271603613,6.3586984889096e-08,6.3131683715562e-08
344,0,0,344,1.2681682135432e-05,0.068923711788332,6.3270326565968e-08,6.2816234422361e-08
345,0,0,345,1.2619179772979e-05,0.068575892766143,6.2955243016252e-08,6.2502362452868e-08
346,0,0,346,1.2556989713038e-05,0.068229805880051,6.2641726382527e-08,6.2190059941537e-08
347,0,0,347,1.2495110393976e-05,0.067885442516258,6.2329768846598e-08,6.187931906203e-08
348,0,0,348,1.2433540261949e-05,0.067542794103941,6.2019362629294e-08,6.157013202702e-08
349,0,0,349,1.2372277770861e-05,0.067201852115045,6.1710499990275e-08,6.1262491087966e-08
350,0,0,350,1.2311321382326e-05,0.066862608064062,6.1403173227842e-08,6.0956388534993e-08
351,0,0,351,1.2250669565629e-05,0.066525053507826,6.1097374678735e-08,6.065181669661e-08
352,0,0,352,1.219032079769e-05,0.066189180045296,6.079309671793e-08,6.0348767939567e-08
353,0,0,353,1.2130273563021e-05,0.065854979317349,6.0490331758503e-08,6.0047234668684e-08
354,0,0,354,1.2070526353694e-05,0.065522443006568,6.0189072251367e-08,5.9747209326613e-08
355,0,0,355,1.2011077669301e-05,0.065191562837036,5.9889310685132e-08,5.9448684393666e-08
356,0,0,356,1.1951926016913e-05,0.064862330574131,5.9591039585901e-08,5.9151652387655e-08
357,0,0,357,1.1893069911049e-05,0.064534738024313,5.9294251517078e-08,5.8856105863655e-08
358,0,0,358,1.1834507873635e-05,0.064208777034925,5.8998939079203e-08,5.8562037413875e-08
359,0,0,359,1.1776238433968e-05,0.063884439493987,5.8705094909752e-08,5.8269439667428e-08
360,0,0,360,1.1718260128678e-05,0.063561717329993,5.8412711682936e-08,5.7978305290156e-08
361,0,0,361,1.1660571501693e-05,0.063240602511708,5.8121782109551e-08,5.7688626984462e-08
362,0,0,362,1.1603171104204e-05,0.062921087047969,5.7832298936781e-08,5.740039748912e-08
363,0,0,363,1.1546057494625e-05,0.062603162987483,5.7544254948002e-08,5.7113609579097e-08
364,0,0,364,1.148922923856e-05,0.062286822418629,5.7257642962632e-08,5.6828256065357e-08
365,0,0,365,1.1432684908765e-05,0.061972057469259,5.6972455835924e-08,5.6544329794698e-08
366,0,0,366,1.1376423085115e-05,0.061658860306503,5.6688686458803e-08,5.6261823649566e-08
367,0,0,367,1.1320442354568e-05,0.061347223136571,5.6406327757679e-08,5.5980730547886e-08
368,0,0,368,1.1264741311125e-05,0.061037138204558,5.6125372694281e-08,5.5701043442871e-08
369,0,0,369,1.1209318555802e-05,0.060728597794252,5.5845814265468e-08,5.5422755322857e-08
370,0,0,370,1.1154172696591e-05,0.060421594227937,5.5567645503058e-08,5.5145859211123e-08
371,0,0,371,1.1099302348425e-05,0.060116119866204,5.529085947366e-08,5.4870348165717e-08
372,0,0,372,1.1044706133146e-05,0.059812167107759,5.5015449278504e-08,5.4596215279294e-08
373,0,0,373,1.0990382679467e-05,0.059509728389233,5.4741408053246e-08,5.4323453678915e-08
374,0,0,374,1.0936330622941e-05,0.059208796184991,5.446872896782e-08,5.4052056525909e-08
375,0,0,375,1.0882548605925e-05,0.058909363006945,5.4197405226247e-08,5.3782017015676e-08
376,0,0,376,1.0829035277548e-05,0.058611421404368,5.3927430066496e-08,5.3513328377536e-08
377,0,0,377,1.0775789293673e-05,0.058314963963703,5.3658796760282e-08,5.3245983874552e-08
378,0,0,378,1.072280931687e-05,0.058019983308383,5.3391498612905e-08,5.2979976803352e-08
379,0,0,379,1.0670094016376e-05,0.057726472098642,5.3125528963101e-08,5.2715300493977e-08
380,0,0,380,1.0617642068066e-05,0.057434423031334,5.2860881182858e-08,5.2451948309718e-08
381,0,0,381,1.0565452154419e-05,0.057143828839747,5.2597548677256e-08,5.2189913646923e-08
382,0,0,382,1.0513522964484e-05,0.056854682293425,5.2335524884296e-08,5.1929189934858e-08
383,0,0,383,1.0461853193849e-05,0.056566976197984,5.2074803274742e-08,5.1669770635539e-08
384,0,0,384,1.0410441544605e-05,0.056280703394935,5.1815377351963e-08,5.1411649243559e-08
385,0,0,385,1.0359286725319e-05,0.0559958567615,5.1557240651756e-08,5.1154819285933e-08
386,0,0,386,1.0308387450997e-05,0.055712429210438,5.1300386742196e-08,5.0899274321934e-08
387,0,0,387,1.0257742443054e-05,0.055430413689866,5.104480922347e-08,5.0645007942932e-08
388,0,0,388,1.0207350429282e-05,0.055149803183083,5.0790501727715e-08,5.0392013772239e-08
389,0,0,389,1.0157210143817e-05,0.054870590708393,5.0537457918872e-08,5.0140285464939e-08
390,0,0,390,1.010732032711e-05,0.054592769318932,5.0285671492504e-08,4.9889816707739e-08
391,0,0,391,1.0057679725891e-05,0.054316332102492,5.0035136175667e-08,4.9640601218809e-08
392,0,0,392,1.0008287093143e-05,0.05404127218135,4.9785845726723e-08,4.9392632747618e-08
393,0,0,393,9.9591411880683e-06,0.053767582712094,4.9537793935203e-08,4.9145905074793e-08
394,0,0,394,9.9102407760563e-06,0.053495256885455,4.9290974621656e-08,4.8900412011951e-08
395,0,0,395,9.8615846286548e-06,0.053224287926132,4.9045381637475e-08,4.8656147401554e-08
396,0,0,396,9.813171523538e-06,0.052954669092625,4.8801008864752e-08,4.8413105116735e-08
397,0,0,397,9.7650002444769e-06,0.052686393677067,4.8557850216143e-08,4.8171279061172e-08
398,0,0,398,9.717069581308e-06,0.052419455005052,4.8315899634677e-08,4.7930663168924e-08
399,0,0,399,9.6693783299037e-06,0.052153846435474,4.807515109365e-08,4.7691251404278e-08
400,0,0,400,9.6219252921421e-06,0.051889561360355,4.7835598596431e-08,4.745303776159e-08
401,0,0,401,9.5747092758769e-06,0.051626593204685,4.7597236176345e-08,4.7216016265154e-08
402,0,0,402,9.5277290949079e-06,0.051364935426251,4.7360057896506e-08,4.6980180969042e-08
403,0,0,403,9.4809835689509e-06,0.051104581515479,4.7124057849675e-08,4.6745525956957e-08
404,0,0,404,9.4344715236089e-06,0.050845524995269,4.6889230158104e-08,4.6512045342077e-08
405,0,0,405,9.3881917903419e-06,0.05058775942083,4.6655568973412e-08,4.6279733266931e-08
406,0,0,406,9.3421432064387e-06,0.050331278379524,4.6423068476398e-08,4.604858390322e-08
407,0,0,407,9.296324614987e-06,0.050076075490701,4.6191722876942e-08,4.5818591451697e-08
408,0,0,408,9.250734864845e-06,0.049822144405542,4.5961526413835e-08,4.5589750142031e-08
409,0,0,409,9.2053728106124e-06,0.049569478806898,4.5732473354618e-08,4.5362054232613e-08
410,0,0,410,9.1602373126019e-06,0.049318072409132,4.5504557995481e-08,4.5135498010477e-08
411,0,0,411,9.1153272368108e-06,0.049067918957966,4.5277774661082e-08,4.4910075791103e-08
412,0,0,412,9.0706414548925e-06,0.048819012230317,4.5052117704431e-08,4.4685781918316e-08
413,0,0,413,9.0261788441283e-06,0.048571346034148,4.4827581506734e-08,4.446261076412e-08
414,0,0,414,8.9819382873998e-06,0.048324914208306,4.4604160477252e-08,4.4240556728557e-08
415,0,0,415,8.9379186731602e-06,0.048079710622377,4.4381849053174e-08,4.4019614239591e-08
416,0,0,416,8.8941188954073e-06,0.047835729176524,4.4160641699467e-08,4.379977775294e-08
417,0,0,417,8.8505378536553e-06,0.047592963801338,4.3940532908739e-08,4.3581041751957e-08
418,0,0,418,8.8071744529078e-06,0.047351408457685,4.3721517201102e-08,4.3363400747482e-08
419,0,0,419,8.7640276036301e-06,0.047111057136558,4.3503589124032e-08,4.314684927771e-08
420,0,0,420,8.7210962217221e-06,0.046871903858921,4.3286743252243e-08,4.2931381908056e-08
421,0,0,421,8.678379228491e-06,0.046633942675564,4.3070974187543e-08,4.2716993231009e-08
422,0,0,422,8.635875550625e-06,0.046397167666953,4.2856276558693e-08,4.2503677866015e-08
423,0,0,423,8.5935841201657e-06,0.046161572943078,4.2642645021285e-08,4.2291430459325e-08
424,0,0,424,8.5515038744818e-06,0.045927152643313,4.2430074257604e-08,4.2080245683864e-08
425,0,0,425,8.5096337562427e-06,0.04569390093626,4.2218558976489e-08,4.1870118239118e-08
426,0,0,426,8.4679727133918e-06,0.045461812019613,4.2008093913212e-08,4.1661042850972e-08
427,0,0,427,8.4265196991202e-06,0.045230880120003,4.1798673829337e-08,4.14530142716e-08
428,0,0,428,8.3852736718408e-06,0.045001099492862,4.1590293512586e-08,4.1246027279323e-08
429,0,0,429,8.3442335951623e-06,0.044772464422272,4.1382947776717e-08,4.104007667848e-08
430,0,0,430,8.303398437863e-06,0.044544969220828,4.1176631461402e-08,4.0835157299316e-08
431,0,0,431,8.2627671738652e-06,0.04431860822949,4.0971339432072e-08,4.0631263997821e-08
432,0,0,432,8.2223387822096e-06,0.044093375817447,4.0767066579811e-08,4.0428391655613e-08
433,0,0,433,8.1821122470298e-06,0.043869266381971,4.0563807821226e-08,4.0226535179842e-08
434,0,0,434,8.1420865575268e-06,0.043646274348279,4.03615580983e-08,4.0025689503001e-08
435,0,0,435,8.1022607079439e-06,0.043424394169393,4.0160312378296e-08,3.9825849582873e-08
436,0,0,436,8.0626336975415e-06,0.043203620326003,3.9960065653608e-08,3.9627010402336e-08
437,0,0,437,8.0232045305723e-06,0.042983947326325,3.9760812941643e-08,3.9429166969282e-08
438,0,0,438,7.9839722162558e-06,0.042765369705968,3.95625492847e-08,3.9232314316475e-08
439,0,0,439,7.9449357687544e-06,0.042547882027792,3.9365269749833e-08,3.9036447501436e-08
440,0,0,440,7.906094207148e-06,0.042331478881777,3.9168969428752e-08,3.8841561606313e-08
441,0,0,441,7.8674465554103e-06,0.042116154884884,3.8973643437667e-08,3.8647651737755e-08
442,0,0,442,7.8289918423835e-06,0.041901904680921,3.8779286917198e-08,3.8454713026799e-08
443,0,0,443,7.7907291017547e-06,0.041688722940412,3.8585895032238e-08,3.8262740628747e-08
444,0,0,444,7.7526573720317e-06,0.041476604360457,3.8393462971823e-08,3.8071729723039e-08
445,0,0,445,7.7147756965186e-06,0.041265543664606,3.8201985949029e-08,3.7881675513129e-08
446,0,0,446,7.6770831232922e-06,0.041055535602723,3.8011459200847e-08,3.769257322639e-08
447,0,0,447,7.6395787051782e-06,0.040846574950855,3.7821877988059e-08,3.7504418113959e-08
448,0,0,448,7.6022614997276e-06,0.040638656511103,3.7633237595121e-08,3.7317205450649e-08
449,0,0,449,7.5651305691928e-06,0.040431775111489,3.7445533330046e-08,3.7130930534812e-08
450,0,0,450,7.5281849805045e-06,0.04022592560583,3.7258760524293e-08,3.6945588688228e-08
451,0,0,451,7.4914238052485e-06,0.040021102873606,3.7072914532631e-08,3.6761175255995e-08
452,0,0,452,7.4548461196421e-06,0.039817301819832,3.6887990733054e-08,3.65776856064e-08
453,0,0,453,7.4184510045113e-06,0.039614517374934,3.6703984526633e-08,3.6395115130816e-08
454,0,0,454,7.3822375452678e-06,0.039412744494616,3.6520891337416e-08,3.6213459243572e-08
455,0,0,455,7.3462048318859e-06,0.039211978159742,3.6338706612319e-08,3.6032713381858e-08
456,0,0,456,7.3103519588803e-06,0.0390122133762,3.6157425820997e-08,3.5852873005588e-08
457,0,0,457,7.274678025283e-06,0.038813445174787,3.597704445575e-08,3.5673933597316e-08
458,0,0,458,7.2391821346209e-06,0.038615668611078,3.5797558031392e-08,3.5495890662093e-08
459,0,0,459,7.2038633948935e-06,0.038418878765304,3.5618962085142e-08,3.5318739727367e-08
460,0,0,460,7.1687209185506e-06,0.038223070742229,3.5441252176526e-08,3.5142476342883e-08
461,0,0,461,7.1337538224701e-06,0.038028239671029,3.5264423887251e-08,3.4967096080555e-08
462,0,0,462,7.0989612279357e-06,0.037834380705166,3.50884728211e-08,3.4792594534364e-08
463,0,0,463,7.0643422606155e-06,0.037641489022272,3.4913394603823e-08,3.4618967320247e-08
464,0,0,464,7.0298960505395e-06,0.037449559824023,3.4739184883023e-08,3.4446210075981e-08
465,0,0,465,6.9956217320784e-06,0.037258588336023,3.456583932805e-08,3.427431846109e-08
466,0,0,466,6.9615184439217e-06,0.037068569807681,3.4393353629901e-08,3.4103288156719e-08
467,0,0,467,6.9275853290562e-06,0.036879499512095,3.4221723501095e-08,3.3933114865536e-08
468,0,0,468,6.8938215347445e-06,0.036691372745932,3.4050944675574e-08,3.3763794311621e-08
469,0,0,469,6.8602262125042e-06,0.036504184829309,3.3881012908603e-08,3.3595322240363e-08
470,0,0,470,6.8267985180858e-06,0.036317931105681,3.3711923976656e-08,3.342769441835e-08
471,0,0,471,6.7935376114525e-06,0.036132606941718,3.3543673677311e-08,3.3260906633269e-08
472,0,0,472,6.7604426567588e-06,0.035948207727193,3.3376257829142e-08,3.3094954693792e-08
473,0,0,473,6.7275128223293e-06,0.035764728874863,3.3209672271622e-08,3.2929834429479e-08
474,0,0,474,6.6947472806386e-06,0.035582165820361,3.3043912865015e-08,3.276554169067e-08
475,0,0,475,6.6621452082902e-06,0.035400514022072,3.2878975490274e-08,3.2602072348387e-08
476,0,0,476,6.629705785996e-06,0.035219768961028,3.2714856048929e-08,3.2439422294219e-08
477,0,0,477,6.5974281985558e-06,0.03503992614079,3.2551550462997e-08,3.2277587440233e-08
478,0,0,478,6.5653116348369e-06,0.034860981087338,3.2389054674873e-08,3.2116563718867e-08
479,0,0,479,6.5333552877541e-06,0.034682929348956,3.2227364647234e-08,3.195634708282e-08
480,0,0,480,6.5015583542491e-06,0.034505766496122,3.2066476362926e-08,3.1796933504972e-08
481,0,0,481,6.4699200352709e-06,0.034329488121399,3.1906385824879e-08,3.163831897826e-08
482,0,0,482,6.4384395357553e-06,0.034154089839321,3.1747089055992e-08,3.1480499515586e-08
483,0,0,483,6.4071160646055e-06,0.033979567286288,3.1588582099045e-08,3.132347114973e-08
484,0,0,484,6.3759488346723e-06,0.03380591612045,3.1430861016599e-08,3.1167229933235e-08
485,0,0,485,6.344937062734e-06,0.033633132021606,3.1273921890883e-08,3.1011771938315e-08
486,0,0,486,6.3140799694772e-06,0.033461210691088,3.111776082372e-08,3.0857093256755e-08
487,0,0,487,6.2833767794774e-06,0.03329014785166,3.0962373936404e-08,3.0703189999817e-08
488,0,0,488,6.2528267211793e-06,0.033119939247408,3.0807757369627e-08,3.055005829814e-08
489,0,0,489,6.2224290268776e-06,0.032950580643633,3.0653907283361e-08,3.0397694301646e-08
490,0,0,490,6.1921829326982e-06,0.032782067826744,3.0500819856778e-08,3.0246094179438e-08
491,0,0,491,6.1620876785785e-06,0.032614396604158,3.0348491288143e-08,3.0095254119714e-08
492,0,0,492,6.1321425082488e-06,0.032447562804187,3.0196917794725e-08,2.9945170329661e-08
493,0,0,493,6.1023466692134e-06,0.03228156227594,3.0046095612705e-08,2.9795839035374e-08
494,0,0,494,6.0726994127317e-06,0.032116390889216,2.989602099707e-08,2.9647256481743e-08
495,0,0,495,6.0431999937993e-06,0.031952044534401,2.9746690221538e-08,2.9499418932381e-08
496,0,0,496,6.0138476711298e-06,0.031788519122365,2.9598099578438e-08,2.9352322669509e-08
497,0,0,497,5.9846417071359e-06,0.031625810584362,2.9450245378646e-08,2.9205963993884e-08
498,0,0,498,5.9555813679112e-06,0.031463914871923,2.930312395148e-08,2.9060339224695e-08
499,0,0,499,5.9266659232118e-06,0.031302827956759,2.9156731644594e-08,2.8915444699466e-08
500,0,0,500,5.8978946464378e-06,0.03114254583066,2.9011064823914e-08,2.877127677398e-08
501,0,0,501,5.8692668146156e-06,0.030983064505392,2.8866119873526e-08,2.8627831822174e-08
502,0,0,502,5.8407817083795e-06,0.030824380012599,2.8721893195594e-08,2.848510623606e-08
503,0,0,503,5.8124386119539e-06,0.030666488403702,2.8578381210272e-08,2.8343096425627e-08
504,0,0,504,5.7842368131352e-06,0.030509385749804,2.84355803556e-08,2.8201798818747e-08
505,0,0,505,5.7561756032741e-06,0.030353068141586,2.8293487087441e-08,2.8061209861105e-08
506,0,0,506,5.728254277258e-06,0.030197531689214,2.8152097879365e-08,2.7921326016088e-08
507,0,0,507,5.7004721334933e-06,0.030042772522238,2.8011409222577e-08,2.7782143764712e-08
508,0,0,508,5.6728284738877e-06,0.029888786789499,2.7871417625824e-08,2.7643659605528e-08
509,0,0,509,5.6453226038332e-06,0.029735570659027,2.7732119615311e-08,2.7505870054537e-08
510,0,0,510,5.6179538321881e-06,0.029583120317952,2.7593511734605e-08,2.7368771645096e-08
511,0,0,511,5.5907214712603e-06,0.029431431972402,2.7455590544558e-08,2.7232360927842e-08
512,0,0,512,5.5636248367897e-06,0.029280501847412,2.7318352623224e-08,2.7096634470605e-08
513,0,0,513,5.5366632479313e-06,0.029130326186828,2.7181794565754e-08,2.6961588858312e-08
514,0,0,514,5.5098360272384e-06,0.028980901253213,2.7045912984334e-08,2.682722069291e-08
515,0,0,515,5.4831425006452e-06,0.028832223327754,2.6910704508085e-08,2.6693526593281e-08
516,0,0,516,5.45658199745e-06,0.028684288710168,2.6776165782986e-08,2.6560503195159e-08
517,0,0,517,5.430153850299e-06,0.028537093718611,2.6642293471784e-08,2.6428147151037e-08
518,0,0,518,5.4038573951689e-06,0.028390634689584,2.6509084253916e-08,2.6296455130096e-08
519,0,0,519,5.3776919713508e-06,0.028244907977841,2.6376534825425e-08,2.6165423818114e-08
520,0,0,520,5.3516569214334e-06,0.028099909956301,2.6244641898874e-08,2.6035049917384e-08
521,0,0,521,5.3257515912867e-06,0.027955637015951,2.6113402203263e-08,2.5905330146632e-08
522,0,0,522,5.2999753300458e-06,0.027812085565764,2.5982812483954e-08,2.5776261240942e-08
523,0,0,523,5.2743274900941e-06,0.0276692520326,2.5852869502583e-08,2.5647839951662e-08
524,0,0,524,5.2488074270478e-06,0.027527132861125,2.572357003698e-08,2.5520063046335e-08
525,0,0,525,5.2234144997392e-06,0.027385724513716,2.5594910881093e-08,2.5392927308611e-08
526,0,0,526,5.198148070201e-06,0.027245023470374,2.54668888449e-08,2.5266429538165e-08
527,0,0,527,5.1730075036504e-06,0.027105026228637,2.5339500754333e-08,2.514056655063e-08
528,0,0,528,5.1479921684729e-06,0.026965729303492,2.5212743451202e-08,2.50153351775e-08
529,0,0,529,5.1231014362068e-06,0.026827129227287,2.5086613793111e-08,2.4890732266067e-08
530,0,0,530,5.0983346815275e-06,0.026689222549644,2.4961108653377e-08,2.4766754679327e-08
531,0,0,531,5.0736912822316e-06,0.026552005837374,2.4836224920959e-08,2.4643399295918e-08
532,0,0,532,5.0491706192216e-06,0.026415475674388,2.4711959500376e-08,2.4520663010028e-08
533,0,0,533,5.0247720764902e-06,0.026279628661617,2.458830931163e-08,2.4398542731326e-08
534,0,0,534,5.0004950411053e-06,0.02614446141692,2.4465271290128e-08,2.4277035384882e-08
535,0,0,535,4.9763389031943e-06,0.026009970575005,2.4342842386607e-08,2.4156137911093e-08
536,0,0,536,4.9523030559286e-06,0.025876152787342,2.4221019567054e-08,2.4035847265604e-08
537,0,0,537,4.9283868955094e-06,0.025743004722079,2.4099799812634e-08,2.3916160419224e-08
538,0,0,538,4.9045898211515e-06,0.025610523063959,2.3979180119618e-08,2.3797074357874e-08
539,0,0,539,4.8809112350691e-06,0.025478704514239,2.3859157499291e-08,2.3678586082484e-08
540,0,0,540,4.8573505424601e-06,0.025347545790605,2.3739728977899e-08,2.356069260894e-08
541,0,0,541,4.8339071514921e-06,0.025217043627088,2.3620891596561e-08,2.3443390967993e-08
542,0,0,542,4.8105804732869e-06,0.025087194773987,2.3502642411195e-08,2.3326678205199e-08
543,0,0,543,4.7873699219061e-06,0.024957995997786,2.3384978492456e-08,2.3210551380835e-08
544,0,0,544,4.7642749143363e-06,0.02482944408107,2.3267896925642e-08,2.3095007569834e-08
545,0,0,545,4.7412948704746e-06,0.024701535822447,2.3151394810643e-08,2.2980043861701e-08
546,0,0,546,4.7184292131141e-06,0.02457426803647,2.3035469261853e-08,2.2865657360454e-08
547,0,0,547,4.6956773679296e-06,0.024447637553552,2.2920117408105e-08,2.2751845184541e-08
548,0,0,548,4.6730387634628e-06,0.024321641219892,2.2805336392592e-08,2.2638604466773e-08
549,0,0,549,4.6505128311085e-06,0.02419627589739,2.269112337281e-08,2.2525932354251e-08
550,0,0,550,4.6280990051002e-06,0.024071538463575,2.2577475520471e-08,2.2413826008299e-08
551,0,0,551,4.6057967224959e-06,0.023947425811523,2.2464390021434e-08,2.2302282604384e-08
552,0,0,552,4.5836054231638e-06,0.023823934849779,2.235186407565e-08,2.2191299332056e-08
553,0,0,553,4.5615245497689e-06,0.023701062502282,2.2239894897071e-08,2.208087339487e-08
554,0,0,554,4.5395535477586e-06,0.023578805708284,2.2128479713593e-08,2.1971002010322e-08
555,0,0,555,4.5176918653488e-06,0.023457161422278,2.2017615766984e-08,2.1861682409776e-08
556,0,0,556,4.4959389535104e-06,0.02333612661392,2.1907300312815e-08,2.1752911838397e-08
557,0,0,557,4.4742942659554e-06,0.023215698267951,2.1797530620386e-08,2.1644687555078e-08
558,0,0,558,4.452757259123e-06,0.023095873384124,2.1688303972665e-08,2.153700683238e-08
559,0,0,559,4.4313273921665e-06,0.022976648977129,2.157961766622e-08,2.1429866956454e-08
560,0,0,560,4.4100041269395e-06,0.022858022076515,2.1471469011139e-08,2.1323265226984e-08
561,0,0,561,4.3887869279824e-06,0.02273998972662,2.1363855330984e-08,2.1217198957111e-08
562,0,0,562,4.3676752625091e-06,0.022622548986494,2.1256773962698e-08,2.1111665473365e-08
563,0,0,563,4.3466686003935e-06,0.022505696929828,2.1150222256562e-08,2.1006662115611e-08
564,0,0,564,4.3257664141565e-06,0.022389430644877,2.1044197576114e-08,2.0902186236968e-08
565,0,0,565,4.3049681789527e-06,0.022273747234391,2.0938697298089e-08,2.0798235203752e-08
566,0,0,566,4.2842733725573e-06,0.022158643815538,2.083371881235e-08,2.0694806395404e-08
567,0,0,567,4.2636814753529e-06,0.022044117519837,2.0729259521825e-08,2.0591897204433e-08
568,0,0,568,4.2431919703166e-06,0.021930165493083,2.062531684244e-08,2.0489505036342e-08
569,0,0,569,4.222804343007e-06,0.021816784895276,2.0521888203055e-08,2.0387627309567e-08
570,0,0,570,4.2025180815516e-06,0.02170397290055,2.0418971045404e-08,2.028626145542e-08
571,0,0,571,4.1823326766336e-06,0.021591726697103,2.0316562824019e-08,2.0185404918009e-08
572,0,0,572,4.1622476214794e-06,0.021480043487124,2.0214661006179e-08,2.0085055154191e-08
573,0,0,573,4.1422624118459e-06,0.021368920486727,2.011326307184e-08,1.9985209633492e-08
574,0,0,574,4.1223765460078e-06,0.021258354925879,2.0012366513575e-08,1.9885865838066e-08
575,0,0,575,4.1025895247452e-06,0.021148344048329,1.9911968836505e-08,1.9787021262604e-08
576,0,0,576,4.0829008513309e-06,0.021038885111543,1.9812067558243e-08,1.9688673414296e-08
577,0,0,577,4.0633100315182e-06,0.020929975386632,1.9712660208829e-08,1.959081981276e-08
578,0,0,578,4.0438165735282e-06,0.020821612158286,1.961374433067e-08,1.9493457989974e-08
579,0,0,579,4.024419988038e-06,0.020713792724703,1.9515317478474e-08,1.9396585490225e-08
580,0,0,580,4.0051197881679e-06,0.020606514397525,1.9417377219193e-08,1.9300199870042e-08
581,0,0,581,3.9859154894698e-06,0.020499774501769,1.9319921131961e-08,1.9204298698132e-08
582,0,0,582,3.9668066099145e-06,0.020393570375758,1.9222946808031e-08,1.9108879555328e-08
583,0,0,583,3.9477926698799e-06,0.020287899371057,1.9126451850721e-08,1.9013940034525e-08
584,0,0,584,3.9288731921393e-06,0.020182758852409,1.9030433875338e-08,1.8919477740613e-08
585,0,0,585,3.9100477018489e-06,0.020078146197662,1.8934890509145e-08,1.8825490290429e-08
586,0,0,586,3.8913157265362e-06,0.019974058797711,1.8839819391273e-08,1.873197531269e-08
587,0,0,587,3.8726767960883e-06,0.019870494056425,1.8745218172679e-08,1.8638930447934e-08
588,0,0,588,3.8541304427398e-06,0.01976744939059,1.8651084516086e-08,1.8546353348467e-08
589,0,0,589,3.8356762010615e-06,0.01966492222984,1.8557416095918e-08,1.8454241678301e-08
590,0,0,590,3.8173136079484e-06,0.01956291001659,1.8464210598244e-08,1.8362593113086e-08
591,0,0,591,3.7990422026083e-06,0.019461410205978,1.837146572072e-08,1.8271405340072e-08
592,0,0,592,3.7808615265503e-06,0.019360420265798,1.8279179172538e-08,1.8180676058038e-08
593,0,0,593,3.7627711235731e-06,0.019259937676437,1.8187348674355e-08,1.8090402977235e-08
594,0,0,594,3.7447705397537e-06,0.019159959930811,1.8095971958248e-08,1.8000583819331e-08
595,0,0,595,3.7268593234364e-06,0.019060484534305,1.8005046767649e-08,1.7911216317358e-08
596,0,0,596,3.7090370252207e-06,0.018961509004707,1.7914570857294e-08,1.7822298215649e-08
597,0,0,597,3.6913031979509e-06,0.018863030872148,1.7824541993167e-08,1.7733827269785e-08
598,0,0,598,3.6736573967044e-06,0.01876504767904,1.7734957952435e-08,1.7645801246541e-08
599,0,0,599,3.6560991787806e-06,0.018667556980016,1.7645816523404e-08,1.7558217923825e-08
600,0,0,600,3.6386281036899e-06,0.018570556341864,1.7557115505455e-08,1.7471075090628e-08
601,0,0,601,3.621243733143e-06,0.018474043343472,1.7468852708996e-08,1.7384370546968e-08
602,0,0,602,3.6039456310392e-06,0.018378015575763,1.7381025955395e-08,1.7298102103828e-08
603,0,0,603,3.586733363456e-06,0.018282470641636,1.7293633076942e-08,1.7212267583112e-08
604,0,0,604,3.5696064986385e-06,0.018187406155908,1.720667191678e-08,1.7126864817587e-08
605,0,0,605,3.5525646069876e-06,0.018092819745251,1.7120140328861e-08,1.7041891650823e-08
606,0,0,606,3.5356072610505e-06,0.017998709048136,1.7034036177884e-08,1.695734593715e-08
607,0,0,607,3.5187340355089e-06,0.01790507171477,1.6948357339246e-08,1.6873225541594e-08
608,0,0,608,3.5019445071691e-06,0.017811905407041,1.6863101698991e-08,1.6789528339829e-08
609,0,0,609,3.4852382549509e-06,0.017719207798456,1.6778267153751e-08,1.6706252218128e-08
610,0,0,610,3.4686148598776e-06,0.017626976574088,1.6693851610696e-08,1.66233950733e-08
611,0,0,611,3.452073905065e-06,0.017535209430511,1.6609852987483e-08,1.6540954812646e-08
612,0,0,612,3.4356149757111e-06,0.017443904075747,1.6526269212199e-08,1.6458929353906e-08
613,0,0,613,3.4192376590859e-06,0.017353058229209,1.6443098223319e-08,1.6377316625201e-08
614,0,0,614,3.4029415445209e-06,0.017262669621642,1.6360337969639e-08,1.6296114564989e-08
615,0,0,615,3.3867262233989e-06,0.017172735995066,1.627798641024e-08,1.6215321122012e-08
616,0,0,616,3.3705912891436e-06,0.017083255102722,1.6196041514425e-08,1.6134934255238e-08
617,0,0,617,3.3545363372098e-06,0.016994224709011,1.6114501261677e-08,1.6054951933819e-08
618,0,0,618,3.3385609650728e-06,0.016905642589444,1.6033363641599e-08,1.5975372137036e-08
619,0,0,619,3.3226647722185e-06,0.016817506530583,1.5952626653871e-08,1.5896192854249e-08
620,0,0,620,3.3068473601337e-06,0.016729814329985,1.5872288308199e-08,1.5817412084847e-08
621,0,0,621,3.2911083322955e-06,0.016642563796149,1.5792346624261e-08,1.5739027838199e-08
622,0,0,622,3.2754472941619e-06,0.01655575274846,1.571279963166e-08,1.5661038133604e-08
623,0,0,623,3.2598638531616e-06,0.016469379017135,1.5633645369865e-08,1.5583441000243e-08
624,0,0,624,3.2443576186845e-06,0.016383440443167,1.5554881888196e-08,1.5506234477124e-08
625,0,0,625,3.2289282020715e-06,0.016297934878274,1.547650724573e-08,1.5429416613033e-08
626,0,0,626,3.213575216605e-06,0.016212860184841,1.5398519511271e-08,1.53529854665e-08
627,0,0,627,3.1982982774992e-06,0.016128214235873,1.5320916763311e-08,1.527693910574e-08
628,0,0,628,3.1830970018906e-06,0.016043994914934,1.5243697089968e-08,1.5201275608598e-08
629,0,0,629,3.1679710088281e-06,0.0159602001161,1.5166858588945e-08,1.5125993062513e-08
630,0,0,630,3.1529199192637e-06,0.015876827743904,1.509039936748e-08,1.5051089564464e-08
631,0,0,631,3.1379433560427e-06,0.015793875713283,1.5014317542301e-08,1.4976563220925e-08
632,0,0,632,3.1230409438949e-06,0.015711341949529,1.4938611239573e-08,1.4902412147815e-08
633,0,0,633,3.1082123094245e-06,0.015629224388231,1.4863278594858e-08,1.4828634470457e-08
634,0,0,634,3.0934570811009e-06,0.015547520975231,1.4788317753064e-08,1.4755228323522e-08
635,0,0,635,3.07877488925e-06,0.015466229666566,1.4713726868395e-08,1.4682191850992e-08
636,0,0,636,3.0641653660438e-06,0.01538534842842,1.4639504104314e-08,1.4609523206107e-08
637,0,0,637,3.0496281454925e-06,0.015304875237075,1.456564763349e-08,1.4537220551323e-08
638,0,0,638,3.0351628634343e-06,0.015224808078855,1.4492155637751e-08,1.4465282058265e-08
639,0,0,639,3.0207691575266e-06,0.015145144950082,1.4419026308044e-08,1.4393705907676e-08
640,0,0,640,3.0064466672372e-06,0.015065883857019,1.4346257844384e-08,1.4322490289385e-08
641,0,0,641,2.992195033835e-06,0.014987022815826,1.4273848455813e-08,1.4251633402248e-08
642,0,0,642,2.9780139003808e-06,0.01490855985251,1.4201796360353e-08,1.418113345411e-08
643,0,0,643,2.9639029117191e-06,0.014830493002869,1.4130099784961e-08,1.4110988661759e-08
644,0,0,644,2.9498617144682e-06,0.014752820312452,1.4058756965482e-08,1.4041197250881e-08
645,0,0,645,2.9358899570122e-06,0.014675539836504,1.3987766146612e-08,1.3971757456017e-08
646,0,0,646,2.9219872894917e-06,0.014598649639919,1.3917125581847e-08,1.3902667520519e-08
647,0,0,647,2.9081533637952e-06,0.014522147797193,1.3846833533442e-08,1.3833925696505e-08
648,0,0,648,2.8943878335503e-06,0.014446032392373,1.3776888272364e-08,1.3765530244815e-08
649,0,0,649,2.8806903541154e-06,0.014370301519012,1.3707288078256e-08,1.3697479434969e-08
650,0,0,650,2.8670605825703e-06,0.014294953280121,1.3638031239385e-08,1.3629771545126e-08
651,0,0,651,2.8534981777082e-06,0.014219985788118,1.3569116052604e-08,1.3562404862034e-08
652,0,0,652,2.8400028000272e-06,0.014145397164784,1.3500540823309e-08,1.3495377680995e-08
653,0,0,653,2.8265741117214e-06,0.014071185541219,1.3432303865393e-08,1.3428688305817e-08
654,0,0,654,2.8132117766726e-06,0.013997349057787,1.3364403501209e-08,1.3362335048778e-08
655,0,0,655,2.7999154604421e-06,0.013923885864076,1.3296838061523e-08,1.3296316230575e-08
656,0,0,656,2.7866848302618e-06,0.013850794118853,1.3229605885474e-08,1.3230630180291e-08
657,0,0,657,2.7735195550264e-06,0.01377807199001,1.3162705320532e-08,1.3165275235348e-08
658,0,0,658,2.7604193052849e-06,0.013705717654527,1.3096134722457e-08,1.3100249741466e-08
659,0,0,659,2.7473837532323e-06,0.013633729298421,1.3029892455256e-08,1.3035552052624e-08
660,0,0,660,2.7344125727013e-06,0.013562105116702,1.2963976891145e-08,1.2971180531017e-08
661,0,0,661,2.7215054391543e-06,0.013490843313329,1.2898386410502e-08,1.2907133547017e-08
662,0,0,662,2.7086620296752e-06,0.013419942101164,1.2833119401834e-08,1.2843409479128e-08
663,0,0,663,2.6958820229612e-06,0.013349399701928,1.2768174261734e-08,1.2780006713954e-08
664,0,0,664,2.6831650993151e-06,0.013279214346155,1.2703549394831e-08,1.2716923646148e-08
665,0,0,665,2.6705109406367e-06,0.013209384273151,1.2639243213767e-08,1.2654158678382e-08
666,0,0,666,2.6579192304154e-06,0.013139907730946,1.2575254139146e-08,1.25917102213e-08
667,0,0,667,2.6453896537219e-06,0.013070782976252,1.2511580599492e-08,1.2529576693482e-08
668,0,0,668,2.6329218972005e-06,0.013002008274422,1.2448221031219e-08,1.2467756521404e-08
669,0,0,669,2.6205156490611e-06,0.012933581899403,1.2385173878583e-08,1.2406248139396e-08
670,0,0,670,2.6081705990715e-06,0.012865502133692,1.232243759365e-08,1.2345049989609e-08
671,0,0,671,2.5958864385495e-06,0.012797767268298,1.226001063625e-08,1.2284160521971e-08
672,0,0,672,2.5836628603554e-06,0.012730375602696,1.2197891473942e-08,1.2223578194146e-08
673,0,0,673,2.5714995588839e-06,0.012663325444785,1.2136078581976e-08,1.2163301471507e-08
674,0,0,674,2.5593962300568e-06,0.012596615110844,1.2074570443253e-08,1.2103328827084e-08
675,0,0,675,2.5473525713152e-06,0.012530242925495,1.2013365548287e-08,1.2043658741534e-08
676,0,0,676,2.5353682816121e-06,0.012464207221654,1.1952462395169e-08,1.1984289703101e-08
677,0,0,677,2.5234430614046e-06,0.012398506340496,1.1891859489525e-08,1.1925220207578e-08
678,0,0,678,2.5115766126463e-06,0.012333138631411,1.1831555344483e-08,1.186644875827e-08
679,0,0,679,2.4997686387803e-06,0.01226810245196,1.1771548480631e-08,1.1807973865959e-08
680,0,0,680,2.4880188447315e-06,0.012203396167838,1.1711837425985e-08,1.174979404886e-08
681,0,0,681,2.4763269368989e-06,0.012139018152833,1.1652420715947e-08,1.1691907832591e-08
682,0,0,682,2.4646926231488e-06,0.012074966788782,1.159329689327e-08,1.1634313750134e-08
683,0,0,683,2.453115612807e-06,0.012011240465533,1.1534464508022e-08,1.1577010341797e-08
684,0,0,684,2.4415956166518e-06,0.011947837580906,1.147592211755e-08,1.1519996155179e-08
685,0,0,685,2.4301323469066e-06,0.011884756540649,1.141766828644e-08,1.1463269745133e-08
686,0,0,686,2.4187255172329e-06,0.011821995758403,1.1359701586486e-08,1.1406829673732e-08
687,0,0,687,2.4073748427227e-06,0.011759553655659,1.1302020596647e-08,1.1350674510229e-08
688,0,0,688,2.3960800398917e-06,0.01169742866172,1.1244623903021e-08,1.1294802831025e-08
689,0,0,689,2.384840826672e-06,0.01163561921366,1.1187510098801e-08,1.1239213219634e-08
690,0,0,690,2.3736569224054e-06,0.011574123756289,1.1130677784241e-08,1.1183904266643e-08
691,0,0,691,2.3625280478357e-06,0.011512940742109,1.1074125566625e-08,1.1128874569681e-08
692,0,0,692,2.3514539251023e-06,0.011452068631279,1.1017852060226e-08,1.1074122733384e-08
693,0,0,693,2.340434277733e-06,0.011391505891575,1.0961855886276e-08,1.1019647369357e-08
694,0,0,694,2.3294688306368e-06,0.011331250998355,1.0906135672929e-08,1.0965447096142e-08
695,0,0,695,2.3185573100976e-06,0.011271302434514,1.0850690055227e-08,1.0911520539183e-08
696,0,0,696,2.3076994437668e-06,0.011211658690453,1.0795517675062e-08,1.0857866330791e-08
697,0,0,697,2.2968949606567e-06,0.011152318264038,1.074061718115e-08,1.0804483110113e-08
698,0,0,698,2.2861435911336e-06,0.011093279660562,1.0685987228986e-08,1.075136952309e-08
699,0,0,699,2.2754450669112e-06,0.011034541392713,1.0631626480823e-08,1.0698524222435e-08
700,0,0,700,2.2647991210436e-06,0.010976101980527,1.0577533605623e-08,1.0645945867589e-08
701,0,0,701,2.2542054879189e-06,0.010917959951361,1.0523707279039e-08,1.0593633124692e-08
702,0,0,702,2.2436639032524e-06,0.010860113839851,1.047014618337e-08,1.0541584666551e-08
703,0,0,703,2.2331741040798e-06,0.010802562187875,1.0416849007531e-08,1.0489799172602e-08
704,0,0,704,2.2227358287509e-06,0.010745303544522,1.0363814447024e-08,1.0438275328885e-08
705,0,0,705,2.2123488169229e-06,0.010688336466047,1.0311041203899e-08,1.0387011828e-08
706,0,0,706,2.2020128095538e-06,0.010631659515844,1.0258527986727e-08,1.0336007369087e-08
707,0,0,707,2.191727548896e-06,0.010575271264404,1.0206273510562e-08,1.0285260657784e-08
708,0,0,708,2.1814927784898e-06,0.010519170289283,1.0154276496911e-08,1.0234770406198e-08
709,0,0,709,2.1713082431569e-06,0.010463355175064,1.0102535673703e-08,1.0184535332872e-08
710,0,0,710,2.1611736889942e-06,0.010407824513322,1.0051049775255e-08,1.0134554162757e-08
711,0,0,711,2.151088863367e-06,0.010352576902592,9.9998175422419e-09,1.0084825627175e-08
712,0,0,712,2.1410535149032e-06,0.010297610948328,9.9488377216615e-09,1.0035348463788e-08
713,0,0,713,2.1310673934867e-06,0.010242925262876,9.8981090668053e-09,9.9861214165698e-09
714,0,0,714,2.1211302502509e-06,0.010188518465433,9.8476303372289e-09,9.9371432357732e-09
715,0,0,715,2.111241837573e-06,0.010134389182015,9.7974002987169e-09,9.8884126778978e-09
716,0,0,716,2.1014019090673e-06,0.010080536045422,9.7474177232596e-09,9.8399285056667e-09
717,0,0,717,2.0916102195793e-06,0.010026957695207,9.6976813890242e-09,9.7916894879953e-09
718,0,0,718,2.0818665251793e-06,0.0099736527776357,9.6481900803382e-09,9.7436943999766e-09
719,0,0,719,2.0721705831565e-06,0.0099206199456595,9.5989425876971e-09,9.6959420228906e-09
720,0,0,720,2.0625221520122e-06,0.0098678578588759,9.5499377078214e-09,9.6484311442581e-09
721,0,0,721,2.0529209914542e-06,0.0098153651834956,9.5011742438452e-09,9.6011605580324e-09
722,0,0,722,2.0433668623891e-06,0.0097631405923031,9.4526510058324e-09,9.5541290651138e-09
723,0,0,723,2.0338595269144e-06,0.0097111827646121,9.4043668120793e-09,9.507335474652e-09
724,0,0,724,2.0243987483071e-06,0.0096594903862012,9.3563204923639e-09,9.4607786072992e-09
725,0,0,725,2.0149842910039e-06,0.0096080621492071,9.3085108959385e-09,9.4144573031964e-09
726,0,0,726,2.0056159205624e-06,0.0095568967519083,9.2609369110891e-09,9.3683704415393e-09
727,0,0,727,1.9962934035741e-06,0.0095059928982463,9.2135975128214e-09,9.32251698826e-09
728,0,0,728,1.9870165074622e-06,0.009455349296706,9.1664918787823e-09,9.276896111952e-09
729,0,0,729,1.9777849999972e-06,0.0094049646576435,9.1196196703156e-09,9.231507464921e-09
730,0,0,730,1.9685986481343e-06,0.0093548376868579,9.0729817122025e-09,9.1863518629296e-09
731,0,0,731,1.9594572152091e-06,0.0093049670701028,9.0265816326735e-09,9.1414329252069e-09
732,0,0,732,1.9503604541872e-06,0.0092553514357888,8.9804298108211e-09,9.0967610218514e-09
733,0,0,733,1.9413080914348e-06,0.009205989265318,8.934552855227e-09,9.0523627524582e-09
734,0,0,734,1.932299787782e-06,0.0091568786779665,8.8890163106213e-09,9.0083036527494e-09
735,0,0,735,1.9233350453203e-06,0.0091080169159492,8.8439789251201e-09,8.9647424617664e-09
736,0,0,736,1.9144129848079e-06,0.0090593991146186,8.7998220408395e-09,8.922060512369e-09
737,0,0,737,1.9055318152895e-06,0.0090110153721806,8.7574573812781e-09,8.8811695183649e-09
738,0,0,738,1.8966875732773e-06,0.0089628437838403,8.7190574896018e-09,8.8442420122242e-09
739,0,0,739,1.8878711325134e-06,0.0089148339211399,8.6897851487684e-09,8.8164407639222e-09
740,0,0,740,1.8790611286951e-06,0.0088668677420142,8.6818784217518e-09,8.8100038183304e-09
741,0,0,741,1.8702072580296e-06,0.0088186673175497,8.7242768280758e-09,8.853870665497e-09
742,0,0,742,1.8611909487652e-06,0.008769577547488,8.8852483811653e-09,9.0163092643592e-09
743,0,0,743,1.8517329924458e-06,0.0087180558353636,9.3254298945132e-09,9.4579563194117e-09
744,0,0,744,1.8411772617167e-06,0.0086604771586065,1.0421740493043e-08,1.0555730729061e-08
745,0,0,745,1.8279863438934e-06,0.0085883475122889,1.3055465983478e-08,1.3190917823373e-08
746,0,0,746,1.8085730246513e-06,0.0084818480150198,1.9276409005707e-08,1.9413319242024e-08
747,0,0,747,1.7746264048923e-06,0.0082950620680385,3.3808256403624e-08,3.3946619759075e-08
748,0,0,748,1.707153631023e-06,0.0079230567263756,6.7332966840989e-08,6.7472773869301e-08
749,0,0,749,1.5640026039964e-06,0.0071329473686323,1.4300979375152e-07,1.4315102702651e-07
750,0,0,750,1.2576458179288e-06,0.0054411564420626,3.0621415770912e-07,3.0635678606763e-07
751,0,0,751,9.264094195635e-07,0.0036119165239729,3.3109242517424e-07,3.3123639836532e-07
752,0,0,752,7.2750760021681e-07,0.0025138139249068,1.9875657043095e-07,1.9890181934669e-07
753,0,0,753,5.9947023598429e-07,0.0018072342468717,1.2789092172436e-07,1.280373642325e-07
754,0,0,754,5.1287654496652e-07,0.0013296312393275,8.6446144365504e-08,8.6593691017775e-08
755,0,0,755,4.5214635963669e-07,0.00099492611576854,6.0581627364167e-08,6.0730185329828e-08
756,0,0,756,4.0837541776356e-07,0.00075392354143493,4.3621465954384e-08,4.3770941873136e-08
757,0,0,757,3.761614781779e-07,0.00057677637349207,3.2063637397657e-08,3.2213939585658e-08
758,0,0,758,3.5206565118339e-07,0.00044448473351183,2.3944786836423e-08,2.4095826994507e-08
759,0,0,759,3.3381119591697e-07,0.00034446948061626,1.8102760774099e-08,1.8254455266426e-08
760,0,0,760,3.1984120509835e-07,0.00026812848577112,1.3817720066969e-08,1.396999081862e-08
761,0,0,761,3.0906213890631e-07,0.00020941969498944,1.0626291131485e-08,1.0779066192032e-08
762,0,0,762,3.0068873298835e-07,0.00016400426904737,8.2201920955149e-09,8.3734059179672e-09
763,0,0,763,2.9414671047956e-07,0.00012870908107526,6.3884290229502e-09,6.5420225087869e-09
764,0,0,764,2.8900975125451e-07,0.00010117847961067,4.9830388650904e-09,5.1369592250503e-09
765,0,0,765,2.8495746927968e-07,7.9642117744045e-05,3.8980814978603e-09,4.0522819748244e-09
766,0,0,766,2.8174667457663e-07,6.2756177369667e-05,3.0563552077624e-09,3.2107947030566e-09
767,0,0,767,2.791912730084e-07,4.9492315879314e-05,2.4007589297539e-09,2.5554015682258e-09
768,0,0,768,2.7714792699777e-07,3.9058441030156e-05,1.8885313476976e-09,2.0433460106296e-09
769,0,0,769,2.7550564855657e-07,3.0841211237829e-05,1.4873185924113e-09,1.6422784412033e-09
770,0,0,770,2.74178133542e-07,2.4363680814539e-05,1.1724330066154e-09,1.3275150145678e-09
771,0,0,771,2.7309804339292e-07,1.925370487827e-05,9.249056444646e-10,1.080090149085e-09
772,0,0,772,2.7221269397657e-07,1.5220118512522e-05,7.3007913220031e-10,8.8534941634541e-10
773,0,0,773,2.7148077630129e-07,1.2034617029421e-05,5.7657576844138e-10,7.3191767528151e-10
774,0,0,774,2.7086984371458e-07,9.5178711592414e-06,4.5553100250248e-10,6.1093258670515e-10
775,0,0,775,2.703543747633e-07,7.5288228956969e-06,3.6001773570159e-10,5.1546895128775e-10
776,0,0,776,2.6991427244754e-07,5.9563925541138e-06,2.8460989182654e-10,4.4010231576093e-10
777,0,0,777,2.6953369688437e-07,4.7130280594398e-06,2.2504897353599e-10,3.8057556316614e-10
778,0,0,778,2.6920015435462e-07,3.7296708888295e-06,1.7798764788046e-10,3.3354252975102e-10
779,0,0,779,2.6890378455481e-07,2.9518172282949e-06,1.4079151255676e-10,2.9636979980729e-10
780,0,0,780,2.6863680174746e-07,2.3364295381504e-06,1.1138517191616e-10,2.6698280735295e-10
781,0,0,781,2.6839305583195e-07,1.8495107892723e-06,8.8132293546939e-11,2.4374591550665e-10
782,0,0,782,2.6816768712925e-07,1.4641965657819e-06,6.9741874451753e-11,2.2536870269851e-10
783,0,0,783,2.6795685457124e-07,1.1592528147539e-06,5.5194818936075e-11,2.1083255801734e-10
784,0,0,784,2.6775752149492e-07,9.1789193845189e-07,4.3686318610662e-11,1.9933307631765e-10
785,0,0,785,2.6756728671114e-07,7.2683909334913e-07,3.4580564963598e-11,1.902347837759e-10
786,0,0,786,2.6738425120012e-07,5.755953840088e-07,2.7375111390599e-11,1.8303551101894e-10
787,0,0,787,2.6720691286979e-07,4.5585615218329e-07,2.1672800960417e-11,1.7733833032959e-10
788,0,0,788,2.6703408343649e-07,3.6105153294656e-07,1.7159636081848e-11,1.7282943330714e-10
789,0,0,789,2.6686482275631e-07,2.8598346075723e-07,1.358732106627e-11,1.6926068017243e-10
790,0,0,790,2.666983869294e-07,2.2653879993029e-07,1.0759483609676e-11,1.6643582691662e-10
791,0,0,791,2.6653418727894e-07,1.7946258333476e-07,8.5207952037912e-12,1.6419965046038e-10
792,0,0,792,2.6637175791996e-07,1.4217872979401e-07,6.7483774908745e-12,1.6242935897467e-10
793,0,0,793,2.662107301148e-07,1.1264827541108e-07,5.345012243311e-12,1.6102780516547e-10
794,0,0,794,2.6605081199205e-07,8.9257252802353e-08,4.233775092179e-12,1.5991812274936e-10
795,0,0,795,2.6589177250527e-07,7.07280065198e-08,3.3537935771422e-12,1.5903948678166e-10
796,0,0,796,2.6573342874352e-07,5.6049037736319e-08,2.6568933498099e-12,1.5834376174631e-10
797,0,0,797,2.6557563589242e-07,4.4419500939845e-08,2.1049461601617e-12,1.5779285110062e-10
798,0,0,798,2.6541827929123e-07,3.5205288288607e-08,1.6677724898742e-12,1.5735660119388e-10
799,0,0,799,2.6526126814782e-07,2.7904279283053e-08,1.3214826300055e-12,1.570111434043e-10
800,0,0,800,2.6510453056509e-07,2.2118840588725e-08,1.0471644036733e-12,1.5673758273208e-10
801,0,0,801,2.6494800960475e-07,1.7534061611664e-08,8.2984499484797e-13,1.5652096034335e-10
802,0,0,802,2.6479166017199e-07,1.3900528176237e-08,6.5766955181231e-13,1.5634943276085e-10
803,0,0,803,2.6463544654958e-07,1.1020687043667e-08,5.212512449951e-13,1.5621362240166e-10
804,0,0,804,2.6447934044593e-07,8.7380519713994e-09,4.1315694808054e-13,1.5610610365267e-10
805,0,0,805,2.6432331944977e-07,6.9286585472533e-09,3.2750020977045e-13,1.5602099616314e-10
806,0,0,806,2.641673658068e-07,5.4942988229678e-09,2.5961911009567e-13,1.5595364296477e-10
807,0,0,807,2.640114654511e-07,4.3571646790003e-09,2.058212800581e-13,1.55900355705e-10
808,0,0,808,2.6385560723811e-07,3.4556062961238e-09,1.6318206730065e-13,1.5585821298843e-10
809,0,0,809,2.6369978233737e-07,2.7407733721989e-09,1.2938475923042e-13,1.5582490074173e-10
810,0,0,810,2.6354398375153e-07,2.1739551895134e-09,1.0259409106608e-13,1.5579858583851e-10
811,0,0,811,2.6338820593548e-07,1.7244739850593e-09,8.1356098006195e-14,1.5577781604536e-10
812,0,0,812,2.6323244449468e-07,1.3680164185391e-09,6.4518819540148e-14,1.5576144080346e-10
813,0,0,813,2.6307669594618e-07,1.0853119434541e-09,5.116950999039e-14,1.5574854850117e-10
814,0,0,814,2.6292095752938e-07,8.6108588805247e-10,4.058491602769e-14,1.5573841680259e-10
815,0,0,815,2.6276522705607e-07,6.8323009130533e-10,3.2191899211231e-14,1.5573047331104e-10
816,0,0,816,2.6260950279165e-07,5.4214584181263e-10,2.5536249158178e-14,1.5572426441586e-10
817,0,0,817,2.6245378336103e-07,4.302232890937e-10,2.0257982042124e-14,1.5571943061774e-10
818,0,0,818,2.6229806767405e-07,3.4142895480375e-10,1.6071774506483e-14,1.5571568698479e-10
819,0,0,819,2.6214235486638e-07,2.7097887562978e-10,1.2751464330488e-14,1.5571280767104e-10
820,0,0,820,2.6198664425272e-07,2.1507958401452e-10,1.0117771782362e-14,1.5571061365194e-10
821,0,0,821,2.6183093528972e-07,1.7072283384451e-10,8.0285717807724e-15,1.5570896300866e-10
822,0,0,822,2.6167522754649e-07,1.3552290871866e-10,6.371186447779e-15,1.5570774322955e-10
823,0,0,823,2.6151952068137e-07,1.0758767094919e-10,5.0562780362731e-15,1.5570686511097e-10
824,0,0,824,2.6136381442345e-07,8.5416347112045e-11,4.0130096145237e-15,1.557062579244e-10
825,0,0,825,2.6120810855786e-07,6.7818501331874e-11,3.185210086211e-15,1.5570586558599e-10
826,0,0,826,2.6105240291424e-07,5.3849800164066e-11,2.528334911373e-15,1.5570564362159e-10
827,0,0,827,2.6089669735748e-07,4.2761085936249e-11,2.0070572752351e-15,1.5570555676106e-10
828,0,0,828,2.6074099178045e-07,3.3957998618311e-11,1.5933588045468e-15,1.5570557703194e-10
829,0,0,829,2.605852860982e-07,2.696895919422e-11,1.2650161357604e-15,1.5570568224762e-10
830,0,0,830,2.6042958024339e-07,2.1419781377286e-11,1.0044011848651e-15,1.5570585480978e-10
831,0,0,831,2.6027387416263e-07,1.7013538099403e-11,7.9753003329669e-16,1.557060807583e-10
832,0,0,832,2.6011816781362e-07,1.3514594116684e-11,6.3330886087217e-16,1.5570634901882e-10
833,0,0,833,2.5996246116281e-07,1.0735941831941e-11,5.0293606353862e-16,1.5570665080512e-10
834,0,0,834,2.5980675418366e-07,8.529156331916e-12,3.9942817550445e-16,1.5570697914633e-10
835,0,0,835,2.5965104685515e-07,6.7764274100398e-12,3.1724393485958e-16,1.5570732851121e-10
836,0,0,836,2.5949533916064e-07,5.3842387051588e-12,2.5198615558348e-16,1.5570769451065e-10
837,0,0,837,2.5933963108698e-07,4.2783531412267e-12,2.001652870717e-16,1.5570807366171e-10
838,0,0,838,2.5918392262378e-07,3.3998344407524e-12,1.5901188478584e-16,1.5570846320009e-10
839,0,0,839,2.5902821376285e-07,2.7018904388796e-12,1.2632786433898e-16,1.5570886093193e-10
840,0,0,840,2.5887250449773e-07,2.1473682819552e-12,1.0036851040333e-16,1.5570926511604e-10
841,0,0,841,2.5871679482336e-07,1.7067667602351e-12,7.974887543132e-17,1.5570967437007e-10
842,0,0,842,2.5856108473577e-07,1.3566589053017e-12,6.3369521742958e-17,1.5571008759689e-10
843,0,0,843,2.5840537423184e-07,1.0784400893714e-12,5.0357605683388e-17,1.5571050392534e-10
844,0,0,844,2.5824966330918e-07,8.5733439300998e-13,4.0020131041411e-17,1.5571092266386e-10
845,0,0,845,2.5809395196591e-07,6.8160590847357e-13,3.180685570109e-17,1.5571134326341e-10
846,0,0,846,2.5793824020062e-07,5.4193266983228e-13,2.5280856194074e-17,1.5571176528789e-10
847,0,0,847,2.5778252801223e-07,4.3090964411949e-13,2.0095167654016e-17,1.5571218839122e-10
848,0,0,848,2.5762681539994e-07,3.4265415234409e-13,1.5974244011346e-17,1.5571261229829e-10
849,0,0,849,2.5747110236314e-07,2.7249258974998e-13,1.2699242829535e-17,1.5571303679081e-10
850,0,0,850,2.5731538890145e-07,2.1671167804389e-13,1.0096345018801e-17,1.5571346169541e-10
851,0,0,851,2.5715967501458e-07,1.7236094377943e-13,8.027482901869e-18,1.5571388687418e-10
852,0,0,852,2.5700396070236e-07,1.3709586326915e-13,6.3829795723588e-18,1.5571431221781e-10
853,0,0,853,2.5684824596472e-07,1.0905329324902e-13,5.0757051736442e-18,1.5571473763932e-10
854,0,0,854,2.5669253080165e-07,8.6752535355619e-14,4.0364371787057e-18,1.5571516306966e-10
855,0,0,855,2.5653681521319e-07,6.9016754333665e-14,3.2101763649733e-18,1.55715588454e-10
856,0,0,856,2.5638109919945e-07,5.4910558549283e-14,2.5532214369732e-18,1.5571601374866e-10
857,0,0,857,2.5622538276053e-07,4.3690415363516e-14,2.0308459166239e-18,1.5571643891907e-10
858,0,0,858,2.5606966589659e-07,3.4765259634161e-14,1.6154531870134e-18,1.557168639376e-10
859,0,0,859,2.5591394860781e-07,2.7665197879628e-14,1.2851111775705e-18,1.5571728878254e-10
860,0,0,860,2.5575823089437e-07,2.2016642662172e-14,1.0223884943596e-18,1.5571771343631e-10
861,0,0,861,2.5560251275648e-07,1.7522554699054e-14,8.1342992132437e-19,1.5571813788521e-10
862,0,0,862,2.5544679419437e-07,1.3946742471391e-14,6.4722201320692e-19,1.5571856211822e-10
863,0,0,863,2.5529107520824e-07,1.1101385256523e-14,5.1500965589118e-19,1.5571898612661e-10
864,0,0,864,2.5513535579834e-07,8.8371171335672e-15,4.0983253025495e-19,1.5571940990344e-10
865,0,0,865,2.5497963596489e-07,7.0351457868635e-15,3.2615681375336e-19,1.5571983344321e-10
866,0,0,866,2.5482391570815e-07,5.6009881459346e-15,2.5958253300814e-19,1.5572025674146e-10
867,0,0,867,2.5466819502836e-07,4.4594908373302e-15,2.0661101285742e-19,1.5572067979472e-10
868,0,0,868,2.5451247392576e-07,3.5508716737103e-15,1.6446006861519e-19,1.5572110260032e-10
869,0,0,869,2.543567524006e-07,2.827572612496e-15,1.3091713007979e-19,1.5572152515594e-10
870,0,0,870,2.5420103045314e-07,2.2517576726368e-15,1.0422250411452e-19,1.5572194745983e-10
871,0,0,871,2.5404530808363e-07,1.793323499562e-15,8.2976585326531e-20,1.5572236951067e-10
872,0,0,872,2.5388958529232e-07,1.4283174379744e-15,6.6066097147365e-20,1.5572279130725e-10
873,0,0,873,2.5373386207947e-07,1.1376795570176e-15,5.2605456453179e-20,1.5572321284881e-10
874,0,0,874,2.5357813844534e-07,9.0624222157021e-16,4.1890157715974e-20,1.5572363413446e-10
875,0,0,875,2.5342241439018e-07,7.2193442939463e-16,3.3359710383781e-20,1.5572405516384e-10
876,0,0,876,2.5326668991424e-07,5.751489611562e-16,2.6568169751155e-20,1.5572447593645e-10
877,0,0,877,2.5311096501779e-07,4.5823899431962e-16,2.1160703997421e-20,1.5572489645178e-10
878,0,0,878,2.5295523970108e-07,3.6511766961193e-16,1.6854959772091e-20,1.5572531670977e-10
879,0,0,879,2.5279951396437e-07,2.909395330778e-16,1.3426242712678e-20,1.5572573671006e-10
880,0,0,880,2.5264378780792e-07,2.3184709604418e-16,1.0695731103086e-20,1.5572615645252e-10
881,0,0,881,2.5248806123198e-07,1.8476918857599e-16,8.5211012517428e-21,1.5572657593696e-10
882,0,0,882,2.5233233423682e-07,1.4726051117366e-16,6.7890706098205e-21,1.5572699516337e-10
883,0,0,883,2.5217660682268e-07,1.1737395907732e-16,5.4094659294387e-21,1.5572741413154e-10
884,0,0,884,2.5202087898984e-07,9.3559018438521e-17,4.310504255622e-21,1.5572783284142e-10
885,0,0,885,2.5186515073855e-07,7.458090504655e-17,3.4350385239467e-21,1.5572825129306e-10
886,0,0,886,2.5170942206906e-07,5.9456206757329e-17,2.7375703903492e-21,1.557286694863e-10
887,0,0,887,2.5155369298164e-07,4.7401657889236e-17,2.1818733451248e-21,1.5572908742115e-10
888,0,0,888,2.5139796347654e-07,3.7793363410943e-17,1.7391013005711e-21,1.5572950509749e-10
889,0,0,889,2.5124223355403e-07,3.0134339145804e-17,1.3862833919901e-21,1.5572992251548e-10
890,0,0,890,2.5108650321435e-07,2.4028670381108e-17,1.10512604641e-21,1.5573033967492e-10
891,0,0,891,2.5093077245778e-07,1.9160938190912e-17,8.8105952642551e-22,1.5573075657596e-10
892,0,0,892,2.5077504128456e-07,1.5279838735128e-17,7.0247900149675e-22,1.5573117321839e-10
893,0,0,893,2.5061930969496e-07,1.2185140313813e-17,5.6014041425811e-22,1.5573158960237e-10
894,0,0,894,2.5046357768923e-07,9.717297584218e-18,4.4667953405671e-22,1.5573200572779e-10
895,0,0,895,2.5030784526763e-07,7.7491812708554e-18,3.562290527186e-22,1.5573242159471e-10
896,0,0,896,2.5015211243043e-07,6.1794922143434e-18,2.8411371922869e-22,1.5573283720313e-10
897,0,0,897,2.4999637917788e-07,4.9275165146913e-18,2.2660760163702e-22,1.5573325255299e-10
898,0,0,898,2.4984064551023e-07,3.9289484392427e-18,1.8074082165619e-22,1.5573366764424e-10
899,0,0,899,2.4968491142776e-07,3.1325633472991e-18,1.4414570164179e-22,1.5573408247709e-10
900,0,0,900,2.4952917693071e-07,2.4975670405938e-18,1.1493433151367e-22,1.5573449705122e-10
901,0,0,901,2.4937344201934e-07,1.9914829883549e-18,9.1601213455238e-23,1.5573491136696e-10
902,0,0,902,2.4921770669391e-07,1.588466625869e-18,7.2945961609947e-23,1.5573532542409e-10
903,0,0,903,2.4906197095469e-07,1.2679578324199e-18,5.8012091614303e-23,1.557357392226e-10
904,0,0,904,2.4890623480193e-07,1.0135998996948e-18,4.6038785823242e-23,1.5573615276267e-10
905,0,0,905,2.4875049823589e-07,8.1236670350925e-19,3.6423208509581e-23,1.5573656604413e-10
906,0,0,906,2.4859476125682e-07,6.5385009445988e-19,2.8691506237933e-23,1.5573697906703e-10
907,0,0,907,2.4843902386499e-07,5.2966727723372e-19,2.2477089917935e-23,1.5573739183137e-10
908,0,0,908,2.4828328606065e-07,4.3295358231791e-19,1.7505178779762e-23,1.5573780433716e-10
909,0,0,909,2.4812754784407e-07,3.5790988106226e-19,1.3582909927272e-23,1.5573821658439e-10
910,0,0,910,2.4797180921549e-07,2.993762156845e-19,1.0594593433375e-23,1.5573862857311e-10
911,0,0,911,2.4781607017519e-07,2.5240421603112e-19,8.5019319372625e-24,1.5573904030318e-10
912,0,0,912,2.4766033072341e-07,2.1180072362003e-19,7.3492321264058e-24,1.5573945177473e-10
913,0,0,913,2.4750459086043e-07,1.7161388838639e-19,7.2738171772898e-24,1.5573986298774e-10
914,0,0,914,2.4734885058648e-07,1.245309886772e-19,8.5220048473621e-24,1.5574027394213e-10
915,0,0,915,2.4719310990185e-07,6.1154514299749e-20,1.147114186232e-23,1.5574068463802e-10
916,0,0,916,2.4703736880677e-07,-3.0880132031741e-20,1.6658270986e-23,1.5574109507535e-10
917,0,0,917,2.4688162730152e-07,-1.6798526682459e-19,2.4816029397506e-23,1.5574150525402e-10
918,0,0,918,2.4672588538634e-07,-3.7194265882796e-19,3.6916287952608e-23,1.5574191517424e-10
919,0,0,919,2.4657014306151e-07,-6.7151031536648e-19,5.4221745833478e-23,1.5574232483579e-10
920,0,0,920,2.4641440032727e-07,-1.1043556785727e-18,7.8345010740318e-23,1.5574273423885e-10
921,0,0,921,2.4625865718389e-07,-1.7193461483876e-18,1.113132750365e-22,1.5574314338334e-10
922,0,0,922,2.4610291363162e-07,-2.5792019753573e-18,1.5563390468152e-22,1.5574355226923e-10
923,0,0,923,2.4594716967072e-07,-3.7634613103686e-18,2.1435093963703e-22,1.5574396089661e-10
924,0,0,924,2.4579142530145e-07,-5.3715974078795e-18,2.9107263364947e-22,1.5574436926538e-10
925,0,0,925,2.4563568052408e-07,-7.5259191731601e-18,3.899322395158e-22,1.5574477737559e-10
926,0,0,926,2.4547993533885e-07,-1.0373501283972e-17,5.1541236205704e-22,1.5574518522725e-10
927,0,0,927,2.4532418974603e-07,-1.4085697781702e-17,6.7190756608898e-22,1.5574559282041e-10
928,0,0,928,2.4516844374588e-07,-1.8852574292257e-17,8.628046484105e-22,1.55746000155e-10
929,0,0,929,2.4501269733864e-07,-2.4867490163642e-17,1.0886997727207e-21,1.5574640723104e-10
930,0,0,930,2.448569505246e-07,-3.2293496319637e-17,1.3441071142351e-21,1.5574681404858e-10
931,0,0,931,2.4470120330399e-07,-4.1197279256938e-17,1.6115847116516e-21,1.5574722060761e-10
932,0,0,932,2.4454545567708e-07,-5.142667504949e-17,1.8515206384518e-21,1.5574762690814e-10
933,0,0,933,2.4438970764413e-07,-6.2392187000964e-17,1.9847576632168e-21,1.5574803295022e-10
934,0,0,934,2.442339592054e-07,-7.2688366169053e-17,1.863608429424e-21,1.5574843873374e-10
935,0,0,935,2.4407821036113e-07,-1.6668498155106e-16,1.7013387384143e-20,1.5574884426411e-10
936,0,0,936,2.4392246111159e-07,-1.2818140706641e-16,-6.9691469817215e-21,1.557492495428e-10
937,0,0,937,2.4376671145704e-07,-9.7526381322291e-17,-5.5485596596855e-21,1.5574965455112e-10
938,0,0,938,2.4361096139774e-07,-7.3557259595379e-17,-4.3384110325711e-21,1.5575005930079e-10
939,0,0,939,2.4345521093395e-07,-5.5062002987272e-17,-3.3476414460674e-21,1.5575046379147e-10
940,0,0,940,2.4329946006592e-07,-4.0933239080916e-17,-2.5573062670504e-21,1.5575086802355e-10
941,0,0,941,2.4314370879393e-07,-3.0226152531521e-17,-1.9379826654405e-21,1.557512719968e-10
942,0,0,942,2.4298795711821e-07,-2.2166835848662e-17,-1.4587363195974e-21,1.5575167571144e-10
943,0,0,943,2.4283220503905e-07,-1.613767423342e-17,-1.091278252359e-21,1.5575207916742e-10
944,0,0,944,2.4267645255668e-07,-1.1654212887123e-17,-8.1150650367962e-22,1.5575248236474e-10
945,0,0,945,2.4252069967138e-07,-8.3408550926194e-18,-5.9971776080519e-22,1.5575288530345e-10
946,0,0,946,2.423649463834e-07,-5.9087371626895e-18,-4.402133453173e-22,1.5575328798355e-10
947,0,0,947,2.4220919269299e-07,-4.1369789820038e-18,-3.206882307041e-22,1.5575369040498e-10
948,0,0,948,2.4205343860042e-07,-2.8574359983093e-18,-2.315972800487e-22,1.5575409256786e-10
949,0,0,949,2.4189768410595e-07,-1.9426036191531e-18,-1.6558466062729e-22,1.5575449447213e-10
950,0,0,950,2.4174192920983e-07,-1.2961656352304e-18,-1.1700527509e-22,1.5575489611784e-10
951,0,0,951,2.4158617391233e-07,-8.4567286171892e-19,-8.1539192005581e-23,1.5575529750484e-10
952,0,0,952,2.4143041821369e-07,-5.3689803718686e-19,-5.5888243240301e-23,1.5575569863339e-10
953,0,0,953,2.4127466211419e-07,-3.2949233023947e-19,-3.7540432957477e-23,1.5575609950322e-10
954,0,0,954,2.4111890561408e-07,-1.9364594535273e-19,-2.4588195664501e-23,1.5575650011454e-10
955,0,0,955,2.4096314871361e-07,-1.0752168791983e-19,-1.5588490595355e-23,1.5575690046721e-10
956,0,0,956,2.4080739141305e-07,-5.5283904739724e-20,-9.4550387555997e-24,1.5575730056131e-10
957,0,0,957,2.4065163371265e-07,-2.5586886333943e-20,-5.375160331446e-24,1.5575770039681e-10
958,0,0,958,2.4049587561268e-07,-1.0418594962338e-20,-2.745460738261e-24,1.5575809997375e-10
959,0,0,959,2.4034011711339e-07,-4.2196012277639e-21,-1.1220178659581e-24,1.5575849929203e-10
960,0,0,960,2.4018435821503e-07,-3.2152537698191e-21,-1.81786889888e-25,1.5575889835175e-10
961,0,0,961,2.4002859891788e-07,-4.9128789845757e-21,3.0727016387094e-25,1.5575929715286e-10
962,0,0,962,2.3987283922219e-07,-7.7263551104735e-21,5.0923917878753e-25,1.5575969569541e-10
963,0,0,963,2.3971707912821e-07,-1.0698566292084e-20,5.3797022387136e-25,1.5576009397931e-10
964,0,0,964,2.395613186362e-07,-1.3298620720405e-20,4.706098515262e-25,1.5576049200464e-10
965,0,0,965,2.3940555774643e-07,-1.5275743587818e-20,3.5785923900184e-25,1.5576088977131e-10
966,0,0,966,2.3924979645915e-07,-1.6555739512039e-20,2.3167926228396e-25,1.5576128727948e-10
967,0,0,967,2.3909403477462e-07,-1.7169085253991e-20,1.1101557929332e-25,1.5576168452893e-10
968,0,0,968,2.389382726931e-07,-1.7202229418202e-20,5.9990937222196e-27,1.5576208151993e-10
969,0,0,969,2.3878251021485e-07,-1.676566936456e-20,-7.9017369709223e-26,1.5576247825217e-10
970,0,0,970,2.3862674734012e-07,-1.5973947236022e-20,-1.4330170526549e-25,1.557628747259e-10
971,0,0,971,2.3847098406918e-07,-1.4933937476757e-20,-1.8824176642696e-25,1.5576327094102e-10
972,0,0,972,2.3831522040228e-07,-1.3738753307857e-20,-2.1632833457082e-25,1.5576366689747e-10
973,0,0,973,2.3815945633969e-07,-1.2465333579588e-20,-2.3048897081662e-25,1.557640625954e-10
974,0,0,974,2.3800369188165e-07,-1.117432906166e-20,-2.3367181774507e-25,1.5576445803466e-10
975,0,0,975,2.3784792702844e-07,-9.9113255580178e-21,-2.2860363415922e-25,1.5576485321534e-10
976,0,0,976,2.376921617803e-07,-8.7087505972769e-21,-2.176660678941e-25,1.5576524813739e-10
977,0,0,977,2.375363961375e-07,-7.5880355651242e-21,-2.0284942081964e-25,1.5576564280088e-10
978,0,0,978,2.373806301003e-07,-6.5617659279026e-21,-1.8575480433712e-25,1.557660372057e-10
979,0,0,979,2.3722486366894e-07,-5.6356645218278e-21,-1.6762435449953e-25,1.5576643135194e-10
980,0,0,980,2.370690968437e-07,-4.8103292507313e-21,-1.4938568406848e-25,1.5576682523957e-10
981,0,0,981,2.3691332962484e-07,-4.0826966649846e-21,-1.3170149802015e-25,1.557672188686e-10
982,0,0,982,2.367575620126e-07,-3.4472342380084e-21,-1.1501869928269e-25,1.5576761223898e-10
983,0,0,983,2.3660179400725e-07,-2.8968823475402e-21,-9.961369217474e-26,1.5576800535078e-10
984,0,0,984,2.3644602560904e-07,-2.423776198364e-21,-8.56322130009e-26,1.5576839820395e-10
985,0,0,985,2.3629025681824e-07,-2.0197812576616e-21,-7.312308426714e-26,1.5576879079851e-10
986,0,0,986,2.3613448763511e-07,-1.6768754135206e-21,-6.2065957789513e-26,1.5576918313445e-10
987,0,0,987,2.359787180599e-07,-1.3874085548886e-21,-5.2393501412396e-26,1.5576957521176e-10
988,0,0,988,2.3582294809287e-07,-1.1442666612203e-21,-4.4008682753968e-26,1.5576996703052e-10
989,0,0,989,2.3566717773428e-07,-9.4096347718095e-22,-3.6797876311113e-26,1.5577035859058e-10
990,0,0,990,2.3551140698438e-07,-7.7167886904756e-22,-3.0640514072143e-26,1.5577074989206e-10
991,0,0,991,2.3535563584345e-07,-6.3125927059996e-22,-2.5415947319015e-26,1.5577114093493e-10
992,0,0,992,2.3519986431173e-07,-5.1519235898653e-22,-2.1008111002032e-26,1.5577153171914e-10
993,0,0,993,2.3504409238949e-07,-4.1956530493868e-22,-1.7308496782661e-26,1.557719222448e-10
994,0,0,994,2.3488832007697e-07,-3.4101361470988e-22,-1.4217855931414e-26,1.5577231251179e-10
995,0,0,995,2.3473254737445e-07,-2.7666569067618e-22,-1.1646974250099e-26,1.5577270252014e-10
996,0,0,996,2.3457677428218e-07,-2.2408673525429e-22,-9.5167909313628e-27,1.5577309226991e-10
997,0,0,997,2.3442100080042e-07,-1.812244540819e-22,-7.7580728922034e-27,1.5577348176104e-10
998,0,0,998,2.3426522692943e-07,-1.4635812462527e-22,-6.3108056316487e-27,1.5577387099357e-10
999,0,0,999,2.3410945266946e-07,-1.1805193446431e-22,-5.1234204191346e-27,1.5577425996743e-10
1000,0,0,1000,2.3395367802078e-07,-9.5113013878026e-23,-4.1519446261171e-27,1.5577464868268e-10
1001,0,0,1001,2.3379790298364e-07,-7.6554250692578e-23,-3.3591361365661e-27,1.5577503713932e-10
1002,0,0,1002,2.336421275583e-07,-6.1561748642192e-23,-2.7136428711198e-27,1.5577542533733e-10
1003,0,0,1003,2.3348635174503e-07,-4.9466646633548e-23,-2.1892134635646e-27,1.5577581327672e-10
1004,0,0,1004,2.3333057554407e-07,-3.9720933500724e-23,-1.7639740770411e-27,1.5577620095745e-10
1005,0,0,1005,2.3317479895569e-07,-3.187685388819e-23,-1.4197784098686e-27,1.5577658837958e-10
1006,0,0,1006,2.3301902198014e-07,-2.5569492470092e-23,-1.1416324166758e-27,1.5577697554309e-10
1007,0,0,1007,2.328632446177e-07,-2.0502135660888e-23,-9.1719158246604e-28,1.5577736244794e-10
1008,0,0,1008,2.327074668686e-07,-1.6434034727021e-23,-7.3632626902979e-28,1.5577774909416e-10
1009,0,0,1009,2.3255168873312e-07,-1.3170226247528e-23,-5.9074933478835e-28,1.5577813548179e-10
1010,0,0,1010,2.3239591021151e-07,-1.0553101263015e-23,-4.7369962219681e-28,1.5577852161076e-10
1011,0,0,1011,2.3224013130403e-07,-8.4554504890103e-24,-3.7967479009485e-28,1.5577890748109e-10
1012,0,0,1012,2.3208435201094e-07,-6.7747478628686e-24,-3.0420717533163e-28,1.5577929309279e-10
1013,0,0,1013,2.3192857233249e-07,-5.4284673347548e-24,-2.436767755886e-28,1.5577967844587e-10
1014,0,0,1014,2.3177279226895e-07,-4.3502575851758e-24,-1.951559646738e-28,1.557800635403e-10
1015,0,0,1015,2.3161701182057e-07,-3.4868259826422e-24,-1.5628112005857e-28,1.5578044837611e-10
1016,0,0,1016,2.3146123098762e-07,-2.7954065493795e-24,-1.2514691742055e-28,1.5578083295326e-10
1017,0,0,1017,2.3130544977035e-07,-2.241707098192e-24,-1.0021960066495e-28,1.557812172718e-10
1018,0,0,1018,2.3114966816902e-07,-1.798248250581e-24,-8.0266051417578e-29,1.5578160133168e-10
1019,0,0,1019,2.3099388618388e-07,-1.4430220064285e-24,-6.4295950191603e-29,1.5578198513295e-10
1020,0,0,1020,2.3083810381521e-07,-1.1584101908599e-24,-5.1514738617934e-29,1.5578236867556e-10
1021,0,0,1021,2.3068232106325e-07,-9.3031373656056e-25,-4.1285458228174e-29,1.5578275195953e-10
1022,0,0,1022,2.3052653792826e-07,-7.4745263957744e-25,-3.3097858553942e-29,1.5578313498486e-10
1023,0,0,1023,2.3037075441051e-07,-6.0080380307971e-25,-2.654343940609e-29,1.5578351775159e-10
1024,0,0,1024,2.3021497051025e-07,-4.8315008216434e-25,-2.1295323485682e-29,1.5578390025962e-10
1025,0,0,1025,2.3005918622774e-07,-3.8871886352953e-25,-1.7092050572901e-29,1.5578428250902e-10
1026,0,0,1026,2.2990340156324e-07,-3.1289263144875e-25,-1.3724548006621e-29,1.5578466449981e-10
1027,0,0,1027,2.2974761651701e-07,-2.5197733680811e-25,-1.1025668329956e-29,1.5578504623191e-10
1028,0,0,1028,2.2959183108931e-07,-2.0301712793051e-25,-8.8617978068443e-30,1.5578542770543e-10
1029,0,0,1029,2.2943604528039e-07,-1.6364622971354e-25,-7.1261325772716e-30,1.5578580892023e-10
1030,0,0,1030,2.2928025909051e-07,-1.3197056308715e-25,-5.7332956593776e-30,1.5578618987645e-10
1031,0,0,1031,2.2912447251994e-07,-1.0647315667278e-25,-4.6150305610012e-30,1.5578657057398e-10
1032,0,0,1032,2.2896868556892e-07,-8.5938580524785e-26,-3.7167582827865e-30,1.5578695101289e-10
1033,0,0,1033,2.2881289823773e-07,-6.9392580627097e-26,-2.9948259814816e-30,1.5578733119312e-10
1034,0,0,1034,2.2865711052662e-07,-5.6053855735914e-26,-2.4143092053042e-30,1.5578771111474e-10
1035,0,0,1035,2.2850132243584e-07,-4.5295530711745e-26,-1.9472568293744e-30,1.5578809077768e-10
1036,0,0,1036,2.2834553396566e-07,-3.6614371664046e-26,-1.5712897876336e-30,1.55788470182e-10
1037,0,0,1037,2.2818974511633e-07,-2.9606181635216e-26,-1.2684823952183e-30,1.5578884932766e-10
1038,0,0,1038,2.2803395588811e-07,-2.3946130325698e-26,-1.0244692870227e-30,1.5578922821465e-10
1039,0,0,1039,2.2787816628127e-07,-1.9373023006142e-26,-8.2773242483964e-31,1.5578960684301e-10
1040,0,0,1040,2.2772237629606e-07,-1.567671479023e-26,-6.6903178708006e-31,1.5578998521271e-10
1041,0,0,1041,2.2756658593273e-07,-1.2688036936323e-26,-5.409506915573e-31,1.5579036332374e-10
1042,0,0,1042,2.2741079519156e-07,-1.0270729917231e-26,-4.3753257045553e-31,1.5579074117614e-10
1043,0,0,1043,2.2725500407279e-07,-8.3149801565628e-27,-3.5399070668103e-31,1.557911187699e-10
1044,0,0,1044,2.2709921257668e-07,-6.732238797288e-27,-2.8647618602874e-31,1.5579149610495e-10
1045,0,0,1045,2.269434207035e-07,-5.4510658230494e-27,-2.3189230833719e-31,1.5579187318141e-10
1046,0,0,1046,2.267876284535e-07,-4.4137946376343e-27,-1.8774608456013e-31,1.5579224999916e-10
1047,0,0,1047,2.2663183582694e-07,-3.573853493434e-27,-1.5202934710026e-31,1.557926265583e-10
1048,0,0,1048,2.2647604282409e-07,-2.8936130771489e-27,-1.231235153476e-31,1.5579300285874e-10
1049,0,0,1049,2.2632024944519e-07,-2.3426558108034e-27,-9.9723265208528e-32,1.5579337890056e-10
1050,0,0,1050,2.261644556905e-07,-1.8963833637501e-27,-8.0775312916644e-32,1.5579375468368e-10
1051,0,0,1051,2.2600866156029e-07,-1.5348955768131e-27,-6.5429289435596e-32,1.5579413020819e-10
1052,0,0,1052,2.2585286705482e-07,-1.2420873333095e-27,-5.2998292074159e-32,1.5579450547399e-10
1053,0,0,1053,2.2569707217434e-07,-1.0049205584373e-27,-4.2927186251866e-32,1.5579488048115e-10
1054,0,0,1054,2.2554127691911e-07,-8.1283703384642e-28,-3.4767117950951e-32,1.5579525522965e-10
1055,0,0,1055,2.2538548128939e-07,-6.5728451233668e-28,-2.8155006393264e-32,1.5579562971949e-10
1056,0,0,1056,2.2522968528544e-07,-5.3133405426631e-28,-2.2797032910737e-32,1.5579600395066e-10
1057,0,0,1057,2.2507388890752e-07,-4.2937085766239e-28,-1.845533858531e-32,1.5579637792317e-10
1058,0,0,1058,2.2491809215588e-07,-3.468443374206e-28,-1.4937300163763e-32,1.5579675163705e-10
1059,0,0,1059,2.2476229503079e-07,-2.8006599998414e-28,-1.2086879076001e-32,1.557971250922e-10
1060,0,0,1060,2.246064975325e-07,-2.2604589764656e-28,-9.7776385231005e-33,1.557974982887e-10
1061,0,0,1061,2.2445069966127e-07,-1.8236024205087e-28,-7.90710366282e-33,1.5579787122659e-10
1062,0,0,1062,2.2429490141736e-07,-1.4704419801327e-28,-6.3922039708057e-33,1.5579824390576e-10
1063,0,0,1063,2.2413910280104e-07,-1.185050370673e-28,-5.1655881312205e-33,1.5579861632627e-10
1064,0,0,1064,2.2398330381255e-07,-9.5451761446759e-29,-4.1726428873186e-33,1.5579898848811e-10
1065,0,0,1065,2.2382750445216e-07,-7.6838058615006e-29,-3.3690802125473e-33,1.5579936039129e-10
1066,0,0,1066,2.2367170472012e-07,-6.1816049879853e-29,-2.7189835810627e-33,1.5579973203581e-10
1067,0,0,1067,2.235159046167e-07,-4.9698782882521e-29,-2.1932253265171e-33,1.5580010342164e-10
1068,0,0,1068,2.2336010414215e-07,-3.9929809848217e-29,-1.768184119209e-33,1.5580047454881e-10
1069,0,0,1069,2.2320430329674e-07,-3.2058509882078e-29,-1.4247052938713e-33,1.5580084541732e-10
1070,0,0,1070,2.2304850208071e-07,-2.5720069075111e-29,-1.1472577860611e-33,1.5580121602713e-10
1071,0,0,1071,2.2289270049433e-07,-2.061923861238e-29,-9.232503137542e-34,1.5580158637829e-10
1072,0,0,1072,2.2273689853786e-07,-1.6517157973098e-29,-7.4247659571006e-34,1.5580195647078e-10
1073,0,0,1073,2.2258109621155e-07,-1.3220665330839e-29,-5.9666516824894e-34,1.5580232630458e-10
1074,0,0,1074,2.2242529351568e-07,-1.0573626554126e-29,-4.7911401858509e-34,1.5580269587969e-10
1075,0,0,1075,2.2226949045048e-07,-8.4499027241461e-30,-3.843940132263e-34,1.5580306519614e-10
1076,0,0,1076,2.2211368701623e-07,-6.7476478148822e-30,-3.0810813857676e-34,1.5580343425396e-10
1077,0,0,1077,2.2195788321317e-07,-5.3846863355889e-30,-2.466960277521e-34,1.5580380305303e-10
1078,0,0,1078,2.2180207904158e-07,-4.2947679091848e-30,-1.9727523517914e-34,1.5580417159347e-10
1079,0,0,1079,2.216462745017e-07,-3.4245340461612e-30,-1.5751232920727e-34,1.5580453987521e-10
1080,0,0,1080,2.2149046959381e-07,-2.7310634637035e-30,-1.2551817542483e-34,1.5580490789827e-10
1081,0,0,1081,2.2133466431814e-07,-2.1798875620631e-30,-9.9762838196916e-35,1.5580527566266e-10
1082,0,0,1082,2.2117885867497e-07,-1.7433882124731e-30,-7.9006382275786e-35,1.5580564316839e-10
1083,0,0,1083,2.2102305266456e-07,-1.3995067307896e-30,-6.2242548184729e-35,1.5580601041538e-10
1084,0,0,1084,2.2086724628715e-07,-1.1307065370177e-30,-4.8652835072712e-35,1.5580637740376e-10
1085,0,0,1085,2.2071143954302e-07,-9.2314312499523e-31,-3.7568977576059e-35,1.558067441334e-10
1086,0,0,1086,2.2055563243242e-07,-7.6600407083878e-31,-2.8442168802318e-35,1.558071106044e-10
1087,0,0,1087,2.203998249556e-07,-6.5098928691615e-31,-2.0817675889996e-35,1.5580747681669e-10
1088,0,0,1088,2.2024401711283e-07,-5.7190790257038e-31,-1.4313730566585e-35,1.5580784277031e-10
1089,0,0,1089,2.2008820890436e-07,-5.2437328912536e-31,-8.6037650335479e-36,1.5580820846525e-10
1090,0,0,1090,2.1993240033046e-07,-5.0558206504094e-31,-3.4012115592806e-36,1.5580857390149e-10
1091,0,0,1091,2.1977659139138e-07,-5.141666018562e-31,1.5538011635628e-36,1.5580893907905e-10
1092,0,0,1092,2.1962078208739e-07,-5.5011375935744e-31,6.5064355077237e-36,1.5580930399791e-10
1093,0,0,1093,2.1946497241873e-07,-6.1474544476653e-31,1.1698335059046e-35,1.5580966865812e-10
1094,0,0,1094,2.1930916238567e-07,-7.1075923598973e-31,1.73784962114e-35,1.5581003305961e-10
1095,0,0,1095,2.1915335198847e-07,-8.4232984341189e-31,2.3814279943409e-35,1.5581039720241e-10
1096,0,0,1096,2.1899754122738e-07,-1.0152747134959e-30,3.1303021485208e-35,1.5581076108654e-10
1097,0,0,1097,2.1884173010267e-07,-1.2372897051554e-30,4.0184713490363e-35,1.5581112471196e-10
1098,0,0,1098,2.1868591861459e-07,-1.5182636053307e-30,5.0856275931735e-35,1.5581148807872e-10
1099,0,0,1099,2.185301067634e-07,-1.8706834115283e-30,6.3787984921766e-35,1.5581185118674e-10
1100,0,0,1100,2.1837429454937e-07,-2.310145929347e-30,7.9542715725189e-35,1.5581221403612e-10
1101,0,0,1101,2.1821848197274e-07,-2.855995466833e-30,9.8798766284956e-35,1.5581257662678e-10
1102,0,0,1102,2.1806266903378e-07,-3.5321124389034e-30,1.2237717194475e-34,1.5581293895876e-10
1103,0,0,1103,2.1790685573275e-07,-4.367883747118e-30,1.5127460678684e-34,1.5581330103204e-10
1104,0,0,1104,2.177510420699e-07,-5.3993931467297e-30,1.8670320132972e-34,1.5581366284661e-10
1105,0,0,1105,2.175952280455e-07,-6.6708787939889e-30,2.3013890215392e-34,1.5581402440252e-10
1106,0,0,1106,2.174394136598e-07,-8.2365162063719e-30,2.8338037164131e-34,1.5581438569971e-10
1107,0,0,1107,2.1728359891306e-07,-1.0162598499094e-29,3.4862089498269e-34,1.5581474673819e-10
1108,0,0,1108,2.1712778380554e-07,-1.2530202653157e-29,4.2853635188544e-34,1.55815107518e-10
1109,0,0,1109,2.169719683375e-07,-1.5438451568948e-29,5.2639305375816e-34,1.5581546803913e-10
1110,0,0,1110,2.168161525092e-07,-1.9008507833721e-29,6.4618018392393e-34,1.5581582830151e-10
1111,0,0,1111,2.166603363209e-07,-2.3388467832688e-29,7.9277275981299e-34,1.5581618830523e-10
1112,0,0,1112,2.1650451977285e-07,-2.8759365771603e-29,9.721325269436e-34,1.5581654805023e-10
1113,0,0,1113,2.1634870286531e-07,-3.534254851618e-29,1.1915560767685e-33,1.5581690753655e-10
1114,0,0,1114,2.1619288559855e-07,-4.3408746624126e-29,1.4599818575382e-33,1.5581726676415e-10
1115,0,0,1115,2.1603706797281e-07,-5.3289248001897e-29,1.7883707493766e-33,1.5581762573306e-10
1116,0,0,1116,2.1588124998837e-07,-6.5389682616734e-29,2.1901786652855e-33,1.5581798444328e-10
1117,0,0,1117,2.1572543164548e-07,-8.0207055123094e-29,2.6819444236511e-33,1.5581834289476e-10
1118,0,0,1118,2.1556961294439e-07,-9.8350824023859e-29,3.2840221710385e-33,1.5581870108758e-10
1119,0,0,1119,2.1541379388537e-07,-1.2056902974573e-28,4.0214952356577e-33,1.5581905902165e-10
1120,0,0,1120,2.1525797446867e-07,-1.4778073061974e-28,4.9253178581962e-33,1.5581941669706e-10
1121,0,0,1121,2.1510215469456e-07,-1.8111632878861e-28,6.033743268566e-33,1.5581977411373e-10
1122,0,0,1122,2.1494633456328e-07,-2.2196777442495e-28,7.3941116601777e-33,1.5582013127174e-10
1123,0,0,1123,2.1479051407511e-07,-2.720511473664e-28,9.0650905024019e-33,1.5582048817098e-10
1124,0,0,1124,2.146346932303e-07,-3.3348475642198e-28,1.1119483239061e-32,1.5582084481158e-10
1125,0,0,1125,2.1447887202911e-07,-4.0888670039281e-28,1.364775185872e-32,1.5582120119341e-10
1126,0,0,1126,2.1432305047179e-07,-5.0149684095796e-28,1.6762435442293e-32,1.5582155731658e-10
1127,0,0,1127,2.1416722855861e-07,-6.1532939470348e-28,2.0603692227938e-32,1.5582191318101e-10
1128,0,0,1128,2.1401140628982e-07,-7.5536391926649e-28,2.5346248945905e-32,1.5582226878675e-10
1129,0,0,1129,2.1385558366569e-07,-9.2778441934872e-28,3.1208110514883e-32,1.5582262413377e-10
1130,0,0,1130,2.1369976068647e-07,-1.1402787201648e-27,3.8461468447719e-32,1.5582297922208e-10
1131,0,0,1131,2.1354393735242e-07,-1.4024132548836e-27,4.7446350784087e-32,1.558233340517e-10
1132,0,0,1132,2.1338811366379e-07,-1.7261021162957e-27,5.8587683915604e-32,1.5582368862258e-10
1133,0,0,1133,2.1323228962086e-07,-2.1261937836399e-27,7.241659178929e-32,1.5582404293474e-10
1134,0,0,1134,2.1307646522387e-07,-2.6212045341835e-27,8.9596945848392e-32,1.5582439698821e-10
1135,0,0,1135,2.1292064047309e-07,-3.234234399397e-27,1.1095840560365e-31,1.5582475078297e-10
1136,0,0,1136,2.1276481536877e-07,-3.9941098777456e-27,1.3753746158109e-31,1.5582510431901e-10
1137,0,0,1137,2.1260898991117e-07,-4.9368077615078e-27,1.7062831696096e-31,1.5582545759631e-10
1138,0,0,1138,2.1245316410056e-07,-6.1072267094634e-27,2.1184582957997e-31,1.5582581061492e-10
1139,0,0,1139,2.1229733793718e-07,-7.5613879842715e-27,2.6320319074027e-31,1.5582616337481e-10
1140,0,0,1140,2.1214151142131e-07,-9.3691645058277e-27,3.2720755040167e-31,1.5582651587599e-10
1141,0,0,1141,2.1198568455319e-07,-1.161765853211e-26,4.0697741875706e-31,1.5582686811843e-10
1142,0,0,1142,2.1182985733309e-07,-1.4415373395601e-26,5.063863902919e-31,1.5582722010217e-10
1143,0,0,1143,2.1167402976126e-07,-1.7897354364269e-26,6.3023855532898e-31,1.5582757182718e-10
1144,0,0,1144,2.1151820183797e-07,-2.2231508456032e-26,7.8448189060904e-31,1.5582792329349e-10
1145,0,0,1145,2.1136237356346e-07,-2.7626353516199e-26,9.7646695589022e-31,1.5582827450104e-10
1146,0,0,1146,2.1120654493801e-07,-3.4340493647239e-26,1.2152593637182e-30,1.5582862544993e-10
1147,0,0,1147,2.1105071596187e-07,-4.2694171672715e-26,1.5120157226112e-30,1.5582897614004e-10
1148,0,0,1148,2.108948866353e-07,-5.3083310112238e-26,1.8804340575536e-30,1.5582932657144e-10
1149,0,0,1149,2.1073905695856e-07,-6.5996520329629e-26,2.3372910493479e-30,1.5582967674415e-10
1150,0,0,1150,2.105832269319e-07,-8.2035634975336e-26,2.9030797508728e-30,1.558300266581e-10
1151,0,0,1151,2.1042739655559e-07,-1.0194040102189e-25,3.6027626544272e-30,1.5583037631338e-10
1152,0,0,1152,2.1027156582988e-07,-1.266180584278e-25,4.4666559904694e-30,1.5583072570986e-10
1153,0,0,1153,2.1011573475503e-07,-1.5717862078455e-25,5.5314617865714e-30,1.5583107484766e-10
1154,0,0,1154,2.099599033313e-07,-1.9497676615519e-25,6.8414643120864e-30,1.5583142372674e-10
1155,0,0,1155,2.0980407155896e-07,-2.416613342681e-25,8.4499068284359e-30,1.5583177234708e-10
1156,0,0,1156,2.0964823943825e-07,-2.992335041017e-25,1.0420562739881e-29,1.5583212070867e-10
1157,0,0,1157,2.0949240696944e-07,-3.7011478531899e-25,1.2829511900329e-29,1.5583246881158e-10
1158,0,0,1158,2.0933657415278e-07,-4.5722598694793e-25,1.5767127494839e-29,1.5583281665572e-10
1159,0,0,1159,2.0918074098854e-07,-5.6407831290695e-25,1.9340270998583e-29,1.5583316424117e-10
1160,0,0,1160,2.0902490747697e-07,-6.9487765839927e-25,2.367468153411e-29,1.5583351156785e-10
1161,0,0,1161,2.0886907361833e-07,-8.546430214074e-25,2.8917530704471e-29,1.5583385863584e-10
1162,0,0,1162,2.0871323941289e-07,-1.049339672098e-24,3.5240093774991e-29,1.5583420544506e-10
1163,0,0,1163,2.0855740486089e-07,-1.2860273070138e-24,4.2840461919765e-29,1.5583455199557e-10
1164,0,0,1164,2.0840156996261e-07,-1.5730228157882e-24,5.1946187088168e-29,1.5583489828736e-10
1165,0,0,1165,2.0824573471829e-07,-1.9200764611862e-24,6.2816709817033e-29,1.5583524432038e-10
1166,0,0,1166,2.0808989912819e-07,-2.338559168452e-24,7.5745370015107e-29,1.5583559009469e-10
1167,0,0,1167,2.0793406319258e-07,-2.8416571825586e-24,9.1060740553296e-29,1.5583593561028e-10
1168,0,0,1168,2.0777822691171e-07,-3.4445685246431e-24,1.091269529173e-28,1.5583628086713e-10
1169,0,0,1169,2.0762239028585e-07,-4.1646934046416e-24,1.3034260327972e-28,1.5583662586521e-10
1170,0,0,1170,2.0746655331524e-07,-5.0218079738511e-24,1.5513773702693e-28,1.558369706046e-10
1171,0,0,1171,2.0731071600016e-07,-6.0382074884652e-24,1.8396831214515e-28,1.5583731508523e-10
1172,0,0,1172,2.0715487834085e-07,-7.2388010836828e-24,2.1730744073439e-28,1.5583765930714e-10
1173,0,0,1173,2.0699904033758e-07,-8.6511359420385e-24,2.5563260936238e-28,1.558380032703e-10
1174,0,0,1174,2.0684320199061e-07,-1.0305323743625e-23,2.9940799208713e-28,1.558383469747e-10
1175,0,0,1175,2.0668736330019e-07,-1.2233837045977e-23,3.4906090772574e-28,1.5583869042041e-10
1176,0,0,1176,2.0653152426658e-07,-1.4471137892175e-23,4.0495145316177e-28,1.5583903360735e-10
1177,0,0,1177,2.0637568489004e-07,-1.705309585353e-23,4.673343910053e-28,1.5583937653554e-10
1178,0,0,1178,2.0621984517084e-07,-2.0016148416143e-23,5.3631251383292e-28,1.5583971920502e-10
1179,0,0,1179,2.0606400510922e-07,-2.3396153875598e-23,6.1178098816141e-28,1.5584006161574e-10
1180,0,0,1180,2.0590816470546e-07,-2.7226886741141e-23,6.9336264866333e-28,1.5584040376771e-10
1181,0,0,1181,2.0575232395979e-07,-3.1538129432953e-23,7.8033492721789e-28,1.5584074566096e-10
1182,0,0,1182,2.055964828725e-07,-3.6353323544286e-23,8.7155013415137e-28,1.5584108729545e-10
1183,0,0,1183,2.0544064144383e-07,-4.1686761357508e-23,9.6535224419308e-28,1.5584142867122e-10
1184,0,0,1184,2.0528479967404e-07,-4.7540326396229e-23,1.0594952720085e-27,1.5584176978822e-10
1185,0,0,1185,2.0512895756339e-07,-5.3899833884032e-23,1.1510708552924e-27,1.5584211064649e-10
1186,0,0,1186,2.0497311511215e-07,-6.0731081982232e-23,1.2364559057741e-27,1.55842451246e-10
1187,0,0,1187,2.0481727232056e-07,-6.7975807102916e-23,1.3112952468439e-27,1.5584279158678e-10
1188,0,0,1188,2.0466142918889e-07,-7.554784647317e-23,1.3705391260159e-27,1.5584313166879e-10
1189,0,0,1189,2.045055857174e-07,-8.3329953880917e-23,1.4085614408022e-27,1.5584347149211e-10
1190,0,0,1190,2.0434974190634e-07,-9.1171895721579e-23,1.4193914731599e-27,1.558438110566e-10
1191,0,0,1191,2.0419389775598e-07,-9.8890679406816e-23,1.3970998470278e-27,1.5584415036241e-10
1192,0,0,1192,2.0403805326657e-07,-1.0627403942036e-22,1.3363881624512e-27,1.5584448940942e-10
1193,0,0,1193,2.0388220843837e-07,-1.1308863079176e-22,1.2334410382245e-27,1.5584482819772e-10
1194,0,0,1194,2.0372636327165e-07,-1.190947559413e-22,1.0871086520668e-27,1.5584516672725e-10
1195,0,0,1195,2.0357051776665e-07,-1.2406987535204e-22,9.0049661334291e-28,1.5584550499806e-10
1196,0,0,1196,2.0341467192364e-07,-1.2784361661662e-22,6.8304716889004e-28,1.5584584301006e-10
1197,0,0,1197,2.0325882574287e-07,-1.3034748418853e-22,4.5320003051515e-28,1.5584618076336e-10
1198,0,0,1198,2.0310297922462e-07,-1.3168295854962e-22,2.4172085935749e-28,1.5584651825789e-10
1199,0,0,1199,2.0294713236912e-07,-1.32212122072e-22,9.5778597549908e-29,1.5584685549368e-10
1200,0,0,1200,2.0279128517665e-07,-1.3267530979931e-22,8.3836978643701e-29,1.5584719247068e-10
1201,0,0,1201,2.0263543764746e-07,-1.3434049180825e-22,3.0139794361848e-28,1.5584752918893e-10
1202,0,0,1202,2.0247958978181e-07,-1.3918906879958e-22,8.7759243542928e-28,1.5584786564847e-10
1203,0,0,1203,2.0232374157997e-07,-1.5014240747681e-22,1.98255430058e-27,1.5584820184922e-10
1204,0,0,1204,2.0216789304217e-07,-1.7133264709871e-22,3.835433371563e-27,1.5584853779125e-10
1205,0,0,1205,2.020120441687e-07,-2.0841995512092e-22,6.7128027520208e-27,1.5584887347445e-10
1206,0,0,1206,2.018561949598e-07,-2.6895638056361e-22,1.0957093005126e-26,1.5584920889897e-10
1207,0,0,1207,2.0170034541574e-07,-3.627936455187e-22,1.6984544956871e-26,1.5584954406467e-10
1208,0,0,1208,2.0154449553676e-07,-5.0252855856508e-22,2.5292019261394e-26,1.5584987897167e-10
1209,0,0,1209,2.0138864532314e-07,-7.0397521835395e-22,3.6461845421787e-26,1.5585021361986e-10
1210,0,0,1210,2.0123279477514e-07,-9.8664788113722e-22,5.1163751963772e-26,1.5585054800933e-10
1211,0,0,1211,2.01076943893e-07,-1.3742324983816e-21,7.0152815721233e-26,1.5585088214e-10
1212,0,0,1212,2.0092109267698e-07,-1.8950188581836e-21,9.4262331124158e-26,1.5585121601196e-10
1213,0,0,1213,2.0076524112736e-07,-2.5822595487188e-21,1.2439056498688e-25,1.558515496251e-10
1214,0,0,1214,2.0060938924438e-07,-3.4744173730915e-21,1.6148056621145e-25,1.5585188297952e-10
1215,0,0,1215,2.004535370283e-07,-4.6152603418851e-21,2.0649257735165e-25,1.5585221607518e-10
1216,0,0,1216,2.0029768447939e-07,-6.0537640258315e-21,2.6036916679429e-25,1.5585254891206e-10
1217,0,0,1217,2.001418315979e-07,-7.8437858881368e-21,3.2399395707726e-25,1.5585288149015e-10
1218,0,0,1218,1.9998597838409e-07,-1.0043485903807e-20,3.9814570283628e-25,1.5585321380953e-10
1219,0,0,1219,1.9983012483822e-07,-1.2714482136801e-20,4.834503181719e-25,1.5585354587011e-10
1220,0,0,1220,1.9967427096055e-07,-1.5920747211228e-20,5.8033397847134e-25,1.5585387767194e-10
1221,0,0,1221,1.9951841675134e-07,-1.9727267310429e-20,6.8898013795535e-25,1.5585420921499e-10
1222,0,0,1222,1.9936256221084e-07,-2.4198490773229e-20,8.092914467668e-25,1.5585454049929e-10
1223,0,0,1223,1.9920670733931e-07,-2.9396573560517e-20,9.4085298449922e-25,1.5585487152482e-10
1224,0,0,1224,1.9905085213702e-07,-3.5379359943756e-20,1.0828843353662e-24,1.5585520229155e-10
1225,0,0,1225,1.9889499660422e-07,-4.2197882602639e-20,1.2341526012577e-24,1.5585553279955e-10
1226,0,0,1226,1.9873914074117e-07,-4.9892874620936e-20,1.3927935553118e-24,1.5585586304877e-10
1227,0,0,1227,1.9858328454813e-07,-5.8489283640249e-20,1.5559500324957e-24,1.5585619303923e-10
1228,0,0,1228,1.9842742802536e-07,-6.7986967010878e-20,1.7190806900838e-24,1.5585652277089e-10
1229,0,0,1229,1.9827157117312e-07,-7.8344496707725e-20,1.8747128751293e-24,1.5585685224379e-10
1230,0,0,1230,1.9811571399166e-07,-8.9451148772744e-20,2.0103040237684e-24,1.5585718145794e-10
1231,0,0,1231,1.9795985648125e-07,-1.0107948831127e-19,2.1047294564729e-24,1.5585751041332e-10
1232,0,0,1232,1.9780399864214e-07,-1.1280723687038e-19,2.1227224891985e-24,1.5585783910988e-10
1233,0,0,1233,1.9764814047459e-07,-1.2389202365888e-19,2.0063464087195e-24,1.5585816754773e-10
1234,0,0,1234,1.9749228197886e-07,-1.3307581688173e-19,1.6622665733365e-24,1.5585849572675e-10
1235,0,0,1235,1.9733642315521e-07,-1.382868739101e-19,9.4320132213499e-25,1.5585882364701e-10
1236,0,0,1236,1.9718056400391e-07,-1.3619539925803e-19,-3.7855691202494e-25,1.5585915130855e-10
1237,0,0,1237,1.9702470452519e-07,-1.2156404335205e-19,-2.6482754189839e-24,1.5585947871124e-10
1238,0,0,1238,1.9686884471934e-07,-8.6314898616613e-20,-6.3800951971132e-24,1.5585980585519e-10
1239,0,0,1239,1.967129845866e-07,-1.8209215171277e-20,-1.2327128703606e-23,1.5586013274035e-10
1240,0,0,1240,1.9655712412723e-07,1.0099776456142e-19,-2.1576463331618e-23,1.5586045936673e-10
1241,0,0,1241,1.964012633415e-07,2.9811056974128e-19,-3.5677417737555e-23,1.5586078573438e-10
1242,0,0,1242,1.9624540222965e-07,6.1200421880281e-19,-5.6814750480137e-23,1.5586111184317e-10
1243,0,0,1243,1.9608954079196e-07,1.0984330959393e-18,-8.8043626761703e-23,1.5586143769323e-10
1244,0,0,1244,1.9593367902868e-07,1.8366147534997e-18,-1.3361088001843e-22,1.5586176328451e-10
1245,0,0,1245,1.9577781694006e-07,2.9382642098393e-18,-1.9939855159748e-22,1.5586208861698e-10
1246,0,0,1246,1.9562195452637e-07,4.5600431394864e-18,-2.9354198626612e-22,1.5586241369067e-10
1247,0,0,1247,1.9546609178786e-07,6.9207976305434e-18,-4.2729656288132e-22,1.5586273850557e-10
1248,0,0,1248,1.953102287248e-07,1.0325512829151e-17,-6.1625345094796e-22,1.5586306306168e-10
1249,0,0,1249,1.9515436533743e-07,-8.0414532129315e-18,3.3244208536169e-21,1.5586338737646e-10
1250,0,0,1250,1.9499850162599e-07,-5.8913586778299e-18,-3.8916711085339e-22,1.5586371143276e-10
1251,0,0,1251,1.9484263759078e-07,-4.3470143273858e-18,-2.7952632743039e-22,1.5586403521262e-10
1252,0,0,1252,1.9468677323205e-07,-3.223053051079e-18,-2.0343699101153e-22,1.5586435873365e-10
1253,0,0,1253,1.9453090855005e-07,-2.3957499384589e-18,-1.4974186338425e-22,1.5586468199591e-10
1254,0,0,1254,1.9437504354505e-07,-1.7817173831688e-18,-1.1113989250748e-22,1.5586500499941e-10
1255,0,0,1255,1.9421917821731e-07,-1.323826666354e-18,-8.2878219743495e-23,1.5586532774405e-10
1256,0,0,1256,1.9406331256708e-07,-9.8205717265009e-19,-6.1860278360407e-23,1.5586565022993e-10
1257,0,0,1257,1.9390744659462e-07,-7.2763575827935e-19,-4.6050276001104e-23,1.5586597245704e-10
1258,0,0,1258,1.937515803002e-07,-5.3932626156323e-19,-3.4084018905616e-23,1.5586629442533e-10
1259,0,0,1259,1.9359571368406e-07,-4.0109341247128e-19,-2.5020145685641e-23,1.5586661613484e-10
1260,0,0,1260,1.9343984674647e-07,-3.0062574758069e-19,-1.8184647345195e-23,1.5586693758557e-10
1261,0,0,1261,1.932839794877e-07,-2.2838385884791e-19,-1.3075781860636e-23,1.5586725877752e-10
1262,0,0,1262,1.9312811190799e-07,-1.7696405925382e-19,-9.3069837265292e-24,1.5586757971066e-10
1263,0,0,1263,1.929722440076e-07,-1.4064959792616e-19,-6.5729175003059e-24,1.55867900385e-10
1264,0,0,1264,1.928163757868e-07,-1.1507433373571e-19,-4.6291228184724e-24,1.5586822080057e-10
1265,0,0,1265,1.9266050724584e-07,-9.6956540047171e-20,-3.2793206576248e-24,1.5586854095734e-10
1266,0,0,1266,1.9250463838499e-07,-8.3879991555883e-20,-2.3668552769234e-24,1.5586886085532e-10
1267,0,0,1267,1.9234876920449e-07,-7.4110439223355e-20,-1.7682889721877e-24,1.5586918049448e-10
1268,0,0,1268,1.9219289970462e-07,-6.6441289609895e-20,-1.3881160800362e-24,1.558694998749e-10
1269,0,0,1269,1.9203702988562e-07,-6.0064957226369e-20,-1.1541161614181e-24,1.5586981899649e-10
1270,0,0,1270,1.9188115974776e-07,-5.4467358346047e-20,-1.0131653973382e-24,1.5587013785929e-10
1271,0,0,1271,1.917252892913e-07,-4.9343224305086e-20,-9.2746826141409e-25,1.558704564633e-10
1272,0,0,1272,1.9156941851649e-07,-4.4529828669725e-20,-8.7122461000041e-25,1.5587077480851e-10
1273,0,0,1273,1.914135474236e-07,-3.995660653287e-20,-8.2775320677078e-25,1.5587109289492e-10
1274,0,0,1274,1.9125767601287e-07,-3.5608110999132e-20,-7.8707769160641e-25,1.5587141072254e-10
1275,0,0,1275,1.9110180428458e-07,-3.1497833359835e-20,-7.4396025271292e-25,1.5587172829137e-10
1276,0,0,1276,1.9094593223898e-07,-2.7650597972128e-20,-6.9634960517496e-25,1.5587204560137e-10
1277,0,0,1277,1.9079005987633e-07,-2.4091500606114e-20,-6.4419662324839e-25,1.5587236265261e-10
1278,0,0,1278,1.9063418719688e-07,-2.083965643825e-20,-5.8858379438353e-25,1.5587267944505e-10
1279,0,0,1279,1.904783142009e-07,-1.7905331185937e-20,-5.3111287066845e-25,1.5587299597867e-10
1280,0,0,1280,1.9032244088865e-07,-1.52893233087e-20,-4.7349742577999e-25,1.5587331225349e-10
1281,0,0,1281,1.9016656726038e-07,-1.2983731511481e-20,-4.173121152966e-25,1.5587362826949e-10
1282,0,0,1282,1.9001069331636e-07,-1.0973471511392e-20,-3.6385706001607e-25,1.5587394402675e-10
1283,0,0,1283,1.8985481905683e-07,-9.2380960983042e-21,-3.1410294976898e-25,1.5587425952514e-10
1284,0,0,1284,1.8969894448207e-07,-7.7536237507981e-21,-2.6868949489863e-25,1.5587457476478e-10
1285,0,0,1285,1.8954306959232e-07,-6.4941967980799e-21,-2.2795627844201e-25,1.558748897456e-10
1286,0,0,1286,1.8938719438785e-07,-5.4334750711172e-21,-1.9199063258022e-25,1.558752044676e-10
1287,0,0,1287,1.8923131886892e-07,-4.5457304251619e-21,-1.6068178091791e-25,1.5587551893081e-10
1288,0,0,1288,1.8907544303579e-07,-3.8066466475073e-21,-1.3377416375547e-25,1.5587583313522e-10
1289,0,0,1289,1.8891956688871e-07,-3.1938528649719e-21,-1.109156746389e-25,1.5587614708083e-10
1290,0,0,1290,1.8876369042794e-07,-2.6872307781098e-21,-9.1698597722049e-26,1.558764607676e-10
1291,0,0,1291,1.8860781365374e-07,-2.2690403054855e-21,-7.5692475545008e-26,1.558767741956e-10
1292,0,0,1292,1.8845193656638e-07,-1.9239072495202e-21,-6.2469083129712e-26,1.5587708736477e-10
1293,0,0,1293,1.882960591661e-07,-1.6387124787342e-21,-5.1620253512269e-26,1.5587740027513e-10
1294,0,0,1294,1.8814018145318e-07,-1.4024163851612e-21,-4.2769592936717e-26,1.5587771292672e-10
1295,0,0,1295,1.8798430342786e-07,-1.2058460848784e-21,-3.5579224351184e-26,1.5587802531945e-10
1296,0,0,1296,1.878284250904e-07,-1.0414666830934e-21,-2.9752671723088e-26,1.5587833745343e-10
1297,0,0,1297,1.8767254644107e-07,-9.031523436703e-22,-2.5034895435583e-26,1.5587864932855e-10
1298,0,0,1298,1.8751666748013e-07,-7.8596810335832e-22,-2.1210347496467e-26,1.5587896094485e-10
1299,0,0,1299,1.8736078820783e-07,-6.8596942834125e-22,-1.8099760178088e-26,1.5587927230241e-10
1300,0,0,1300,1.8720490862443e-07,-6.0002340686032e-22,-1.5556229888049e-26,1.5587958340109e-10
1301,0,0,1301,1.8704902873018e-07,-5.2565313218062e-22,-1.3461019717028e-26,1.5587989424098e-10
1302,0,0,1302,1.8689314852536e-07,-4.6090515151587e-22,-1.1719384500319e-26,1.5588020482208e-10
1303,0,0,1303,1.8673726801022e-07,-4.0423872480712e-22,-1.0256623234284e-26,1.5588051514432e-10
1304,0,0,1304,1.8658138718501e-07,-3.5443494061648e-22,-9.0144849385079e-27,1.5588082520777e-10
1305,0,0,1305,1.8642550605e-07,-3.1052337251288e-22,-7.9479938267508e-27,1.5588113501243e-10
1306,0,0,1306,1.8626962460544e-07,-2.7172383928536e-22,-7.0227155141798e-27,1.5588144455826e-10
1307,0,0,1307,1.8611374285159e-07,-2.3740088207143e-22,-6.2124552557211e-27,1.5588175384525e-10
1308,0,0,1308,1.8595786078872e-07,-2.0702873164045e-22,-5.4973592280079e-27,1.5588206287347e-10
1309,0,0,1309,1.8580197841708e-07,-1.8016476369423e-22,-4.862378198265e-27,1.5588237164281e-10
1310,0,0,1310,1.8564609573692e-07,-1.5642969496176e-22,-4.2960474405786e-27,1.5588268015339e-10
1311,0,0,1311,1.8549021274852e-07,-1.3549303373473e-22,-3.7895356820922e-27,1.5588298840514e-10
1312,0,0,1312,1.8533432945212e-07,-1.1706254892697e-22,-3.3359177502037e-27,1.5588329639807e-10
1313,0,0,1313,1.8517844584799e-07,-1.0087675155415e-22,-2.9296293244804e-27,1.5588360413216e-10
1314,0,0,1314,1.8502256193638e-07,-8.6699586202867e-23,-2.566066928583e-27,1.5588391160747e-10
1315,0,0,1315,1.8486667771756e-07,-7.4316705451315e-23,-2.2413014160308e-27,1.5588421882392e-10
1316,0,0,1316,1.8471079319178e-07,-6.3532847513773e-23,-1.9518782866952e-27,1.5588452578159e-10
1317,0,0,1317,1.845549083593e-07,-5.4169958315498e-23,-1.6946829448875e-27,1.5588483248039e-10
1318,0,0,1318,1.8439902322038e-07,-4.6065796356986e-23,-1.4668533144907e-27,1.5588513892042e-10
1319,0,0,1319,1.8424313777527e-07,-3.9072835116702e-23,-1.2657259844914e-27,1.558854451016e-10
1320,0,0,1320,1.8408725202425e-07,-3.3057336494234e-23,-1.0888052506668e-27,1.5588575102396e-10
1321,0,0,1321,1.8393136596756e-07,-2.789851292414e-23,-9.3374706618694e-28,1.558860566875e-10
1322,0,0,1322,1.8377547960547e-07,-2.3487728064186e-23,-7.9835205965166e-28,1.5588636209224e-10
1323,0,0,1323,1.8361959293823e-07,-1.9727708833868e-23,-6.8056348068759e-28,1.5588666723811e-10
1324,0,0,1324,1.8346370596611e-07,-1.653175716075e-23,-5.7846725283441e-28,1.5588697212516e-10
1325,0,0,1325,1.8330781868935e-07,-1.3822959852207e-23,-4.9029231284628e-28,1.5588727675344e-10
1326,0,0,1326,1.8315193110823e-07,-1.1533400997226e-23,-4.1441015275156e-28,1.5588758112284e-10
1327,0,0,1327,1.82996043223e-07,-9.6033843768405e-24,-3.4933300828969e-28,1.5588788523342e-10
1328,0,0,1328,1.8284015503391e-07,-7.9806744309355e-24,-2.937105002088e-28,1.5588818908521e-10
1329,0,0,1329,1.8268426654123e-07,-6.6197640886164e-24,-2.4632477195978e-28,1.5588849267813e-10
1330,0,0,1330,1.8252837774522e-07,-5.4811767377664e-24,-2.0608431050387e-28,1.5588879601224e-10
1331,0,0,1331,1.8237248864613e-07,-4.5308081626391e-24,-1.7201671209804e-28,1.5588909908754e-10
1332,0,0,1332,1.8221659924423e-07,-3.7393126793098e-24,-1.4326068248258e-28,1.5588940190399e-10
1333,0,0,1333,1.8206070953977e-07,-3.0815361230246e-24,-1.1905755668762e-28,1.5588970446159e-10
1334,0,0,1334,1.8190481953301e-07,-2.535996898437e-24,-9.8742599650361e-29,1.5589000676042e-10
1335,0,0,1335,1.8174892922421e-07,-2.0844150543458e-24,-8.1736313780512e-29,1.5589030880036e-10
1336,0,0,1336,1.8159303861363e-07,-1.711288315193e-24,-6.7535939786668e-29,1.5589061058149e-10
1337,0,0,1337,1.8143714770152e-07,-1.4035131949636e-24,-5.5707296761512e-29,1.5589091210381e-10
1338,0,0,1338,1.8128125648816e-07,-1.150048722662e-24,-4.5877069486577e-29,1.5589121336728e-10
1339,0,0,1339,1.8112536497378e-07,-9.4161990058464e-25,-3.7725616796015e-29,1.5589151437192e-10
1340,0,0,1340,1.8096947315867e-07,-7.70457771002e-25,-3.0980345454459e-29,1.5589181511772e-10
1341,0,0,1341,1.8081358104306e-07,-6.3007285606223e-25,-2.5409669604097e-29,1.5589211560469e-10
1342,0,0,1342,1.8065768862723e-07,-5.1505873293546e-25,-2.0817556285943e-29,1.5589241583282e-10
1343,0,0,1343,1.8050179591143e-07,-4.2092258671411e-25,-1.7038642466068e-29,1.5589271580213e-10
1344,0,0,1344,1.8034590289591e-07,-3.4393972543038e-25,-1.3933897892354e-29,1.5589301551259e-10
1345,0,0,1345,1.8019000958095e-07,-2.81029225946e-25,-1.1386800406672e-29,1.5589331496423e-10
1346,0,0,1346,1.8003411596679e-07,-2.2964809074541e-25,-9.2999854713074e-30,1.5589361415701e-10
1347,0,0,1347,1.798782220537e-07,-1.8770152115734e-25,-7.5923290954398e-30,1.5589391309098e-10
1348,0,0,1348,1.7972232784193e-07,-1.5346714229101e-25,-6.1964225748057e-30,1.5589421176613e-10
1349,0,0,1349,1.7956643333175e-07,-1.2553124145188e-25,-5.0563980518827e-30,1.5589451018237e-10
1350,0,0,1350,1.7941053852341e-07,-1.0273529949262e-25,-4.1260654946265e-30,1.5589480833982e-10
1351,0,0,1351,1.7925464341717e-07,-8.4131299656531e-26,-3.367323970332e-30,1.5589510623845e-10
1352,0,0,1352,1.790987480133e-07,-6.8944488569261e-26,-2.7488128067962e-30,1.5589540387821e-10
1353,0,0,1353,1.7894285231204e-07,-5.6542437813085e-26,-2.244771186868e-30,1.5589570125914e-10
1354,0,0,1354,1.7878695631366e-07,-4.6409411506905e-26,-1.8340777614182e-30,1.5589599838123e-10
1355,0,0,1355,1.7863106001841e-07,-3.8125185676992e-26,-1.4994448752143e-30,1.5589629524446e-10
1356,0,0,1356,1.7847516342656e-07,-3.1347589556132e-26,-1.2267448978756e-30,1.5589659184888e-10
1357,0,0,1357,1.7831926653837e-07,-2.5798148219116e-26,-1.0044488819999e-30,1.5589688819445e-10
1358,0,0,1358,1.7816336935409e-07,-2.1250301270898e-26,-8.2316029762756e-31,1.5589718428114e-10
1359,0,0,1359,1.7800747187398e-07,-1.7519754875154e-26,-6.7522889762962e-31,1.5589748010904e-10
1360,0,0,1360,1.778515740983e-07,-1.4456595505383e-26,-5.5443184592853e-31,1.5589777567806e-10
1361,0,0,1361,1.7769567602731e-07,-1.1938854664115e-26,-4.5571109226951e-31,1.5589807098826e-10
1362,0,0,1362,1.7753977766127e-07,-9.8672656444712e-27,-3.7495761255564e-31,1.5589836603962e-10
1363,0,0,1363,1.7738387900044e-07,-8.1609973252639e-27,-3.0883456577646e-31,1.558986608321e-10
1364,0,0,1364,1.7722798004507e-07,-6.7541870317221e-27,-2.546326631311e-31,1.5589895536575e-10
1365,0,0,1365,1.7707208079543e-07,-5.5931255996449e-27,-2.1015211920597e-31,1.5589924964056e-10
1366,0,0,1366,1.7691618125178e-07,-4.6339737956988e-27,-1.7360647651426e-31,1.5589954365653e-10
1367,0,0,1367,1.7676028141436e-07,-3.8409109199461e-27,-1.4354438051122e-31,1.5589983741364e-10
1368,0,0,1368,1.7660438128345e-07,-3.1846344075399e-27,-1.1878604874552e-31,1.5590013091191e-10
1369,0,0,1369,1.764484808593e-07,-2.6411441292394e-27,-9.8371740372407e-32,1.5590042415132e-10
1370,0,0,1370,1.7629258014217e-07,-2.1907573621376e-27,-8.1520004845423e-32,1.5590071713189e-10
1371,0,0,1371,1.7613667913231e-07,-1.8173104899155e-27,-6.7593883872208e-32,1.5590100985362e-10
1372,0,0,1372,1.7598077783e-07,-1.5075117608821e-27,-5.6073569955042e-32,1.5590130231646e-10
1373,0,0,1373,1.7582487623548e-07,-1.2504161917901e-27,-4.6534298005641e-32,1.5590159452052e-10
1374,0,0,1374,1.7566897434901e-07,-1.0369992175228e-27,-3.8628472342394e-32,1.5590188646567e-10
1375,0,0,1375,1.7551307217086e-07,-8.5981017107054e-28,-3.2071217407854e-32,1.5590217815197e-10
1376,0,0,1376,1.7535716970128e-07,-7.1269031861668e-28,-2.6628693294149e-32,1.5590246957946e-10
1377,0,0,1377,1.7520126694053e-07,-5.9054312414245e-28,-2.2108642199835e-32,1.5590276074806e-10
1378,0,0,1378,1.7504536388887e-07,-4.8914680373669e-28,-1.8352733993444e-32,1.5590305165782e-10
1379,0,0,1379,1.7488946054657e-07,-4.0500115665059e-28,-1.5230362122584e-32,1.5590334230874e-10
1380,0,0,1380,1.7473355691387e-07,-3.3520221443517e-28,-1.2633608540989e-32,1.559036327008e-10
1381,0,0,1381,1.7457765299103e-07,-2.773395020746e-28,-1.0473150937263e-32,1.5590392283399e-10
1382,0,0,1382,1.7442174877832e-07,-2.2941171381619e-28,-8.6749296747733e-33,1.5590421270833e-10
1383,0,0,1383,1.74265844276e-07,-1.8975741863378e-28,-7.1774274280153e-33,1.559045023238e-10
1384,0,0,1384,1.7410993948432e-07,-1.5699806436085e-28,-5.9294431233999e-33,1.5590479168044e-10
1385,0,0,1385,1.7395403440354e-07,-1.2999107666202e-28,-4.8882647734893e-33,1.5590508077824e-10
1386,0,0,1386,1.7379812903392e-07,-1.0779127441816e-28,-4.0181642061376e-33,1.5590536961714e-10
1387,0,0,1387,1.7364222337573e-07,-8.9619167191916e-29,-3.2891514079507e-33,1.5590565819719e-10
1388,0,0,1388,1.7348631742921e-07,-7.4834979710021e-29,-2.6759379342231e-33,1.5590594651841e-10
1389,0,0,1389,1.7333041119463e-07,-6.2917476075392e-29,-2.1570681578679e-33,1.5590623458074e-10
1390,0,0,1390,1.7317450467224e-07,-5.3446843488269e-29,-1.7141844982691e-33,1.5590652238425e-10
1391,0,0,1391,1.7301859786231e-07,-4.6091050364624e-29,-1.3313985553799e-33,1.5590680992885e-10
1392,0,0,1392,1.728626907651e-07,-4.0595224029439e-29,-9.9474456666833e-34,1.5590709721463e-10
1393,0,0,1393,1.7270678338086e-07,-3.67737045039e-29,-6.9169503412256e-34,1.5590738424154e-10
1394,0,0,1394,1.7255087570985e-07,-3.450452818676e-29,-4.1072091340237e-34,1.5590767100955e-10
1395,0,0,1395,1.7239496775233e-07,-3.3726182591573e-29,-1.408805527288e-34,1.5590795751876e-10
1396,0,0,1396,1.7223905950856e-07,-3.4436554331712e-29,1.285772849651e-34,1.5590824376907e-10
1397,0,0,1397,1.720831509788e-07,-3.6694070447526e-29,4.0861041696241e-34,1.5590852976053e-10
1398,0,0,1398,1.7192724216331e-07,-4.0621110904954e-29,7.1079432279442e-34,1.5590881549315e-10
1399,0,0,1399,1.7177133306234e-07,-4.6409850505306e-29,1.0477618676638e-33,1.5590910096684e-10
1400,0,0,1400,1.7161542367616e-07,-5.4330774371227e-29,1.4336872197315e-33,1.5590938618173e-10
1401,0,0,1401,1.7145951400502e-07,-6.474420555643e-29,1.8848310445217e-33,1.5590967113772e-10
1402,0,0,1402,1.7130360404919e-07,-7.8115289316516e-29,2.4201661605759e-33,1.5590995583486e-10
1403,0,0,1403,1.7114769380891e-07,-9.5032999636814e-29,3.0621055679738e-33,1.5591024027313e-10
1404,0,0,1404,1.7099178328446e-07,-1.1623387362496e-28,3.837358191854e-33,1.5591052445253e-10
1405,0,0,1405,1.7083587247609e-07,-1.426313427656e-28,4.7779419144558e-33,1.5591080837308e-10
1406,0,0,1406,1.7067996138405e-07,-1.7535172189796e-28,5.9223886229578e-33,1.5591109203475e-10
1407,0,0,1407,1.7052405000861e-07,-2.1577814302822e-28,7.3171822245773e-33,1.5591137543755e-10
1408,0,0,1408,1.7036813835003e-07,-2.6560398862688e-28,9.0184780533571e-33,1.5591165858147e-10
1409,0,0,1409,1.7021222640857e-07,-3.268976959639e-28,1.1094161028002e-32,1.5591194146655e-10
1410,0,0,1410,1.7005631418447e-07,-4.0218117977961e-28,1.3626310570645e-32,1.5591222409275e-10
1411,0,0,1411,1.6990040167801e-07,-4.9452456631692e-28,1.6714152963249e-32,1.5591250646007e-10
1412,0,0,1412,1.6974448888944e-07,-6.0766046055636e-28,2.0477596857341e-32,1.5591278856853e-10
1413,0,0,1413,1.6958857581903e-07,-7.4612159583044e-28,2.5061465484607e-32,1.559130704181e-10
1414,0,0,1414,1.6943266246702e-07,-9.1540645902089e-28,3.0640560237473e-32,1.5591335200883e-10
1415,0,0,1415,1.6927674883368e-07,-1.1221783666838e-27,3.7425715286991e-32,1.5591363334069e-10
1416,0,0,1416,1.6912083491926e-07,-1.3745045129473e-27,4.5671032473681e-32,1.5591391441364e-10
1417,0,0,1417,1.6896492072404e-07,-1.6821427486645e-27,5.5682520664823e-32,1.5591419522772e-10
1418,0,0,1418,1.6880900624825e-07,-2.0568853182143e-27,6.7828405088513e-32,1.5591447578298e-10
1419,0,0,1419,1.6865309149217e-07,-2.5129705169889e-27,8.2551420978193e-32,1.5591475607931e-10
1420,0,0,1420,1.6849717645606e-07,-3.0675752879904e-27,1.0038346355129e-31,1.559150361168e-10
1421,0,0,1421,1.6834126114016e-07,-3.7414042079701e-27,1.2196303451633e-31,1.5591531589541e-10
1422,0,0,1422,1.6818534554475e-07,-4.559393190687e-27,1.4805600587174e-31,1.5591559541511e-10
1423,0,0,1423,1.6802942967007e-07,-5.5515496382528e-27,1.7958031700941e-31,1.55915874676e-10
1424,0,0,1424,1.6787351351639e-07,-6.7539547972906e-27,2.1763533378585e-31,1.5591615367793e-10
1425,0,0,1425,1.6771759708397e-07,-8.2099588388476e-27,2.6353673152178e-31,1.5591643242107e-10
1426,0,0,1426,1.6756168037307e-07,-9.9716048151927e-27,3.1885792171845e-31,1.5591671090528e-10
1427,0,0,1427,1.6740576338394e-07,-1.2101324314012e-26,3.8547922928639e-31,1.5591698913062e-10
1428,0,0,1428,1.6724984611684e-07,-1.4673955523119e-26,4.6564624884825e-31,1.5591726709708e-10
1429,0,0,1429,1.6709392857203e-07,-1.7779143765679e-26,5.6203907190348e-31,1.5591754480469e-10
1430,0,0,1430,1.6693801074978e-07,-2.1524195640795e-26,6.7785438939597e-31,1.5591782225338e-10
1431,0,0,1431,1.6678209265034e-07,-2.6037471034311e-26,8.169028462263e-31,1.5591809944322e-10
1432,0,0,1432,1.6662617427396e-07,-3.1472412842208e-26,9.8372446722936e-31,1.5591837637415e-10
1433,0,0,1433,1.6647025562092e-07,-3.8012332744255e-26,1.1837255022706e-30,1.5591865304624e-10
1434,0,0,1434,1.6631433669146e-07,-4.5876093343955e-26,1.4233406685456e-30,1.5591892945943e-10
1435,0,0,1435,1.6615841748584e-07,-5.5324853132118e-26,1.7102255216576e-30,1.5591920561372e-10
1436,0,0,1436,1.6600249800433e-07,-6.667007185453e-26,2.0534845887566e-30,1.5591948150913e-10
1437,0,0,1437,1.6584657824719e-07,-8.0283010956469e-26,2.4639419774508e-30,1.5591975714569e-10
1438,0,0,1438,1.6569065821467e-07,-9.6606008030304e-26,2.9544624703642e-30,1.5592003252336e-10
1439,0,0,1439,1.6553473790702e-07,-1.1616585704697e-25,3.5403326720174e-30,1.5592030764212e-10
1440,0,0,1440,1.6537881732452e-07,-1.395896893491e-25,4.239713646684e-30,1.5592058250201e-10
1441,0,0,1441,1.6522289646742e-07,-1.6762382602969e-25,5.0741787391873e-30,1.5592085710302e-10
1442,0,0,1442,1.6506697533597e-07,-2.0115616296669e-25,6.0693529855969e-30,1.5592113144514e-10
1443,0,0,1443,1.6491105393044e-07,-2.4124275851869e-25,7.2556737949118e-30,1.5592140552838e-10
1444,0,0,1444,1.6475513225109e-07,-2.8913942445422e-25,8.66929653433e-30,1.5592167935271e-10
1445,0,0,1445,1.6459921029817e-07,-3.4633927761955e-25,1.0353173422927e-29,1.5592195291818e-10
1446,0,0,1446,1.6444328807195e-07,-4.1461739864264e-25,1.2358339905179e-29,1.5592222622477e-10
1447,0,0,1447,1.6428736557268e-07,-4.9608397127832e-25,1.4745449647059e-29,1.5592249927245e-10
1448,0,0,1448,1.6413144280062e-07,-5.9324754988484e-25,1.7586607727779e-29,1.5592277206127e-10
1449,0,0,1449,1.6397551975602e-07,-7.0909043274203e-25,2.0967561797152e-29,1.5592304459115e-10
1450,0,0,1450,1.6381959643916e-07,-8.4715851729072e-25,2.4990323303314e-29,1.5592331686219e-10
1451,0,0,1451,1.6366367285029e-07,-1.011668494175e-24,2.9776305816059e-29,1.5592358887433e-10
1452,0,0,1452,1.6350774898966e-07,-1.2076358174741e-24,3.5470085517137e-29,1.5592386062756e-10
1453,0,0,1453,1.6335182485754e-07,-1.4410275895748e-24,4.2243910750212e-29,1.5592413212193e-10
1454,0,0,1454,1.6319590045418e-07,-1.7189453459341e-24,5.0303113901048e-29,1.5592440335739e-10
1455,0,0,1455,1.6303997577985e-07,-2.0498437478744e-24,5.9892610751185e-29,1.5592467433395e-10
1456,0,0,1456,1.628840508348e-07,-2.443792427109e-24,7.1304710941472e-29,1.5592494505163e-10
1457,0,0,1457,1.6272812561928e-07,-2.9127897179614e-24,8.4888509644283e-29,1.5592521551044e-10
1458,0,0,1458,1.6257220013357e-07,-3.4711388151418e-24,1.0106118658964e-28,1.559254857103e-10
1459,0,0,1459,1.6241627437792e-07,-4.1358990701219e-24,1.2032160615143e-28,1.5592575565134e-10
1460,0,0,1460,1.6226034835259e-07,-4.9274277639434e-24,1.4326669358168e-28,1.5592602533342e-10
1461,0,0,1461,1.6210442205783e-07,-5.8700308602721e-24,1.7061116043549e-28,1.5592629475665e-10
1462,0,0,1462,1.6194849549391e-07,-6.9927450593762e-24,2.0321127003785e-28,1.5592656392096e-10
1463,0,0,1463,1.6179256866109e-07,-8.330278072722e-24,2.4209347541556e-28,1.5592683282639e-10
1464,0,0,1464,1.6163664155961e-07,-9.9241395760682e-24,2.8848893210567e-28,1.5592710147292e-10
1465,0,0,1465,1.6148071418975e-07,-1.1824001963874e-23,3.4387509219292e-28,1.5592736986055e-10
1466,0,0,1466,1.6132478655176e-07,-1.4089338043457e-23,4.1002583040448e-28,1.5592763798931e-10
1467,0,0,1467,1.611688586459e-07,-1.6791392440839e-23,4.8907184592612e-28,1.5592790585911e-10
1468,0,0,1468,1.6101293047243e-07,-2.0015555060151e-23,5.8357343409539e-28,1.5592817347009e-10
1469,0,0,1469,1.6085700203161e-07,-2.3864218824355e-23,6.9660814132099e-28,1.5592844082212e-10
1470,0,0,1470,1.607010733237e-07,-2.8460220579024e-23,8.3187631759513e-28,1.5592870791525e-10
1471,0,0,1471,1.6054514434895e-07,-3.3950984001121e-23,9.9382817939966e-28,1.5592897474952e-10
1472,0,0,1472,1.6038921510762e-07,-4.0513507261832e-23,1.1878167101887e-27,1.5592924132487e-10
1473,0,0,1473,1.6023328559998e-07,-4.8360366808756e-23,1.4202815779931e-27,1.559295076413e-10
1474,0,0,1474,1.6007735582628e-07,-5.7746942865365e-23,1.698970266246e-27,1.5592977369885e-10
1475,0,0,1475,1.5992142578678e-07,-6.8980113174038e-23,2.03320382587e-27,1.5593003949752e-10
1476,0,0,1476,1.5976549548175e-07,-8.2428710418022e-23,2.4341961011611e-27,1.5593030503724e-10
1477,0,0,1477,1.5960956491143e-07,-9.8536097176895e-23,2.9154370033561e-27,1.5593057031809e-10
1478,0,0,1478,1.5945363407609e-07,-1.1783528202129e-22,3.4931524568358e-27,1.5593083534006e-10
1479,0,0,1479,1.5929770297599e-07,-1.4096708360609e-22,4.1868560868475e-27,1.5593110010307e-10
1480,0,0,1480,1.5914177161138e-07,-1.6870194896457e-22,5.0200106298856e-27,1.5593136460719e-10
1481,0,0,1481,1.5898583998253e-07,-2.0196615072582e-22,6.0208205187857e-27,1.5593162885246e-10
1482,0,0,1482,1.5882990808969e-07,-2.4187322935745e-22,7.2231812323258e-27,1.5593189283877e-10
1483,0,0,1483,1.5867397593312e-07,-2.8976171517722e-22,8.6678159333768e-27,1.5593215656619e-10
1484,0,0,1484,1.5851804351309e-07,-3.472403660391e-22,1.0403635806001e-26,1.559324200347e-10
1485,0,0,1485,1.5836211082984e-07,-4.1624239657588e-22,1.2489367527158e-26,1.5593268324434e-10
1486,0,0,1486,1.5820617788365e-07,-4.9909046120204e-22,1.4995499697335e-26,1.5593294619502e-10
1487,0,0,1487,1.5805024467476e-07,-5.9857449477235e-22,1.8006610076225e-26,1.5593320888683e-10
1488,0,0,1488,1.5789431120344e-07,-7.1804492266789e-22,2.1624147449095e-26,1.5593347131974e-10
1489,0,0,1489,1.5773837746995e-07,-8.615242391151e-22,2.5969756276945e-26,1.5593373349373e-10
1490,0,0,1490,1.5758244347454e-07,-1.0338405343009e-21,3.1189249428632e-26,1.5593399540878e-10
1491,0,0,1491,1.5742650921747e-07,-1.2407872460182e-21,3.7457354820826e-26,1.5593425706499e-10
1492,0,0,1492,1.5727057469901e-07,-1.489314242602e-21,4.4983386381669e-26,1.5593451846221e-10
1493,0,0,1493,1.5711463991941e-07,-1.7877563377622e-21,5.4018019223992e-26,1.5593477960059e-10
1494,0,0,1494,1.5695870487893e-07,-2.1461065269734e-21,6.4861384247215e-26,1.5593504048002e-10
1495,0,0,1495,1.5680276957783e-07,-2.576342658274e-21,7.787273976542e-26,1.5593530110057e-10
1496,0,0,1496,1.5664683401637e-07,-3.0928179544247e-21,9.3482028603281e-26,1.5593556146219e-10
1497,0,0,1497,1.564908981948e-07,-3.7127278445778e-21,1.1220369011771e-25,1.5593582156491e-10
1498,0,0,1498,1.5633496211339e-07,-4.4566680094431e-21,1.3465316984062e-25,1.5593608140868e-10
1499,0,0,1499,1.561790257724e-07,-5.349301475506e-21,1.6156665735739e-25,1.559363409936e-10
1500,0,0,1500,1.5602308917208e-07,-6.4201561085987e-21,1.9382468858979e-25,1.5593660031956e-10
1501,0,0,1501,1.5586715231269e-07,-7.7045780720565e-21,2.3248037538585e-25,1.5593685938663e-10
1502,0,0,1502,1.557112151945e-07,-9.2448718703378e-21,2.7879317748892e-25,1.5593711819477e-10
1503,0,0,1503,1.5555527781776e-07,-1.1091663664111e-20,3.3426931467295e-25,1.55937376744e-10
1504,0,0,1504,1.5539934018272e-07,-1.3305531820092e-20,4.0071013623263e-25,1.5593763503434e-10
1505,0,0,1505,1.5524340228966e-07,-1.5958957391841e-20,4.8027002848659e-25,1.5593789306575e-10
1506,0,0,1506,1.5508746413882e-07,-1.913865770884e-20,5.7552575737675e-25,1.5593815083823e-10
1507,0,0,1507,1.5493152573047e-07,-2.2948378832234e-20,6.8955952333432e-25,1.5593840835181e-10
1508,0,0,1508,1.5477558706486e-07,-2.7512237739718e-20,8.2605846225461e-25,1.5593866560649e-10
1509,0,0,1509,1.5461964814226e-07,-3.2978723238583e-20,9.8943387529449e-25,1.5593892260221e-10
1510,0,0,1510,1.5446370896292e-07,-3.9525486388742e-20,1.1849641301789e-24,1.5593917933904e-10
1511,0,0,1511,1.543077695271e-07,-4.7365077387034e-20,1.4189659706906e-24,1.5593943581696e-10
1512,0,0,1512,1.5415182983506e-07,-5.6751817314246e-20,1.6989999268254e-24,1.5593969203596e-10
1513,0,0,1513,1.5399588988707e-07,-6.7990030958029e-20,2.0341166695248e-24,1.55939947996e-10
1514,0,0,1514,1.5383994968337e-07,-8.1443912405554e-20,2.435152542002e-24,1.559402036972e-10
1515,0,0,1515,1.5368400922423e-07,-9.7549349833183e-20,2.9150841744009e-24,1.5594045913941e-10
1516,0,0,1516,1.5352806850991e-07,-1.168281018246e-19,3.4894541104456e-24,1.5594071432272e-10
1517,0,0,1517,1.5337212754066e-07,-1.3990479694772e-19,4.1768818172845e-24,1.5594096924713e-10
1518,0,0,1518,1.5321618631675e-07,-1.6752732402792e-19,4.9996774015175e-24,1.5594122391259e-10
1519,0,0,1519,1.5306024483843e-07,-2.0059129597186e-19,5.9845789218539e-24,1.5594147831915e-10
1520,0,0,1520,1.5290430310596e-07,-2.4016940922532e-19,7.1636384988746e-24,1.5594173246681e-10
1521,0,0,1521,1.5274836111961e-07,-2.8754668892044e-19,8.5752876248161e-24,1.5594198635551e-10
1522,0,0,1522,1.5259241887962e-07,-3.4426281237789e-19,1.0265618345799e-23,1.5594223998529e-10
1523,0,0,1523,1.5243647638627e-07,-4.1216294787833e-19,1.2289924525581e-23,1.5594249335616e-10
1524,0,0,1524,1.522805336398e-07,-4.9345883974339e-19,1.4714556427575e-23,1.5594274646811e-10
1525,0,0,1525,1.5212459064048e-07,-5.9080222434506e-19,1.7619152612902e-23,1.5594299932115e-10
1526,0,0,1526,1.5196864738856e-07,-7.0737308565176e-19,2.1099325896511e-23,1.5594325191522e-10
1527,0,0,1527,1.5181270388431e-07,-8.4698576558959e-19,2.5269895068753e-23,1.5594350425041e-10
1528,0,0,1528,1.5165676012798e-07,-1.0142165471942e-18,3.0268771470433e-23,1.5594375632665e-10
1529,0,0,1529,1.5150081611984e-07,-1.2145570411549e-18,3.6261629406877e-23,1.5594400814398e-10
1530,0,0,1530,1.5134487186014e-07,-1.4545985424665e-18,4.3447511737407e-23,1.5594425970237e-10
1531,0,0,1531,1.5118892734914e-07,-1.7422534952199e-18,5.2065546448356e-23,1.5594451100185e-10
1532,0,0,1532,1.5103298258709e-07,-2.0870213176725e-18,6.2402975863924e-23,1.559447620424e-10
1533,0,0,1533,1.5087703757427e-07,-2.5003070967445e-18,7.480472601204e-23,1.5594501282403e-10
1534,0,0,1534,1.5072109231092e-07,-2.995803048739e-18,8.9684767311008e-23,1.5594526334673e-10
1535,0,0,1535,1.5056514679731e-07,-3.5899441301346e-18,1.075395357326e-22,1.559455136105e-10
1536,0,0,1536,1.504092010337e-07,-4.302450709354e-18,1.2896369083872e-22,1.5594576361537e-10
1537,0,0,1537,1.5025325502034e-07,-5.1569726779299e-18,1.5466847631224e-22,1.5594601336126e-10
1538,0,0,1538,1.5009730875749e-07,-6.1818506321155e-18,1.8550290970758e-22,1.5594626284828e-10
1539,0,0,1539,1.4994136224541e-07,-7.411010562671e-18,2.2247794743054e-22,1.5594651207634e-10
1540,0,0,1540,1.4978541548437e-07,-8.8850085195513e-18,2.6679363019532e-22,1.5594676104551e-10
1541,0,0,1541,1.4962946847461e-07,-1.0652240506111e-17,3.1986898956726e-22,1.5594700975571e-10
1542,0,0,1542,1.494735212164e-07,-1.2770329770594e-17,3.8337415687137e-22,1.5594725820705e-10
1543,0,0,1543,1.4931757371e-07,-1.5307697848415e-17,4.5926362208563e-22,1.5594750639943e-10
1544,0,0,1544,1.4916162595567e-07,-1.8345316030699e-17,5.4980889099348e-22,1.5594775433288e-10
1545,0,0,1545,1.4900567795366e-07,-2.1978618880854e-17,6.5762781587801e-22,1.5594800200746e-10
1546,0,0,1546,1.4884972970424e-07,-2.631953896213e-17,7.8570653471104e-22,1.5594824942308e-10
1547,0,0,1547,1.4869378120766e-07,-3.1498589290418e-17,9.3740810941992e-22,1.559484965798e-10
1548,0,0,1548,1.4853783246418e-07,-3.7666873227433e-17,1.1164593925998e-21,1.5594874347765e-10
1549,0,0,1549,1.4838188347407e-07,-4.4997834678323e-17,1.3269040226112e-21,1.5594899011655e-10
1550,0,0,1550,1.4822593423757e-07,-5.3688465304295e-17,1.5730041433009e-21,1.5594923649659e-10
1551,0,0,1551,1.4806998475495e-07,-6.3959544828634e-17,1.8590653939051e-21,1.5594948261774e-10
1552,0,0,1552,1.4791403502647e-07,-7.6054279621445e-17,2.1891469974988e-21,1.5594972847998e-10
1553,0,0,1553,1.4775808505239e-07,-9.0234378824388e-17,2.5665979557329e-21,1.5594997408338e-10
1554,0,0,1554,1.4760213483296e-07,-1.0677208774145e-16,2.9933253139875e-21,1.559502194279e-10
1555,0,0,1555,1.4744618436845e-07,-1.2593584683196e-16,3.4686403953836e-21,1.559504645136e-10
1556,0,0,1556,1.4729023365911e-07,-1.4796581897262e-16,3.9874249574591e-21,1.5595070934043e-10
1557,0,0,1557,1.471342827052e-07,-1.7303310535683e-16,4.5371788355429e-21,1.5595095390849e-10
1558,0,0,1558,1.4697833150698e-07,-2.0117232180437e-16,5.0931981770036e-21,1.559511982177e-10
1559,0,0,1559,1.4682238006471e-07,-2.3217008335211e-16,5.6105948401408e-21,1.5595144226811e-10
1560,0,0,1560,1.4666642837865e-07,-2.6537972810246e-16,6.0109456998134e-21,1.5595168605981e-10
1561,0,0,1561,1.4651047644906e-07,-3.4595251029663e-16,1.4583673577145e-20,1.5595192959034e-10
1562,0,0,1562,1.4635452427619e-07,-2.9041330124097e-16,-1.0052596839074e-20,1.5595217287339e-10
1563,0,0,1563,1.461985718603e-07,-2.4311709432198e-16,-8.5606134523379e-21,1.5595241588855e-10
1564,0,0,1564,1.4604261920166e-07,-2.0312163850359e-16,-7.2391775031291e-21,1.5595265864448e-10
1565,0,0,1565,1.4588666630051e-07,-1.694621546854e-16,-6.0923665710917e-21,1.5595290114131e-10
1566,0,0,1566,1.4573071315714e-07,-1.4123109778352e-16,-5.1098212992406e-21,1.5595314337897e-10
1567,0,0,1567,1.4557475977178e-07,-1.1761166126939e-16,-4.2751180090578e-21,1.5595338535754e-10
1568,0,0,1568,1.454188061447e-07,-9.7887220534146e-17,-3.5701237730789e-21,1.5595362707705e-10
1569,0,0,1569,1.4526285227616e-07,-8.1438860061467e-17,-2.9771532455545e-21,1.5595386853753e-10
1570,0,0,1570,1.4510689816642e-07,-6.7737497770642e-17,-2.4799465746392e-21,1.5595410973895e-10
1571,0,0,1571,1.4495094381574e-07,-5.6334011677551e-17,-2.0640309828498e-21,1.5595435068134e-10
1572,0,0,1572,1.4479498922438e-07,-4.6849086365827e-17,-1.716771481422e-21,1.5595459136474e-10
1573,0,0,1573,1.4463903439259e-07,-3.8963596859087e-17,-1.4272736007199e-21,1.5595483178914e-10
1574,0,0,1574,1.4448307932064e-07,-3.2409877483009e-17,-1.1862232070699e-21,1.5595507195459e-10
1575,0,0,1575,1.4432712400877e-07,-2.6963983997879e-17,-9.8570672080885e-22,1.55955311861e-10
1576,0,0,1576,1.4417116845727e-07,-2.2438939641859e-17,-8.1903302843953e-22,1.5595555150843e-10
1577,0,0,1577,1.4401521266637e-07,-1.8678901150415e-17,-6.8056696695131e-22,1.5595579089696e-10
1578,0,0,1578,1.4385925663634e-07,-1.5554158391217e-17,-5.6557843941485e-22,1.5595603002646e-10
1579,0,0,1579,1.4370330036745e-07,-1.2956874960669e-17,-4.7010830092904e-22,1.5595626889701e-10
1580,0,0,1580,1.4354734385994e-07,-1.0797478759207e-17,-3.9085071246465e-22,1.559565075086e-10
1581,0,0,1581,1.4339138711408e-07,-9.0016170690225e-18,-3.2505096592347e-22,1.5595674586123e-10
1582,0,0,1582,1.4323543013012e-07,-7.5075979057599e-18,-2.7041746855052e-22,1.5595698395491e-10
1583,0,0,1583,1.4307947290833e-07,-6.2642473181334e-18,-2.2504645636039e-22,1.5595722178962e-10
1584,0,0,1584,1.4292351544897e-07,-5.2291202770625e-18,-1.8735799443381e-22,1.5595745936536e-10
1585,0,0,1585,1.4276755775228e-07,-4.3670104915437e-18,-1.560418711789e-22,1.5595769668218e-10
1586,0,0,1586,1.4261159981854e-07,-3.6487117118103e-18,-1.3001207913177e-22,1.5595793374003e-10
1587,0,0,1587,1.42455641648e-07,-3.0499897144086e-18,-1.083686815297e-22,1.5595817053891e-10
1588,0,0,1588,1.4229968324093e-07,-2.550730148131e-18,-9.0365981496247e-23,1.5595840707884e-10
1589,0,0,1589,1.4214372459757e-07,-2.134232735033e-18,-7.538603177073e-23,1.559586433598e-10
1590,0,0,1590,1.4198776571818e-07,-1.7866269782396e-18,-6.2916641979603e-23,1.5595887938185e-10
1591,0,0,1591,1.4183180660304e-07,-1.4963885609415e-18,-5.2533153530954e-23,1.5595911514492e-10
1592,0,0,1592,1.4167584725239e-07,-1.253939076434e-18,-4.3883356695859e-23,1.5595935064904e-10
1593,0,0,1593,1.415198876665e-07,-1.0513146631493e-18,-3.6675018804542e-23,1.5595958589417e-10
1594,0,0,1594,1.4136392784562e-07,-8.8189159074998e-19,-3.0665576104274e-23,1.5595982088041e-10
1595,0,0,1595,1.4120796779001e-07,-7.4015891263347e-19,-2.5653614739082e-23,1.5596005560764e-10
1596,0,0,1596,1.4105200749993e-07,-6.2153002297492e-19,-2.1471829028201e-23,1.5596029007591e-10
1597,0,0,1597,1.4089604697565e-07,-5.2218638458414e-19,-1.7981198548731e-23,1.5596052428526e-10
1598,0,0,1598,1.4074008621741e-07,-4.3894787387503e-19,-1.5066170438348e-23,1.5596075823566e-10
1599,0,0,1599,1.4058412522548e-07,-3.6916516196988e-19,-1.2630670854832e-23,1.5596099192707e-10
1600,0,0,1600,1.4042816400012e-07,-3.106303516078e-19,-1.0594800675536e-23,1.5596122535953e-10
1601,0,0,1601,1.4027220254159e-07,-2.6150274804504e-19,-8.8920962448619e-24,1.5596145853304e-10
1602,0,0,1602,1.4011624085014e-07,-2.2024718370475e-19,-7.4672571455926e-24,1.5596169144759e-10
1603,0,0,1603,1.3996027892604e-07,-1.8558276191888e-19,-6.2742603432423e-24,1.5596192410316e-10
1604,0,0,1604,1.3980431676954e-07,-1.5644025202902e-19,-5.2747942900646e-24,1.5596215649981e-10
1605,0,0,1605,1.396483543809e-07,-1.3192667061211e-19,-4.4369582364618e-24,1.559623886375e-10
1606,0,0,1606,1.3949239176039e-07,-1.1129583331495e-19,-3.7341815507846e-24,1.5596262051618e-10
1607,0,0,1607,1.3933642890825e-07,-9.3923868221124e-20,-3.1443256819829e-24,1.5596285213596e-10
1608,0,0,1608,1.3918046582475e-07,-7.9288852574569e-20,-2.6489378320265e-24,1.5596308349674e-10
1609,0,0,1609,1.3902450251016e-07,-6.6953876351121e-20,-2.2326306964437e-24,1.5596331459856e-10
1610,0,0,1610,1.3886853896471e-07,-5.6552953738791e-20,-1.8825669928319e-24,1.5596354544146e-10
1611,0,0,1611,1.3871257518869e-07,-4.7779301254455e-20,-1.5880310996651e-24,1.5596377602534e-10
1612,0,0,1612,1.3855661118234e-07,-4.0375582418738e-20,-1.3400731092648e-24,1.5596400635031e-10
1613,0,0,1613,1.3840064694592e-07,-3.4125786446008e-20,-1.1312130710641e-24,1.5596423641629e-10
1614,0,0,1614,1.382446824797e-07,-2.8848464597253e-20,-9.5519525462478e-25,1.5596446622331e-10
1615,0,0,1615,1.3808871778393e-07,-2.4391094599683e-20,-8.0678396956009e-25,1.5596469577136e-10
1616,0,0,1616,1.3793275285887e-07,-2.0625382438231e-20,-6.8159390122283e-25,1.5596492506048e-10
1617,0,0,1617,1.3777678770478e-07,-1.7443343181547e-20,-5.7594910545978e-25,1.5596515409059e-10
1618,0,0,1618,1.3762082232191e-07,-1.4754029408697e-20,-4.867657928859e-25,1.5596538286177e-10
1619,0,0,1619,1.3746485671054e-07,-1.2480798160539e-20,-4.1145485591651e-25,1.5596561137395e-10
1620,0,0,1620,1.3730889087091e-07,-1.0559025909445e-20,-3.4784077744796e-25,1.559658396272e-10
1621,0,0,1621,1.3715292480329e-07,-8.9341964552588e-21,-2.9409413120783e-25,1.559660676215e-10
1622,0,0,1622,1.3699695850794e-07,-7.5602994429123e-21,-2.4867535923472e-25,1.5596629535676e-10
1623,0,0,1623,1.368409919851e-07,-6.3984877996819e-21,-2.102879074247e-25,1.5596652283315e-10
1624,0,0,1624,1.3668502523505e-07,-5.4159511767231e-21,-1.7783912875554e-25,1.5596675005048e-10
1625,0,0,1625,1.3652905825804e-07,-4.5849697584916e-21,-1.5040763669991e-25,1.5596697700891e-10
1626,0,0,1626,1.3637309105433e-07,-3.8821188319021e-21,-1.2721601771269e-25,1.5596720370836e-10
1627,0,0,1627,1.3621712362419e-07,-3.2875994988532e-21,-1.0760799928186e-25,1.5596743014883e-10
1628,0,0,1628,1.3606115596786e-07,-2.7846750492948e-21,-9.1029325370073e-26,1.5596765633031e-10
1629,0,0,1629,1.359051880856e-07,-2.3591959355156e-21,-7.7011719594017e-26,1.5596788225285e-10
1630,0,0,1630,1.3574921997769e-07,-1.9991991247479e-21,-6.5159422748963e-26,1.5596810791643e-10
1631,0,0,1631,1.3559325164437e-07,-1.6945699584615e-21,-5.5137879097847e-26,1.5596833332103e-10
1632,0,0,1632,1.354372830859e-07,-1.4367565972196e-21,-4.6664218384765e-26,1.5596855846664e-10
1633,0,0,1633,1.3528131430255e-07,-1.2185287494321e-21,-3.9499240449539e-26,1.5596878335331e-10
1634,0,0,1634,1.3512534529456e-07,-1.0337737283678e-21,-3.344065881264e-26,1.5596900798097e-10
1635,0,0,1635,1.3496937606221e-07,-8.773240018849e-22,-2.8317400493411e-26,1.559692323497e-10
1636,0,0,1636,1.3481340660575e-07,-7.448113326555e-22,-2.3984793130521e-26,1.5596945645945e-10
1637,0,0,1637,1.3465743692544e-07,-6.3254338546819e-22,-2.0320498440901e-26,1.5596968031022e-10
1638,0,0,1638,1.3450146702154e-07,-5.3739932904333e-22,-1.7221074212898e-26,1.5596990390201e-10
1639,0,0,1639,1.3434549689431e-07,-4.5674150456891e-22,-1.4599066229873e-26,1.5597012723482e-10
1640,0,0,1640,1.34189526544e-07,-3.8834068986843e-22,-1.2380547460787e-26,1.559703503087e-10
1641,0,0,1641,1.3403355597088e-07,-3.3031287159079e-22,-1.0503035108253e-26,1.5597057312358e-10
1642,0,0,1642,1.338775851752e-07,-2.8106576030063e-22,-8.913727143517e-27,1.5597079567947e-10
1643,0,0,1643,1.3372161415722e-07,-2.3925355494906e-22,-7.5680091686362e-27,1.5597101797639e-10
1644,0,0,1644,1.3356564291721e-07,-2.0373869226536e-22,-6.428190145749e-27,1.5597124001437e-10
1645,0,0,1645,1.3340967145541e-07,-1.7355951004273e-22,-5.4624319822964e-27,1.5597146179333e-10
1646,0,0,1646,1.332536997721e-07,-1.4790291682369e-22,-4.6438433726457e-27,1.5597168331336e-10
1647,0,0,1647,1.3309772786752e-07,-1.2608129888816e-22,-3.9497128463297e-27,1.5597190457438e-10
1648,0,0,1648,1.3294175574195e-07,-1.0751301267185e-22,-3.3608598051524e-27,1.5597212557644e-10
1649,0,0,1649,1.3278578339563e-07,-9.1705910105757e-23,-2.8610855644637e-27,1.559723463195e-10
1650,0,0,1650,1.3262981082882e-07,-7.8243428636838e-23,-2.4367091458744e-27,1.5597256680361e-10
1651,0,0,1651,1.324738380418e-07,-6.6772849186536e-23,-2.0761748805046e-27,1.5597278702873e-10
1652,0,0,1652,1.323178650348e-07,-5.6995385978979e-23,-1.7697208405676e-27,1.5597300699488e-10
1653,0,0,1653,1.321618918081e-07,-4.8657823667468e-23,-1.5090987783834e-27,1.5597322670204e-10
1654,0,0,1654,1.3200591836195e-07,-4.1545460893068e-23,-1.2873376621665e-27,1.5597344615025e-10
1655,0,0,1655,1.3184994469661e-07,-3.5476156495982e-23,-1.0985440958727e-27,1.5597366533943e-10
1656,0,0,1656,1.3169397081234e-07,-3.029530606241e-23,-9.377339284764e-28,1.5597388426968e-10
1657,0,0,1657,1.315379967094e-07,-2.5871603169994e-23,-8.0069022352733e-28,1.5597410294092e-10
1658,0,0,1658,1.3138202238805e-07,-2.2093462309967e-23,-6.8384349566489e-28,1.5597432135319e-10
1659,0,0,1659,1.3122604784854e-07,-1.8865999623017e-23,-5.8417074633801e-28,1.559745395065e-10
1660,0,0,1660,1.3107007309114e-07,-1.6108483807028e-23,-4.9911036269403e-28,1.559747574008e-10
1661,0,0,1661,1.309140981161e-07,-1.3752183280013e-23,-4.2649039538964e-28,1.5597497503612e-10
1662,0,0,1662,1.3075812292369e-07,-1.1738547286805e-23,-3.6446811477079e-28,1.5597519241246e-10
1663,0,0,1663,1.3060214751416e-07,-1.0017668444031e-23,-3.1147907054195e-28,1.5597540952985e-10
1664,0,0,1664,1.3044617188777e-07,-8.5469824977011e-24,-2.6619415628579e-28,1.559756263882e-10
1665,0,0,1665,1.3029019604478e-07,-7.2901680538887e-24,-2.2748341433005e-28,1.559758429876e-10
1666,0,0,1666,1.3013421998546e-07,-6.2162149337477e-24,-1.9438551474552e-28,1.5597605932802e-10
1667,0,0,1667,1.2997824371005e-07,-5.2986347677589e-24,-1.6608201004395e-28,1.5597627540946e-10
1668,0,0,1668,1.2982226721881e-07,-4.5147916241542e-24,-1.4187560899247e-28,1.5597649123192e-10
1669,0,0,1669,1.2966629051202e-07,-3.845333984518e-24,-1.2117183277416e-28,1.5597670679538e-10
1670,0,0,1670,1.2951031358992e-07,-3.2737123390257e-24,-1.0346351783411e-28,1.5597692209985e-10
1671,0,0,1671,1.2935433645277e-07,-2.7857691622315e-24,-8.8317714999747e-29,1.5597713714534e-10
1672,0,0,1672,1.2919835910084e-07,-2.369390122011e-24,-7.5364606279924e-29,1.5597735193185e-10
1673,0,0,1673,1.2904238153438e-07,-2.0142071319797e-24,-6.4288121195667e-29,1.5597756645939e-10
1674,0,0,1674,1.2888640375365e-07,-1.7113453345425e-24,-5.4817985336117e-29,1.5597778072791e-10
1675,0,0,1675,1.2873042575892e-07,-1.4532073424802e-24,-4.6722976563279e-29,1.5597799473748e-10
1676,0,0,1676,1.2857444755043e-07,-1.233289109447e-24,-3.9805200179016e-29,1.5597820848802e-10
1677,0,0,1677,1.2841846912845e-07,-1.0460226757675e-24,-3.389522449599e-29,1.559784219796e-10
1678,0,0,1678,1.2826249049324e-07,-8.8664177226425e-25,-2.8847943534084e-29,1.5597863521221e-10
1679,0,0,1679,1.2810651164505e-07,-7.510668840423e-25,-2.4539054768176e-29,1.5597884818578e-10
1680,0,0,1680,1.2795053258415e-07,-6.3580689711032e-25,-2.0862057634689e-29,1.5597906090042e-10
1681,0,0,1681,1.277945533108e-07,-5.3787488929797e-25,-1.7725693414034e-29,1.5597927335603e-10
1682,0,0,1682,1.2763857382524e-07,-4.5471599643703e-25,-1.5051759607833e-29,1.5597948555266e-10
1683,0,0,1683,1.2748259412775e-07,-3.8414559635851e-25,-1.2773242414209e-29,1.5597969749028e-10
1684,0,0,1684,1.2732661421858e-07,-3.2429631625033e-25,-1.0832719699582e-29,1.5597990916898e-10
1685,0,0,1685,1.2717063409799e-07,-2.7357259113085e-25,-9.1809942466257e-30,1.5598012058861e-10
1686,0,0,1686,1.2701465376625e-07,-2.3061168916221e-25,-7.7759232563232e-30,1.5598033174929e-10
1687,0,0,1687,1.2685867322359e-07,-1.9425027871672e-25,-6.5814152906336e-30,1.5598054265097e-10
1688,0,0,1688,1.267026924703e-07,-1.6349574709792e-25,-5.5665702230023e-30,1.5598075329369e-10
1689,0,0,1689,1.2654671150662e-07,-1.3750159542946e-25,-4.7049414519913e-30,1.5598096367735e-10
1690,0,0,1690,1.2639073033282e-07,-1.1554633166342e-25,-3.9739027416539e-30,1.5598117380208e-10
1691,0,0,1691,1.2623474894915e-07,-9.7015366606835e-26,-3.3541046752419e-30,1.5598138366776e-10
1692,0,0,1692,1.2607876735588e-07,-8.1385488567544e-26,-2.8290079251117e-30,1.559815932745e-10
1693,0,0,1693,1.2592278555326e-07,-6.821155256222e-26,-2.3844824169636e-30,1.5598180262224e-10
1694,0,0,1694,1.2576680354155e-07,-5.711507159214e-26,-2.0084630555845e-30,1.5598201171095e-10
1695,0,0,1695,1.2561082132101e-07,-4.7774441604361e-26,-1.6906540277878e-30,1.559822205407e-10
1696,0,0,1696,1.2545483889189e-07,-3.9916569535809e-26,-1.422274844408e-30,1.5598242911145e-10
1697,0,0,1697,1.2529885625447e-07,-3.3309706227118e-26,-1.1958422588731e-30,1.5598263742319e-10
1698,0,0,1698,1.2514287340899e-07,-2.7757313786856e-26,-1.0049830316875e-30,1.5598284547597e-10
1699,0,0,1699,1.2498689035573e-07,-2.3092820856591e-26,-8.4427322037794e-31,1.559830532697e-10
1700,0,0,1700,1.2483090709492e-07,-1.9175139741883e-26,-7.09100281762e-31,1.5598326080447e-10
1701,0,0,1701,1.2467492362684e-07,-1.5884837015723e-26,-5.9554479343501e-31,1.5598346808024e-10
1702,0,0,1702,1.2451893995174e-07,-1.3120864378685e-26,-5.0027904730394e-31,1.5598367509702e-10
1703,0,0,1703,1.2436295606989e-07,-1.0797769622374e-26,-4.2048015089227e-31,1.5598388185477e-10
1704,0,0,1704,1.2420697198153e-07,-8.8433187861786e-27,-3.5375560135141e-31,1.5598408835357e-10
1705,0,0,1705,1.2405098768694e-07,-7.1964702748644e-27,-2.9807958054783e-31,1.5598429459333e-10
1706,0,0,1706,1.2389500318637e-07,-5.8056500319718e-27,-2.5173846396356e-31,1.5598450057412e-10
1707,0,0,1707,1.2373901848007e-07,-4.6272840255336e-27,-2.1328424716534e-31,1.5598470629589e-10
1708,0,0,1708,1.2358303356831e-07,-3.6245504556328e-27,-1.8149477615204e-31,1.5598491175869e-10
1709,0,0,1709,1.2342704845135e-07,-2.766319371769e-27,-1.5533982617936e-31,1.5598511696246e-10
1710,0,0,1710,1.2327106312944e-07,-2.0262519059581e-27,-1.3395221131175e-31,1.5598532190724e-10
1711,0,0,1711,1.2311507760285e-07,-1.3820351815339e-27,-1.1660322712081e-31,1.5598552659304e-10
1712,0,0,1712,1.2295909187183e-07,-8.147322290172e-28,-1.0268183440551e-31,1.5598573101981e-10
1713,0,0,1713,1.2280310593664e-07,-3.0822899694252e-28,-9.1677085005517e-32,1.559859351876e-10
1714,0,0,1714,1.2264711979755e-07,1.51237157305e-28,-8.31633739188e-32,1.5598613909638e-10
1715,0,0,1715,1.224911334548e-07,5.7548122924557e-28,-7.6788177021235e-32,1.5598634274616e-10
1716,0,0,1716,1.2233514690866e-07,9.7471881255847e-28,-7.2262002579635e-32,1.5598654613693e-10
1717,0,0,1717,1.2217916015939e-07,1.3578699131299e-27,-6.9350349203438e-32,1.5598674926872e-10
1718,0,0,1718,1.2202317320725e-07,1.7328286125164e-27,-6.7867524588963e-32,1.5598695214147e-10
1719,0,0,1719,1.218671860525e-07,2.1067083917656e-27,-6.7672240044098e-32,1.5598715475527e-10
1720,0,0,1720,1.2171119869539e-07,2.4860727952258e-27,-6.8664957026298e-32,1.5598735711001e-10
1721,0,0,1721,1.2155521113618e-07,2.877161334009e-27,-7.0787025519772e-32,1.559875592058e-10
1722,0,0,1722,1.2139922337514e-07,3.2861211231962e-27,-7.4021721842872e-32,1.5598776104253e-10
1723,0,0,1723,1.2124323541252e-07,3.7192557495032e-27,-7.8397367361559e-32,1.559879626203e-10
1724,0,0,1724,1.2108724724858e-07,4.1833043224154e-27,-8.399279169711e-32,1.5598816393907e-10
1725,0,0,1725,1.2093125888358e-07,4.6857656299317e-27,-9.0945496660444e-32,1.5598836499881e-10
1726,0,0,1726,1.2077527031778e-07,5.2352848722552e-27,-9.9462982860551e-32,1.5598856579953e-10
1727,0,0,1727,1.2061928155144e-07,5.8421236707737e-27,-1.0983782253187e-31,1.5598876634128e-10
1728,0,0,1728,1.2046329258482e-07,6.5187380504758e-27,-1.2246720272607e-31,1.5598896662402e-10
1729,0,0,1729,1.2030730341817e-07,7.2804939957022e-27,-1.3787782608597e-31,1.5598916664773e-10
1730,0,0,1730,1.2015131405176e-07,8.1465561272658e-27,-1.5675724581303e-31,1.5598936641243e-10
1731,0,0,1731,1.1999532448584e-07,9.1409922124672e-27,-1.7999293142142e-31,1.5598956591818e-10
1732,0,0,1732,1.1983933472067e-07,1.0294144793389e-26,-2.087206171469e-31,1.5598976516486e-10
1733,0,0,1733,1.1968334475652e-07,1.1644331426656e-26,-2.443837806213e-31,1.5598996415254e-10
1734,0,0,1734,1.1952735459364e-07,1.3239947124323e-26,-2.8880644127768e-31,1.5599016288124e-10
1735,0,0,1735,1.1937136423229e-07,1.5142056859343e-26,-3.4428186203866e-31,1.5599036135091e-10
1736,0,0,1736,1.1921537367273e-07,1.7427582775008e-26,-4.1368019073529e-31,1.5599055956159e-10
1737,0,0,1737,1.1905938291521e-07,2.0193210379388e-26,-5.0057859639279e-31,1.5599075751323e-10
1738,0,0,1738,1.1890339196001e-07,2.3560160917152e-26,-6.0941804733535e-31,1.5599095520588e-10
1739,0,0,1739,1.1874740080737e-07,2.768000373797e-26,-7.4569155056802e-31,1.5599115263953e-10
1740,0,0,1740,1.1859140945755e-07,3.2741713311131e-26,-9.1616943274235e-31,1.5599134981416e-10
1741,0,0,1741,1.1843541791082e-07,3.8980211099679e-26,-1.1291680997271e-30,1.5599154672978e-10
1742,0,0,1742,1.1827942616744e-07,4.6686673373226e-26,-1.3948696715118e-30,1.5599174338638e-10
1743,0,0,1743,1.1812343422765e-07,5.6220932810974e-26,-1.7257009582324e-30,1.5599193978398e-10
1744,0,0,1744,1.1796744209173e-07,6.802635505783e-26,-2.1367814266809e-30,1.5599213592256e-10
1745,0,0,1745,1.1781144975993e-07,8.2647631898108e-26,-2.6464511080901e-30,1.5599233180213e-10
1746,0,0,1746,1.1765545723251e-07,1.0075200105921e-25,-3.2768908181591e-30,1.559925274227e-10
1747,0,0,1747,1.1749946450972e-07,1.2315447949389e-25,-4.0548485966769e-30,1.5599272278425e-10
1748,0,0,1748,1.1734347159184e-07,1.508477829183e-25,-5.012487919818e-30,1.5599291788677e-10
1749,0,0,1749,1.1718747847911e-07,1.8503769993838e-25,-6.188374980636e-30,1.559931127303e-10
1750,0,0,1750,1.1703148517179e-07,2.2718479470488e-25,-7.6286241527365e-30,1.5599330731481e-10
1751,0,0,1751,1.1687549167015e-07,2.7905342796422e-25,-9.3882226199407e-30,1.559935016403e-10
1752,0,0,1752,1.1671949797444e-07,3.4276921266823e-25,-1.1532557031425e-29,1.5599369570677e-10
1753,0,0,1753,1.1656350408493e-07,4.2088615672653e-25,-1.4139166874552e-29,1.5599388951424e-10
1754,0,0,1754,1.1640751000187e-07,5.1646489141043e-25,-1.7299750977786e-29,1.5599408306268e-10
1755,0,0,1755,1.1625151572551e-07,6.3316353824095e-25,-2.1122455076325e-29,1.5599427635212e-10
1756,0,0,1756,1.1609552125613e-07,7.7534292820719e-25,-2.5734469583889e-29,1.5599446938254e-10
1757,0,0,1757,1.1593952659398e-07,9.4818805241009e-25,-3.1284967480724e-29,1.5599466215395e-10
1758,0,0,1758,1.1578353173931e-07,1.1578477893496e-24,-3.794841238605e-29,1.5599485466631e-10
1759,0,0,1759,1.1562753669239e-07,1.4115951166205e-24,-4.5928266236037e-29,1.559950469197e-10
1760,0,0,1760,1.1547154145348e-07,1.7180101680139e-24,-5.5461124302196e-29,1.5599523891403e-10
1761,0,0,1761,1.1531554602283e-07,2.0871886336823e-24,-6.682130228598e-29,1.5599543064938e-10
1762,0,0,1762,1.151595504007e-07,2.5309781121176e-24,-8.0325895596797e-29,1.5599562212569e-10
1763,0,0,1763,1.1500355458736e-07,3.0632450972051e-24,-9.6340324300819e-29,1.5599581334298e-10
1764,0,0,1764,1.1484755858306e-07,3.7001753083097e-24,-1.1528436820994e-28,1.5599600430126e-10
1765,0,0,1765,1.1469156238806e-07,4.4606100304845e-24,-1.3763868471366e-28,1.5599619500051e-10
1766,0,0,1766,1.1453556600262e-07,5.3664210070157e-24,-1.6395178675214e-28,1.5599638544076e-10
1767,0,0,1767,1.14379569427e-07,6.4429261963349e-24,-1.9484743926678e-28,1.5599657562198e-10
1768,0,0,1768,1.1422357266145e-07,7.7193483455678e-24,-2.3103240901113e-28,1.5599676554419e-10
1769,0,0,1769,1.1406757570624e-07,9.2293178164535e-24,-2.7330447423031e-28,1.5599695520736e-10
1770,0,0,1770,1.1391157856163e-07,1.1011420396171e-23,-3.2256056692897e-28,1.5599714461152e-10
1771,0,0,1771,1.1375558122788e-07,1.310978990354e-23,-3.7980488083371e-28,1.5599733375666e-10
1772,0,0,1772,1.1359958370523e-07,1.5574744226392e-23,-4.4615673243619e-28,1.5599752264277e-10
1773,0,0,1773,1.1344358599396e-07,1.8463461964585e-23,-5.2285791061293e-28,1.5599771126988e-10
1774,0,0,1774,1.1328758809433e-07,2.1840695072296e-23,-6.1127919249572e-28,1.5599789963795e-10
1775,0,0,1775,1.1313159000658e-07,2.5779510763933e-23,-7.129256401863e-28,1.55998087747e-10
1776,0,0,1776,1.1297559173098e-07,3.0362053448069e-23,-8.294402258287e-28,1.5599827559703e-10
1777,0,0,1777,1.1281959326779e-07,3.5680314572464e-23,-9.6260526351539e-28,1.5599846318803e-10
1778,0,0,1778,1.1266359461727e-07,4.1836895006548e-23,-1.1143410585691e-27,1.5599865052002e-10
1779,0,0,1779,1.1250759577968e-07,4.8945740986019e-23,-1.2867011222846e-27,1.5599883759297e-10
1780,0,0,1780,1.1235159675527e-07,5.7132830760987e-23,-1.4818632492691e-27,1.5599902440691e-10
1781,0,0,1781,1.1219559754431e-07,6.6536785032763e-23,-1.7021157231914e-27,1.5599921096183e-10
1782,0,0,1782,1.1203959814705e-07,7.7309370202555e-23,-1.9498379157324e-27,1.5599939725771e-10
1783,0,0,1783,1.1188359856376e-07,8.9615859631407e-23,-2.2274745866219e-27,1.5599958329456e-10
1784,0,0,1784,1.1172759879469e-07,1.0363521486613e-22,-2.5375032974852e-27,1.5599976907241e-10
1785,0,0,1785,1.115715988401e-07,1.1956004658407e-22,-2.8823945409474e-27,1.5599995459122e-10
1786,0,0,1786,1.1141559870024e-07,1.375963144657e-22,-3.2645644865744e-27,1.5600013985101e-10
1787,0,0,1787,1.1125959837539e-07,1.5796272712075e-22,-3.6863206905648e-27,1.5600032485176e-10
1788,0,0,1788,1.111035978658e-07,1.8088980859953e-22,-4.1498017476594e-27,1.5600050959349e-10
1789,0,0,1789,1.1094759717172e-07,2.0661860821706e-22,-4.6569127307734e-27,1.5600069407621e-10
1790,0,0,1790,1.1079159629342e-07,2.3539904702842e-22,-5.2092594248546e-27,1.5600087829988e-10
1791,0,0,1791,1.1063559523116e-07,2.6748791932162e-22,-5.8080858850687e-27,1.5600106226453e-10
1792,0,0,1792,1.1047959398519e-07,3.0314660338322e-22,-6.4542218151507e-27,1.5600124597016e-10
1793,0,0,1793,1.1032359255577e-07,3.4263858548614e-22,-7.1480487606283e-27,1.5600142941674e-10
1794,0,0,1794,1.1016759094317e-07,3.8622696806139e-22,-7.8894972461191e-27,1.5600161260431e-10
1795,0,0,1795,1.1001158914763e-07,4.3417222148427e-22,-8.6780908695423e-27,1.5600179553285e-10
1796,0,0,1796,1.0985558716943e-07,4.8673055365029e-22,-9.5130581220489e-27,1.5600197820236e-10
1797,0,0,1797,1.0969958500882e-07,5.4415341807597e-22,-1.039353846105e-26,1.5600216061282e-10
1798,0,0,1798,1.0954358266606e-07,6.0668886591172e-22,-1.1318916058271e-26,1.5600234276428e-10
1799,0,0,1799,1.093875801414e-07,6.7458567699294e-22,-1.2289322805698e-26,1.5600252465671e-10
1800,0,0,1800,1.0923157743511e-07,7.4810148753588e-22,-1.3306361708274e-26,1.5600270629008e-10
1801,0,0,1801,1.0907557454744e-07,8.2751647548499e-22,-1.4374112818789e-26,1.5600288766445e-10
1802,0,0,1802,1.0891957147866e-07,9.1315457732777e-22,-1.5500496433543e-26,1.5600306877977e-10
1803,0,0,1803,1.0876356822903e-07,1.0054147008849e-21,-1.6699082363835e-26,1.5600324963607e-10
1804,0,0,1804,1.0860756479879e-07,1.1048149751309e-21,-1.7991449638538e-26,1.5600343023333e-10
1805,0,0,1805,1.0845156118822e-07,1.2120537473348e-21,-1.9410217768892e-26,1.5600361057157e-10
1806,0,0,1806,1.0829555739757e-07,1.32809180452e-21,-2.1002888350528e-26,1.5600379065076e-10
1807,0,0,1807,1.081395534271e-07,1.4542611620524e-21,-2.2836653713366e-26,1.5600397047093e-10
1808,0,0,1808,1.0798354927707e-07,1.5924067240071e-21,-2.5004346713811e-26,1.5600415003205e-10
1809,0,0,1809,1.0782754494774e-07,1.7450681682949e-21,-2.7631721416089e-26,1.5600432933416e-10
1810,0,0,1810,1.0767154043936e-07,1.9157105259537e-21,-3.0886266736228e-26,1.5600450837722e-10
1811,0,0,1811,1.075155357522e-07,2.109013078584e-21,-3.498776202609e-26,1.5600468716125e-10
1812,0,0,1812,1.0735953088651e-07,2.3312273457659e-21,-4.022078235992e-26,1.5600486568625e-10
1813,0,0,1813,1.0720352584256e-07,2.5906160118267e-21,-4.6949348557004e-26,1.5600504395222e-10
1814,0,0,1814,1.070475206206e-07,2.8979855617523e-21,-5.5633888536548e-26,1.5600522195914e-10
1815,0,0,1815,1.0689151522089e-07,3.2673260444522e-21,-6.6850627368672e-26,1.5600539970704e-10
1816,0,0,1816,1.067355096437e-07,3.7165716096929e-21,-8.1313447308558e-26,1.5600557719589e-10
1817,0,0,1817,1.0657950388927e-07,4.2684950855325e-21,-9.9898149126969e-26,1.5600575442571e-10
1818,0,0,1818,1.0642349795787e-07,4.9517486443356e-21,-1.2366889414337e-25,1.560059313965e-10
1819,0,0,1819,1.0626749184977e-07,5.8020602664777e-21,-1.5390640360772e-25,1.5600610810824e-10
1820,0,0,1820,1.061114855652e-07,6.8635919177521e-21,-1.9213722888067e-25,1.5600628456096e-10
1821,0,0,1821,1.0595547910445e-07,8.1904597208839e-21,-2.4016307236684e-25,1.5600646075464e-10
1822,0,0,1822,1.0579947246776e-07,9.8484084823425e-21,-3.0008872582401e-25,1.5600663668927e-10
1823,0,0,1823,1.056434656554e-07,1.191662224579e-20,-3.7434669118399e-25,1.5600681236486e-10
1824,0,0,1824,1.0548745866761e-07,1.4489638563685e-20,-4.6571595353905e-25,1.5600698778143e-10
1825,0,0,1825,1.0533145150468e-07,1.7679316380518e-20,-5.7733168484673e-25,1.5600716293895e-10
1826,0,0,1826,1.0517544416684e-07,2.1616785303575e-20,-7.1268187507327e-25,1.5600733783743e-10
1827,0,0,1827,1.0501943665436e-07,2.6454277178364e-20,-8.7558602933699e-25,1.5600751247688e-10
1828,0,0,1828,1.048634289675e-07,3.2366709017432e-20,-1.0701501628712e-24,1.5600768685729e-10
1829,0,0,1829,1.0470742110653e-07,3.9552849438164e-20,-1.3006914161525e-24,1.5600786097865e-10
1830,0,0,1830,1.0455141307168e-07,4.8235859217959e-20,-1.5716247701429e-24,1.5600803484099e-10
1831,0,0,1831,1.0439540486324e-07,5.8662951301069e-20,-1.8873036670427e-24,1.5600820844425e-10
1832,0,0,1832,1.0423939648145e-07,7.110386829099e-20,-2.2518059751757e-24,1.5600838178851e-10
1833,0,0,1833,1.0408338792658e-07,8.5847828877467e-20,-2.6686568661526e-24,1.5600855487372e-10
1834,0,0,1834,1.0392737919888e-07,1.0319855288708e-19,-3.1404810457403e-24,1.5600872769987e-10
1835,0,0,1835,1.0377137029861e-07,1.2346694357493e-19,-3.6685787145008e-24,1.5600890026699e-10
1836,0,0,1836,1.0361536122604e-07,1.4696099345972e-19,-4.2524230291461e-24,1.5600907257508e-10
1837,0,0,1837,1.0345935198141e-07,1.7397249722418e-19,-4.8890821813668e-24,1.5600924462412e-10
1838,0,0,1838,1.03303342565e-07,2.0476021600015e-19,-5.5725770984515e-24,1.560094164141e-10
1839,0,0,1839,1.0314733297705e-07,2.3952925961561e-19,-6.2931968943982e-24,1.5600958794506e-10
1840,0,0,1840,1.0299132321784e-07,2.784066593846e-19,-7.0368093581872e-24,1.5600975921698e-10
1841,0,0,1841,1.0283531328761e-07,3.2141342094486e-19,-7.7842238424069e-24,1.5600993022983e-10
1842,0,0,1842,1.0267930318662e-07,3.6843380688115e-19,-8.5106898544677e-24,1.5601010098365e-10
1843,0,0,1843,1.0252329291514e-07,4.1918324005719e-19,-9.1856474048641e-24,1.5601027147843e-10
1844,0,0,1844,1.0236728247343e-07,4.7317708317954e-19,-9.7728856051459e-24,1.5601044171417e-10
1845,0,0,1845,1.0221127186174e-07,5.2970368427063e-19,-1.0231314797488e-23,1.5601061169085e-10
1846,0,0,1846,1.0205526108033e-07,5.8780652904089e-19,-1.0516614903418e-23,1.560107814085e-10
1847,0,0,1847,1.0189925012946e-07,6.4628215494977e-19,-1.0584088289505e-23,1.5601095086709e-10
1848,0,0,1848,1.017432390094e-07,7.0370269516547e-19,-1.0393117779043e-23,1.5601112006665e-10
1849,0,0,1849,1.0158722772039e-07,7.5847455362344e-19,-9.9137063808912e-24,1.5601128900716e-10
1850,0,0,1850,1.014312162627e-07,8.0894775444223e-19,-9.1356493482015e-24,1.5601145768861e-10
1851,0,0,1851,1.0127520463659e-07,8.5359389992108e-19,-8.0809523316719e-24,1.5601162611102e-10
1852,0,0,1852,1.0111919284232e-07,8.9127427392751e-19,-6.8201476951632e-24,1.5601179427439e-10
1853,0,0,1853,1.0096318088014e-07,9.21623188421e-19,-5.4931535233233e-24,1.5601196217872e-10
1854,0,0,1854,1.0080716875031e-07,9.4557476631078e-19,-4.3352355980491e-24,1.5601212982399e-10
1855,0,0,1855,1.006511564531e-07,9.6606331316401e-19,-3.7084269804354e-24,1.560122972102e-10
1856,0,0,1856,1.0049514398877e-07,9.8892723014547e-19,-4.1383689736444e-24,1.560124643374e-10
1857,0,0,1857,1.0033913135756e-07,1.0240425388654e-18,-6.3558708783049e-24,1.5601263120552e-10
1858,0,0,1858,1.0018311855974e-07,1.0867023044593e-18,-1.1341417572496e-23,1.5601279781458e-10
1859,0,0,1859,1.0002710559558e-07,1.1992393646221e-18,-2.0369207889466e-23,1.5601296416463e-10
1860,0,0,1860,9.9871092465325e-08,1.3928572738583e-18,-3.504484157175e-23,1.5601313025561e-10
1861,0,0,1861,9.9715079169237e-08,1.7095819165843e-18,-5.7327160333404e-23,1.5601329608754e-10
1862,0,0,1862,9.9559065707577e-08,2.2041650695681e-18,-8.9519550690056e-23,1.5601346166042e-10
1863,0,0,1863,9.9403052080602e-08,2.945649367456e-18,-1.3420865791772e-22,1.5601362697425e-10
1864,0,0,1864,9.9247038288573e-08,4.0181256622361e-18,-1.9411820935519e-22,1.5601379202904e-10
1865,0,0,1865,9.9091024331749e-08,5.519957738386e-18,-2.7183160578314e-22,1.5601395682475e-10
1866,0,0,1866,9.8935010210387e-08,7.5603891565924e-18,-3.6931808669539e-22,1.5601412136141e-10
1867,0,0,1867,9.8778995924748e-08,1.0251950311777e-17,-4.8717256908837e-22,1.5601428563902e-10
1868,0,0,1868,9.8622981475091e-08,1.3696413944153e-17,-6.2344791746e-22,1.5601444965757e-10
1869,0,0,1869,9.8466966861674e-08,1.7961167871924e-17,-7.7192046092668e-22,1.5601461341704e-10
1870,0,0,1870,9.8310952084756e-08,2.3041758812863e-17,-9.1958696030992e-22,1.5601477691747e-10
1871,0,0,1871,9.8154937144597e-08,2.8805016980748e-17,-1.0431497283871e-21,1.5601494015881e-10
1872,0,0,1872,9.7998922041456e-08,3.4905676293673e-17,-1.1042193356393e-21,1.5601510314108e-10
1873,0,0,1873,9.7842906775592e-08,4.0667984258565e-17,-1.0429777416456e-21,1.5601526586427e-10
1874,0,0,1874,9.7686891347264e-08,4.492294971881e-17,-7.7014874830439e-22,1.5601542832839e-10
1875,0,0,1875,9.7530875756739e-08,7.9782353135619e-17,-6.3095520184424e-21,1.5601559052478e-10
1876,0,0,1876,9.7374860004276e-08,6.6362688054309e-17,2.428959379717e-21,1.5601575246235e-10
1877,0,0,1877,9.7218844090127e-08,5.3822433092196e-17,2.2697861481425e-21,1.5601591414922e-10
1878,0,0,1878,9.706282801455e-08,4.2749240560934e-17,2.0042478481585e-21,1.5601607557707e-10
1879,0,0,1879,9.6906811777804e-08,3.3365129466955e-17,1.6985241080099e-21,1.5601623674593e-10
1880,0,0,1880,9.6750795380149e-08,2.5666759858002e-17,1.3934048992205e-21,1.5601639765575e-10
1881,0,0,1881,9.6594778821842e-08,1.9522555352205e-17,1.1121010155494e-21,1.5601655830654e-10
1882,0,0,1882,9.6438762103144e-08,1.4737695342301e-17,8.6605966179258e-22,1.5601671869831e-10
1883,0,0,1883,9.6282745224313e-08,1.1095889759172e-17,6.5916681054649e-22,1.5601687883102e-10
1884,0,0,1884,9.6126728185608e-08,8.3848265228671e-18,4.9070244577104e-22,1.5601703870471e-10
1885,0,0,1885,9.5970710987289e-08,6.4104465505294e-18,3.5736277499312e-22,1.5601719831934e-10
1886,0,0,1886,9.5814693629614e-08,5.0038033868972e-18,2.5460241261747e-22,1.5601735767494e-10
1887,0,0,1887,9.5658676112842e-08,4.0231837385214e-18,1.7749215635601e-22,1.5601751677145e-10
1888,0,0,1888,9.5502658437233e-08,3.3533537385257e-18,1.2123922999921e-22,1.5601767560895e-10
1889,0,0,1889,9.5346640603046e-08,2.9032003195762e-18,8.1477768829851e-23,1.5601783418736e-10
1890,0,0,1890,9.5190622610539e-08,2.6026084907684e-18,5.4407121014211e-23,1.5601799250673e-10
1891,0,0,1891,9.5034604459972e-08,2.3991122686824e-18,3.6832816197577e-23,1.5601815056705e-10
1892,0,0,1892,9.4878586151604e-08,2.2546465358366e-18,2.6148297645085e-23,1.5601830836829e-10
1893,0,0,1893,9.4722567685693e-08,2.1425837833092e-18,2.0283358207471e-23,1.5601846591049e-10
1894,0,0,1894,9.45665490625e-08,2.0451444201032e-18,1.7636524740281e-23,1.5601862319363e-10
1895,0,0,1895,9.4410530282282e-08,1.9512079638057e-18,1.7002498589849e-23,1.560187802177e-10
1896,0,0,1896,9.4254511345299e-08,1.8545146524749e-18,1.7501489350876e-23,1.5601893698272e-10
1897,0,0,1897,9.4098492251811e-08,1.7522253949648e-18,1.8514355609332e-23,1.5601909348869e-10
1898,0,0,1898,9.3942473002075e-08,1.6437971882164e-18,1.962550542146e-23,1.5601924973558e-10
1899,0,0,1899,9.3786453596352e-08,1.5301274113009e-18,2.0574229621693e-23,1.5601940572342e-10
1900,0,0,1900,9.3630434034899e-08,1.4129211207274e-18,2.1214338593803e-23,1.5601956145218e-10
1901,0,0,1901,9.3474414317978e-08,1.2942387965246e-18,2.1481500680715e-23,1.5601971692192e-10
1902,0,0,1902,9.3318394445845e-08,1.1761866839617e-18,2.1367432373889e-23,1.5601987213257e-10
1903,0,0,1903,9.3162374418761e-08,1.0607171175003e-18,2.0899991529508e-23,1.5602002708417e-10
1904,0,0,1904,9.3006354236984e-08,9.4951147222392e-19,2.0128221795021e-23,1.560201817767e-10
1905,0,0,1905,9.2850333900774e-08,8.4392334074896e-19,1.9111451796969e-23,1.5602033621017e-10
1906,0,0,1906,9.2694313410389e-08,7.4496400072208e-19,1.7911640544867e-23,1.5602049038459e-10
1907,0,0,1907,9.2538292766089e-08,6.5331613690034e-19,1.6588263351735e-23,1.5602064429992e-10
1908,0,0,1908,9.2382271968133e-08,5.6936509417987e-19,1.5195138732405e-23,1.5602079795621e-10
1909,0,0,1909,9.222625101678e-08,4.9323968616639e-19,1.3778698850439e-23,1.5602095135344e-10
1910,0,0,1910,9.2070229912288e-08,4.2485681438423e-19,1.2377299792571e-23,1.560211044916e-10
1911,0,0,1911,9.1914208654917e-08,3.6396592485746e-19,1.1021251004347e-23,1.560212573707e-10
1912,0,0,1912,9.1758187244927e-08,3.1019070496843e-19,9.7333147999142e-24,1.5602140999072e-10
1913,0,0,1913,9.1602165682575e-08,2.6306646695269e-19,8.5294870808501e-24,1.560215623517e-10
1914,0,0,1914,9.1446143968121e-08,2.2207243397848e-19,7.4199199683315e-24,1.560217144536e-10
1915,0,0,1915,9.1290122101825e-08,1.866586936033e-19,6.4098870079073e-24,1.5602186629644e-10
1916,0,0,1916,9.1134100083945e-08,1.5626795801635e-19,5.500723141238e-24,1.5602201788022e-10
1917,0,0,1917,9.097807791474e-08,1.3035251059154e-19,4.6906959838913e-24,1.5602216920492e-10
1918,0,0,1918,9.0822055594469e-08,1.0838685706382e-19,3.9757832885173e-24,1.5602232027057e-10
1919,0,0,1919,9.0666033123392e-08,8.9876664234473e-20,3.3503449021107e-24,1.5602247107715e-10
1920,0,0,1920,9.0510010501767e-08,7.4364581251543e-20,2.8076870199106e-24,1.5602262162466e-10
1921,0,0,1921,9.0353987729854e-08,6.1433515267076e-20,2.3405229431888e-24,1.5602277191311e-10
1922,0,0,1922,9.0197964807912e-08,5.070788774688e-20,1.9413385811555e-24,1.5602292194248e-10
1923,0,0,1923,9.0041941736199e-08,4.1853339714789e-20,1.6026731938085e-24,1.560230717128e-10
1924,0,0,1924,8.9885918514975e-08,3.4575290892115e-20,1.3173268369041e-24,1.5602322122405e-10
1925,0,0,1925,8.9729895144499e-08,2.8616694050697e-20,1.0785060282968e-24,1.5602337047622e-10
1926,0,0,1926,8.9573871625029e-08,2.3755265276896e-20,8.7991860805788e-25,1.5602351946933e-10
1927,0,0,1927,8.9417847956826e-08,1.9800415314155e-20,7.1582784325616e-25,1.5602366820338e-10
1928,0,0,1928,8.9261824140148e-08,1.659005783614e-20,5.8107470352072e-25,1.5602381667834e-10
1929,0,0,1929,8.9105800175253e-08,1.3987427839019e-20,4.7107602947869e-25,1.5602396489426e-10
1930,0,0,1930,8.8949776062402e-08,1.1878007291239e-20,3.8180511914834e-25,1.560241128511e-10
1931,0,0,1931,8.8793751801854e-08,1.0166625388525e-20,3.0976012439129e-25,1.5602426054886e-10
1932,0,0,1932,8.8637727393866e-08,8.7747766849339e-21,2.5192461534993e-25,1.5602440798755e-10
1933,0,0,1933,8.8481702838699e-08,7.6381813605607e-21,2.0572375371156e-25,1.5602455516718e-10
1934,0,0,1934,8.8325678136611e-08,6.7045972605825e-21,1.6897872209607e-25,1.5602470208774e-10
1935,0,0,1935,8.8169653287862e-08,5.9318824256333e-21,1.3986138512577e-25,1.5602484874923e-10
1936,0,0,1936,8.801362829271e-08,5.2862989962472e-21,1.1685060071891e-25,1.5602499515165e-10
1937,0,0,1937,8.7857603151415e-08,4.7410440374128e-21,9.8691147549019e-26,1.56025141295e-10
1938,0,0,1938,8.7701577864236e-08,4.2749894822158e-21,8.4355874490674e-26,1.5602528717927e-10
1939,0,0,1939,8.7545552431431e-08,3.8716115939733e-21,7.3011397771882e-26,1.5602543280448e-10
1940,0,0,1940,8.7389526853261e-08,3.5180897195141e-21,6.3987459277123e-26,1.5602557817061e-10
1941,0,0,1941,8.7233501129983e-08,3.2045543407751e-21,5.6749903551751e-26,1.5602572327768e-10
1942,0,0,1942,8.7077475261857e-08,2.9234652735854e-21,5.0877121161327e-26,1.5602586812567e-10
1943,0,0,1943,8.6921449249143e-08,2.6691021080054e-21,4.6039732970002e-26,1.5602601271458e-10
1944,0,0,1944,8.6765423092098e-08,2.4371504744638e-21,4.1983245671012e-26,1.5602615704444e-10
1945,0,0,1945,8.6609396790983e-08,2.2243693319982e-21,3.8513386786277e-26,1.560263011152e-10
1946,0,0,1946,8.6453370346056e-08,2.0283261179953e-21,3.5483821734529e-26,1.5602644492691e-10
1947,0,0,1947,8.6297343757577e-08,1.8471882072067e-21,3.2785961852738e-26,1.5602658847953e-10
1948,0,0,1948,8.6141317025804e-08,1.6795606561009e-21,3.0340586750136e-26,1.5602673177309e-10
1949,0,0,1949,8.5985290150996e-08,1.5243616275702e-21,2.8091024164075e-26,1.5602687480756e-10
1950,0,0,1950,8.5829263133413e-08,1.3807281838095e-21,2.5997653320676e-26,1.5602701758298e-10
1951,0,0,1951,8.5673235973314e-08,1.2479462944106e-21,2.4033521981203e-26,1.560271600993e-10
1952,0,0,1952,8.5517208670957e-08,1.1253999318106e-21,2.2180891630602e-26,1.5602730235657e-10
1953,0,0,1953,8.5361181226603e-08,1.0125350215543e-21,2.0428548756393e-26,1.5602744435474e-10
1954,0,0,1954,8.5205153640509e-08,9.0883478795192e-22,1.8769742282025e-26,1.5602758609386e-10
1955,0,0,1955,8.5049125912935e-08,8.1380369628203e-22,1.7200627592251e-26,1.5602772757389e-10
1956,0,0,1956,8.489309804414e-08,7.2695775139914e-22,1.5719116023802e-26,1.5602786879484e-10
1957,0,0,1957,8.4737070034383e-08,6.4781938054418e-22,1.4324045124746e-26,1.5602800975673e-10
1958,0,0,1958,8.4581041883924e-08,5.7591551626608e-22,1.3014599434337e-26,1.5602815045952e-10
1959,0,0,1959,8.4425013593021e-08,5.1077781411654e-22,1.1789924089069e-26,1.5602829090326e-10
1960,0,0,1960,8.4268985161933e-08,4.519441989321e-22,1.0648884348384e-26,1.560284310879e-10
1961,0,0,1961,8.4112956590919e-08,3.9896114198466e-22,9.589933307486e-27,1.560285710135e-10
1962,0,0,1962,8.3956927880239e-08,3.5138623707402e-22,8.6110577888254e-27,1.5602871067998e-10
1963,0,0,1963,8.3800899030152e-08,3.0879077384883e-22,7.7097788437611e-27,1.5602885008741e-10
1964,0,0,1964,8.3644870040916e-08,2.7076210747853e-22,6.8831886130229e-27,1.5602898923575e-10
1965,0,0,1965,8.3488840912791e-08,2.3690570062168e-22,6.1280096410896e-27,1.5602912812501e-10
1966,0,0,1966,8.3332811646036e-08,2.0684677102988e-22,5.4406662561151e-27,1.560292667552e-10
1967,0,0,1967,8.3176782240909e-08,1.8023151997508e-22,4.8173604409189e-27,1.5602940512632e-10
1968,0,0,1968,8.3020752697671e-08,1.5672794624308e-22,4.2541468454918e-27,1.5602954323835e-10
1969,0,0,1969,8.286472301658e-08,1.3602627040073e-22,3.7470033274657e-27,1.560296810913e-10
1970,0,0,1970,8.2708693197895e-08,1.1783900663804e-22,3.2918947410478e-27,1.5602981868517e-10
1971,0,0,1971,8.2552663241875e-08,1.019007265175e-22,2.8848287018171e-27,1.5602995601998e-10
1972,0,0,1972,8.2396633148779e-08,8.79675618866e-23,2.5219027981932e-27,1.5603009309568e-10
1973,0,0,1973,8.2240602918867e-08,7.5816494185098e-23,2.1993432539719e-27,1.5603022991232e-10
1974,0,0,1974,8.2084572552397e-08,6.5244475318496e-23,1.9135354148546e-27,1.5603036646987e-10
1975,0,0,1975,8.1928542049628e-08,5.6067421879762e-23,1.661046672411e-27,1.5603050276835e-10
1976,0,0,1976,8.1772511410821e-08,4.8119120323255e-23,1.4386425817277e-27,1.5603063880775e-10
1977,0,0,1977,8.1616480636233e-08,4.1250076131674e-23,1.2432969986761e-27,1.5603077458807e-10
1978,0,0,1978,8.1460449726123e-08,3.5326335363723e-23,1.0721970789991e-27,1.5603091010929e-10
1979,0,0,1979,8.1304418680752e-08,3.0228302436132e-23,9.2274395989411e-28,1.5603104537144e-10
1980,0,0,1980,8.1148387500377e-08,2.5849573719555e-23,7.9254989770055e-28,1.5603118037453e-10
1981,0,0,1981,8.0992356185259e-08,2.2095802602909e-23,6.7943257211292e-28,1.560313151185e-10
1982,0,0,1982,8.0836324735655e-08,1.8883608154203e-23,5.8140719521575e-28,1.5603144960341e-10
1983,0,0,1983,8.0680293151826e-08,1.6139536397989e-23,4.9667698787469e-28,1.5603158382924e-10
1984,0,0,1984,8.052426143403e-08,1.3799080538955e-23,4.2362251048511e-28,1.5603171779598e-10
1985,0,0,1985,8.0368229582527e-08,1.1805764171815e-23,3.6079026245245e-28,1.5603185150364e-10
1986,0,0,1986,8.0212197597574e-08,1.0110289603604e-23,3.0688089684619e-28,1.5603198495222e-10
1987,0,0,1987,8.0056165479433e-08,8.6697518438594e-24,2.6073733451372e-28,1.5603211814171e-10
1988,0,0,1988,7.990013322836e-08,7.4469175558719e-24,2.2133300612574e-28,1.5603225107212e-10
1989,0,0,1989,7.9744100844617e-08,6.4095672723123e-24,1.8776040132431e-28,1.5603238374345e-10
1990,0,0,1990,7.9588068328461e-08,5.5298984256037e-24,1.5922006125426e-28,1.5603251615569e-10
1991,0,0,1991,7.9432035680153e-08,4.7839861936532e-24,1.3501011398303e-28,1.5603264830886e-10
1992,0,0,1992,7.927600289995e-08,4.151298783528e-24,1.1451642123268e-28,1.5603278020292e-10
1993,0,0,1993,7.9119969988112e-08,3.6142635406271e-24,9.7203378965073e-29,1.5603291183792e-10
1994,0,0,1994,7.8963936944898e-08,3.1578801530637e-24,8.260539314896e-29,1.5603304321381e-10
1995,0,0,1995,7.8807903770567e-08,2.7693771975004e-24,7.0319034956951e-29,1.5603317433065e-10
1996,0,0,1996,7.8651870465379e-08,2.4379083236415e-24,5.9995866168454e-29,1.5603330518837e-10
1997,0,0,1997,7.8495837029592e-08,2.1542844827966e-24,5.133591519294e-29,1.5603343578704e-10
1998,0,0,1998,7.8339803463465e-08,1.9107387567478e-24,4.4081776414832e-29,1.5603356612659e-10
1999,0,0,1999,7.8183769767258e-08,1.7007205242897e-24,3.8013300074907e-29,1.5603369620708e-10
2000,0,0,2000,7.802773594123e-08,1.5187159040434e-24,3.294283626459e-29,1.5603382602847e-10
2001,0,0,2001,7.7871701985639e-08,1.3600916251339e-24,2.8710994482607e-29,1.5603395559076e-10
2002,0,0,2002,7.7715667900745e-08,1.2209596953335e-24,2.5182879293872e-29,1.5603408489399e-10
2003,0,0,2003,7.7559633686807e-08,1.0980604539913e-24,2.2244762682954e-29,1.5603421393812e-10
2004,0,0,2004,7.7403599344084e-08,9.8866181039759e-25,1.9801154490454e-29,1.5603434272317e-10
2005,0,0,2005,7.7247564872834e-08,8.9047267407353e-25,1.7772233674653e-29,1.5603447124912e-10
2006,0,0,2006,7.7091530273318e-08,8.0156877961321e-25,1.6091604897317e-29,1.5603459951601e-10
2007,0,0,2007,7.6935495545795e-08,7.203292936326e-25,1.4704346962492e-29,1.5603472752377e-10
2008,0,0,2008,7.6779460690522e-08,6.4538276415996e-25,1.3565321834549e-29,1.5603485527248e-10
2009,0,0,2009,7.662342570776e-08,5.7556113299494e-25,1.2637715240867e-29,1.5603498276208e-10
2010,0,0,2010,7.6467390597768e-08,5.0986067909033e-25,1.1891782156734e-29,1.5603510999259e-10
2011,0,0,2011,7.6311355360804e-08,4.4740889609973e-25,1.13037727213e-29,1.5603523696403e-10
2012,0,0,2012,7.6155319997127e-08,3.8743643034345e-25,1.0855016301886e-29,1.5603536367637e-10
2013,0,0,2013,7.5999284506998e-08,3.2925331720607e-25,1.0531143477865e-29,1.5603549012962e-10
2014,0,0,2014,7.5843248890674e-08,2.7222885515602e-25,1.0321427631059e-29,1.5603561632379e-10
2015,0,0,2015,7.5687213148415e-08,2.1577454802847e-25,1.0218229590086e-29,1.5603574225885e-10
2016,0,0,2016,7.553117728048e-08,1.5932962886164e-25,1.0216530369197e-29,1.5603586793485e-10
2017,0,0,2017,7.5375141287128e-08,1.0234875339402e-25,1.0313538459641e-29,1.5603599335172e-10
2018,0,0,2018,7.5219105168619e-08,4.4291519317693e-26,1.0508359367814e-29,1.5603611850955e-10
2019,0,0,2019,7.5063068925211e-08,-1.5386470436264e-26,1.0801716145466e-29,1.5603624340823e-10
2020,0,0,2020,7.4907032557163e-08,-7.7241224690501e-26,1.1195710520016e-29,1.5603636804788e-10
2021,0,0,2021,7.4750996064734e-08,-1.4184683189848e-25,1.1693614904644e-29,1.560364924284e-10
2022,0,0,2022,7.4594959448184e-08,-2.0980089844484e-25,1.2299686044894e-29,1.5603661654983e-10
2023,0,0,2023,7.4438922707772e-08,-2.8172902737609e-25,1.3018991336556e-29,1.5603674041219e-10
2024,0,0,2024,7.4282885843757e-08,-3.5828835844056e-25,1.3857238922669e-29,1.5603686401544e-10
2025,0,0,2025,7.4126848856397e-08,-4.4017014041526e-25,1.4820602537419e-29,1.560369873596e-10
2026,0,0,2026,7.3970811745952e-08,-5.281012547864e-25,1.5915531701176e-29,1.5603711044469e-10
2027,0,0,2027,7.3814774512682e-08,-6.2284455462276e-25,1.7148537270382e-29,1.5603723327066e-10
2028,0,0,2028,7.3658737156844e-08,-7.2519782253432e-25,1.8525941491992e-29,1.5603735583754e-10
2029,0,0,2029,7.3502699678699e-08,-8.3599108543096e-25,2.0053580584293e-29,1.5603747814535e-10
2030,0,0,2030,7.3346662078505e-08,-9.5608194973932e-25,2.1736446439811e-29,1.5603760019404e-10
2031,0,0,2031,7.3190624356521e-08,-1.0863485369928e-24,2.3578252292892e-29,1.5603772198365e-10
2032,0,0,2032,7.3034586513007e-08,-1.2276795042883e-24,2.5580905080483e-29,1.5603784351417e-10
2033,0,0,2033,7.2878548548222e-08,-1.380960524789e-24,2.7743864710614e-29,1.5603796478559e-10
2034,0,0,2034,7.2722510462424e-08,-1.5470564777944e-24,3.0063367493976e-29,1.5603808579792e-10
2035,0,0,2035,7.2566472255872e-08,-1.7267884531445e-24,3.2531487538377e-29,1.5603820655115e-10
2036,0,0,2036,7.2410433928827e-08,-1.9209045078158e-24,3.5135005895494e-29,1.5603832704529e-10
2037,0,0,2037,7.2254395481547e-08,-2.1300429200714e-24,3.7854052618268e-29,1.5603844728035e-10
2038,0,0,2038,7.209835691429e-08,-2.354686464611e-24,4.066048156167e-29,1.5603856725629e-10
2039,0,0,2039,7.1942318227317e-08,-2.5951059765268e-24,4.3515931656759e-29,1.5603868697314e-10
2040,0,0,2040,7.1786279420886e-08,-2.851291177719e-24,4.6369521415795e-29,1.5603880643092e-10
2041,0,0,2041,7.1630240495257e-08,-3.1228664013808e-24,4.9155115482784e-29,1.5603892562957e-10
2042,0,0,2042,7.1474201450688e-08,-3.4089884622441e-24,5.1788093016257e-29,1.5603904456915e-10
2043,0,0,2043,7.1318162287438e-08,-3.7082234758085e-24,5.416153745515e-29,1.5603916324961e-10
2044,0,0,2044,7.1162123005767e-08,-4.0183989213235e-24,5.6141755638223e-29,1.56039281671e-10
2045,0,0,2045,7.1006083605934e-08,-4.3364266626127e-24,5.7563021173336e-29,1.5603939983329e-10
2046,0,0,2046,7.0850044088197e-08,-4.6580919787628e-24,5.8221422223162e-29,1.5603951773648e-10
2047,0,0,2047,7.0694004452817e-08,-4.9778029031398e-24,5.786767731225e-29,1.5603963538055e-10
2048,0,0,2048,7.0537964700051e-08,-5.2882933129567e-24,5.6198764176848e-29,1.5603975276555e-10
2049,0,0,2049,7.038192483016e-08,-5.580272240408e-24,5.28481858687e-29,1.5603986989146e-10
2050,0,0,2050,7.0225884843402e-08,-5.8420107766959e-24,4.7374675068105e-29,1.5603998675825e-10
2051,0,0,2051,7.0069844740036e-08,-6.0588566972832e-24,3.9249111626294e-29,1.5604010336595e-10
2052,0,0,2052,6.9913804520321e-08,-6.2126655342718e-24,2.783939949495e-29,1.5604021971455e-10
2053,0,0,2053,6.9757764184517e-08,-6.2811352422877e-24,1.2393017150867e-29,1.5604033580406e-10
2054,0,0,2054,6.9601723732883e-08,-6.2370298285482e-24,-7.9830798868506e-30,1.5604045163446e-10
2055,0,0,2055,6.9445683165677e-08,-6.0472753252107e-24,-3.4345565104079e-29,1.5604056720578e-10
2056,0,0,2056,6.9289642483159e-08,-5.6719092503455e-24,-6.7941259550613e-29,1.5604068251798e-10
2057,0,0,2057,6.9133601685588e-08,-5.0628622090171e-24,-1.1023751448042e-28,1.5604079757111e-10
2058,0,0,2058,6.8977560773223e-08,-4.1625475024071e-24,-1.6295696189642e-28,1.5604091236511e-10
2059,0,0,2059,6.8821519746322e-08,-2.9022315134409e-24,-2.2811719400287e-28,1.5604102690004e-10
2060,0,0,2060,6.8665478605147e-08,-1.2001541932095e-24,-3.0807599496189e-28,1.5604114117584e-10
2061,0,0,2061,6.8509437349954e-08,1.0406348467216e-24,-4.0558281622753e-28,1.5604125519256e-10
2062,0,0,2062,6.8353395981004e-08,3.934763356887e-24,-5.2383726033994e-28,1.5604136895018e-10
2063,0,0,2063,6.8197354498555e-08,7.6173899735373e-24,-6.665554176137e-28,1.5604148244869e-10
2064,0,0,2064,6.8041312902867e-08,1.224747276811e-23,-8.3804498581765e-28,1.5604159568812e-10
2065,0,0,2065,6.7885271194199e-08,1.801150699365e-23,-1.0432901948228e-27,1.5604170866842e-10
2066,0,0,2066,6.7729229372809e-08,2.5127792387684e-23,-1.2880476563202e-27,1.5604182138965e-10
2067,0,0,2067,6.7573187438957e-08,3.3851297155741e-23,-1.5789543630182e-27,1.5604193385175e-10
2068,0,0,2068,6.7417145392903e-08,4.447919313378e-23,-1.9236491720251e-27,1.5604204605477e-10
2069,0,0,2069,6.7261103234904e-08,5.7357144642586e-23,-2.3309092230939e-27,1.5604215799868e-10
2070,0,0,2070,6.710506096522e-08,7.2886442231102e-23,-2.8108028635213e-27,1.560422696835e-10
2071,0,0,2071,6.6949018584111e-08,9.1532081883396e-23,-3.3748607770653e-27,1.5604238110921e-10
2072,0,0,2072,6.6792976091835e-08,1.1383190035454e-22,-4.0362671432767e-27,1.5604249227581e-10
2073,0,0,2073,6.6636933488652e-08,1.4040688811632e-22,-4.8100727848824e-27,1.5604260318332e-10
2074,0,0,2074,6.648089077482e-08,1.7197281293774e-22,-5.7134323926766e-27,1.5604271383173e-10
2075,0,0,2075,6.6324847950599e-08,2.0935329938925e-22,-6.7658680477244e-27,1.5604282422102e-10
2076,0,0,2076,6.6168805016248e-08,2.5349452252199e-22,-7.9895613870261e-27,1.5604293435123e-10
2077,0,0,2077,6.6012761972026e-08,3.054816875938e-22,-9.4096768779975e-27,1.5604304422232e-10
2078,0,0,2078,6.5856718818191e-08,3.665574819329e-22,-1.1054718775377e-26,1.5604315383433e-10
2079,0,0,2079,6.5700675555004e-08,4.3814269976079e-22,-1.2956924426848e-26,1.5604326318721e-10
2080,0,0,2080,6.5544632182723e-08,5.2185925592205e-22,-1.5152696665188e-26,1.56043372281e-10
2081,0,0,2081,6.5388588701607e-08,6.1955581983571e-22,-1.7683078068373e-26,1.5604348111568e-10
2082,0,0,2082,6.5232545111916e-08,7.3333631639258e-22,-2.0594269876794e-26,1.5604358969126e-10
2083,0,0,2083,6.5076501413908e-08,8.6559155572316e-22,-2.3938198318834e-26,1.5604369800773e-10
2084,0,0,2084,6.4920457607843e-08,1.0190342684364e-21,-2.7773131001091e-26,1.5604380606512e-10
2085,0,0,2085,6.476441369398e-08,1.1967378366887e-21,-3.2164345853669e-26,1.5604391386339e-10
2086,0,0,2086,6.4608369672577e-08,1.4021790238034e-21,-3.718485486776e-26,1.5604402140254e-10
2087,0,0,2087,6.4452325543895e-08,1.6392850155304e-21,-4.2916184502587e-26,1.560441286826e-10
2088,0,0,2088,6.4296281308191e-08,1.9124850936965e-21,-4.9449214148074e-26,1.5604423570356e-10
2089,0,0,2089,6.4140236965726e-08,2.2267672670689e-21,-5.6885073380394e-26,1.5604434246542e-10
2090,0,0,2090,6.3984192516758e-08,2.5877401836761e-21,-6.5336097905904e-26,1.5604444896815e-10
2091,0,0,2091,6.3828147961546e-08,3.0017006423215e-21,-7.4926843014822e-26,1.5604455521179e-10
2092,0,0,2092,6.367210330035e-08,3.4757070070208e-21,-8.5795152010582e-26,1.5604466119633e-10
2093,0,0,2093,6.3516058533428e-08,4.0176588047345e-21,-9.8093275386166e-26,1.5604476692174e-10
2094,0,0,2094,6.336001366104e-08,4.636382751777e-21,-1.1198903441469e-25,1.5604487238808e-10
2095,0,0,2095,6.3203968683444e-08,5.3417254049489e-21,-1.2766702022412e-25,1.560449775953e-10
2096,0,0,2096,6.3047923600901e-08,6.1446525664605e-21,-1.4532981623359e-25,1.560450825434e-10
2097,0,0,2097,6.2891878413669e-08,7.0573554831463e-21,-1.6519922792013e-25,1.5604518723239e-10
2098,0,0,2098,6.2735833122006e-08,8.0933637655317e-21,-1.8751749911177e-25,1.5604529166231e-10
2099,0,0,2099,6.2579787726173e-08,9.267664805261e-21,-2.1254848819099e-25,1.5604539583308e-10
2100,0,0,2100,6.2423742226428e-08,1.0596829283313e-20,-2.4057877052744e-25,1.5604549974478e-10
2101,0,0,2101,6.2267696623031e-08,1.2099142127995e-20,-2.7191862488748e-25,1.5604560339734e-10
2102,0,0,2102,6.211165091624e-08,1.3794737990888e-20,-3.0690285118352e-25,1.5604570679081e-10
2103,0,0,2103,6.1955605106315e-08,1.5705739948699e-20,-3.4589135436382e-25,1.5604580992517e-10
2104,0,0,2104,6.1799559193515e-08,1.7856399694917e-20,-3.8926941406548e-25,1.5604591280042e-10
2105,0,0,2105,6.1643513178098e-08,2.0273236939892e-20,-4.3744754134042e-25,1.5604601541656e-10
2106,0,0,2106,6.1487467060325e-08,2.2985175070818e-20,-4.9086080169771e-25,1.560461177736e-10
2107,0,0,2107,6.1331420840453e-08,2.602366930924e-20,-5.4996745715431e-25,1.5604621987152e-10
2108,0,0,2108,6.1175374518743e-08,2.9422822613591e-20,-6.152467480876e-25,1.5604632171034e-10
2109,0,0,2109,6.1019328095453e-08,3.3219483372845e-20,-6.871955974249e-25,1.5604642329006e-10
2110,0,0,2110,6.0863281570842e-08,3.7453317482813e-20,-7.6632397390426e-25,1.5604652461065e-10
2111,0,0,2111,6.070723494517e-08,4.2166845639855e-20,-8.5314859642465e-25,1.5604662567214e-10
2112,0,0,2112,6.0551188218695e-08,4.7405434569617e-20,-9.4818459628682e-25,1.5604672647452e-10
2113,0,0,2113,6.0395141391678e-08,5.3217228362953e-20,-1.0519346765938e-24,1.560468270178e-10
2114,0,0,2114,6.0239094464376e-08,5.9653003037931e-20,-1.1648752161711e-24,1.5604692730196e-10
2115,0,0,2115,6.0083047437049e-08,6.6765923793542e-20,-1.2874386567656e-24,1.5604702732702e-10
2116,0,0,2116,5.9927000309956e-08,7.4611180061011e-20,-1.4199913844118e-24,1.5604712709294e-10
2117,0,0,2117,5.9770953083356e-08,8.3245468270424e-20,-1.5628061659039e-24,1.5604722659979e-10
2118,0,0,2118,5.9614905757508e-08,9.2726286094995e-20,-1.7160280262472e-24,1.560473258475e-10
2119,0,0,2119,5.9458858332672e-08,1.0311099465634e-19,-1.8796322496028e-24,1.5604742483612e-10
2120,0,0,2120,5.9302810809107e-08,1.1445559659749e-19,-2.0533729513486e-24,1.5604752356562e-10
2121,0,0,2121,5.9146763187071e-08,1.2681316786431e-19,-2.2367203992951e-24,1.5604762203601e-10
2122,0,0,2122,5.8990715466823e-08,1.4023186927285e-19,-2.4287849549453e-24,1.5604772024729e-10
2123,0,0,2123,5.8834667648624e-08,1.5475245026001e-19,-2.6282251586758e-24,1.5604781819945e-10
2124,0,0,2124,5.8678619732731e-08,1.7040514138971e-19,-2.8331370944764e-24,1.5604791589251e-10
2125,0,0,2125,5.8522571719405e-08,1.8720581398923e-19,-3.0409217405123e-24,1.5604801332646e-10
2126,0,0,2126,5.8366523608904e-08,2.0515126450558e-19,-3.2481265434598e-24,1.5604811050128e-10
2127,0,0,2127,5.8210475401487e-08,2.242134576129e-19,-3.4502569524254e-24,1.56048207417e-10
2128,0,0,2128,5.8054427097413e-08,2.4433253563163e-19,-3.6415531213895e-24,1.5604830407361e-10
2129,0,0,2129,5.7898378696942e-08,2.6540837238222e-19,-3.8147264518569e-24,1.5604840047111e-10
2130,0,0,2130,5.7742330200332e-08,2.8729041724929e-19,-3.9606501209394e-24,1.5604849660949e-10
2131,0,0,2131,5.7586281607844e-08,3.097655402013e-19,-4.0679972543136e-24,1.5604859248876e-10
2132,0,0,2132,5.7430232919735e-08,3.3254355124675e-19,-4.1228199992268e-24,1.5604868810892e-10
2133,0,0,2133,5.7274184136265e-08,3.5524002906037e-19,-4.108062484265e-24,1.5604878346995e-10
2134,0,0,2134,5.7118135257693e-08,3.7735605442338e-19,-4.003000590706e-24,1.560488785719e-10
2135,0,0,2135,5.6962086284278e-08,3.9825440633128e-19,-3.7826016953283e-24,1.560489734147e-10
2136,0,0,2136,5.680603721628e-08,4.171317443979e-19,-3.4167981900589e-24,1.5604906799841e-10
2137,0,0,2137,5.6649988053957e-08,4.3298627356945e-19,-2.8696697800511e-24,1.56049162323e-10
2138,0,0,2138,5.6493938797568e-08,4.4458037013949e-19,-2.098531479177e-24,1.5604925638848e-10
2139,0,0,2139,5.6337889447373e-08,4.5039764673866e-19,-1.0529270644493e-24,1.5604935019484e-10
2140,0,0,2140,5.6181840003631e-08,4.4859395479606e-19,3.2646824160948e-25,1.5604944374208e-10
2141,0,0,2141,5.6025790466601e-08,4.3694187390018e-19,2.1090266421547e-24,1.5604953703022e-10
2142,0,0,2142,5.5869740836542e-08,4.127683282244e-19,4.3754117673159e-24,1.5604963005923e-10
2143,0,0,2143,5.5713691113713e-08,3.7288511233975e-19,7.2188620751221e-24,1.5604972282914e-10
2144,0,0,2144,5.5557641298373e-08,3.1351231598765e-19,1.074647613973e-23,1.5604981533993e-10
2145,0,0,2145,5.5401591390781e-08,2.3019492553945e-19,1.5080447671124e-23,1.560499075916e-10
2146,0,0,2146,5.5245541391197e-08,1.1771326685203e-19,2.0359180222424e-23,1.5604999958416e-10
2147,0,0,2147,5.5089491299879e-08,-3.001154008265e-20,2.6738190055177e-23,1.560500913176e-10
2148,0,0,2148,5.4933441117088e-08,-2.2001529843234e-19,3.4390680261294e-23,1.5605018279193e-10
2149,0,0,2149,5.477739084308e-08,-4.6038899900877e-19,4.3507639804333e-23,1.5605027400715e-10
2150,0,0,2150,5.4621340478117e-08,-7.6037401355492e-19,5.4297287632852e-23,1.5605036496324e-10
2151,0,0,2151,5.4465290022457e-08,-1.1304493984329e-18,6.6983644662917e-23,1.5605045566022e-10
2152,0,0,2152,5.4309239476359e-08,-1.58240506571e-18,8.1803975777145e-23,1.5605054609809e-10
2153,0,0,2153,5.4153188840082e-08,-2.1293929166272e-18,9.9004801016018e-23,1.5605063627684e-10
2154,0,0,2154,5.3997138113886e-08,-2.7859461284909e-18,1.1883613134733e-22,1.5605072619648e-10
2155,0,0,2155,5.3841087298029e-08,-3.5679546475486e-18,1.4154354194944e-22,1.56050815857e-10
2156,0,0,2156,5.368503639277e-08,-4.4925825910847e-18,1.6735765778003e-22,1.560509052584e-10
2157,0,0,2157,5.3528985398369e-08,-5.5781107469131e-18,1.9648059620495e-22,1.5605099440069e-10
2158,0,0,2158,5.3372934315086e-08,-6.8436847502902e-18,2.2906889461127e-22,1.5605108328386e-10
2159,0,0,2159,5.3216883143178e-08,-8.3089469243004e-18,2.6521245349585e-22,1.5605117190793e-10
2160,0,0,2160,5.3060831882905e-08,-9.9935273404499e-18,3.0490905532306e-22,1.5605126027287e-10
2161,0,0,2161,5.2904780534526e-08,-1.1916367595772e-17,3.4803408621321e-22,1.560513483787e-10
2162,0,0,2162,5.2748729098301e-08,-1.4094849382918e-17,3.9430520347355e-22,1.5605143622541e-10
2163,0,0,2163,5.2592677574488e-08,-1.6543699508698e-17,4.4324187276613e-22,1.5605152381301e-10
2164,0,0,2164,5.2436625963346e-08,-1.9273644066482e-17,4.9411996495884e-22,1.5605161114151e-10
2165,0,0,2165,5.2280574265135e-08,-2.228978761689e-17,5.4592198262392e-22,1.5605169821088e-10
2166,0,0,2166,5.2124522480114e-08,-2.5589699327504e-17,5.9728401962109e-22,1.5605178502114e-10
2167,0,0,2167,5.1968470608542e-08,-2.9161198235452e-17,6.464413023386e-22,1.5605187157229e-10
2168,0,0,2168,5.1812418650677e-08,-3.2979845773297e-17,6.9117520434999e-22,1.5605195786433e-10
2169,0,0,2169,5.165636660678e-08,-3.7006177801926e-17,7.2876609718186e-22,1.5605204389725e-10
2170,0,0,2170,5.1500314477109e-08,-4.1182744065062e-17,7.5595849362763e-22,1.5605212967107e-10
2171,0,0,2171,5.1344262261923e-08,-4.5431075270221e-17,7.6894794813373e-22,1.5605221518577e-10
2172,0,0,2172,5.1188209961482e-08,-4.9648774343062e-17,7.6340353218431e-22,1.5605230044136e-10
2173,0,0,2173,5.1032157576044e-08,-5.3707039693185e-17,7.3454602837224e-22,1.5605238543784e-10
2174,0,0,2174,5.0876105105869e-08,-5.7449090409819e-17,6.7731117971072e-22,1.5605247017521e-10
2175,0,0,2175,5.0720052551216e-08,-6.0690198905221e-17,5.8664063766782e-22,1.5605255465345e-10
2176,0,0,2176,5.0563999912343e-08,-6.3220377700469e-17,4.5796236193982e-22,1.560526388726e-10
2177,0,0,2177,5.040794718951e-08,-6.48112580447e-17,2.8794934230585e-22,1.5605272283261e-10
2178,0,0,2178,5.0251894382977e-08,-6.5229398272463e-17,7.5683381225144e-23,1.5605280653352e-10
2179,0,0,2179,5.0095841493001e-08,-6.4259246174714e-17,-1.7559752969265e-22,1.5605288997531e-10
2180,0,0,2180,4.9939788519844e-08,-6.1740347046893e-17,-4.5592074213561e-22,1.5605297315796e-10
2181,0,0,2181,4.9783735463762e-08,-5.7625245976887e-17,-7.4483329367102e-22,1.5605305608151e-10
2182,0,0,2182,4.9627682325016e-08,-5.206698782326e-17,-1.0060447258065e-21,1.5605313874591e-10
2183,0,0,2183,4.9471629103865e-08,-4.5548248626814e-17,-1.1798917945568e-21,1.5605322115118e-10
2184,0,0,2184,4.9315575800568e-08,-3.9067922445887e-17,-1.1729390387478e-21,1.5605330329733e-10
2185,0,0,2185,4.9159522415383e-08,-3.4405215146748e-17,-8.4395002114414e-22,1.5605338518433e-10
2186,0,0,2186,4.9003468948571e-08,-3.4485329850301e-17,1.4500761343083e-23,1.5605346681221e-10
2187,0,0,2187,4.8847415400389e-08,-7.8035370492058e-17,7.8825573561582e-21,1.5605354818252e-10
2188,0,0,2188,4.8691361771102e-08,-6.6746956412949e-17,-2.0432029483188e-21,1.560536292862e-10
2189,0,0,2189,4.8535308060966e-08,-6.2939850422755e-17,-6.8908618422513e-22,1.5605371013676e-10
2190,0,0,2190,4.8379254270237e-08,-6.3008830401299e-17,1.2485376116459e-23,1.5605379072821e-10
2191,0,0,2191,4.8223200399177e-08,-6.4685266352898e-17,3.034349072394e-22,1.5605387106054e-10
2192,0,0,2192,4.8067146448043e-08,-6.6607547389926e-17,3.4793286770208e-22,1.5605395113374e-10
2193,0,0,2193,4.7911092417095e-08,-6.8017350123699e-17,2.5517429481302e-22,1.5605403094783e-10
2194,0,0,2194,4.7755038306592e-08,-6.8548083743029e-17,9.6062785098698e-23,1.5605411050279e-10
2195,0,0,2195,4.7598984116794e-08,-6.8079645648759e-17,-8.4787295062887e-23,1.5605418979864e-10
2196,0,0,2196,4.7442929847958e-08,-6.6640158903604e-17,-2.6054710087303e-22,1.5605426883536e-10
2197,0,0,2197,4.7286875500346e-08,-6.4340561918347e-17,-4.1622705433145e-22,1.5605434761295e-10
2198,0,0,2198,4.7130821074214e-08,-6.1331904329783e-17,-5.445670235301e-22,1.5605442613143e-10
2199,0,0,2199,4.6974766569823e-08,-5.7778169952325e-17,-6.4322592231992e-22,1.5605450439077e-10
2200,0,0,2200,4.6818711987432e-08,-5.3839608321267e-17,-7.1287965522151e-22,1.5605458239099e-10
2201,0,0,2201,4.66626573273e-08,-4.9663101280632e-17,-7.55947774355e-22,1.5605466013207e-10
2202,0,0,2202,4.6506602589686e-08,-4.5377179327579e-17,-7.7575187350248e-22,1.5605473761403e-10
2203,0,0,2203,4.6350547774849e-08,-4.1090059800549e-17,-7.7596863439254e-22,1.5605481483686e-10
2204,0,0,2204,4.6194492883049e-08,-3.688960122306e-17,-7.6028300252554e-22,1.5605489180055e-10
2205,0,0,2205,4.6038437914544e-08,-3.2844425885155e-17,-7.3217673616073e-22,1.5605496850512e-10
2206,0,0,2206,4.5882382869593e-08,-2.9005706992448e-17,-6.9480811957991e-22,1.5605504495055e-10
2207,0,0,2207,4.5726327748456e-08,-2.5409283373483e-17,-6.5095267503273e-22,1.5605512113685e-10
2208,0,0,2208,4.5570272551392e-08,-2.2077878713433e-17,-6.0298424346906e-22,1.5605519706403e-10
2209,0,0,2209,4.541421727866e-08,-1.9023280576055e-17,-5.5288226286547e-22,1.5605527273208e-10
2210,0,0,2210,4.5258161930519e-08,-1.6248388551049e-17,-5.0225545652598e-22,1.5605534814099e-10
2211,0,0,2211,4.5102106507228e-08,-1.374907838746e-17,-4.5237513960971e-22,1.5605542329078e-10
2212,0,0,2212,4.4946051009047e-08,-1.1515855053085e-17,-4.0421342352191e-22,1.5605549818144e-10
2213,0,0,2213,4.4789995436234e-08,-9.5352857057106e-18,-3.5848305187469e-22,1.5605557281297e-10
2214,0,0,2214,4.4633939789049e-08,-7.7912158734871e-18,-3.1567663963246e-22,1.5605564718538e-10
2215,0,0,2215,4.447788406775e-08,-6.2657802964189e-18,-2.7610383944934e-22,1.5605572129865e-10
2216,0,0,2216,4.4321828272597e-08,-4.9402249879734e-18,-2.3992551082863e-22,1.5605579515281e-10
2217,0,0,2217,4.4165772403849e-08,-3.7955599380758e-18,-2.0718437403147e-22,1.5605586874783e-10
2218,0,0,2218,4.4009716461766e-08,-2.8130630946291e-18,-1.7783192866385e-22,1.5605594208373e-10
2219,0,0,2219,4.3853660446605e-08,-1.9746562869988e-18,-1.5175163218108e-22,1.560560151605e-10
2220,0,0,2220,4.3697604358627e-08,-1.2631729463189e-18,-1.2877848466308e-22,1.5605608797815e-10
2221,0,0,2221,4.354154819809e-08,-6.6253611123557e-19,-1.0871526715007e-22,1.5605616053666e-10
2222,0,0,2222,4.3385491965254e-08,-1.5786349989805e-19,-9.1345742652092e-23,1.5605623283605e-10
2223,0,0,2223,4.3229435660378e-08,2.6448545400319e-19,-7.6445160656125e-23,1.5605630487632e-10
2224,0,0,2224,4.307337928372e-08,6.1690763619843e-19,-6.3788414977337e-23,1.5605637665746e-10
2225,0,0,2225,4.2917322835541e-08,9.1058828413827e-19,-5.3156197277113e-23,1.5605644817948e-10
2226,0,0,2226,4.2761266316099e-08,1.1555577291286e-18,-4.4339469543241e-23,1.5605651944236e-10
2227,0,0,2227,4.2605209725652e-08,1.3607652007845e-18,-3.7142552369719e-23,1.5605659044612e-10
2228,0,0,2228,4.2449153064462e-08,1.5341635168458e-18,-3.1385095207101e-23,1.5605666119075e-10
2229,0,0,2229,4.2293096332785e-08,1.6827997729535e-18,-2.6903162355501e-23,1.5605673167626e-10
2230,0,0,2230,4.2137039530883e-08,1.8129082601278e-18,-2.3549636178538e-23,1.5605680190264e-10
2231,0,0,2231,4.1980982659013e-08,1.930002780175e-18,-2.1194108128548e-23,1.560568718699e-10
2232,0,0,2232,4.1824925717435e-08,2.0389663136129e-18,-1.9722399552265e-23,1.5605694157803e-10
2233,0,0,2233,4.1668868706408e-08,2.1441366362836e-18,-1.9035828403399e-23,1.5605701102703e-10
2234,0,0,2234,4.1512811626191e-08,2.2493869963125e-18,-1.905031516523e-23,1.560570802169e-10
2235,0,0,2235,4.1356754477043e-08,2.3582013693674e-18,-1.9695401522931e-23,1.5605714914765e-10
2236,0,0,2236,4.1200697259224e-08,2.4737441236192e-18,-2.0913238519577e-23,1.5605721781927e-10
2237,0,0,2237,4.1044639972992e-08,2.5989241616546e-18,-2.2657586884404e-23,1.5605728623176e-10
2238,0,0,2238,4.0888582618607e-08,2.736453778682e-18,-2.489286068197e-23,1.5605735438512e-10
2239,0,0,2239,4.0732525196328e-08,2.8889025969875e-18,-2.759323611329e-23,1.5605742227936e-10
2240,0,0,2240,4.0576467706413e-08,3.0587470164028e-18,-3.0741839914158e-23,1.5605748991447e-10
2241,0,0,2241,4.0420410149123e-08,3.2484156686641e-18,-3.4330026059311e-23,1.5605755729044e-10
2242,0,0,2242,4.0264352524716e-08,3.4603313876099e-18,-3.835674512918e-23,1.560576244073e-10
2243,0,0,2243,4.0108294833451e-08,3.6969502135114e-18,-4.2828007488166e-23,1.5605769126502e-10
2244,0,0,2244,3.9952237075587e-08,3.9607979436003e-18,-4.7756439146102e-23,1.5605775786362e-10
2245,0,0,2245,3.9796179251384e-08,4.2545047261539e-18,-5.3160927642193e-23,1.5605782420309e-10
2246,0,0,2246,3.96401213611e-08,4.5808381755725e-18,-5.9066354344765e-23,1.5605789028343e-10
2247,0,0,2247,3.9484063404996e-08,4.9427354632383e-18,-6.5503409067513e-23,1.5605795610465e-10
2248,0,0,2248,3.9328005383329e-08,5.3433348154695e-18,-7.2508482753859e-23,1.5605802166672e-10
2249,0,0,2249,3.9171947296359e-08,5.7860068269947e-18,-8.0123634086045e-23,1.5605808696967e-10
2250,0,0,2250,3.9015889144346e-08,6.2743859770677e-18,-8.839662616322e-23,1.5605815201349e-10
2251,0,0,2251,3.8859830927548e-08,6.8124027163319e-18,-9.7381029806813e-23,1.5605821679819e-10
2252,0,0,2252,3.8703772646224e-08,7.4043164762672e-18,-1.071363905483e-22,1.5605828132375e-10
2253,0,0,2253,3.8547714300634e-08,8.0547499398103e-18,-1.1772845690129e-22,1.5605834559018e-10
2254,0,0,2254,3.8391655891036e-08,8.7687249016452e-18,-1.2922946809212e-22,1.5605840959749e-10
2255,0,0,2255,3.8235597417691e-08,9.5517000397887e-18,-1.4171850000397e-22,1.5605847334566e-10
2256,0,0,2256,3.8079538880856e-08,1.0409610916398e-17,-1.5528186866621e-22,1.560585368347e-10
2257,0,0,2257,3.7923480280791e-08,1.1348912525162e-17,-1.7001359118636e-22,1.5605860006461e-10
2258,0,0,2258,3.7767421617756e-08,1.2376624705118e-17,-1.86015904572e-22,1.5605866303539e-10
2259,0,0,2259,3.7611362892009e-08,1.3500380746124e-17,-2.033998434222e-22,1.5605872574704e-10
2260,0,0,2260,3.7455304103809e-08,1.4728479519509e-17,-2.2228587798254e-22,1.5605878819956e-10
2261,0,0,2261,3.7299245253416e-08,1.6069941478383e-17,-2.4280461455618e-22,1.5605885039295e-10
2262,0,0,2262,3.7143186341089e-08,1.7534568885824e-17,-2.6509756074688e-22,1.560589123272e-10
2263,0,0,2263,3.6987127367087e-08,1.9133010645394e-17,-2.8931795848221e-22,1.5605897400232e-10
2264,0,0,2264,3.6831068331669e-08,2.087683212732e-17,-3.1563168822852e-22,1.5605903541831e-10
2265,0,0,2265,3.6675009235093e-08,2.2778590405041e-17,-3.4421824826757e-22,1.5605909657516e-10
2266,0,0,2266,3.6518950077621e-08,2.4851915340735e-17,-3.7527181336062e-22,1.5605915747289e-10
2267,0,0,2267,3.6362890859509e-08,2.7111596984843e-17,-4.0900237758347e-22,1.5605921811148e-10
2268,0,0,2268,3.6206831581018e-08,2.9573679783616e-17,-4.4563698657796e-22,1.5605927849093e-10
2269,0,0,2269,3.6050772242407e-08,3.2255564120272e-17,-4.8542106493479e-22,1.5605933861125e-10
2270,0,0,2270,3.5894712843934e-08,3.5176115749574e-17,-5.2861984490353e-22,1.5605939847244e-10
2271,0,0,2271,3.573865338586e-08,3.8355783722607e-17,-5.7551990311909e-22,1.560594580745e-10
2272,0,0,2272,3.5582593868443e-08,4.1816727438324e-17,-6.2643081254483e-22,1.5605951741742e-10
2273,0,0,2273,3.5426534291941e-08,4.5582953501095e-17,-6.8168691736147e-22,1.560595765012e-10
2274,0,0,2274,3.5270474656615e-08,4.9680463109284e-17,-7.4164923908217e-22,1.5605963532584e-10
2275,0,0,2275,3.5114414962724e-08,5.4137410748781e-17,-8.0670752274891e-22,1.5605969389135e-10
2276,0,0,2276,3.4958355210526e-08,5.8984275017656e-17,-8.7728243266655e-22,1.5605975219772e-10
2277,0,0,2277,3.4802295400281e-08,6.4254042463848e-17,-9.538279077607e-22,1.5605981024496e-10
2278,0,0,2278,3.4646235532248e-08,6.9982405377144e-17,-1.0368336873065e-21,1.5605986803305e-10
2279,0,0,2279,3.4490175606686e-08,7.6207974539952e-17,-1.1268280184683e-21,1.5605992556201e-10
2280,0,0,2280,3.4334115623855e-08,8.2972508008573e-17,-1.2243805578205e-21,1.5605998283183e-10
2281,0,0,2281,3.4178055584012e-08,9.0321157068152e-17,-1.3301054797838e-21,1.560600398425e-10
2282,0,0,2282,3.4021995487418e-08,9.8302730580409e-17,-1.4446648057186e-21,1.5606009659403e-10
2283,0,0,2283,3.3865935334332e-08,1.0696997902385e-16,-1.5687719682633e-21,1.5606015308643e-10
2284,0,0,2284,3.3709875125012e-08,1.1637989961167e-16,-1.7031956263953e-21,1.5606020931969e-10
2285,0,0,2285,3.3553814859718e-08,1.2659406396322e-16,-1.8487637476295e-21,1.5606026529379e-10
2286,0,0,2286,3.3397754538709e-08,1.3767896990108e-16,-2.0063679747533e-21,1.5606032100875e-10
2287,0,0,2287,3.3241694162245e-08,1.4970641904765e-16,-2.1769682955297e-21,1.5606037646457e-10
2288,0,0,2288,3.3085633730584e-08,1.6275392200282e-16,-2.361598034886e-21,1.5606043166124e-10
2289,0,0,2289,3.2929573243985e-08,1.7690513299867e-16,-2.5613691902481e-21,1.5606048659876e-10
2290,0,0,2290,3.2773512702708e-08,1.9225031604769e-16,-2.7774781318723e-21,1.5606054127713e-10
2291,0,0,2291,3.2617452107011e-08,2.0888684472881e-16,-3.0112116912836e-21,1.5606059569635e-10
2292,0,0,2292,3.2461391457155e-08,2.2691973789039e-16,-3.2639536622459e-21,1.5606064985643e-10
2293,0,0,2293,3.2305330753398e-08,2.4646223369184e-16,-3.537191740062e-21,1.5606070375733e-10
2294,0,0,2294,3.2149269995998e-08,2.676364045562e-16,-3.8325249264491e-21,1.560607573991e-10
2295,0,0,2295,3.1993209185217e-08,2.9057381576471e-16,-4.1516714287412e-21,1.560608107817e-10
2296,0,0,2296,3.1837148321312e-08,3.1541623059205e-16,-4.4964770837482e-21,1.5606086390515e-10
2297,0,0,2297,3.1681087404542e-08,3.4231636505753e-16,-4.8689243382511e-21,1.5606091676943e-10
2298,0,0,2298,3.1525026435168e-08,3.7143869555384e-16,-5.2711418198329e-21,1.5606096937455e-10
2299,0,0,2299,3.1368965413447e-08,4.0296032281098e-16,-5.7054145335422e-21,1.560610217205e-10
2300,0,0,2300,3.121290433964e-08,4.3707189585937e-16,-6.1741947217584e-21,1.5606107380729e-10
2301,0,0,2301,3.1056843214005e-08,4.7397859987362e-16,-6.6801134265792e-21,1.560611256349e-10
2302,0,0,2302,3.0900782036802e-08,5.1390121200667e-16,-7.2259927960811e-21,1.5606117720334e-10
2303,0,0,2303,3.0744720808289e-08,5.5707722956422e-16,-7.8148591779178e-21,1.560612285126e-10
2304,0,0,2304,3.0588659528726e-08,6.0376207512176e-16,-8.4499570459144e-21,1.5606127956268e-10
2305,0,0,2305,3.0432598198373e-08,6.5423038345102e-16,-9.1347638075967e-21,1.5606133035358e-10
2306,0,0,2306,3.0276536817487e-08,7.0877737540108e-16,-9.8730055429598e-21,1.560613808853e-10
2307,0,0,2307,3.012047538633e-08,7.6772032417029e-16,-1.0668673727227e-20,1.5606143115781e-10
2308,0,0,2308,2.9964413905158e-08,8.3140011971115e-16,-1.1526042992896e-20,1.5606148117114e-10
2309,0,0,2309,2.9808352374233e-08,9.001829373298e-16,-1.2449689988975e-20,1.5606153092526e-10
2310,0,0,2310,2.9652290793813e-08,9.7446201687706e-16,-1.3444513398054e-20,1.5606158042018e-10
2311,0,0,2311,2.9496229164157e-08,1.0546595592783e-15,-1.4515755174618e-20,1.5606162965588e-10
2312,0,0,2312,2.9340167485525e-08,1.1412287475154e-15,-1.5669023070921e-20,1.5606167863238e-10
2313,0,0,2313,2.9184105758175e-08,1.2346558995579e-15,-1.6910314519692e-20,1.5606172734964e-10
2314,0,0,2314,2.9028043982367e-08,1.3354627611381e-15,-1.8246041946019e-20,1.5606177580768e-10
2315,0,0,2315,2.8871982158361e-08,1.4442089466843e-15,-1.9683059583857e-20,1.5606182400648e-10
2316,0,0,2316,2.8715920286415e-08,1.5614945371587e-15,-2.1228691875865e-20,1.5606187194604e-10
2317,0,0,2317,2.8559858366789e-08,1.6879628440014e-15,-2.2890763538537e-20,1.5606191962635e-10
2318,0,0,2318,2.8403796399741e-08,1.8243033488521e-15,-2.4677631377966e-20,1.560619670474e-10
2319,0,0,2319,2.8247734385532e-08,1.9712548292114e-15,-2.6598217945037e-20,1.5606201420918e-10
2320,0,0,2320,2.809167232442e-08,2.1296086807158e-15,-2.8662047122303e-20,1.5606206111168e-10
2321,0,0,2321,2.7935610216665e-08,2.3002124472264e-15,-3.0879281738412e-20,1.5606210775489e-10
2322,0,0,2322,2.7779548062527e-08,2.4839735704834e-15,-3.3260763309512e-20,1.5606215413881e-10
2323,0,0,2323,2.7623485862263e-08,2.6818633716478e-15,-3.581805401077e-20,1.5606220026342e-10
2324,0,0,2324,2.7467423616135e-08,2.8949212776412e-15,-3.8563480984798e-20,1.560622461287e-10
2325,0,0,2325,2.73113613244e-08,3.1242593058044e-15,-4.1510183097545e-20,1.5606229173465e-10
2326,0,0,2326,2.7155298987319e-08,3.3710668210305e-15,-4.4672160255918e-20,1.5606233708124e-10
2327,0,0,2327,2.699923660515e-08,3.6366155801752e-15,-4.8064325405196e-20,1.5606238216847e-10
2328,0,0,2328,2.6843174178154e-08,3.9222650792251e-15,-5.1702559328022e-20,1.5606242699632e-10
2329,0,0,2329,2.6687111706589e-08,4.2294682193935e-15,-5.5603768370496e-20,1.5606247156478e-10
2330,0,0,2330,2.6531049190715e-08,4.5597773090323e-15,-5.9785945224624e-20,1.5606251587381e-10
2331,0,0,2331,2.6374986630792e-08,4.914850418977e-15,-6.4268232899982e-20,1.5606255992342e-10
2332,0,0,2332,2.6218924027078e-08,5.2964581097014e-15,-6.9070992021109e-20,1.5606260371357e-10
2333,0,0,2333,2.6062861379834e-08,5.7064905494284e-15,-7.4215871590592e-20,1.5606264724424e-10
2334,0,0,2334,2.5906798689319e-08,6.146965043137e-15,-7.972588336125e-20,1.5606269051542e-10
2335,0,0,2335,2.5750735955792e-08,6.6200339932147e-15,-8.5625479964079e-20,1.5606273352707e-10
2336,0,0,2336,2.5594673179512e-08,7.1279933133349e-15,-9.1940636941754e-20,1.5606277627917e-10
2337,0,0,2337,2.5438610360741e-08,7.6732913179782e-15,-9.8698938840433e-20,1.560628187717e-10
2338,0,0,2338,2.5282547499736e-08,8.2585381108807e-15,-1.0592966951535e-19,1.5606286100461e-10
2339,0,0,2339,2.5126484596758e-08,8.8865154965614e-15,-1.1366390680821e-19,1.560629029779e-10
2340,0,0,2340,2.4970421652067e-08,9.5601874399681e-15,-1.2193462175661e-19,1.5606294469151e-10
2341,0,0,2341,2.4814358665921e-08,1.0282711100176e-14,-1.307767824977e-19,1.5606298614542e-10
2342,0,0,2342,2.4658295638582e-08,1.1057448464983e-14,-1.4022746302994e-19,1.5606302733958e-10
2343,0,0,2343,2.4502232570308e-08,1.1887978614142e-14,-1.5032595699783e-19,1.5606306827397e-10
2344,0,0,2344,2.4346169461359e-08,1.277811063992e-14,-1.6111389666579e-19,1.5606310894854e-10
2345,0,0,2345,2.4190106311996e-08,1.3731897254544e-14,-1.7263537724705e-19,1.5606314936324e-10
2346,0,0,2346,2.4034043122478e-08,1.4753649115064e-14,-1.8493708675397e-19,1.5606318951803e-10
2347,0,0,2347,2.3877979893065e-08,1.5847949897025e-14,-1.9806844153502e-19,1.5606322941286e-10
2348,0,0,2348,2.3721916624017e-08,1.7019672149305e-14,-2.1208172766264e-19,1.5606326904767e-10
2349,0,0,2349,2.3565853315595e-08,1.8273993963305e-14,-2.2703224833401e-19,1.5606330842242e-10
2350,0,0,2350,2.3409789968058e-08,1.9616416490622e-14,-2.4297847744445e-19,1.5606334753704e-10
2351,0,0,2351,2.3253726581666e-08,2.1052782344154e-14,-2.5998221948931e-19,1.5606338639147e-10
2352,0,0,2352,2.3097663156681e-08,2.2589294918443e-14,-2.781087759463e-19,1.5606342498566e-10
2353,0,0,2353,2.2941599693361e-08,2.4232538665873e-14,-2.9742711828486e-19,1.5606346331952e-10
2354,0,0,2354,2.2785536191968e-08,2.5989500366111e-14,-3.1801006774308e-19,1.5606350139299e-10
2355,0,0,2355,2.2629472652762e-08,2.7867591426915e-14,-3.3993448200549e-19,1.5606353920599e-10
2356,0,0,2356,2.2473409076004e-08,2.987467125513e-14,-3.6328144890681e-19,1.5606357675843e-10
2357,0,0,2357,2.2317345461954e-08,3.2019071737325e-14,-3.881364872773e-19,1.5606361405025e-10
2358,0,0,2358,2.2161281810872e-08,3.4309622870112e-14,-4.1458975503446e-19,1.5606365108134e-10
2359,0,0,2359,2.2005218123021e-08,3.6755679580686e-14,-4.4273626461399e-19,1.5606368785161e-10
2360,0,0,2360,2.184915439866e-08,3.9367149778583e-14,-4.7267610581922e-19,1.5606372436096e-10
2361,0,0,2361,2.169309063805e-08,4.2154523679982e-14,-5.0451467615333e-19,1.5606376060929e-10
2362,0,0,2362,2.1537026841454e-08,4.5128904446181e-14,-5.3836291868194e-19,1.5606379659649e-10
2363,0,0,2363,2.1380963009131e-08,4.8302040177979e-14,-5.7433756745542e-19,1.5606383232244e-10
2364,0,0,2364,2.1224899141344e-08,5.1686357307813e-14,-6.1256140050007e-19,1.5606386778702e-10
2365,0,0,2365,2.1068835238354e-08,5.5294995431379e-14,-6.5316350036542e-19,1.5606390299009e-10
2366,0,0,2366,2.0912771300423e-08,5.9141843620278e-14,-6.9627952219071e-19,1.5606393793154e-10
2367,0,0,2367,2.0756707327812e-08,6.3241578256897e-14,-7.4205196922796e-19,1.560639726112e-10
2368,0,0,2368,2.0600643320783e-08,6.7609702432202e-14,-7.9063047573019e-19,1.5606400702895e-10
2369,0,0,2369,2.0444579279598e-08,7.2262586946475e-14,-8.4217209708346e-19,1.5606404118461e-10
2370,0,0,2370,2.028851520452e-08,7.7217512952154e-14,-8.9684160702791e-19,1.5606407507803e-10
2371,0,0,2371,2.0132451095811e-08,8.2492716276895e-14,-9.548118017782e-19,1.5606410870904e-10
2372,0,0,2372,1.9976386953733e-08,8.8107433463719e-14,-1.0162638108151e-18,1.5606414207745e-10
2373,0,0,2373,1.982032277855e-08,9.408194956361e-14,-1.0813874140801e-18,1.5606417518307e-10
2374,0,0,2374,1.9664258570525e-08,1.0043764771422e-13,-1.1503813652606e-18,1.5606420802572e-10
2375,0,0,2375,1.950819432992e-08,1.0719706053636e-13,-1.2234537208076e-18,1.5606424060517e-10
2376,0,0,2376,1.9352130056998e-08,1.1438392337768e-13,-1.3008221742787e-18,1.5606427292122e-10
2377,0,0,2377,1.9196065752025e-08,1.2202322943042e-13,-1.3827143955461e-18,1.5606430497365e-10
2378,0,0,2378,1.9040001415262e-08,1.3014128674729e-13,-1.4693683743536e-18,1.560643367622e-10
2379,0,0,2379,1.8883937046976e-08,1.387657771763e-13,-1.5610327676506e-18,1.5606436828664e-10
2380,0,0,2380,1.8727872647429e-08,1.479258172319e-13,-1.6579672500639e-18,1.5606439954671e-10
2381,0,0,2381,1.8571808216887e-08,1.5765202091593e-13,-1.7604428668091e-18,1.5606443054213e-10
2382,0,0,2382,1.8415743755614e-08,1.6797656449752e-13,-1.8687423882678e-18,1.5606446127264e-10
2383,0,0,2383,1.8259679263876e-08,1.7893325325659e-13,-1.9831606653914e-18,1.5606449173792e-10
2384,0,0,2384,1.8103614741939e-08,1.9055759019034e-13,-2.1040049850096e-18,1.5606452193769e-10
2385,0,0,2385,1.7947550190067e-08,2.028868466768e-13,-2.231595424048e-18,1.5606455187162e-10
2386,0,0,2386,1.7791485608528e-08,2.1596013508327e-13,-2.3662652015716e-18,1.5606458153938e-10
2387,0,0,2387,1.7635420997587e-08,2.2981848330144e-13,-2.508361027488e-18,1.5606461094062e-10
2388,0,0,2388,1.7479356357512e-08,2.4450491118348e-13,-2.6582434466505e-18,1.5606464007499e-10
2389,0,0,2389,1.732329168857e-08,2.6006450884652e-13,-2.8162871770104e-18,1.5606466894211e-10
2390,0,0,2390,1.7167226991028e-08,2.7654451680435e-13,-2.9828814403666e-18,1.5606469754161e-10
2391,0,0,2391,1.7011162265155e-08,2.9399440787708e-13,-3.1584302841639e-18,1.5606472587307e-10
2392,0,0,2392,1.6855097511219e-08,3.1246597082008e-13,-3.3433528926827e-18,1.5606475393607e-10
2393,0,0,2393,1.6699032729489e-08,3.3201339560383e-13,-3.5380838858586e-18,1.560647817302e-10
2394,0,0,2394,1.6542967920234e-08,3.5269336026601e-13,-3.7430736038548e-18,1.56064809255e-10
2395,0,0,2395,1.6386903083724e-08,3.7456511924612e-13,-3.9587883754011e-18,1.5606483650999e-10
2396,0,0,2396,1.6230838220229e-08,3.9769059310132e-13,-4.1857107677912e-18,1.5606486349472e-10
2397,0,0,2397,1.6074773330021e-08,4.221344594898e-13,-4.4243398163136e-18,1.5606489020868e-10
2398,0,0,2398,1.5918708413369e-08,4.4796424529513e-13,-4.6751912307649e-18,1.5606491665135e-10
2399,0,0,2399,1.5762643470547e-08,4.7525041975134e-13,-4.938797576574e-18,1.5606494282221e-10
2400,0,0,2400,1.5606578501826e-08,5.0406648841395e-13,-5.2157084279332e-18,1.5606496872072e-10
2401,0,0,2401,1.545051350748e-08,5.3448908780737e-13,-5.5064904902084e-18,1.5606499434629e-10
2402,0,0,2402,1.5294448487782e-08,5.6659808056298e-13,-5.8117276887657e-18,1.5606501969837e-10
2403,0,0,2403,1.5138383443005e-08,6.0047665084599e-13,-6.1320212212243e-18,1.5606504477634e-10
2404,0,0,2404,1.4982318373426e-08,6.3621139985157e-13,-6.4679895700106e-18,1.560650695796e-10
2405,0,0,2405,1.4826253279318e-08,6.738924411331e-13,-6.8202684719571e-18,1.5606509410751e-10
2406,0,0,2406,1.4670188160959e-08,7.1361349550636e-13,-7.1895108415597e-18,1.5606511835942e-10
2407,0,0,2407,1.4514123018624e-08,7.5547198525427e-13,-7.5763866443721e-18,1.5606514233467e-10
2408,0,0,2408,1.4358057852592e-08,7.9956912733654e-13,-7.9815827168904e-18,1.5606516603257e-10
2409,0,0,2409,1.4201992663139e-08,8.4601002528765e-13,-8.4058025291505e-18,1.5606518945242e-10
2410,0,0,2410,1.4045927450546e-08,8.9490375946521e-13,-8.8497658861379e-18,1.560652125935e-10
2411,0,0,2411,1.3889862215091e-08,9.4636347528834e-13,-9.314208563988e-18,1.5606523545509e-10
2412,0,0,2412,1.3733796957054e-08,1.000506469083e-12,-9.7998818768365e-18,1.5606525803644e-10
2413,0,0,2413,1.3577731676717e-08,1.0574542711276e-12,-1.030755217007e-17,1.5606528033677e-10
2414,0,0,2414,1.3421666374362e-08,1.117332725468e-12,-1.0838000235617e-17,1.5606530235532e-10
2415,0,0,2415,1.3265601050271e-08,1.1802720660472e-12,-1.1392020644828e-17,1.560653240913e-10
2416,0,0,2416,1.3109535704727e-08,1.2464069886681e-12,-1.1970420994391e-17,1.560653455439e-10
2417,0,0,2417,1.2953470338015e-08,1.315876718285e-12,-1.2574021060654e-17,1.560653667123e-10
2418,0,0,2418,1.2797404950419e-08,1.3888250710897e-12,-1.3203651857654e-17,1.5606538759568e-10
2419,0,0,2419,1.2641339542226e-08,1.4654005108361e-12,-1.3860154594092e-17,1.560654081932e-10
2420,0,0,2420,1.2485274113722e-08,1.5457561988164e-12,-1.4544379524428e-17,1.5606542850402e-10
2421,0,0,2421,1.2329208665194e-08,1.6300500368786e-12,-1.5257184689262e-17,1.5606544852727e-10
2422,0,0,2422,1.2173143196932e-08,1.7184447028461e-12,-1.5999434540126e-17,1.560654682621e-10
2423,0,0,2423,1.2017077709225e-08,1.8111076776738e-12,-1.6771998443814e-17,1.5606548770764e-10
2424,0,0,2424,1.1861012202362e-08,1.9082112636483e-12,-1.7575749061387e-17,1.5606550686302e-10
2425,0,0,2425,1.1704946676634e-08,2.0099325929137e-12,-1.8411560597028e-17,1.5606552572738e-10
2426,0,0,2426,1.1548881132334e-08,2.1164536255765e-12,-1.9280306911976e-17,1.5606554429983e-10
2427,0,0,2427,1.1392815569755e-08,2.2279611366197e-12,-2.0182859498821e-17,1.5606556257951e-10
2428,0,0,2428,1.1236749989189e-08,2.3446466908273e-12,-2.1120085311576e-17,1.5606558056557e-10
2429,0,0,2429,1.1080684390932e-08,2.4667066048994e-12,-2.2092844447034e-17,1.5606559825713e-10
2430,0,0,2430,1.0924618775279e-08,2.5943418959108e-12,-2.3101987673076e-17,1.5606561565335e-10
2431,0,0,2431,1.0768553142525e-08,2.7277582152467e-12,-2.4148353799785e-17,1.560656327534e-10
2432,0,0,2432,1.0612487492969e-08,2.8671657671219e-12,-2.5232766889419e-17,1.5606564955645e-10
2433,0,0,2433,1.0456421826907e-08,3.0127792107767e-12,-2.6356033301523e-17,1.5606566606171e-10
2434,0,0,2434,1.0300356144639e-08,3.1648175454163e-12,-2.7518938569766e-17,1.5606568226837e-10
2435,0,0,2435,1.0144290446463e-08,3.3235039769487e-12,-2.8722244107354e-17,1.5606569817569e-10
2436,0,0,2436,9.9882247326803e-09,3.4890657655578e-12,-2.9966683738249e-17,1.5606571378293e-10
2437,0,0,2437,9.8321590035909e-09,3.6617340531367e-12,-3.1252960051782e-17,1.5606572908939e-10
2438,0,0,2438,9.6760932594965e-09,3.8417436695935e-12,-3.2581740578682e-17,1.5606574409441e-10
2439,0,0,2439,9.5200275006992e-09,4.0293329170354e-12,-3.3953653786996e-17,1.5606575879735e-10
2440,0,0,2440,9.3639617275016e-09,4.2247433308304e-12,-3.5369284896879e-17,1.5606577319762e-10
2441,0,0,2441,9.2078959402069e-09,4.4282194165419e-12,-3.6829171513794e-17,1.560657872947e-10
2442,0,0,2442,9.0518301391188e-09,4.6400083617366e-12,-3.8333799080235e-17,1.560658010881e-10
2443,0,0,2443,8.8957643245414e-09,4.8603597216633e-12,-3.9883596146737e-17,1.5606581457737e-10
2444,0,0,2444,8.7396984967792e-09,5.089525077816e-12,-4.147892946363e-17,1.5606582776217e-10
2445,0,0,2445,8.583632656137e-09,5.3277576684e-12,-4.3120098895706e-17,1.5606584064217e-10
2446,0,0,2446,8.4275668029199e-09,5.5753119897413e-12,-4.4807332162778e-17,1.5606585321717e-10
2447,0,0,2447,8.2715009374329e-09,5.8324433676967e-12,-4.6540779409932e-17,1.5606586548698e-10
2448,0,0,2448,8.1154350599813e-09,6.0994074981506e-12,-4.8320507612148e-17,1.5606587745156e-10
2449,0,0,2449,7.9593691708704e-09,6.3764599557137e-12,-5.0146494818929e-17,1.5606588911092e-10
2450,0,0,2450,7.8033032704052e-09,6.6638556697774e-12,-5.2018624245529e-17,1.5606590046516e-10
2451,0,0,2451,7.6472373588907e-09,6.9618483671169e-12,-5.3936678218441e-17,1.5606591151451e-10
2452,0,0,2452,7.4911714366315e-09,7.2706899802874e-12,-5.5900331983865e-17,1.5606592225928e-10
2453,0,0,2453,7.3351055039316e-09,7.5906300211108e-12,-5.7909147389042e-17,1.5606593269989e-10
2454,0,0,2454,7.1790395610946e-09,7.9219149186108e-12,-5.9962566447495e-17,1.5606594283691e-10
2455,0,0,2455,7.0229736084236e-09,8.2647873208235e-12,-6.2059904800492e-17,1.5606595267101e-10
2456,0,0,2456,6.8669076462206e-09,8.6194853599853e-12,-6.4200345088293e-17,1.56065962203e-10
2457,0,0,2457,6.7108416747868e-09,8.9862418806819e-12,-6.6382930246088e-17,1.5606597143382e-10
2458,0,0,2458,6.5547756944223e-09,9.3652836306316e-12,-6.8606556740897e-17,1.5606598036457e-10
2459,0,0,2459,6.3987097054258e-09,9.7568304138754e-12,-7.0869967767127e-17,1.5606598899649e-10
2460,0,0,2460,6.2426437080948e-09,1.0161094206251e-11,-7.3171746419898e-17,1.56065997331e-10
2461,0,0,2461,6.0865777027251e-09,1.0578278233139e-11,-7.551030886677e-17,1.5606600536966e-10
2462,0,0,2462,5.9305116896109e-09,1.1008576009603e-11,-7.788389753998e-17,1.5606601311422e-10
2463,0,0,2463,5.7744456690443e-09,1.1452170343155e-11,-8.0290574372868e-17,1.560660205666e-10
2464,0,0,2464,5.6183796413154e-09,1.190923229954e-11,-8.2728214105705e-17,1.5606602772891e-10
2465,0,0,2465,5.4623136067119e-09,1.2379920132069e-11,-8.5194497687742e-17,1.5606603460347e-10
2466,0,0,2466,5.3062475655191e-09,1.2864378175184e-11,-8.7686905803852e-17,1.5606604119277e-10
2467,0,0,2467,5.1501815180196e-09,1.3362735703116e-11,-9.0202712555772e-17,1.5606604749952e-10
2468,0,0,2468,4.994115464493e-09,1.3875105754661e-11,-9.2738979329518e-17,1.5606605352665e-10
2469,0,0,2469,4.8380494052157e-09,1.440158392528e-11,-9.5292548882144e-17,1.5606605927729e-10
2470,0,0,2470,4.6819833404609e-09,1.4942247127946e-11,-9.7860039682569e-17,1.5606606475481e-10
2471,0,0,2471,4.5259172704981e-09,1.5497152324315e-11,-1.0043784054279e-16,1.560660699628e-10
2472,0,0,2472,4.369851195593e-09,1.6066335228057e-11,-1.0302210557722e-16,1.5606607490509e-10
2473,0,0,2473,4.2137851160072e-09,1.6649808982364e-11,-1.0560874952955e-16,1.5606607958574e-10
2474,0,0,2474,4.0577190319982e-09,1.7247562813897e-11,-1.081934435076e-16,1.5606608400907e-10
2475,0,0,2475,3.9016529438185e-09,1.7859560665657e-11,-1.1077161116853e-16,1.5606608817963e-10
2476,0,0,2476,3.7455868517163e-09,1.84857398115e-11,-1.1333842539746e-16,1.5606609210222e-10
2477,0,0,2477,3.5895207559344e-09,1.912600945528e-11,-1.1588880552428e-16,1.5606609578191e-10
2478,0,0,2478,3.4334546567104e-09,1.9780249317845e-11,-1.1841741512421e-16,1.5606609922401e-10
2479,0,0,2479,3.2773885542763e-09,2.0448308215352e-11,-1.2091866044879e-16,1.5606610243409e-10
2480,0,0,2480,3.1213224488583e-09,2.1130002632672e-11,-1.2338668953498e-16,1.5606610541798e-10
2481,0,0,2481,2.9652563406766e-09,2.182511529588e-11,-1.2581539204058e-16,1.5606610818177e-10
2482,0,0,2482,2.8091902299448e-09,2.2533393748117e-11,-1.2819839985498e-16,1.5606611073181e-10
2483,0,0,2483,2.65312411687e-09,2.3254548933392e-11,-1.3052908853471e-16,1.560661130747e-10
2484,0,0,2484,2.4970580016528e-09,2.3988253793134e-11,-1.328005796133e-16,1.560661152173e-10
2485,0,0,2485,2.340991884486e-09,2.4734141880623e-11,-1.3500574383554e-16,1.5606611716671e-10
2486,0,0,2486,2.1849257655558e-09,2.5491805998665e-11,-1.3713720536557e-16,1.5606611893028e-10
2487,0,0,2487,2.0288596450401e-09,2.626079686617e-11,-1.3918734701836e-16,1.5606612051562e-10
2488,0,0,2488,1.8727935231096e-09,2.7040621819558e-11,-1.4114831656336e-16,1.5606612193056e-10
2489,0,0,2489,1.7167273999264e-09,2.7830743555185e-11,-1.4301203414846e-16,1.5606612318315e-10
2490,0,0,2490,1.5606612756448e-09,2.8630578919225e-11,-1.4477020089126e-16,1.5606612428167e-10
2491,0,0,2491,1.4045951504101e-09,2.943949775173e-11,-1.4641430868338e-16,1.5606612523463e-10
2492,0,0,2492,1.2485290243594e-09,3.0256821791797e-11,-1.4793565125202e-16,1.5606612605069e-10
2493,0,0,2493,1.0924628976207e-09,3.1081823651028e-11,-1.4932533652091e-16,1.5606612673875e-10
2494,0,0,2494,9.3639677031285e-10,3.191372586269e-11,-1.5057430031088e-16,1.5606612730785e-10
2495,0,0,2495,7.8033064254566e-10,3.2751700014168e-11,-1.5167332141741e-16,1.5606612776719e-10
2496,0,0,2496,6.2426451441953e-10,3.3594865970522e-11,-1.5261303810007e-16,1.5606612812613e-10
2497,0,0,2497,4.6819838602538e-10,3.4442291197124e-11,-1.5338396601506e-16,1.5606612839414e-10
2498,0,0,2498,3.1213225744458e-10,3.5292990189495e-11,-1.5397651761911e-16,1.5606612858081e-10
2499,0,0,2499,1.560661287488e-10,3.6145924018603e-11,-1.5438102306847e-16,1.5606612869578e-10
2500,0,0,2500,0,3.7e-11,-1.545877526329e-16,1.560661287488e-10
