x,y,z,id,xi,xv,jvx,jix
0,0,0,0,0,3.7e-11,-2.5324079307525e-12,-1.1787123235534e-12
1,0,0,1,1.1753234984056e-12,1.4008545093644e-08,-2.5252914309979e-12,-1.1719347110716e-12
2,0,0,2,2.3416107005428e-12,2.7927669493003e-08,-2.5158037735382e-12,-1.1628989027842e-12
3,0,0,3,3.4988634001983e-12,4.1794383111814e-08,-2.5063183525943e-12,-1.1538653304129e-12
4,0,0,4,4.6470845616216e-12,5.5608702330458e-08,-2.496836330941e-12,-1.1448351567329e-12
5,0,0,5,5.7862782990722e-12,6.9370649882962e-08,-2.4873588509433e-12,-1.1358095241092e-12
6,0,0,6,6.9164498564831e-12,8.3080254744641e-08,-2.4778870346747e-12,-1.1267895546157e-12
7,0,0,7,8.0376055872461e-12,9.6737552020415e-08,-2.4684219840406e-12,-1.1177763501577e-12
8,0,0,8,9.1497529341222e-12,1.1034258283382e-07,-2.4589647809038e-12,-1.1087709925987e-12
9,0,0,9,1.025290040928e-11,1.2389539421672e-07,-2.4495164872158e-12,-1.0997745438899e-12
10,0,0,10,1.1347057574469e-11,1.3739603899975e-07,-2.4400781451493e-12,-1.0907880462046e-12
11,0,0,11,1.2432235021322e-11,1.5084457570355e-07,-2.4306507772361e-12,-1.0818125220745e-12
12,0,0,12,1.3508444351808e-11,1.6424106843067e-07,-2.4212353865067e-12,-1.0728489745304e-12
13,0,0,13,1.4575698158815e-11,1.7758558675841e-07,-2.4118329566337e-12,-1.0638983872453e-12
14,0,0,14,1.5634010006886e-11,1.9087820563226e-07,-2.4024444520784e-12,-1.0549617246804e-12
15,0,0,15,1.6683394413097e-11,2.041190052604e-07,-2.3930708182393e-12,-1.0460399322346e-12
16,0,0,16,1.7723866828095e-11,2.1730807100878e-07,-2.383712981604e-12,-1.0371339363956e-12
17,0,0,17,1.8755443617278e-11,2.3044549329729e-07,-2.3743718499034e-12,-1.0282446448946e-12
18,0,0,18,1.9778142042137e-11,2.4353136749657e-07,-2.3650483122684e-12,-1.0193729468627e-12
19,0,0,19,2.0791980241757e-11,2.5656579382585e-07,-2.3557432393886e-12,-1.0105197129896e-12
20,0,0,20,2.1796977214475e-11,2.6954887725162e-07,-2.3464574836738e-12,-1.0016857956854e-12
21,0,0,21,2.2793152799702e-11,2.8248072738717e-07,-2.3371918794165e-12,-9.9287202924266e-13
22,0,0,22,2.3780527659909e-11,2.9536145839309e-07,-2.3279472429573e-12,-9.8407923000238e-13
23,0,0,23,2.4759123262777e-11,3.0819118887865e-07,-2.3187243728517e-12,-9.7530819652024e-13
24,0,0,24,2.5728961863522e-11,3.2097004180414e-07,-2.3095240500388e-12,-9.6655970973542e-13
25,0,0,25,2.669006648738e-11,3.3369814438408e-07,-2.300347038011e-12,-9.5783453314059e-13
26,0,0,26,2.7642460912271e-11,3.4637562799149e-07,-2.2911940829859e-12,-9.4913341295356e-13
27,0,0,27,2.8586169651628e-11,3.5900262806299e-07,-2.2820659140792e-12,-9.4045707829016e-13
28,0,0,28,2.9521217937409e-11,3.7157928400494e-07,-2.2729632434787e-12,-9.3180624133851e-13
29,0,0,29,3.0447631703275e-11,3.8410573910052e-07,-2.2638867666201e-12,-9.2318159753444e-13
30,0,0,30,3.1365437567949e-11,3.9658214041779e-07,-2.254837162363e-12,-9.1458382573782e-13
31,0,0,31,3.227466281875e-11,4.0900863871869e-07,-2.2458150931687e-12,-9.0601358841004e-13
32,0,0,32,3.3175335395309e-11,4.2138538836911e-07,-2.2368212052781e-12,-8.9747153179231e-13
33,0,0,33,3.4067483873457e-11,4.3371254724984e-07,-2.2278561288911e-12,-8.889582860847e-13
34,0,0,34,3.4951137449298e-11,4.4599027666861e-07,-2.2189204783461e-12,-8.8047446562589e-13
35,0,0,35,3.5826325923459e-11,4.5821874127304e-07,-2.2100148523008e-12,-8.7202066907354e-13
36,0,0,36,3.6693079685525e-11,4.7039810896467e-07,-2.2011398339122e-12,-8.6359747958514e-13
37,0,0,37,3.7551429698648e-11,4.825285508139e-07,-2.1922959910189e-12,-8.5520546499938e-13
38,0,0,38,3.8401407484345e-11,4.9461024097605e-07,-2.1834838763223e-12,-8.4684517801778e-13
39,0,0,39,3.9243045107473e-11,5.0664335660828e-07,-2.1747040275683e-12,-8.3851715638657e-13
40,0,0,40,4.0076375161387e-11,5.1862807778766e-07,-2.16595696773e-12,-8.3022192307905e-13
41,0,0,41,4.0901430753283e-11,5.3056458743014e-07,-2.1572432051897e-12,-8.2195998647761e-13
42,0,0,42,4.1718245489719e-11,5.4245307121058e-07,-2.1485632339211e-12,-8.1373184055624e-13
43,0,0,43,4.2526853462322e-11,5.5429371748378e-07,-2.1399175336717e-12,-8.0553796506267e-13
44,0,0,44,4.3327289233675e-11,5.660867172065e-07,-2.1313065701453e-12,-7.9737882570085e-13
45,0,0,45,4.4119587823386e-11,5.7783226386052e-07,-2.1227307951837e-12,-7.8925487431277e-13
46,0,0,46,4.4903784694343e-11,5.8953055337663e-07,-2.1141906469487e-12,-7.8116654906043e-13
47,0,0,47,4.5679915739143e-11,6.0118178405977e-07,-2.1056865501036e-12,-7.7311427460749e-13
48,0,0,48,4.644801726671e-11,6.1278615651497e-07,-2.097218915995e-12,-7.6509846230038e-13
49,0,0,49,4.7208125989092e-11,6.2434387357449e-07,-2.0887881428324e-12,-7.571195103493e-13
50,0,0,50,4.7960279008432e-11,6.3585514022581e-07,-2.0803946158703e-12,-7.4917780400855e-13
51,0,0,51,4.8704513804132e-11,6.473201635407e-07,-2.0720387075866e-12,-7.4127371575651e-13
52,0,0,52,4.9440868220183e-11,6.5873915260525e-07,-2.0637207778629e-12,-7.3340760547477e-13
53,0,0,53,5.0169380452684e-11,6.7011231845089e-07,-2.0554411741627e-12,-7.2557982062722e-13
54,0,0,54,5.0890089037533e-11,6.8143987398638e-07,-2.04720023171e-12,-7.1779069643782e-13
55,0,0,55,5.1603032838299e-11,6.9272203393083e-07,-2.0389982736659e-12,-7.1004055606812e-13
56,0,0,56,5.2308251034272e-11,7.0395901474766e-07,-2.030835611306e-12,-7.0232971079392e-13
57,0,0,57,5.3005783108684e-11,7.1515103457953e-07,-2.0227125441962e-12,-6.9465846018101e-13
58,0,0,58,5.369566883711e-11,7.2629831318423e-07,-2.0146293603667e-12,-6.8702709226023e-13
59,0,0,59,5.437794827604e-11,7.3740107187161e-07,-2.0065863364876e-12,-6.7943588370151e-13
60,0,0,60,5.5052661751632e-11,7.4845953344136e-07,-1.998583738041e-12,-6.7188509998735e-13
61,0,0,61,5.5719849848625e-11,7.594739221218e-07,-1.9906218194936e-12,-6.6437499558469e-13
62,0,0,62,5.6379553399436e-11,7.7044446350965e-07,-1.9827008244682e-12,-6.569058141164e-13
63,0,0,63,5.7031813473419e-11,7.8137138451066e-07,-1.9748209859137e-12,-6.494777885316e-13
64,0,0,64,5.76766713663e-11,7.9225491328126e-07,-1.9669825262741e-12,-6.420911412746e-13
65,0,0,65,5.8314168589775e-11,8.0309527917107e-07,-1.9591856576571e-12,-6.3474608445322e-13
66,0,0,66,5.8944346861279e-11,8.1389271266641e-07,-1.9514305820007e-12,-6.2744282000574e-13
67,0,0,67,5.956724809392e-11,8.2464744533465e-07,-1.9437174912394e-12,-6.2018153986663e-13
68,0,0,68,6.0182914386578e-11,8.3535970976953e-07,-1.9360465674681e-12,-6.129624261313e-13
69,0,0,69,6.0791388014169e-11,8.4602973953736e-07,-1.9284179831065e-12,-6.057856512196e-13
70,0,0,70,6.1392711418071e-11,8.5665776912411e-07,-1.9208319010611e-12,-5.9865137803804e-13
71,0,0,71,6.1986927196709e-11,8.6724403388346e-07,-1.9132884748856e-12,-5.9155976014059e-13
72,0,0,72,6.2574078096305e-11,8.7778876998559e-07,-1.9057878489412e-12,-5.8451094188884e-13
73,0,0,73,6.3154207001783e-11,8.8829221436705e-07,-1.898330158555e-12,-5.775050586099e-13
74,0,0,74,6.3727356927836e-11,8.9875460468128e-07,-1.890915530177e-12,-5.7054223675408e-13
75,0,0,75,6.4293571010143e-11,9.0917617925019e-07,-1.8835440815357e-12,-5.6362259405003e-13
76,0,0,76,6.4852892496744e-11,9.1955717701647e-07,-1.8762159217931e-12,-5.5674623965983e-13
77,0,0,77,6.5405364739572e-11,9.2989783749678e-07,-1.868931151697e-12,-5.4991327433177e-13
78,0,0,78,6.5951031186134e-11,9.4019840073582e-07,-1.8616898637337e-12,-5.4312379055192e-13
79,0,0,79,6.6489935371339e-11,9.5045910726119e-07,-1.854492142277e-12,-5.3637787269483e-13
80,0,0,80,6.7022120909484e-11,9.6068019803907e-07,-1.8473380637385e-12,-5.2967559717187e-13
81,0,0,81,6.7547631486379e-11,9.7086191443076e-07,-1.8402276967141e-12,-5.2301703257933e-13
82,0,0,82,6.8066510851629e-11,9.8100449815001e-07,-1.8331611021301e-12,-5.1640223984401e-13
83,0,0,83,6.8578802811049e-11,9.9110819122112e-07,-1.8261383333891e-12,-5.0983127236798e-13
84,0,0,84,6.9084551219233e-11,1.0011732359379e-06,-1.819159436511e-12,-5.0330417617183e-13
85,0,0,85,6.9583799972258e-11,1.0111998748233e-06,-1.8122244502763e-12,-4.9682099003634e-13
86,0,0,86,7.0076593000535e-11,1.02118835059e-06,-1.8053334063661e-12,-4.9038174564252e-13
87,0,0,87,7.0562974261793e-11,1.0311389061016e-06,-1.7984863295002e-12,-4.8398646771045e-13
88,0,0,88,7.1042987734209e-11,1.0410517843347e-06,-1.7916832375749e-12,-4.7763517413687e-13
89,0,0,89,7.1516677409663e-11,1.0509272283415e-06,-1.7849241417989e-12,-4.7132787613047e-13
90,0,0,90,7.1984087287138e-11,1.0607654812137e-06,-1.7782090468274e-12,-4.6506457834648e-13
91,0,0,91,7.2445261366251e-11,1.0705667860461e-06,-1.7715379508942e-12,-4.5884527901949e-13
92,0,0,92,7.290024364091e-11,1.0803313859023e-06,-1.7649108459449e-12,-4.5266997009451e-13
93,0,0,93,7.3349078093109e-11,1.0900595237799e-06,-1.7583277177642e-12,-4.4653863735718e-13
94,0,0,94,7.3791808686848e-11,1.0997514425772e-06,-1.7517885461063e-12,-4.4045126056146e-13
95,0,0,95,7.4228479362182e-11,1.1094073850602e-06,-1.7452933048209e-12,-4.3440781355729e-13
96,0,0,96,7.4659134029392e-11,1.1190275938301e-06,-1.7388419619777e-12,-4.2840826441498e-13
97,0,0,97,7.5083816563288e-11,1.1286123112926e-06,-1.7324344799922e-12,-4.2245257554951e-13
98,0,0,98,7.5502570797624e-11,1.1381617796263e-06,-1.7260708157457e-12,-4.1654070384284e-13
99,0,0,99,7.5915440519645e-11,1.1476762407529e-06,-1.7197509207072e-12,-4.1067260076445e-13
100,0,0,100,7.6322469464751e-11,1.1571559363075e-06,-1.7134747410536e-12,-4.0484821249063e-13
101,0,0,101,7.6723701311269e-11,1.1666011076102e-06,-1.7072422177853e-12,-3.9906748002276e-13
102,0,0,102,7.7119179675362e-11,1.1760119956374e-06,-1.7010532868443e-12,-3.9333033930275e-13
103,0,0,103,7.7508948106031e-11,1.1853888409945e-06,-1.6949078792285e-12,-3.8763672132857e-13
104,0,0,104,7.7893050080252e-11,1.194731883889e-06,-1.6888059211044e-12,-3.8198655226724e-13
105,0,0,105,7.8271528998204e-11,1.2040413641042e-06,-1.68274733392e-12,-3.7637975356677e-13
106,0,0,106,7.8644428178631e-11,1.2133175209732e-06,-1.6767320345145e-12,-3.7081624206626e-13
107,0,0,107,7.9011790854291e-11,1.2225605933543e-06,-1.6707599352265e-12,-3.652959301052e-13
108,0,0,108,7.9373660167529e-11,1.2317708196063e-06,-1.6648309440035e-12,-3.5981872563046e-13
109,0,0,109,7.9730079165951e-11,1.2409484375642e-06,-1.6589449645049e-12,-3.5438453230256e-13
110,0,0,110,8.00810907982e-11,1.2500936845168e-06,-1.6531018962095e-12,-3.4899324959987e-13
111,0,0,111,8.042673790984e-11,1.2592067971829e-06,-1.6473016345167e-12,-3.4364477292204e-13
112,0,0,112,8.0767063239342e-11,1.26828801169e-06,-1.6415440708482e-12,-3.3833899369102e-13
113,0,0,113,8.1102109414168e-11,1.277337563552e-06,-1.6358290927486e-12,-3.3307579945195e-13
114,0,0,114,8.1431918946955e-11,1.2863556876486e-06,-1.6301565839844e-12,-3.2785507397124e-13
115,0,0,115,8.1756534231798e-11,1.2953426182045e-06,-1.624526424641e-12,-3.2267669733432e-13
116,0,0,116,8.207599754063e-11,1.3042985887695e-06,-1.618938491218e-12,-3.1754054604137e-13
117,0,0,117,8.2390351019695e-11,1.3132238321989e-06,-1.6133926567249e-12,-3.124464931018e-13
118,0,0,118,8.2699636686116e-11,1.3221185806348e-06,-1.6078887907732e-12,-3.0739440812751e-13
119,0,0,119,8.3003896424554e-11,1.3309830654872e-06,-1.6024267596691e-12,-3.0238415742469e-13
120,0,0,120,8.330317198396e-11,1.3398175174165e-06,-1.5970064265025e-12,-2.974156040838e-13
121,0,0,121,8.3597504974415e-11,1.348622166316e-06,-1.591627651238e-12,-2.9248860806899e-13
122,0,0,122,8.3886936864055e-11,1.3573972412944e-06,-1.5862902907999e-12,-2.8760302630558e-13
123,0,0,123,8.4171508976094e-11,1.36614297066e-06,-1.580994199161e-12,-2.8275871276621e-13
124,0,0,124,8.4451262485917e-11,1.3748595819043e-06,-1.5757392274266e-12,-2.7795551855618e-13
125,0,0,125,8.4726238418268e-11,1.3835473016865e-06,-1.5705252239177e-12,-2.7319329199663e-13
126,0,0,126,8.4996477644518e-11,1.3922063558185e-06,-1.5653520342533e-12,-2.6847187870739e-13
127,0,0,127,8.5262020880013e-11,1.4008369692501e-06,-1.5602195014328e-12,-2.637911216875e-13
128,0,0,128,8.5522908681504e-11,1.409439366055e-06,-1.5551274659144e-12,-2.5915086139538e-13
129,0,0,129,8.5779181444657e-11,1.4180137694167e-06,-1.5500757656934e-12,-2.5455093582704e-13
130,0,0,130,8.6030879401634e-11,1.4265604016156e-06,-1.5450642363809e-12,-2.4999118059325e-13
131,0,0,131,8.6278042618762e-11,1.4350794840157e-06,-1.5400927112782e-12,-2.4547142899562e-13
132,0,0,132,8.6520710994266e-11,1.4435712370525e-06,-1.5351610214523e-12,-2.4099151210142e-13
133,0,0,133,8.675892425608e-11,1.4520358802205e-06,-1.5302689958088e-12,-2.3655125881651e-13
134,0,0,134,8.6992721959736e-11,1.4604736320616e-06,-1.5254164611649e-12,-2.3215049595823e-13
135,0,0,135,8.7222143486314e-11,1.468884710154e-06,-1.5206032423197e-12,-2.277890483259e-13
136,0,0,136,8.7447228040472e-11,1.4772693311013e-06,-1.5158291621246e-12,-2.2346673877098e-13
137,0,0,137,8.766801464854e-11,1.4856277105216e-06,-1.5110940415514e-12,-2.1918338826558e-13
138,0,0,138,8.7884542156681e-11,1.4939600630379e-06,-1.5063976997598e-12,-2.1493881596992e-13
139,0,0,139,8.8096849229122e-11,1.5022666022678e-06,-1.5017399541647e-12,-2.1073283929858e-13
140,0,0,140,8.8304974346451e-11,1.5105475408144e-06,-1.4971206205001e-12,-2.0656527398579e-13
141,0,0,141,8.8508955803974e-11,1.5188030902571e-06,-1.4925395128832e-12,-2.0243593414944e-13
142,0,0,142,8.8708831710138e-11,1.527033461143e-06,-1.4879964438785e-12,-1.9834463235382e-13
143,0,0,143,8.8904639985019e-11,1.5352388629784e-06,-1.483491224558e-12,-1.9429117967139e-13
144,0,0,144,8.9096418358865e-11,1.5434195042209e-06,-1.4790236645632e-12,-1.9027538574375e-13
145,0,0,145,8.9284204370706e-11,1.5515755922716e-06,-1.474593572164e-12,-1.8629705884072e-13
146,0,0,146,8.9468035367013e-11,1.5597073334678e-06,-1.4702007543169e-12,-1.8235600591944e-13
147,0,0,147,8.9647948500428e-11,1.5678149330758e-06,-1.4658450167235e-12,-1.7845203268134e-13
148,0,0,148,8.982398072854e-11,1.5758985952843e-06,-1.4615261638858e-12,-1.7458494362869e-13
149,0,0,149,8.9996168812719e-11,1.5839585231981e-06,-1.4572439991617e-12,-1.7075454212003e-13
150,0,0,150,9.0164549317013e-11,1.5919949188314e-06,-1.4529983248204e-12,-1.6696063042429e-13
151,0,0,151,9.0329158607082e-11,1.6000079831028e-06,-1.4487889420945e-12,-1.6320300977443e-13
152,0,0,152,9.0490032849203e-11,1.6079979158291e-06,-1.4446156512327e-12,-1.5948148041924e-13
153,0,0,153,9.0647208009315e-11,1.6159649157202e-06,-1.440478251551e-12,-1.5579584167515e-13
154,0,0,154,9.0800719852116e-11,1.6239091803744e-06,-1.4363765414835e-12,-1.5214589197634e-13
155,0,0,155,9.0950603940216e-11,1.6318309062732e-06,-1.4323103186312e-12,-1.4853142892397e-13
156,0,0,156,9.1096895633332e-11,1.6397302887774e-06,-1.4282793798108e-12,-1.449522493348e-13
157,0,0,157,9.1239630087531e-11,1.6476075221225e-06,-1.4242835211016e-12,-1.4140814928873e-13
158,0,0,158,9.1378842254529e-11,1.6554627994151e-06,-1.4203225378928e-12,-1.3789892417501e-13
159,0,0,159,9.151456688102e-11,1.663296312629e-06,-1.4163962249288e-12,-1.3442436873804e-13
160,0,0,160,9.1646838508068e-11,1.6711082526018e-06,-1.4125043763538e-12,-1.3098427712223e-13
161,0,0,161,9.1775691470526e-11,1.6788988090322e-06,-1.4086467857552e-12,-1.2757844291548e-13
162,0,0,162,9.1901159896516e-11,1.6866681704764e-06,-1.4048232462079e-12,-1.2420665919249e-13
163,0,0,163,9.2023277706932e-11,1.6944165243458e-06,-1.4010335503145e-12,-1.208687185565e-13
164,0,0,164,9.2142078615002e-11,1.7021440569043e-06,-1.3972774902483e-12,-1.1756441318076e-13
165,0,0,165,9.225759612588e-11,1.7098509532666e-06,-1.3935548577925e-12,-1.142935348486e-13
166,0,0,166,9.2369863536281e-11,1.7175373973955e-06,-1.3898654443797e-12,-1.1105587499316e-13
167,0,0,167,9.2478913934154e-11,1.7252035721005e-06,-1.3862090411317e-12,-1.0785122473602e-13
168,0,0,168,9.25847801984e-11,1.732849659036e-06,-1.3825854388962e-12,-1.0467937492525e-13
169,0,0,169,9.2687494998613e-11,1.7404758387002e-06,-1.3789944282842e-12,-1.0154011617216e-13
170,0,0,170,9.2787090794871e-11,1.7480822904338e-06,-1.3754357997065e-12,-9.8433238887691e-14
171,0,0,171,9.288359983756e-11,1.7556691924186e-06,-1.3719093434094e-12,-9.5358533318186e-14
172,0,0,172,9.2977054167225e-11,1.7632367216775e-06,-1.3684148495088e-12,-9.231578957995e-14
173,0,0,173,9.3067485614466e-11,1.7707850540732e-06,-1.3649521080248e-12,-8.9304797693131e-14
174,0,0,174,9.3154925799862e-11,1.7783143643083e-06,-1.3615209089143e-12,-8.6325347615067e-14
175,0,0,175,9.3239406133928e-11,1.7858248259244e-06,-1.3581210421044e-12,-8.3377229272848e-14
176,0,0,176,9.3320957817102e-11,1.793316611303e-06,-1.3547522975235e-12,-8.0460232595015e-14
177,0,0,177,9.3399611839772e-11,1.8007898916647e-06,-1.3514144651323e-12,-7.7574147542781e-14
178,0,0,178,9.3475398982322e-11,1.80824483707e-06,-1.3481073349547e-12,-7.4718764140017e-14
179,0,0,179,9.3548349815216e-11,1.8156816164196e-06,-1.3448306971071e-12,-7.1893872503344e-14
180,0,0,180,9.3618494699108e-11,1.8231003974551e-06,-1.3415843418276e-12,-6.909926287108e-14
181,0,0,181,9.3685863784982e-11,1.8305013467596e-06,-1.3383680595041e-12,-6.6334725631212e-14
182,0,0,182,9.375048701432e-11,1.8378846297587e-06,-1.3351816407022e-12,-6.3600051349571e-14
183,0,0,183,9.3812394119293e-11,1.8452504107218e-06,-1.3320248761914e-12,-6.08950307963e-14
184,0,0,184,9.3871614622988e-11,1.8525988527628e-06,-1.3288975569733e-12,-5.8219454972586e-14
185,0,0,185,9.3928177839649e-11,1.859930117842e-06,-1.3257994743053e-12,-5.5573115136402e-14
186,0,0,186,9.3982112874952e-11,1.8672443667675e-06,-1.3227304197271e-12,-5.2955802827532e-14
187,0,0,187,9.4033448626305e-11,1.8745417591965e-06,-1.3196901850843e-12,-5.036730989187e-14
188,0,0,188,9.4082213783162e-11,1.8818224536373e-06,-1.3166785625534e-12,-4.7807428505714e-14
189,0,0,189,9.4128436827378e-11,1.8890866074514e-06,-1.3136953446635e-12,-4.5275951198931e-14
190,0,0,190,9.4172146033566e-11,1.8963343768553e-06,-1.3107403243209e-12,-4.2772670877603e-14
191,0,0,191,9.4213369469497e-11,1.9035659169225e-06,-1.3078132948295e-12,-4.0297380846146e-14
192,0,0,192,9.4252134996503e-11,1.9107813815862e-06,-1.3049140499139e-12,-3.7849874829137e-14
193,0,0,193,9.4288470269918e-11,1.9179809236414e-06,-1.3020423837397e-12,-3.5429946992346e-14
194,0,0,194,9.4322402739527e-11,1.9251646947475e-06,-1.2991980909335e-12,-3.3037391962752e-14
195,0,0,195,9.4353959650042e-11,1.9323328454308e-06,-1.2963809666037e-12,-3.067200484932e-14
196,0,0,196,9.4383168041595e-11,1.9394855250875e-06,-1.2935908063607e-12,-2.8333581261612e-14
197,0,0,197,9.4410054750251e-11,1.9466228819861e-06,-1.290827406333e-12,-2.6021917329233e-14
198,0,0,198,9.4434646408541e-11,1.9537450632709e-06,-1.2880905631889e-12,-2.3736809720176e-14
199,0,0,199,9.4456969446009e-11,1.9608522149644e-06,-1.2853800741519e-12,-2.1478055658609e-14
200,0,0,200,9.447705008978e-11,1.9679444819711e-06,-1.2826957370194e-12,-1.9245452942093e-14
201,0,0,201,9.4494914365145e-11,1.9750220080802e-06,-1.2800373501803e-12,-1.7038799959055e-14
202,0,0,202,9.4510588096162e-11,1.982084935969e-06,-1.2774047126291e-12,-1.4857895704759e-14
203,0,0,203,9.4524096906272e-11,1.9891334072068e-06,-1.2747976239841e-12,-1.2702539797444e-14
204,0,0,204,9.4535466218932e-11,1.9961675622576e-06,-1.2722158845016e-12,-1.0572532494032e-14
205,0,0,205,9.4544721258262e-11,2.0031875404842e-06,-1.2696592950921e-12,-8.4676747048679e-15
206,0,0,206,9.4551887049712e-11,2.0101934801521e-06,-1.2671276573339e-12,-6.3877680085546e-15
207,0,0,207,9.4556988420733e-11,2.0171855184324e-06,-1.2646207734881e-12,-4.3326146662743e-15
208,0,0,208,9.4560050001472e-11,2.0241637914065e-06,-1.2621384465115e-12,-2.3020176352298e-15
209,0,0,209,9.4561096225478e-11,2.0311284340693e-06,-1.2596804800707e-12,-2.9578058224158e-16
210,0,0,210,9.4560151330413e-11,2.0380795803337e-06,-1.2572466785552e-12,1.6862921032759e-15
211,0,0,211,9.4557239358791e-11,2.0450173630344e-06,-1.2548368470889e-12,3.6443952970617e-15
212,0,0,212,9.4552384158715e-11,2.0519419139319e-06,-1.2524507915429e-12,5.5787231276005e-15
213,0,0,213,9.454560938463e-11,2.0588533637168e-06,-1.2500883185476e-12,7.4894689644388e-15
214,0,0,214,9.4536938498097e-11,2.0657518420141e-06,-1.2477492355038e-12,9.376825407018e-15
215,0,0,215,9.4526394768561e-11,2.0726374773873e-06,-1.2454333505923e-12,1.1240984273404e-14
216,0,0,216,9.4514001274146e-11,2.079510397343e-06,-1.2431404727878e-12,1.3082136589896e-14
217,0,0,217,9.4499780902447e-11,2.086370728335e-06,-1.2408704118651e-12,1.490047258053e-14
218,0,0,218,9.4483756351344e-11,2.093218595769e-06,-1.2386229784119e-12,1.6696181657518e-14
219,0,0,219,9.4465950129818e-11,2.1000541240072e-06,-1.2363979838379e-12,1.8469452411526e-14
220,0,0,220,9.4446384558776e-11,2.1068774363725e-06,-1.2341952403825e-12,2.0220472602264e-14
221,0,0,221,9.442508177189e-11,2.1136886551535e-06,-1.2320145611254e-12,2.1949429150166e-14
222,0,0,222,9.4402063716441e-11,2.120487901609e-06,-1.2298557599949e-12,2.365650812708e-14
223,0,0,223,9.4377352154174e-11,2.1272752959726e-06,-1.2277186517742e-12,2.5341894748878e-14
224,0,0,224,9.4350968662156e-11,2.1340509574577e-06,-1.2256030521122e-12,2.7005773367029e-14
225,0,0,225,9.4322934633647e-11,2.1408150042623e-06,-1.2235087775288e-12,2.8648327460998e-14
226,0,0,226,9.4293271278978e-11,2.1475675535734e-06,-1.2214356454236e-12,3.026973963137e-14
227,0,0,227,9.4261999626431e-11,2.1543087215726e-06,-1.2193834740817e-12,3.187019159251e-14
228,0,0,228,9.4229140523131e-11,2.1610386234404e-06,-1.2173520826822e-12,3.3449864165996e-14
229,0,0,229,9.4194714635945e-11,2.1677573733613e-06,-1.2153412913017e-12,3.5008937274107e-14
230,0,0,230,9.4158742452382e-11,2.1744650845293e-06,-1.213350920923e-12,3.6547589934031e-14
231,0,0,231,9.4121244281501e-11,2.1811618691519e-06,-1.2113807934399e-12,3.8066000251607e-14
232,0,0,232,9.408224025483e-11,2.1878478384563e-06,-1.2094307316634e-12,3.9564345416059e-14
233,0,0,233,9.4041750327283e-11,2.1945231026936e-06,-1.2075005593258e-12,4.1042801694455e-14
234,0,0,234,9.3999794278087e-11,2.2011877711444e-06,-1.2055901010874e-12,4.250154442696e-14
235,0,0,235,9.3956391711708e-11,2.2078419521237e-06,-1.2036991825388e-12,4.3940748021709e-14
236,0,0,236,9.3911562058791e-11,2.2144857529861e-06,-1.2018276302091e-12,4.5360585950473e-14
237,0,0,237,9.3865324577097e-11,2.2211192801312e-06,-1.199975271566e-12,4.6761230744307e-14
238,0,0,238,9.3817698352445e-11,2.2277426390086e-06,-1.1974594493055e-12,4.8655947368219e-14
239,0,0,239,9.376870229852e-11,2.2343559341168e-06,-1.1965533798547e-12,4.933616048071e-14
240,0,0,240,9.3718355158981e-11,2.2409592690149e-06,-1.1947552469979e-12,5.0682581074769e-14
241,0,0,241,9.3666675509545e-11,2.2475527463344e-06,-1.1929756482586e-12,5.201046810293e-14
242,0,0,242,9.36136817578e-11,2.2541364677775e-06,-1.1912144157447e-12,5.3319989456775e-14
243,0,0,243,9.3559392144162e-11,2.2607105341232e-06,-1.189471382526e-12,5.4611312066573e-14
244,0,0,244,9.3503824742841e-11,2.267275045232e-06,-1.1877463826359e-12,5.5884601898593e-14
245,0,0,245,9.3446997462803e-11,2.2738301000515e-06,-1.1860392510746e-12,5.7140023952463e-14
246,0,0,246,9.3388928048743e-11,2.2803757966218e-06,-1.1843498238111e-12,5.8377742258927e-14
247,0,0,247,9.3329634082314e-11,2.286912232082e-06,-1.1818485230865e-12,6.020148057992e-14
248,0,0,248,9.3269132983096e-11,2.293439502676e-06,-1.1810234319509e-12,6.0800717855893e-14
249,0,0,249,9.3207442008016e-11,2.299957703749e-06,-1.1793861431159e-12,6.1986299384006e-14
250,0,0,250,9.3144578254402e-11,2.3064669297644e-06,-1.1777659121844e-12,6.3154823558255e-14
251,0,0,251,9.3080558660178e-11,2.3129672743049e-06,-1.1761625799987e-12,6.4306449536333e-14
252,0,0,252,9.3015400004844e-11,2.319458830078e-06,-1.1745759883798e-12,6.5441335496939e-14
253,0,0,253,9.2949118910458e-11,2.3259416889212e-06,-1.1730059801283e-12,6.6559638638845e-14
254,0,0,254,9.2881731842613e-11,2.3324159418078e-06,-1.1714523990269e-12,6.7661515179815e-14
255,0,0,255,9.2813255111423e-11,2.3388816788518e-06,-1.1699150898388e-12,6.8747120356084e-14
256,0,0,256,9.2743704872499e-11,2.3453389893139e-06,-1.1683938983097e-12,6.9816608421691e-14
257,0,0,257,9.2673097127938e-11,2.3517879616064e-06,-1.166888671168e-12,7.0870132648083e-14
258,0,0,258,9.2601447727301e-11,2.3582286832991e-06,-1.1653992561249e-12,7.1907845323968e-14
259,0,0,259,9.2528772368598e-11,2.3646612411242e-06,-1.1639255018746e-12,7.2929897755078e-14
260,0,0,260,9.2455086599269e-11,2.3710857209823e-06,-1.1624672580935e-12,7.3936440264429e-14
261,0,0,261,9.238040581717e-11,2.3775022079474e-06,-1.1610243754414e-12,7.4927622192345e-14
262,0,0,262,9.2304745271552e-11,2.3839107862725e-06,-1.1595967055599e-12,7.590359189685e-14
263,0,0,263,9.2228120064046e-11,2.3903115393951e-06,-1.1581841010727e-12,7.6864496754205e-14
264,0,0,264,9.215054514964e-11,2.3967045499425e-06,-1.1567864155843e-12,7.7810483159431e-14
265,0,0,265,9.2072035337665e-11,2.4030898997372e-06,-1.1554035036801e-12,7.8741696527129e-14
266,0,0,266,9.1992605292771e-11,2.4094676698023e-06,-1.1540352209249e-12,7.9658281292316e-14
267,0,0,267,9.1912269535907e-11,2.4158379403671e-06,-1.1526814238622e-12,8.05603809114e-14
268,0,0,268,9.1831042445298e-11,2.4222007908724e-06,-1.1513419700126e-12,8.1448137863269e-14
269,0,0,269,9.1748938257424e-11,2.4285562999758e-06,-1.1500167178733e-12,8.2321693650659e-14
270,0,0,270,9.1665971067993e-11,2.434904545557e-06,-1.1487055269164e-12,8.3181188801347e-14
271,0,0,271,9.1582154832915e-11,2.4412456047236e-06,-1.1474082575874e-12,8.4026762869645e-14
272,0,0,272,9.1497503369275e-11,2.4475795538161e-06,-1.1461247713034e-12,8.4858554438034e-14
273,0,0,273,9.1412030356302e-11,2.4539064684134e-06,-1.1448549304522e-12,8.5676701118735e-14
274,0,0,274,9.1325749336342e-11,2.460226423338e-06,-1.1435985983897e-12,8.64813395556e-14
275,0,0,275,9.1238673715819e-11,2.4665394926617e-06,-1.1423556394384e-12,8.7272605425871e-14
276,0,0,276,9.1150816766206e-11,2.4728457497104e-06,-1.1411259188854e-12,8.805063344232e-14
277,0,0,277,9.1062191624984e-11,2.4791452670699e-06,-1.1399093029802e-12,8.8815557355037e-14
278,0,0,278,9.0972811296603e-11,2.4854381165911e-06,-1.138705658933e-12,8.9567509953938e-14
279,0,0,279,9.0882688653445e-11,2.4917243693951e-06,-1.1375148549118e-12,9.0306623070803e-14
280,0,0,280,9.0791836436774e-11,2.4980040958785e-06,-1.1363367600401e-12,9.1033027581606e-14
281,0,0,281,9.0700267257696e-11,2.5042773657191e-06,-1.1351712443952e-12,9.1746853409046e-14
282,0,0,282,9.0607993598105e-11,2.5105442478806e-06,-1.1340181790051e-12,9.244822952503e-14
283,0,0,283,9.0515027811635e-11,2.516804810618e-06,-1.1328774358459e-12,9.313728395326e-14
284,0,0,284,9.0421382124608e-11,2.5230591214832e-06,-1.1317488878389e-12,9.3814143771811e-14
285,0,0,285,9.0327068636972e-11,2.5293072473296e-06,-1.1306324088491e-12,9.447893511606e-14
286,0,0,286,9.0232099323246e-11,2.5355492543179e-06,-1.1295278736806e-12,9.5131783181317e-14
287,0,0,287,9.0136486033457e-11,2.5417852079208e-06,-1.128435158075e-12,9.5772812225905e-14
288,0,0,288,9.0040240494075e-11,2.5480151729283e-06,-1.1273541387081e-12,9.6402145573922e-14
289,0,0,289,8.9943374308943e-11,2.5542392134533e-06,-1.1262846931865e-12,9.7019905618373e-14
290,0,0,290,8.9845898960208e-11,2.5604573929358e-06,-1.125226700045e-12,9.762621382437e-14
291,0,0,291,8.9747825809245e-11,2.5666697741489e-06,-1.1241800387433e-12,9.8221190732087e-14
292,0,0,292,8.9649166097582e-11,2.5728764192035e-06,-1.1231445896624e-12,9.8804955960058e-14
293,0,0,293,8.9549930947816e-11,2.5790773895535e-06,-1.1221202341022e-12,9.9377628208598e-14
294,0,0,294,8.945013136453e-11,2.5852727460005e-06,-1.1211068542771e-12,9.9939325262877e-14
295,0,0,295,8.9349778235207e-11,2.5914625486995e-06,-1.120104333313e-12,1.0049016399648e-13
296,0,0,296,8.9248882331135e-11,2.5976468571632e-06,-1.1191125552447e-12,1.0103026037497e-13
297,0,0,297,8.9147454308319e-11,2.6038257302677e-06,-1.1181314050111e-12,1.0155972945903e-13
298,0,0,298,8.9045504708377e-11,2.6099992262568e-06,-1.117160768452e-12,1.0207868540842e-13
299,0,0,299,8.8943043959441e-11,2.6161674027476e-06,-1.1162005323054e-12,1.025872414853e-13
300,0,0,300,8.8840082377051e-11,2.622330316735e-06,-1.1152505842026e-12,1.0308551005797e-13
301,0,0,301,8.8736630165048e-11,2.6284880245968e-06,-1.1143108126653e-12,1.0357360260453e-13
302,0,0,302,8.8632697416459e-11,2.6346405820985e-06,-1.1133811071016e-12,1.0405162971675e-13
303,0,0,303,8.852829411438e-11,2.6407880443983e-06,-1.1124613578023e-12,1.0451970110361e-13
304,0,0,304,8.8423430132861e-11,2.6469304660521e-06,-1.1115514559368e-12,1.0497792559538e-13
305,0,0,305,8.8318115237774e-11,2.6530679010177e-06,-1.1106512935501e-12,1.0542641114722e-13
306,0,0,306,8.8212359087693e-11,2.6592004026606e-06,-1.1097607635573e-12,1.058652648434e-13
307,0,0,307,8.8106171234757e-11,2.6653280237579e-06,-1.1088797597417e-12,1.0629459290081e-13
308,0,0,308,8.7999561125534e-11,2.6714508165036e-06,-1.1080081767489e-12,1.0671450067331e-13
309,0,0,309,8.7892538101886e-11,2.6775688325132e-06,-1.1071459100842e-12,1.0712509265558e-13
310,0,0,310,8.778511140182e-11,2.6836821228282e-06,-1.1062928561078e-12,1.0752647248708e-13
311,0,0,311,8.7677290160341e-11,2.6897907379215e-06,-1.1054489120312e-12,1.0791874295629e-13
312,0,0,312,8.7569083410304e-11,2.6958947277011e-06,-1.1046139759127e-12,1.0830200600461e-13
313,0,0,313,8.7460500083252e-11,2.7019941415157e-06,-1.1037879466536e-12,1.0867636273061e-13
314,0,0,314,8.7351549010262e-11,2.7080890281586e-06,-1.1029707239937e-12,1.0904191339421e-13
315,0,0,315,8.7242238922774e-11,2.7141794358728e-06,-1.1021622085076e-12,1.0939875742071e-13
316,0,0,316,8.7132578453427e-11,2.7202654123554e-06,-1.1013623015999e-12,1.0974699340505e-13
317,0,0,317,8.7022576136886e-11,2.7263470047622e-06,-1.1005709055017e-12,1.1008671911616e-13
318,0,0,318,8.6912240410662e-11,2.7324242597124e-06,-1.0997879232659e-12,1.1041803150101e-13
319,0,0,319,8.6801579615933e-11,2.7384972232926e-06,-1.0990132587627e-12,1.10741026689e-13
320,0,0,320,8.6690601998359e-11,2.744565941062e-06,-1.098246816676e-12,1.1105579999621e-13
321,0,0,321,8.657931570889e-11,2.7506304580564e-06,-1.0974885024984e-12,1.1136244592969e-13
322,0,0,322,8.6467728804571e-11,2.7566908187928e-06,-1.0967382225276e-12,1.1166105819178e-13
323,0,0,323,8.635584924935e-11,2.7627470672739e-06,-1.0959958838608e-12,1.1195172968451e-13
324,0,0,324,8.6243684914864e-11,2.7687992469924e-06,-1.0952613943925e-12,1.1223455251389e-13
325,0,0,325,8.6131243581244e-11,2.7748474009354e-06,-1.0945346628076e-12,1.1250961799429e-13
326,0,0,326,8.6018532937893e-11,2.7808915715886e-06,-1.0938155985794e-12,1.1277701665281e-13
327,0,0,327,8.5905560584277e-11,2.7869318009412e-06,-1.093104111963e-12,1.130368382338e-13
328,0,0,328,8.5792334030699e-11,2.7929681304893e-06,-1.0924001139925e-12,1.1328917170299e-13
329,0,0,329,8.567886069908e-11,2.799000601241e-06,-1.0917035164756e-12,1.1353410525224e-13
330,0,0,330,8.5565147923725e-11,2.8050292537204e-06,-1.09101423199e-12,1.1377172630382e-13
331,0,0,331,8.5451202952091e-11,2.8110541279715e-06,-1.0903321738785e-12,1.1400212151463e-13
332,0,0,332,8.5337032945549e-11,2.8170752635629e-06,-1.0896572562448e-12,1.1422537678115e-13
333,0,0,333,8.5222644980142e-11,2.8230926995917e-06,-1.0889893939482e-12,1.1444157724337e-13
334,0,0,334,8.5108046047336e-11,2.8291064746877e-06,-1.0880006448654e-12,1.1475283457356e-13
335,0,0,335,8.4993243054769e-11,2.8351166270176e-06,-1.0871886751597e-12,1.1500022875052e-13
336,0,0,336,8.4878242826018e-11,2.8411231942837e-06,-1.0871886751597e-12,1.1500022875052e-13
337,0,0,337,8.4763052102342e-11,2.8471262137334e-06,-1.0865465203963e-12,1.1519072367625e-13
338,0,0,338,8.464767754532e-11,2.8531257221739e-06,-1.0857529811265e-12,1.1541968888082e-13
339,0,0,339,8.4532125735628e-11,2.8591217559657e-06,-1.0851257046946e-12,1.1559530667214e-13
340,0,0,340,8.4416403172839e-11,2.8651143510207e-06,-1.0845049084178e-12,1.1576444484024e-13
341,0,0,341,8.4300516277091e-11,2.8711035428124e-06,-1.0838905130446e-12,1.1592718263605e-13
342,0,0,342,8.4184471389811e-11,2.8770893663791e-06,-1.08328244004e-12,1.1608359859459e-13
343,0,0,343,8.4068274774425e-11,2.8830718563285e-06,-1.0826806115801e-12,1.1623377053933e-13
344,0,0,344,8.3951932617065e-11,2.8890510468408e-06,-1.0820849505484e-12,1.1637777558684e-13
345,0,0,345,8.3835451027275e-11,2.8950269716736e-06,-1.0812028559631e-12,1.1658238719037e-13
346,0,0,346,8.3718836038705e-11,2.9009996641646e-06,-1.08047824532e-12,1.1674242960991e-13
347,0,0,347,8.3602093609095e-11,2.9069691572327e-06,-1.08047824532e-12,1.1674242960991e-13
348,0,0,348,8.3485229621699e-11,2.9129354833848e-06,-1.0799050335379e-12,1.1686398739639e-13
349,0,0,349,8.3368249886692e-11,2.9188986747244e-06,-1.0793376324617e-12,1.1697973500672e-13
350,0,0,350,8.3251160141112e-11,2.9248587629507e-06,-1.0787759689524e-12,1.1708974557991e-13
351,0,0,351,8.3133966049534e-11,2.9308157793625e-06,-1.0782199705475e-12,1.1719409157814e-13
352,0,0,352,8.3016673204743e-11,2.9367697548623e-06,-1.0776695654569e-12,1.1729284479131e-13
353,0,0,353,8.2899287128401e-11,2.9427207199593e-06,-1.0771246825585e-12,1.1738607634145e-13
354,0,0,354,8.2781813271714e-11,2.9486687047736e-06,-1.0765852513934e-12,1.1747385668717e-13
355,0,0,355,8.2664257016086e-11,2.9546137390397e-06,-1.0760512021616e-12,1.175562556281e-13
356,0,0,356,8.2546623673777e-11,2.96055585211e-06,-1.0755224657181e-12,1.1763334230939e-13
357,0,0,357,8.2428918488551e-11,2.9664950729584e-06,-1.0749989735674e-12,1.1770518522601e-13
358,0,0,358,8.2311146636323e-11,2.9724314301842e-06,-1.0744806578602e-12,1.1777185222734e-13
359,0,0,359,8.2193313225802e-11,2.978364952015e-06,-1.073967451388e-12,1.1783341052143e-13
360,0,0,360,8.2075423299123e-11,2.9842956663111e-06,-1.0734592875796e-12,1.1788992667948e-13
361,0,0,361,8.1957481832482e-11,2.9902236005679e-06,-1.0729561004959e-12,1.179414666403e-13
362,0,0,362,8.1839493736768e-11,2.9961487819206e-06,-1.0724578248261e-12,1.1798809571449e-13
363,0,0,363,8.1721463858179e-11,3.0020712371465e-06,-1.0719643958829e-12,1.1802987858907e-13
364,0,0,364,8.1603396978847e-11,3.0079909926691e-06,-1.0714757495986e-12,1.1806687933167e-13
365,0,0,365,8.1485297817452e-11,3.0139080745615e-06,-1.0709918225204e-12,1.1809916139496e-13
366,0,0,366,8.1367171029831e-11,3.0198225085494e-06,-1.0705125518058e-12,1.1812678762094e-13
367,0,0,367,8.1249021209586e-11,3.0257343200146e-06,-1.0700378752191e-12,1.1814982024536e-13
368,0,0,368,8.1130852888684e-11,3.0316435339988e-06,-1.0695677311265e-12,1.1816832090196e-13
369,0,0,369,8.1012670538057e-11,3.0375501752059e-06,-1.0691020584912e-12,1.1818235062678e-13
370,0,0,370,8.0894478568194e-11,3.0434542680063e-06,-1.0686407968708e-12,1.1819196986256e-13
371,0,0,371,8.0776281329732e-11,3.0493558364395e-06,-1.0681838864114e-12,1.1819723846289e-13
372,0,0,372,8.0658083114035e-11,3.0552549042177e-06,-1.0677312678439e-12,1.1819821569655e-13
373,0,0,373,8.0539888153783e-11,3.0611514947286e-06,-1.0672828824799e-12,1.1819496025174e-13
374,0,0,374,8.0421700623543e-11,3.0670456310391e-06,-1.0668386722073e-12,1.1818753024038e-13
375,0,0,375,8.0303524640341e-11,3.0729373358982e-06,-1.0663985794861e-12,1.181759832023e-13
376,0,0,376,8.0185364264231e-11,3.0788266317398e-06,-1.0659625473443e-12,1.181603761094e-13
377,0,0,377,8.0067223498861e-11,3.0847135406867e-06,-1.0655305193733e-12,1.1814076536996e-13
378,0,0,378,7.9949106292028e-11,3.0905980845525e-06,-1.0651024397239e-12,1.1811720683276e-13
379,0,0,379,7.9831016536237e-11,3.0964802848459e-06,-1.0646782531029e-12,1.1808975579127e-13
380,0,0,380,7.9712958069249e-11,3.1023601627728e-06,-1.0642579047676e-12,1.1805846698777e-13
381,0,0,381,7.9594934674632e-11,3.1082377392398e-06,-1.0638413405223e-12,1.1802339461756e-13
382,0,0,382,7.9476950082299e-11,3.114113034857e-06,-1.0634285067148e-12,1.1798459233305e-13
383,0,0,383,7.9359007969051e-11,3.1199860699412e-06,-1.0630193502309e-12,1.1794211324782e-13
384,0,0,384,7.924111195911e-11,3.1258568645185e-06,-1.0626138184917e-12,1.1789600994083e-13
385,0,0,385,7.912326562465e-11,3.1317254383276e-06,-1.0622118594488e-12,1.1784633446038e-13
386,0,0,386,7.9005472486322e-11,3.1375918108225e-06,-1.0618134215799e-12,1.1779313832821e-13
387,0,0,387,7.8887736013778e-11,3.1434560011754e-06,-1.0614184538858e-12,1.177364725436e-13
388,0,0,388,7.8770059626191e-11,3.1493180282798e-06,-1.0610269058854e-12,1.1767638758733e-13
389,0,0,389,7.8652446692765e-11,3.1551779107528e-06,-1.0606387276122e-12,1.1761293342568e-13
390,0,0,390,7.853490053325e-11,3.1610356669385e-06,-1.0602538696103e-12,1.1754615951452e-13
391,0,0,391,7.8417424418447e-11,3.1668913149105e-06,-1.05987228293e-12,1.1747611480316e-13
392,0,0,392,7.8300021570709e-11,3.1727448724747e-06,-1.0594939191244e-12,1.1740284773837e-13
393,0,0,393,7.8182695164441e-11,3.1785963571722e-06,-1.0591187302452e-12,1.1732640626839e-13
394,0,0,394,7.8065448326594e-11,3.1844457862818e-06,-1.0587466688385e-12,1.1724683784669e-13
395,0,0,395,7.7948284137158e-11,3.1902931768229e-06,-1.0583776879413e-12,1.1716418943604e-13
396,0,0,396,7.7831205629646e-11,3.1961385455581e-06,-1.0580117410779e-12,1.1707850751229e-13
397,0,0,397,7.7714215791577e-11,3.201981908996e-06,-1.0576487822549e-12,1.1698983806826e-13
398,0,0,398,7.759731756496e-11,3.2078232833936e-06,-1.0572887659587e-12,1.1689822661765e-13
399,0,0,399,7.7480513846761e-11,3.213662684759e-06,-1.0569316471504e-12,1.168037181988e-13
400,0,0,400,7.7363807489382e-11,3.2195001288544e-06,-1.0565773812634e-12,1.1670635737852e-13
401,0,0,401,7.7247201301126e-11,3.225335631198e-06,-1.0562259241981e-12,1.166061882559e-13
402,0,0,402,7.713069804666e-11,3.2311692070672e-06,-1.0558772323193e-12,1.1650325446614e-13
403,0,0,403,7.7014300447476e-11,3.2370008715006e-06,-1.0555312624518e-12,1.1639759918415e-13
404,0,0,404,7.6898011182348e-11,3.2428306393011e-06,-1.0551879718769e-12,1.1628926512849e-13
405,0,0,405,7.6781832887783e-11,3.2486585250377e-06,-1.0548473183284e-12,1.1617829456488e-13
406,0,0,406,7.6665768158473e-11,3.2544845430487e-06,-1.0545092599897e-12,1.1606472931013e-13
407,0,0,407,7.6549819547737e-11,3.2603087074436e-06,-1.0541737554891e-12,1.1594861073562e-13
408,0,0,408,7.6433989567966e-11,3.2661310321061e-06,-1.0538407638964e-12,1.1582997977106e-13
409,0,0,409,7.6318280691058e-11,3.2719515306957e-06,-1.0535102447202e-12,1.1570887690813e-13
410,0,0,410,7.6202695348854e-11,3.2777702166509e-06,-1.0531821579026e-12,1.1558534220409e-13
411,0,0,411,7.6087235933568e-11,3.2835871031914e-06,-1.0528564638172e-12,1.1545941528537e-13
412,0,0,412,7.5971904798217e-11,3.2894022033199e-06,-1.0525331232646e-12,1.1533113535121e-13
413,0,0,413,7.585670425704e-11,3.2952155298253e-06,-1.0522120974689e-12,1.1520054117713e-13
414,0,0,414,7.5741636585921e-11,3.3010270952842e-06,-1.0518933480745e-12,1.1506767111856e-13
415,0,0,415,7.5626704022807e-11,3.306836912064e-06,-1.0515768371427e-12,1.1493256311437e-13
416,0,0,416,7.5511908768117e-11,3.3126449923245e-06,-1.051262527147e-12,1.147952546903e-13
417,0,0,417,7.5397252985154e-11,3.3184513480205e-06,-1.0509503809713e-12,1.1465578296249e-13
418,0,0,418,7.5282738800513e-11,3.3242559909039e-06,-1.0506403619054e-12,1.14514184641e-13
419,0,0,419,7.516836830448e-11,3.3300589325263e-06,-1.0503324336419e-12,1.1437049603315e-13
420,0,0,420,7.5054143551433e-11,3.3358601842405e-06,-1.0500265602722e-12,1.1422475304705e-13
421,0,0,421,7.4940066560238e-11,3.3416597572034e-06,-1.049722706284e-12,1.1407699119493e-13
422,0,0,422,7.4826139314642e-11,3.3474576623777e-06,-1.0494208365572e-12,1.139272455966e-13
423,0,0,423,7.4712363763659e-11,3.3532539105344e-06,-1.0491209163612e-12,1.1377555098272e-13
424,0,0,424,7.4598741821961e-11,3.3590485122546e-06,-1.0488229113505e-12,1.1362194169829e-13
425,0,0,425,7.4485275370255e-11,3.3648414779317e-06,-1.0485267875626e-12,1.1346645170583e-13
426,0,0,426,7.4371966255666e-11,3.3706328177738e-06,-1.0482325114137e-12,1.1330911458879e-13
427,0,0,427,7.4258816292111e-11,3.3764225418053e-06,-1.047940049696e-12,1.1314996355479e-13
428,0,0,428,7.4145827260672e-11,3.3822106598692e-06,-1.0476493695743e-12,1.1298903143891e-13
429,0,0,429,7.4033000909965e-11,3.3879971816293e-06,-1.0473604385826e-12,1.1282635070698e-13
430,0,0,430,7.3920338956507e-11,3.393782116572e-06,-1.047073224621e-12,1.1266195345866e-13
431,0,0,431,7.3807843085076e-11,3.3995654740082e-06,-1.0467876959521e-12,1.1249587143086e-13
432,0,0,432,7.3695514949075e-11,3.4053472630756e-06,-1.0465038211991e-12,1.1232813600075e-13
433,0,0,433,7.3583356170886e-11,3.4111274927404e-06,-1.0462215693405e-12,1.1215877818906e-13
434,0,0,434,7.3471368342223e-11,3.4169061717996e-06,-1.0459409097092e-12,1.1198782866314e-13
435,0,0,435,7.3359553024483e-11,3.4226833088824e-06,-1.0456618119876e-12,1.118153177401e-13
436,0,0,436,7.3247911749093e-11,3.4284589124526e-06,-1.0453842462056e-12,1.1164127539003e-13
437,0,0,437,7.3136446017854e-11,3.4342329908103e-06,-1.0451081827368e-12,1.1146573123891e-13
438,0,0,438,7.3025157303282e-11,3.4400055520937e-06,-1.0448335922961e-12,1.1128871457183e-13
439,0,0,439,7.2914047048946e-11,3.4457766042812e-06,-1.0445604459361e-12,1.1111025433598e-13
440,0,0,440,7.2803116669802e-11,3.451546155193e-06,-1.0442887150442e-12,1.1093037914367e-13
441,0,0,441,7.2692367552527e-11,3.4573142124932e-06,-1.0440183713397e-12,1.1074911727538e-13
442,0,0,442,7.2581801055844e-11,3.4630807836914e-06,-1.0437493868709e-12,1.1056649668274e-13
443,0,0,443,7.2471418510853e-11,3.4688458761445e-06,-1.0434817340118e-12,1.1038254499148e-13
444,0,0,444,7.2361221221348e-11,3.4746094970587e-06,-1.0432153854594e-12,1.1019728950439e-13
445,0,0,445,7.2251210464144e-11,3.4803716534909e-06,-1.0429503142307e-12,1.1001075720428e-13
446,0,0,446,7.2141387489387e-11,3.4861323523509e-06,-1.0426864936598e-12,1.0982297475691e-13
447,0,0,447,7.2031753520873e-11,3.4918916004028e-06,-1.0424238973949e-12,1.0963396851375e-13
448,0,0,448,7.1922309756358e-11,3.4976494042668e-06,-1.0421624993955e-12,1.0944376451507e-13
449,0,0,449,7.1813057367866e-11,3.5034057704212e-06,-1.04190227393e-12,1.0925238849263e-13
450,0,0,450,7.1703997501993e-11,3.5091607052033e-06,-1.0416431955716e-12,1.0905986587253e-13
451,0,0,451,7.1595131280215e-11,3.5149142148121e-06,-1.041385239197e-12,1.0886622177818e-13
452,0,0,452,7.1486459799182e-11,3.5206663053093e-06,-1.0411283799828e-12,1.0867148103284e-13
453,0,0,453,7.1377984131019e-11,3.5264169826209e-06,-1.0408725934023e-12,1.0847566816264e-13
454,0,0,454,7.126970532362e-11,3.5321662525393e-06,-1.0406178552242e-12,1.0827880739922e-13
455,0,0,455,7.1161624400938e-11,3.5379141207244e-06,-1.0403641415079e-12,1.0808092268248e-13
456,0,0,456,7.1053742363274e-11,3.5436605927056e-06,-1.0401114286026e-12,1.0788203766334e-13
457,0,0,457,7.0946060187568e-11,3.5494056738832e-06,-1.0398596931433e-12,1.0768217570634e-13
458,0,0,458,7.0838578827676e-11,3.5551493695299e-06,-1.0396089120489e-12,1.0748135989253e-13
459,0,0,459,7.0731299214654e-11,3.5608916847924e-06,-1.0393590625194e-12,1.0727961302186e-13
460,0,0,460,7.0624222257038e-11,3.5666326246932e-06,-1.0391101220325e-12,1.0707695761609e-13
461,0,0,461,7.0517348841116e-11,3.5723721941315e-06,-1.0388620683423e-12,1.0687341592121e-13
462,0,0,462,7.0410679831206e-11,3.5781103978855e-06,-1.0386148794756e-12,1.0666900991019e-13
463,0,0,463,7.0304216069921e-11,3.5838472406133e-06,-1.0383685337295e-12,1.0646376128547e-13
464,0,0,464,7.0197958378439e-11,3.5895827268546e-06,-1.0381230096695e-12,1.0625769148162e-13
465,0,0,465,7.0091907556771e-11,3.5953168610321e-06,-1.0378782861261e-12,1.0605082166782e-13
466,0,0,466,6.9986064384021e-11,3.601049647453e-06,-1.0376343421929e-12,1.0584317275043e-13
467,0,0,467,6.9880429618645e-11,3.6067810903106e-06,-1.0373911572233e-12,1.0563476537549e-13
468,0,0,468,6.9775003998714e-11,3.6125111936854e-06,-1.0371487108294e-12,1.0542561993121e-13
469,0,0,469,6.9669788242164e-11,3.6182399615466e-06,-1.0369069828776e-12,1.052157565505e-13
470,0,0,470,6.956478304705e-11,3.6239673977537e-06,-1.036665953488e-12,1.0500519511339e-13
471,0,0,471,6.9459989091801e-11,3.6296935060577e-06,-1.0364256030307e-12,1.0479395524944e-13
472,0,0,472,6.9355407035461e-11,3.6354182901026e-06,-1.0361859121239e-12,1.0458205634024e-13
473,0,0,473,6.9251037517939e-11,3.6411417534265e-06,-1.0359468616315e-12,1.0436951752175e-13
474,0,0,474,6.9146881160252e-11,3.6468638994633e-06,-1.0357084326604e-12,1.0415635768675e-13
475,0,0,475,6.9042938564765e-11,3.6525847315438e-06,-1.0354706065587e-12,1.0394259548715e-13
476,0,0,476,6.8939210315429e-11,3.6583042528969e-06,-1.0352333649127e-12,1.0372824933635e-13
477,0,0,477,6.8835696978017e-11,3.6640224666513e-06,-1.0349966895448e-12,1.0351333741167e-13
478,0,0,478,6.873239910036e-11,3.6697393758364e-06,-1.0347605625115e-12,1.0329787765653e-13
479,0,0,479,6.8629317212577e-11,3.6754549833839e-06,-1.0345249661005e-12,1.0308188778283e-13
480,0,0,480,6.8526451827304e-11,3.6811692921288e-06,-1.0342898828293e-12,1.0286538527324e-13
481,0,0,481,6.8423803439921e-11,3.6868823048108e-06,-1.0340552954417e-12,1.026483873834e-13
482,0,0,482,6.8321372528777e-11,3.6925940240755e-06,-1.0338211869067e-12,1.0243091114424e-13
483,0,0,483,6.8219159555412e-11,3.6983044524756e-06,-1.0335875404158e-12,1.0221297336419e-13
484,0,0,484,6.8117164964781e-11,3.7040135924722e-06,-1.0333543393804e-12,1.0199459063135e-13
485,0,0,485,6.8015389185465e-11,3.7097214464359e-06,-1.0331215674305e-12,1.0177577931577e-13
486,0,0,486,6.7913832629894e-11,3.7154280166481e-06,-1.0328892084118e-12,1.0155655557153e-13
487,0,0,487,6.7812495694555e-11,3.7211333053022e-06,-1.0326572463836e-12,1.0133693533898e-13
488,0,0,488,6.7711378760208e-11,3.7268373145045e-06,-1.0324256656171e-12,1.0111693434687e-13
489,0,0,489,6.7610482192094e-11,3.7325400462757e-06,-1.0321944505928e-12,1.0089656811444e-13
490,0,0,490,6.750980634014e-11,3.7382415025519e-06,-1.0319635859987e-12,1.0067585195357e-13
491,0,0,491,6.7409351539169e-11,3.7439416851858e-06,-1.0317330567277e-12,1.0045480097087e-13
492,0,0,492,6.7309118109099e-11,3.7496405959475e-06,-1.0315028478765e-12,1.0023343006979e-13
493,0,0,493,6.7209106355147e-11,3.7553382365262e-06,-1.0312729447426e-12,1.0001175395257e-13
494,0,0,494,6.7109316568024e-11,3.7610346085308e-06,-1.0310433328225e-12,9.9789787122407e-14
495,0,0,495,6.7009749024139e-11,3.766729713491e-06,-1.0308139978098e-12,9.9567543885477e-14
496,0,0,496,6.6910403985786e-11,3.772423552859e-06,-1.0305849255933e-12,9.9345038352845e-14
497,0,0,497,6.6811281701343e-11,3.7781161280095e-06,-1.0303561022547e-12,9.9122284442573e-14
498,0,0,498,6.6712382405462e-11,3.7838074402419e-06,-1.0301275140669e-12,9.8899295881635e-14
499,0,0,499,6.6613706319254e-11,3.7894974907806e-06,-1.0298991474918e-12,9.8676086207965e-14
500,0,0,500,6.6515253650482e-11,3.795186280776e-06,-1.0296709891782e-12,9.8452668772245e-14
501,0,0,501,6.6417024593742e-11,3.8008738113062e-06,-1.0294430259608e-12,9.8229056740051e-14
502,0,0,502,6.6319019330648e-11,3.8065600833772e-06,-1.0292152448569e-12,9.8005263093593e-14
503,0,0,503,6.6221238030014e-11,3.8122450979246e-06,-1.0289876330654e-12,9.7781300633698e-14
504,0,0,504,6.6123680848033e-11,3.8179288558139e-06,-1.0287601779651e-12,9.7557181981722e-14
505,0,0,505,6.6026347928451e-11,3.8236113578421e-06,-1.0285328671116e-12,9.733291958133e-14
506,0,0,506,6.5929239402751e-11,3.8292926047384e-06,-1.0283056882373e-12,9.7108525700475e-14
507,0,0,507,6.5832355390318e-11,3.8349725971652e-06,-1.0280786292478e-12,9.6884012433083e-14
508,0,0,508,6.5735695998617e-11,3.8406513357189e-06,-1.0278516782209e-12,9.6659391701087e-14
509,0,0,509,6.5639261323361e-11,3.8463288209311e-06,-1.0276248234049e-12,9.643467525597e-14
510,0,0,510,6.554305144868e-11,3.8520050532693e-06,-1.0273980532169e-12,9.6209874680846e-14
511,0,0,511,6.5447066447288e-11,3.8576800331381e-06,-1.0271713562399e-12,9.5985001392023e-14
512,0,0,512,6.5351306380647e-11,3.8633537608796e-06,-1.0269447212224e-12,9.5760066640875e-14
513,0,0,513,6.5255771299131e-11,3.8690262367751e-06,-1.0267181370765e-12,9.553508151554e-14
514,0,0,514,6.5160461242189e-11,3.8746974610451e-06,-1.0264915928749e-12,9.5310056942711e-14
515,0,0,515,6.5065376238499e-11,3.8803674338509e-06,-1.0262650778502e-12,9.5085003689333e-14
516,0,0,516,6.4970516306135e-11,3.8860361552951e-06,-1.026038581394e-12,9.4859932364282e-14
517,0,0,517,6.4875881452715e-11,3.8917036254224e-06,-1.0258120930532e-12,9.4634853420083e-14
518,0,0,518,6.478147167556e-11,3.8973698442209e-06,-1.0255856025298e-12,9.4409777154592e-14
519,0,0,519,6.4687286961848e-11,3.9030348116225e-06,-1.0253590996785e-12,9.4184713712676e-14
520,0,0,520,6.459332728876e-11,3.9086985275037e-06,-1.0251325745061e-12,9.3959673087787e-14
521,0,0,521,6.4499592623636e-11,3.914360991687e-06,-1.0249060171682e-12,9.3734665123697e-14
522,0,0,522,6.440608292412e-11,3.920022203941e-06,-1.0246794179692e-12,9.350969951609e-14
523,0,0,523,6.4312798138306e-11,3.9256821639816e-06,-1.0244527673598e-12,9.3284785814065e-14
524,0,0,524,6.4219738204884e-11,3.931340871473e-06,-1.0242260559353e-12,9.3059933421918e-14
525,0,0,525,6.4126903053283e-11,3.9369983260279e-06,-1.0239992744348e-12,9.2835151600568e-14
526,0,0,526,6.4034292603814e-11,3.9426545272087e-06,-1.0237724137387e-12,9.2610449469192e-14
527,0,0,527,6.3941906767808e-11,3.9483094745284e-06,-1.023545464868e-12,9.238583600673e-14
528,0,0,528,6.3849745447754e-11,3.953963167451e-06,-1.0233184189822e-12,9.2161320053534e-14
529,0,0,529,6.3757808537441e-11,3.9596156053923e-06,-1.0230912673779e-12,9.1936910312732e-14
530,0,0,530,6.3666095922089e-11,3.965266787721e-06,-1.0228640014873e-12,9.1712615351861e-14
531,0,0,531,6.3574607478485e-11,3.970916713759e-06,-1.0226366128768e-12,9.1488443604338e-14
532,0,0,532,6.3483343075114e-11,3.9765653827824e-06,-1.0224090932455e-12,9.1264403370932e-14
533,0,0,533,6.3392302572293e-11,3.9822127940223e-06,-1.0221814344235e-12,9.1040502821228e-14
534,0,0,534,6.3301485822298e-11,3.9878589466653e-06,-1.0219536283712e-12,9.0816749995125e-14
535,0,0,535,6.3210892669494e-11,3.9935038398541e-06,-1.021725667176e-12,9.0593152804218e-14
536,0,0,536,6.312052295046e-11,3.9991474726886e-06,-1.0214975430533e-12,9.0369719033335e-14
537,0,0,537,6.3030376494118e-11,4.0047898442264e-06,-1.0212692483436e-12,9.0146456341847e-14
538,0,0,538,6.2940453121853e-11,4.0104309534834e-06,-1.0210407755112e-12,8.9923372265123e-14
539,0,0,539,6.2850752647637e-11,4.0160707994345e-06,-1.0208121171432e-12,8.9700474215955e-14
540,0,0,540,6.2761274878151e-11,4.0217093810143e-06,-1.0205832659477e-12,8.9477769485926e-14
541,0,0,541,6.2672019612905e-11,4.0273466971179e-06,-1.0203542147529e-12,8.9255265246733e-14
542,0,0,542,6.2582986644353e-11,4.0329827466014e-06,-1.0201249565053e-12,8.9032968551576e-14
543,0,0,543,6.2494175758017e-11,4.0386175282824e-06,-1.0198954842686e-12,8.8810886336584e-14
544,0,0,544,6.2405586732595e-11,4.0442510409411e-06,-1.0196657912226e-12,8.8589025421977e-14
545,0,0,545,6.2317219340081e-11,4.0498832833204e-06,-1.0194358706608e-12,8.8367392513554e-14
546,0,0,546,6.2229073345877e-11,4.055514254127e-06,-1.0192057159909e-12,8.8145994203932e-14
547,0,0,547,6.2141148508903e-11,4.0611439520316e-06,-1.0189753207318e-12,8.7924836973811e-14
548,0,0,548,6.205344458171e-11,4.0667723756698e-06,-1.0187446785132e-12,8.7703927193323e-14
549,0,0,549,6.1965961310587e-11,4.0723995236426e-06,-1.0185137830738e-12,8.7483271123294e-14
550,0,0,550,6.187869843567e-11,4.078025394517e-06,-1.0182826282611e-12,8.7262874916475e-14
551,0,0,551,6.1791655691051e-11,4.0836499868265e-06,-1.0180512080287e-12,8.7042744618793e-14
552,0,0,552,6.1704832804881e-11,4.089273299072e-06,-1.0178195164361e-12,8.6822886170646e-14
553,0,0,553,6.1618229499473e-11,4.094895329722e-06,-1.0175875476469e-12,8.6603305408091e-14
554,0,0,554,6.1531845491409e-11,4.1005160772133e-06,-1.0173552959282e-12,8.6384008064045e-14
555,0,0,555,6.1445680491639e-11,4.1061355399517e-06,-1.0171227556486e-12,8.6164999769487e-14
556,0,0,556,6.1359734205584e-11,4.1117537163124e-06,-1.0168899212778e-12,8.5946286054755e-14
557,0,0,557,6.1274006333234e-11,4.1173706046404e-06,-1.0166567873847e-12,8.5727872350573e-14
558,0,0,558,6.1188496569244e-11,4.1229862032517e-06,-1.0164233486367e-12,8.5509763989321e-14
559,0,0,559,6.1103204603038e-11,4.1286005104329e-06,-1.0161895997985e-12,8.5291966206201e-14
560,0,0,560,6.1018130118898e-11,4.1342135244425e-06,-1.0159555357308e-12,8.5074484140304e-14
561,0,0,561,6.0933272796062e-11,4.1398252435109e-06,-1.015721151389e-12,8.4857322835882e-14
562,0,0,562,6.0848632308819e-11,4.1454356658414e-06,-1.0154864418229e-12,8.4640487243312e-14
563,0,0,563,6.0764208326598e-11,4.1510447896103e-06,-1.0152514021741e-12,8.4423982220395e-14
564,0,0,564,6.0680000514065e-11,4.1566526129677e-06,-1.0150160276762e-12,8.4207812533292e-14
565,0,0,565,6.0596008531207e-11,4.1622591340376e-06,-1.0147803136538e-12,8.3991982857747e-14
566,0,0,566,6.0512232033427e-11,4.1678643509189e-06,-1.0145442555197e-12,8.3776497780087e-14
567,0,0,567,6.0428670671629e-11,4.1734682616856e-06,-1.0143078487762e-12,8.3561361798378e-14
568,0,0,568,6.0345324092305e-11,4.1790708643874e-06,-1.0140710890119e-12,8.3346579323432e-14
569,0,0,569,6.0262191937626e-11,4.1846721570498e-06,-1.0138339719022e-12,8.3132154679866e-14
570,0,0,570,6.0179273845518e-11,4.1902721376752e-06,-1.013596493207e-12,8.2918092107187e-14
571,0,0,571,6.0096569449758e-11,4.195870804243e-06,-1.0133586487714e-12,8.2704395760763e-14
572,0,0,572,6.0014078380045e-11,4.20146815471e-06,-1.0131204345224e-12,8.2491069712945e-14
573,0,0,573,5.9931800262091e-11,4.207064187011e-06,-1.0128818464697e-12,8.2278117953963e-14
574,0,0,574,5.9849734717698e-11,4.212658899059e-06,-1.0126428807037e-12,8.2065544393021e-14
575,0,0,575,5.9767881364838e-11,4.2182522887463e-06,-1.0124035333954e-12,8.1853352859279e-14
576,0,0,576,5.9686239817736e-11,4.2238443539441e-06,-1.0121638007943e-12,8.1641547102788e-14
577,0,0,577,5.960480968694e-11,4.2294350925033e-06,-1.0119236792282e-12,8.143013079553e-14
578,0,0,578,5.9523590579408e-11,4.2350245022553e-06,-1.0116831651021e-12,8.1219107532369e-14
579,0,0,579,5.9442582098576e-11,4.2406125810116e-06,-1.0114422548971e-12,8.1008480831962e-14
580,0,0,580,5.9361783844438e-11,4.246199326565e-06,-1.0112009451698e-12,8.0798254137734e-14
581,0,0,581,5.9281195413619e-11,4.2517847366896e-06,-1.0109592325505e-12,8.0588430818893e-14
582,0,0,582,5.9200816399448e-11,4.2573688091413e-06,-1.0107171137431e-12,8.0379014171239e-14
583,0,0,583,5.912064639203e-11,4.262951541658e-06,-1.0104745855247e-12,8.0170007418113e-14
584,0,0,584,5.9040684978318e-11,4.2685329319604e-06,-1.0102316447425e-12,7.9961413711409e-14
585,0,0,585,5.8960931742186e-11,4.2741129777522e-06,-1.0099882883154e-12,7.9753236132323e-14
586,0,0,586,5.8881386264494e-11,4.2796916767203e-06,-1.0097445132318e-12,7.9545477692374e-14
587,0,0,587,5.8802048123159e-11,4.2852690265355e-06,-1.0095003165486e-12,7.9338141334193e-14
588,0,0,588,5.8722916893227e-11,4.2908450248526e-06,-1.0092556953912e-12,7.9131229932478e-14
589,0,0,589,5.8643992146932e-11,4.2964196693109e-06,-1.0090106469514e-12,7.8924746294822e-14
590,0,0,590,5.856527345377e-11,4.3019929575346e-06,-1.0087651684881e-12,7.8718693162527e-14
591,0,0,591,5.8486760380558e-11,4.3075648871331e-06,-1.0085192573249e-12,7.8513073211574e-14
592,0,0,592,5.8408452491505e-11,4.3131354557013e-06,-1.0082729108504e-12,7.8307889053334e-14
593,0,0,593,5.8330349348269e-11,4.3187046608202e-06,-1.0080261265166e-12,7.8103143235446e-14
594,0,0,594,5.8252450510027e-11,4.3242725000569e-06,-1.0077789018385e-12,7.7898838242721e-14
595,0,0,595,5.8174755533529e-11,4.3298389709651e-06,-1.0075312343932e-12,7.7694976497817e-14
596,0,0,596,5.8097263973167e-11,4.3354040710857e-06,-1.0072831218193e-12,7.7491560362126e-14
597,0,0,597,5.801997538103e-11,4.3409677979465e-06,-1.0070345618156e-12,7.7288592136595e-14
598,0,0,598,5.7942889306968e-11,4.3465301490633e-06,-1.0067855521405e-12,7.7086074062469e-14
599,0,0,599,5.7866005298645e-11,4.3520911219396e-06,-1.0065360906116e-12,7.6884008322076e-14
600,0,0,600,5.7789322901606e-11,4.3576507140673e-06,-1.0062861751043e-12,7.6682397039636e-14
601,0,0,601,5.7712841659324e-11,4.3632089229267e-06,-1.006035803552e-12,7.6481242281982e-14
602,0,0,602,5.7636561113264e-11,4.3687657459871e-06,-1.0057849739438e-12,7.6280546059377e-14
603,0,0,603,5.7560480802938e-11,4.3743211807072e-06,-1.0055336843251e-12,7.6080310326203e-14
604,0,0,604,5.7484600265957e-11,4.3798752245348e-06,-1.005281932797e-12,7.5880536981738e-14
605,0,0,605,5.7408919038086e-11,4.3854278749078e-06,-1.0050297175137e-12,7.5681227870903e-14
606,0,0,606,5.7333436653301e-11,4.3909791292541e-06,-1.004777036684e-12,7.5482384784954e-14
607,0,0,607,5.7258152643838e-11,4.3965289849921e-06,-1.0045238885695e-12,7.5284009462235e-14
608,0,0,608,5.718306654025e-11,4.4020774395306e-06,-1.0042702714837e-12,7.5086103588857e-14
609,0,0,609,5.710817787145e-11,4.4076244902698e-06,-1.0040161837919e-12,7.4888668799465e-14
610,0,0,610,5.7033486164772e-11,4.4131701346008e-06,-1.00376162391e-12,7.4691706677832e-14
611,0,0,611,5.6958990946015e-11,4.4187143699064e-06,-1.0035065903039e-12,7.4495218757687e-14
612,0,0,612,5.6884691739491e-11,4.424257193561e-06,-1.0032510814898e-12,7.4299206523256e-14
613,0,0,613,5.6810588068081e-11,4.4297986029313e-06,-1.0029950960312e-12,7.4103671410047e-14
614,0,0,614,5.6736679453276e-11,4.4353385953763e-06,-1.0027386325412e-12,7.3908614805461e-14
615,0,0,615,5.6662965415226e-11,4.4408771682475e-06,-1.0024816896792e-12,7.3714038049479e-14
616,0,0,616,5.6589445472791e-11,4.4464143188892e-06,-1.0022242661517e-12,7.3519942435308e-14
617,0,0,617,5.6516119143581e-11,4.451950044639e-06,-1.0019663607119e-12,7.3326329210006e-14
618,0,0,618,5.6442985944006e-11,4.4574843428277e-06,-1.0017079721575e-12,7.3133199575196e-14
619,0,0,619,5.6370045389318e-11,4.4630172107798e-06,-1.0014490993319e-12,7.2940554687599e-14
620,0,0,620,5.6297296993658e-11,4.4685486458136e-06,-1.0011897411222e-12,7.2748395659754e-14
621,0,0,621,5.6224740270098e-11,4.4740786452416e-06,-1.0009298964594e-12,7.2556723560565e-14
622,0,0,622,5.6152374730682e-11,4.4796072063704e-06,-1.0006695643174e-12,7.2365539415962e-14
623,0,0,623,5.6080199886472e-11,4.4851343265014e-06,-1.0004087437124e-12,7.2174844209509e-14
624,0,0,624,5.6008215247589e-11,4.4906600029307e-06,-1.000147433702e-12,7.1984638882964e-14
625,0,0,625,5.5936420323253e-11,4.4961842329494e-06,-9.9988563338626e-13,7.1794924336906e-14
626,0,0,626,5.5864814621821e-11,4.5017070138439e-06,-9.9962334190436e-13,7.1605701431345e-14
627,0,0,627,5.5793397650835e-11,4.5072283428961e-06,-9.9936055843625e-13,7.1416970986217e-14
628,0,0,628,5.5722168917053e-11,4.5127482173834e-06,-9.9909728220142e-13,7.1228733782077e-14
629,0,0,629,5.5651127926492e-11,4.5182666345793e-06,-9.9883351245784e-13,7.104099056057e-14
630,0,0,630,5.5580274184467e-11,4.5237835917533e-06,-9.9856924850194e-13,7.0853742025045e-14
631,0,0,631,5.5509607195626e-11,4.5292990861714e-06,-9.983044896679e-13,7.0666988841091e-14
632,0,0,632,5.5439126463989e-11,4.5348131150958e-06,-9.9803923532727e-13,7.0480731637108e-14
633,0,0,633,5.5368831492984e-11,4.5403256757858e-06,-9.9777348488813e-13,7.0294971004814e-14
634,0,0,634,5.5298721785484e-11,4.5458367654974e-06,-9.9750723779456e-13,7.0109707499841e-14
635,0,0,635,5.5228796843842e-11,4.5513463814837e-06,-9.9724049352621e-13,6.992494164219e-14
636,0,0,636,5.5159056169925e-11,4.5568545209953e-06,-9.969732515983e-13,6.9740673916839e-14
637,0,0,637,5.5089499265151e-11,4.5623611812802e-06,-9.967055115598e-13,6.9556904774201e-14
638,0,0,638,5.5020125630521e-11,4.567866359584e-06,-9.964372729943e-13,6.9373634630685e-14
639,0,0,639,5.4950934766651e-11,4.5733700531504e-06,-9.9616853551883e-13,6.9190863869146e-14
640,0,0,640,5.4881926173812e-11,4.578872259221e-06,-9.9589929878323e-13,6.9008592839468e-14
641,0,0,641,5.4813099351953e-11,4.5843729750358e-06,-9.9562956246997e-13,6.8826821858998e-14
642,0,0,642,5.474445380074e-11,4.589872197833e-06,-9.9535932629328e-13,6.8645551213055e-14
643,0,0,643,5.4675989019584e-11,4.5953699248495e-06,-9.9508858999943e-13,6.8464781155441e-14
644,0,0,644,5.4607704507676e-11,4.6008661533212e-06,-9.9481735336567e-13,6.8284511908862e-14
645,0,0,645,5.453959976401e-11,4.6063608804825e-06,-9.9454561619911e-13,6.8104743665508e-14
646,0,0,646,5.4471674287423e-11,4.6118541035672e-06,-9.9427337833802e-13,6.7925476587377e-14
647,0,0,647,5.4403927576616e-11,4.6173458198084e-06,-9.9400063964962e-13,6.7746710806909e-14
648,0,0,648,5.4336359130189e-11,4.6228360264384e-06,-9.9372740003028e-13,6.7568446427294e-14
649,0,0,649,5.4268968446666e-11,4.6283247206893e-06,-9.9345365940564e-13,6.7390683523004e-14
650,0,0,650,5.4201755024525e-11,4.6338118997927e-06,-9.9317941772909e-13,6.7213422140258e-14
651,0,0,651,5.4134718362228e-11,4.6392975609805e-06,-9.9290467498239e-13,6.703666229741e-14
652,0,0,652,5.4067857958242e-11,4.6447817014842e-06,-9.9262943117381e-13,6.6860403985424e-14
653,0,0,653,5.4001173311074e-11,4.6502643185358e-06,-9.923536863397e-13,6.6684647168293e-14
654,0,0,654,5.3934663919291e-11,4.6557454093675e-06,-9.9207744054214e-13,6.6509391783486e-14
655,0,0,655,5.3868329281548e-11,4.6612249712121e-06,-9.9180069386959e-13,6.6334637742355e-14
656,0,0,656,5.3802168896618e-11,4.6667030013029e-06,-9.9152344643628e-13,6.6160384930546e-14
657,0,0,657,5.3736182263409e-11,4.6721794968741e-06,-9.9124569838157e-13,6.5986633208448e-14
658,0,0,658,5.3670368880998e-11,4.6776544551607e-06,-9.9096744986965e-13,6.5813382411581e-14
659,0,0,659,5.3604728248647e-11,4.6831278733987e-06,-9.906887010894e-13,6.5640632350966e-14
660,0,0,660,5.3539259865833e-11,4.6885997488255e-06,-9.9040945225362e-13,6.5468382813611e-14
661,0,0,661,5.347396323227e-11,4.6940700786797e-06,-9.9012970359904e-13,6.5296633562807e-14
662,0,0,662,5.3408837847932e-11,4.6995388602011e-06,-9.8984945538474e-13,6.5125384338598e-14
663,0,0,663,5.3343883213074e-11,4.7050060906315e-06,-9.895687078942e-13,6.4954634858116e-14
664,0,0,664,5.3279098828258e-11,4.710471767214e-06,-9.8928746143191e-13,6.4784384816001e-14
665,0,0,665,5.3214484194373e-11,4.7159358871937e-06,-9.8900571632579e-13,6.4614633884729e-14
666,0,0,666,5.3150038812658e-11,4.7213984478176e-06,-9.8872347292433e-13,6.4445381715055e-14
667,0,0,667,5.3085762184722e-11,4.7268594463347e-06,-9.884407315984e-13,6.4276627936285e-14
668,0,0,668,5.3021653812565e-11,4.7323188799962e-06,-9.881574927394e-13,6.4108372156756e-14
669,0,0,669,5.2957713198601e-11,4.7377767460557e-06,-9.8787375675943e-13,6.394061396408e-14
670,0,0,670,5.2893939845675e-11,4.7432330417689e-06,-9.8758952409085e-13,6.3773352925589e-14
671,0,0,671,5.2830333257086e-11,4.7486877643942e-06,-9.8730479518637e-13,6.3606588588629e-14
672,0,0,672,5.2766892936606e-11,4.7541409111927e-06,-9.8701957051791e-13,6.3440320480937e-14
673,0,0,673,5.2703618388495e-11,4.7595924794279e-06,-9.8673385057698e-13,6.3274548110968e-14
674,0,0,674,5.2640509117526e-11,4.7650424663664e-06,-9.8644763587349e-13,6.3109270968235e-14
675,0,0,675,5.2577564629003e-11,4.7704908692777e-06,-9.8616092693654e-13,6.2944488523665e-14
676,0,0,676,5.2514784428773e-11,4.7759376854341e-06,-9.858737243136e-13,6.2780200229885e-14
677,0,0,677,5.2452168023251e-11,4.7813829121113e-06,-9.8558602856933e-13,6.2616405521595e-14
678,0,0,678,5.2389714919435e-11,4.786826546588e-06,-9.8529784028662e-13,6.2453103815844e-14
679,0,0,679,5.2327424624923e-11,4.7922685861464e-06,-9.8500916006554e-13,6.2290294512411e-14
680,0,0,680,5.2265296647929e-11,4.7977090280719e-06,-9.8471998852301e-13,6.2127976994038e-14
681,0,0,681,5.2203330497302e-11,4.8031478696537e-06,-9.84430326293e-13,6.1966150626819e-14
682,0,0,682,5.2141525682542e-11,4.8085851081842e-06,-9.8414017402538e-13,6.1804814760443e-14
683,0,0,683,5.2079881713813e-11,4.8140207409598e-06,-9.8384953238632e-13,6.164396872855e-14
684,0,0,684,5.2018398101964e-11,4.8194547652806e-06,-9.8355840205804e-13,6.1483611848976e-14
685,0,0,685,5.195707435854e-11,4.8248871784504e-06,-9.8326678373766e-13,6.1323743424115e-14
686,0,0,686,5.1895909995799e-11,4.8303179777771e-06,-9.8297467813779e-13,6.1164362741133e-14
687,0,0,687,5.1834904526727e-11,4.8357471605726e-06,-9.8268208598635e-13,6.1005469072318e-14
688,0,0,688,5.1774057465051e-11,4.8411747241529e-06,-9.8238900802507e-13,6.0847061675351e-14
689,0,0,689,5.1713368325258e-11,4.846600665838e-06,-9.820954450104e-13,6.0689139793551e-14
690,0,0,690,5.1652836622601e-11,4.8520249829525e-06,-9.8180139771304e-13,6.0531702656204e-14
691,0,0,691,5.1592461873123e-11,4.8574476728249e-06,-9.8150686691749e-13,6.0374749478788e-14
692,0,0,692,5.1532243593659e-11,4.8628687327886e-06,-9.8121185342098e-13,6.0218279463307e-14
693,0,0,693,5.1472181301861e-11,4.868288160181e-06,-9.8091635803531e-13,6.0062291798464e-14
694,0,0,694,5.1412274516201e-11,4.8737059523445e-06,-9.8062038158376e-13,5.9906785660038e-14
695,0,0,695,5.135252275599e-11,4.8791221066257e-06,-9.8032392490388e-13,5.9751760211039e-14
696,0,0,696,5.1292925541388e-11,4.8845366203762e-06,-9.8002698884426e-13,5.959721460203e-14
697,0,0,697,5.1233482393416e-11,4.8899494909523e-06,-9.7972957426667e-13,5.9443147971366e-14
698,0,0,698,5.1174192833971e-11,4.895360715715e-06,-9.7943168204453e-13,5.9289559445443e-14
699,0,0,699,5.1115056385832e-11,4.9007702920302e-06,-9.7913331306293e-13,5.9136448138923e-14
700,0,0,700,5.1056072572677e-11,4.906178217269e-06,-9.7883446821828e-13,5.8983813155021e-14
701,0,0,701,5.0997240919091e-11,4.9115844888072e-06,-9.7853514841865e-13,5.8831653585712e-14
702,0,0,702,5.0938560950579e-11,4.9169891040259e-06,-9.7823535458286e-13,5.8679968511966e-14
703,0,0,703,5.0880032193575e-11,4.9223920603112e-06,-9.7793508764012e-13,5.8528757004026e-14
704,0,0,704,5.0821654175454e-11,4.9277933550545e-06,-9.7763434853117e-13,5.837801812158e-14
705,0,0,705,5.076342642454e-11,4.9331929856523e-06,-9.7733313820563e-13,5.8227750914058e-14
706,0,0,706,5.0705348470119e-11,4.9385909495066e-06,-9.7703145762477e-13,5.8077954420758e-14
707,0,0,707,5.0647419842448e-11,4.9439872440246e-06,-9.7672930775814e-13,5.7928627671199e-14
708,0,0,708,5.0589640072763e-11,4.949381866619e-06,-9.7642668958633e-13,5.7779769685209e-14
709,0,0,709,5.0532008693289e-11,4.9547748147079e-06,-9.7612360409821e-13,5.7631379473249e-14
710,0,0,710,5.0474525237253e-11,4.9601660857151e-06,-9.7582005229277e-13,5.7483456036561e-14
711,0,0,711,5.0417189238885e-11,4.9655556770697e-06,-9.7551603517712e-13,5.7335998367402e-14
712,0,0,712,5.0360000233436e-11,4.9709435862065e-06,-9.7521155376772e-13,5.7189005449263e-14
713,0,0,713,5.0302957757179e-11,4.9763298105661e-06,-9.7490660908978e-13,5.7042476257034e-14
714,0,0,714,5.0246061347422e-11,4.9817143475947e-06,-9.7460120217602e-13,5.689640975727e-14
715,0,0,715,5.0189310542513e-11,4.9870971947443e-06,-9.742953340685e-13,5.6750804908324e-14
716,0,0,716,5.0132704881853e-11,4.9924783494725e-06,-9.7398900581588e-13,5.6605660660608e-14
717,0,0,717,5.0076243905896e-11,4.9978578092431e-06,-9.7368221847603e-13,5.6460975956713e-14
718,0,0,718,5.0019927156164e-11,5.0032355715255e-06,-9.7337497311339e-13,5.6316749731689e-14
719,0,0,719,4.9963754175251e-11,5.0086116337951e-06,-9.7306727080024e-13,5.6172980913161e-14
720,0,0,720,4.990772450683e-11,5.0139859935333e-06,-9.7275911261559e-13,5.6029668421563e-14
721,0,0,721,4.9851837695659e-11,5.0193586482275e-06,-9.7245049964643e-13,5.5886811170287e-14
722,0,0,722,4.9796093287594e-11,5.0247295953711e-06,-9.7214143298558e-13,5.574440806588e-14
723,0,0,723,4.9740490829585e-11,5.0300988324635e-06,-9.7183191373321e-13,5.5602458008243e-14
724,0,0,724,4.9685029869694e-11,5.0354663570105e-06,-9.7152194299547e-13,5.5460959890782e-14
725,0,0,725,4.9629709957094e-11,5.0408321665236e-06,-9.7121152188526e-13,5.5319912600585e-14
726,0,0,726,4.9574530642075e-11,5.046196258521e-06,-9.7090065152131e-13,5.5179315018605e-14
727,0,0,727,4.9519491476055e-11,5.0515586305267e-06,-9.7058933302847e-13,5.5039166019818e-14
728,0,0,728,4.9464592011582e-11,5.0569192800711e-06,-9.7027756753744e-13,5.4899464473397e-14
729,0,0,729,4.9409831802339e-11,5.0622782046909e-06,-9.6996535618424e-13,5.4760209242894e-14
730,0,0,730,4.9355210403153e-11,5.0676354019291e-06,-9.6965270011123e-13,5.4621399186353e-14
731,0,0,731,4.9300727369996e-11,5.0729908693349e-06,-9.6933960046457e-13,5.4483033156532e-14
732,0,0,732,4.9246382259995e-11,5.0783446044642e-06,-9.6902605839716e-13,5.4345110001014e-14
733,0,0,733,4.9192174631433e-11,5.0836966048789e-06,-9.6871207506592e-13,5.420762856238e-14
734,0,0,734,4.9138104043755e-11,5.0890468681476e-06,-9.6839765163311e-13,5.4070587678376e-14
735,0,0,735,4.9084170057572e-11,5.0943953918452e-06,-9.6808278926513e-13,5.3933986182043e-14
736,0,0,736,4.9030372234671e-11,5.0997421735531e-06,-9.677674891336e-13,5.3797822901869e-14
737,0,0,737,4.8976710138009e-11,5.1050872108593e-06,-9.6745175241428e-13,5.3662096661951e-14
738,0,0,738,4.8923183331727e-11,5.1104305013581e-06,-9.6713558028675e-13,5.3526806282129e-14
739,0,0,739,4.8869791381148e-11,5.1157720426506e-06,-9.6681897393552e-13,5.3391950578132e-14
740,0,0,740,4.8816533852787e-11,5.1211118323442e-06,-9.6650193454844e-13,5.3257528361702e-14
741,0,0,741,4.8763410314346e-11,5.1264498680532e-06,-9.6618446331724e-13,5.3123538440788e-14
742,0,0,742,4.8710420334726e-11,5.1317861473981e-06,-9.6586656143758e-13,5.2989979619585e-14
743,0,0,743,4.8657563484028e-11,5.1371206680065e-06,-9.65548230109e-13,5.2856850698795e-14
744,0,0,744,4.8604839333552e-11,5.1424534275122e-06,-9.652294705333e-13,5.2724150475629e-14
745,0,0,745,4.8552247455808e-11,5.1477844235559e-06,-9.6491028391708e-13,5.2591877744049e-14
746,0,0,746,4.8499787424513e-11,5.153113653785e-06,-9.6459067146873e-13,5.2460031294822e-14
747,0,0,747,4.8447458814597e-11,5.1584411158535e-06,-9.6427063440096e-13,5.2328609915675e-14
748,0,0,748,4.8395261202206e-11,5.1637668074222e-06,-9.6395017392802e-13,5.2197612391448e-14
749,0,0,749,4.8343194164702e-11,5.1690907261585e-06,-9.6362929126843e-13,5.2067037504156e-14
750,0,0,750,4.8291257280669e-11,5.1744128697366e-06,-9.633079876421e-13,5.1936884033152e-14
751,0,0,751,4.8239450129913e-11,5.1797332358376e-06,-9.6298626427217e-13,5.1807150755242e-14
752,0,0,752,4.8187772293469e-11,5.1850518221491e-06,-9.6266412238407e-13,5.1677836444817e-14
753,0,0,753,4.8136223353595e-11,5.1903686263657e-06,-9.6234156320568e-13,5.1548939873907e-14
754,0,0,754,4.8084802893782e-11,5.1956836461887e-06,-9.6201858796687e-13,5.1420459812391e-14
755,0,0,755,4.8033510498754e-11,5.2009968793263e-06,-9.6169519789952e-13,5.129239502801e-14
756,0,0,756,4.7982345754468e-11,5.2063083234933e-06,-9.613713942378e-13,5.1164744286564e-14
757,0,0,757,4.7931308248116e-11,5.2116179764117e-06,-9.6104717821771e-13,5.1037506351969e-14
758,0,0,758,4.7880397568129e-11,5.2169258358099e-06,-9.6072255107649e-13,5.0910679986373e-14
759,0,0,759,4.7829613304179e-11,5.2222318994234e-06,-9.6039751405383e-13,5.0784263950266e-14
760,0,0,760,4.7778955047176e-11,5.2275361649946e-06,-9.6007206839033e-13,5.06582570026e-14
761,0,0,761,4.7728422389276e-11,5.2328386302727e-06,-9.5974621532876e-13,5.0532657900878e-14
762,0,0,762,4.7678014923874e-11,5.2381392930137e-06,-9.5941995611202e-13,5.0407465401234e-14
763,0,0,763,4.7627732245616e-11,5.2434381509804e-06,-9.5909329198577e-13,5.0282678258567e-14
764,0,0,764,4.7577573950389e-11,5.2487352019428e-06,-9.5876622419554e-13,5.0158295226632e-14
765,0,0,765,4.7527539635331e-11,5.2540304436776e-06,-9.5843875398868e-13,5.0034315058099e-14
766,0,0,766,4.7477628898826e-11,5.2593238739683e-06,-9.5811088261315e-13,4.9910736504727e-14
767,0,0,767,4.7427841340509e-11,5.2646154906054e-06,-9.5778261131815e-13,4.9787558317363e-14
768,0,0,768,4.7378176561263e-11,5.2699052913863e-06,-9.5745394135287e-13,4.9664779246093e-14
769,0,0,769,4.7328634163223e-11,5.2751932741154e-06,-9.5712487396804e-13,4.9542398040328e-14
770,0,0,770,4.7279213749774e-11,5.2804794366039e-06,-9.5679541041485e-13,4.9420413448881e-14
771,0,0,771,4.7229914925554e-11,5.2857637766699e-06,-9.5646555194448e-13,4.9298824220034e-14
772,0,0,772,4.7180737296452e-11,5.2910462921385e-06,-9.5613529980905e-13,4.917762910168e-14
773,0,0,773,4.7131680469611e-11,5.2963269808416e-06,-9.5580465526049e-13,4.9056826841352e-14
774,0,0,774,4.7082744053424e-11,5.3016058406181e-06,-9.554736195517e-13,4.8936416186331e-14
775,0,0,775,4.7033927657541e-11,5.3068828693139e-06,-9.5514219393523e-13,4.8816395883734e-14
776,0,0,776,4.698523089286e-11,5.3121580647816e-06,-9.5481037966381e-13,4.8696764680564e-14
777,0,0,777,4.6936653371536e-11,5.317431424881e-06,-9.544781779903e-13,4.8577521323849e-14
778,0,0,778,4.6888194706975e-11,5.3227029474786e-06,-9.5414559016743e-13,4.8458664560637e-14
779,0,0,779,4.6839854513837e-11,5.3279726304479e-06,-9.5381261744777e-13,4.8340193138156e-14
780,0,0,780,4.6791632408034e-11,5.3332404716694e-06,-9.5347926108358e-13,4.8222105803816e-14
781,0,0,781,4.6743528006728e-11,5.3385064690303e-06,-9.5314552232726e-13,4.8104401305349e-14
782,0,0,782,4.6695540928337e-11,5.343770620425e-06,-9.5281140243017e-13,4.7987078390825e-14
783,0,0,783,4.6647670792529e-11,5.3490329237545e-06,-9.5247690264363e-13,4.787013580875e-14
784,0,0,784,4.659991722022e-11,5.354293376927e-06,-9.5214202421885e-13,4.7753572308163e-14
785,0,0,785,4.6552279833582e-11,5.3595519778574e-06,-9.5180676840562e-13,4.7637386638644e-14
786,0,0,786,4.6504758256031e-11,5.3648087244676e-06,-9.5147113645359e-13,4.7521577550415e-14
787,0,0,787,4.6457352112237e-11,5.3700636146865e-06,-9.5113512961151e-13,4.7406143794445e-14
788,0,0,788,4.6410061028114e-11,5.3753166464496e-06,-9.5079874912796e-13,4.7291084122423e-14
789,0,0,789,4.6362884630828e-11,5.3805678176996e-06,-9.5046199624951e-13,4.7176397286907e-14
790,0,0,790,4.6315822548786e-11,5.3858171263859e-06,-9.5012487222292e-13,4.7062082041356e-14
791,0,0,791,4.6268874411646e-11,5.3910645704649e-06,-9.4978737829339e-13,4.6948137140191e-14
792,0,0,792,4.6222039850307e-11,5.3963101478997e-06,-9.4944951570567e-13,4.6834561338836e-14
793,0,0,793,4.6175318496913e-11,5.4015538566605e-06,-9.4911128570251e-13,4.672135339383e-14
794,0,0,794,4.6128709984851e-11,5.4067956947242e-06,-9.4877268952636e-13,4.6608512062833e-14
795,0,0,795,4.6082213948746e-11,5.4120356600746e-06,-9.4843372841798e-13,4.6496036104711e-14
796,0,0,796,4.6035830024466e-11,5.4172737507023e-06,-9.4809440361722e-13,4.6383924279592e-14
797,0,0,797,4.5989557849117e-11,5.4225099646049e-06,-9.4775471636223e-13,4.6272175348902e-14
798,0,0,798,4.5943397061042e-11,5.4277442997866e-06,-9.474146678904e-13,4.6160788075464e-14
799,0,0,799,4.5897347299818e-11,5.4329767542586e-06,-9.4707425943667e-13,4.6049761223489e-14
800,0,0,800,4.585140820626e-11,5.4382073260389e-06,-9.4673349223581e-13,4.5939093558668e-14
801,0,0,801,4.5805579422411e-11,5.4434360131523e-06,-9.4639236752001e-13,4.5828783848244e-14
802,0,0,802,4.5759860591551e-11,5.4486628136303e-06,-9.4605088652037e-13,4.571883086099e-14
803,0,0,803,4.5714251358183e-11,5.4538877255113e-06,-9.4570905046614e-13,4.5609233367355e-14
804,0,0,804,4.5668751368044e-11,5.4591107468405e-06,-9.4536686058523e-13,4.5499990139415e-14
805,0,0,805,4.5623360268093e-11,5.4643318756698e-06,-9.4502431810365e-13,4.5391099951004e-14
806,0,0,806,4.5578077706515e-11,5.4695511100579e-06,-9.4468142424533e-13,4.5282561577687e-14
807,0,0,807,4.5532903332718e-11,5.4747684480703e-06,-9.4433818023292e-13,4.5174373796898e-14
808,0,0,808,4.548783679733e-11,5.479983887779e-06,-9.439945872868e-13,4.506653538786e-14
809,0,0,809,4.5442877752199e-11,5.4851974272631e-06,-9.436506466258e-13,4.495904513177e-14
810,0,0,810,4.5398025850387e-11,5.4904090646083e-06,-9.4330635946647e-13,4.4851901811713e-14
811,0,0,811,4.5353280746174e-11,5.4956187979067e-06,-9.4296172702335e-13,4.4745104212802e-14
812,0,0,812,4.5308642095052e-11,5.5008266252576e-06,-9.4261675050945e-13,4.4638651122162e-14
813,0,0,813,4.5264109553723e-11,5.5060325447666e-06,-9.4227143113533e-13,4.4532541329003e-14
814,0,0,814,4.5219682780098e-11,5.5112365545463e-06,-9.419257701091e-13,4.4426773624626e-14
815,0,0,815,4.5175361433296e-11,5.5164386527155e-06,-9.4157976863763e-13,4.432134680249e-14
816,0,0,816,4.5131145173637e-11,5.5216388374002e-06,-9.4123342792444e-13,4.4216259658261e-14
817,0,0,817,4.5087033662648e-11,5.5268371067326e-06,-9.4088674917226e-13,4.4111510989804e-14
818,0,0,818,4.504302656305e-11,5.5320334588519e-06,-9.4053973357985e-13,4.4007099597263e-14
819,0,0,819,4.4999123538767e-11,5.5372278919035e-06,-9.401923823455e-13,4.3903024283068e-14
820,0,0,820,4.4955324254915e-11,5.5424204040397e-06,-9.3984469666336e-13,4.3799283851993e-14
821,0,0,821,4.4911628377804e-11,5.5476109934195e-06,-9.3949667772668e-13,4.3695877111174e-14
822,0,0,822,4.4868035574934e-11,5.552799658208e-06,-9.3914832672546e-13,4.3592802870149e-14
823,0,0,823,4.4824545514993e-11,5.5579863965773e-06,-9.3879964484774e-13,4.3490059940899e-14
824,0,0,824,4.4781157867855e-11,5.5631712067059e-06,-9.3845063327876e-13,4.3387647137848e-14
825,0,0,825,4.4737872304577e-11,5.5683540867789e-06,-9.3810129320119e-13,4.3285563277941e-14
826,0,0,826,4.4694688497397e-11,5.5735350349877e-06,-9.3775162579569e-13,4.3183807180635e-14
827,0,0,827,4.4651606119729e-11,5.5787140495304e-06,-9.3740163224001e-13,4.3082377667955e-14
828,0,0,828,4.4608624846164e-11,5.5838911286117e-06,-9.3705131370899e-13,4.2981273564516e-14
829,0,0,829,4.4565744352467e-11,5.5890662704425e-06,-9.3670067137547e-13,4.2880493697536e-14
830,0,0,830,4.452296431557e-11,5.5942394732404e-06,-9.3634970640953e-13,4.2780036896879e-14
831,0,0,831,4.4480284413575e-11,5.5994107352292e-06,-9.3599841997821e-13,4.2679901995101e-14
832,0,0,832,4.4437704325747e-11,5.6045800546394e-06,-9.356468132462e-13,4.2580087827424e-14
833,0,0,833,4.4395223732515e-11,5.6097474297078e-06,-9.3529488737502e-13,4.2480593231819e-14
834,0,0,834,4.4352842315466e-11,5.6149128586775e-06,-9.3494264352416e-13,4.2381417048986e-14
835,0,0,835,4.4310559757344e-11,5.6200763397982e-06,-9.3459008284977e-13,4.2282558122424e-14
836,0,0,836,4.4268375742046e-11,5.6252378713259e-06,-9.3423720650521e-13,4.2184015298409e-14
837,0,0,837,4.422628995462e-11,5.6303974515228e-06,-9.3388401564172e-13,4.2085787426037e-14
838,0,0,838,4.4184302081262e-11,5.6355550786576e-06,-9.3353051140637e-13,4.1987873357263e-14
839,0,0,839,4.4142411809315e-11,5.6407107510054e-06,-9.3317669494488e-13,4.1890271946903e-14
840,0,0,840,4.4100618827263e-11,5.6458644668474e-06,-9.3282256739866e-13,4.1792982052664e-14
841,0,0,841,4.4058922824728e-11,5.6510162244712e-06,-9.324681299076e-13,4.1696002535144e-14
842,0,0,842,4.401732349247e-11,5.6561660221707e-06,-9.3211338360743e-13,4.1599332257901e-14
843,0,0,843,4.3975820522382e-11,5.661313858246e-06,-9.317583296316e-13,4.1502970087426e-14
844,0,0,844,4.3934413607489e-11,5.6664597310035e-06,-9.3140296911064e-13,4.1406914893175e-14
845,0,0,845,4.3893102441942e-11,5.6716036387558e-06,-9.3104730317156e-13,4.1311165547606e-14
846,0,0,846,4.3851886721015e-11,5.6767455798218e-06,-9.3069133293905e-13,4.1215720926178e-14
847,0,0,847,4.3810766141108e-11,5.6818855525264e-06,-9.3033505953414e-13,4.1120579907358e-14
848,0,0,848,4.3769740399735e-11,5.6870235552008e-06,-9.2997848407525e-13,4.1025741372706e-14
849,0,0,849,4.3728809195529e-11,5.6921595861825e-06,-9.2962160767758e-13,4.0931204206771e-14
850,0,0,850,4.3687972228231e-11,5.6972936438148e-06,-9.2926443145325e-13,4.0836967297239e-14
851,0,0,851,4.3647229198696e-11,5.7024257264475e-06,-9.2890695651135e-13,4.0743029534849e-14
852,0,0,852,4.3606579808883e-11,5.7075558324362e-06,-9.285491839577e-13,4.0649389813472e-14
853,0,0,853,4.3566023761853e-11,5.7126839601428e-06,-9.281911148954e-13,4.0556047030076e-14
854,0,0,854,4.3525560761768e-11,5.7178101079352e-06,-9.2783275042371e-13,4.0463000084783e-14
855,0,0,855,4.3485190513887e-11,5.7229342741873e-06,-9.2747409163957e-13,4.0370247880873e-14
856,0,0,856,4.3444912724562e-11,5.7280564572793e-06,-9.2711513963596e-13,4.0277789324749e-14
857,0,0,857,4.3404727101236e-11,5.733176655597e-06,-9.2675589550355e-13,4.0185623326052e-14
858,0,0,858,4.3364633352439e-11,5.7382948675325e-06,-9.2639636032885e-13,4.0093748797555e-14
859,0,0,859,4.3324631187784e-11,5.7434110914838e-06,-9.2603653519611e-13,4.0002164655259e-14
860,0,0,860,4.3284720317965e-11,5.748525325855e-06,-9.2567642118541e-13,3.9910869818394e-14
861,0,0,861,4.3244900454756e-11,5.753637569056e-06,-9.2531601937454e-13,3.9819863209375e-14
862,0,0,862,4.3205171311002e-11,5.7587478195026e-06,-9.2495533083761e-13,3.9729143753889e-14
863,0,0,863,4.3165532600621e-11,5.7638560756167e-06,-9.2459435664521e-13,3.9638710380841e-14
864,0,0,864,4.3125984038599e-11,5.7689623358259e-06,-9.2423309786516e-13,3.9548562022411e-14
865,0,0,865,4.3086525340985e-11,5.7740665985638e-06,-9.2387155556192e-13,3.9458697614044e-14
866,0,0,866,4.304715622489e-11,5.7791688622698e-06,-9.235097307964e-13,3.9369116094442e-14
867,0,0,867,4.3007876408485e-11,5.7842691253893e-06,-9.2314762462632e-13,3.927981640562e-14
868,0,0,868,4.2968685610992e-11,5.7893673863733e-06,-9.2278523810647e-13,3.9190797492847e-14
869,0,0,869,4.2929583552687e-11,5.7944636436788e-06,-9.224225722878e-13,3.9102058304729e-14
870,0,0,870,4.2890569954894e-11,5.7995578957684e-06,-9.2205962821838e-13,3.9013597793166e-14
871,0,0,871,4.285164453998e-11,5.8046501411106e-06,-9.2169640694286e-13,3.8925414913363e-14
872,0,0,872,4.2812807031357e-11,5.8097403781797e-06,-9.2133290950225e-13,3.8837508623873e-14
873,0,0,873,4.277405715347e-11,5.8148286054556e-06,-9.2096913693463e-13,3.8749877886534e-14
874,0,0,874,4.2735394631803e-11,5.819914821424e-06,-9.2060509027455e-13,3.8662521666588e-14
875,0,0,875,4.2696819192871e-11,5.8249990245762e-06,-9.2024077055351e-13,3.8575438932547e-14
876,0,0,876,4.2658330564215e-11,5.8300812134093e-06,-9.1987617879885e-13,3.8488628656309e-14
877,0,0,877,4.2619928474401e-11,5.8351613864261e-06,-9.1951131603578e-13,3.8402089813141e-14
878,0,0,878,4.258161265302e-11,5.8402395421349e-06,-9.1914618328505e-13,3.8315821381608e-14
879,0,0,879,4.2543382830676e-11,5.8453156790496e-06,-9.1878078156482e-13,3.8229822343712e-14
880,0,0,880,4.2505238738991e-11,5.8503897956898e-06,-9.1841511188909e-13,3.8144091684753e-14
881,0,0,881,4.2467180110598e-11,5.8554618905808e-06,-9.1804917526959e-13,3.8058628393451e-14
882,0,0,882,4.2429206679136e-11,5.8605319622533e-06,-9.1768297271342e-13,3.7973431461873e-14
883,0,0,883,4.2391318179251e-11,5.8656000092435e-06,-9.173165052254e-13,3.7888499885487e-14
884,0,0,884,4.2353514346587e-11,5.8706660300932e-06,-9.1694977380635e-13,3.7803832663113e-14
885,0,0,885,4.231579491779e-11,5.8757300233499e-06,-9.1658277945358e-13,3.7719428796984e-14
886,0,0,886,4.2278159630498e-11,5.8807919875663e-06,-9.1621552316177e-13,3.7635287292692e-14
887,0,0,887,4.2240608223339e-11,5.8858519213006e-06,-9.1584800592119e-13,3.7551407159251e-14
888,0,0,888,4.220314043593e-11,5.8909098231168e-06,-9.1548022871977e-13,3.7467787409031e-14
889,0,0,889,4.2165756008872e-11,5.8959656915838e-06,-9.1511219254117e-13,3.7384427057824e-14
890,0,0,890,4.2128454683747e-11,5.9010195252765e-06,-9.1474389836629e-13,3.7301325124794e-14
891,0,0,891,4.2091236203114e-11,5.9060713227747e-06,-9.1437534717204e-13,3.721848063251e-14
892,0,0,892,4.2054100310507e-11,5.9111210826638e-06,-9.1400653993241e-13,3.7135892606949e-14
893,0,0,893,4.201704675043e-11,5.9161688035346e-06,-9.1363747761789e-13,3.7053560077465e-14
894,0,0,894,4.1980075268353e-11,5.9212144839832e-06,-9.1326816119555e-13,3.6971482076813e-14
895,0,0,895,4.1943185610712e-11,5.926258122611e-06,-9.1289859162899e-13,3.6889657641171e-14
896,0,0,896,4.1906377524902e-11,5.9312997180247e-06,-9.1252876987824e-13,3.6808085810075e-14
897,0,0,897,4.1869650759275e-11,5.9363392688363e-06,-9.1215869690043e-13,3.6726765626488e-14
898,0,0,898,4.1833005063139e-11,5.9413767736631e-06,-9.1178837364902e-13,3.6645696136763e-14
899,0,0,899,4.1796440186748e-11,5.9464122311276e-06,-9.1141780107379e-13,3.6564876390642e-14
900,0,0,900,4.1759955881307e-11,5.9514456398575e-06,-9.1104698012174e-13,3.6484305441275e-14
901,0,0,901,4.1723551898962e-11,5.9564769984859e-06,-9.1067591173576e-13,3.6403982345199e-14
902,0,0,902,4.1687227992799e-11,5.9615063056508e-06,-9.1030459685595e-13,3.6323906162335e-14
903,0,0,903,4.1650983916843e-11,5.9665335599957e-06,-9.0993303641891e-13,3.6244075956025e-14
904,0,0,904,4.161481942605e-11,5.9715587601689e-06,-9.0956123135723e-13,3.6164490792956e-14
905,0,0,905,4.1578734276307e-11,5.9765819048242e-06,-9.0918918260138e-13,3.6085149743249e-14
906,0,0,906,4.1542728224427e-11,5.9816029926202e-06,-9.0881689107691e-13,3.6006051880382e-14
907,0,0,907,4.1506801028145e-11,5.9866220222208e-06,-9.0844435770722e-13,3.5927196281224e-14
908,0,0,908,4.1470952446119e-11,5.9916389922949e-06,-9.0807158341172e-13,3.5848582026026e-14
909,0,0,909,4.1435182237921e-11,5.9966539015165e-06,-9.0769856910647e-13,3.5770208198402e-14
910,0,0,910,4.1399490164036e-11,6.0016667485646e-06,-9.0732531570459e-13,3.5692073885383e-14
911,0,0,911,4.1363875985858e-11,6.0066775321232e-06,-9.0695182411523e-13,3.5614178177317e-14
912,0,0,912,4.132833946569e-11,6.0116862508815e-06,-9.0657809524431e-13,3.5536520167955e-14
913,0,0,913,4.1292880366736e-11,6.0166929035334e-06,-9.0620412999501e-13,3.5459098954405e-14
914,0,0,914,4.1257498453099e-11,6.0216974887779e-06,-9.058299292662e-13,3.5381913637139e-14
915,0,0,915,4.1222193489779e-11,6.0267000053191e-06,-9.0545549395414e-13,3.5304963319973e-14
916,0,0,916,4.1186965242669e-11,6.0317004518658e-06,-9.0508082495142e-13,3.5228247110106e-14
917,0,0,917,4.1151813478551e-11,6.0366988271318e-06,-9.0470592314696e-13,3.5151764118043e-14
918,0,0,918,4.1116737965093e-11,6.0416951298358e-06,-9.043307894272e-13,3.5075513457684e-14
919,0,0,919,4.1081738470847e-11,6.0466893587014e-06,-9.0395542467446e-13,3.4999494246222e-14
920,0,0,920,4.1046814765242e-11,6.0516815124571e-06,-9.0357982976784e-13,3.4923705604214e-14
921,0,0,921,4.1011966618587e-11,6.056671589836e-06,-9.0320400558368e-13,3.4848146655555e-14
922,0,0,922,4.0977193802059e-11,6.0616595895763e-06,-9.0282795299418e-13,3.4772816527445e-14
923,0,0,923,4.0942496087709e-11,6.0666455104209e-06,-9.0245167286876e-13,3.4697714350407e-14
924,0,0,924,4.0907873248451e-11,6.0716293511174e-06,-9.020751660735e-13,3.4622839258294e-14
925,0,0,925,4.0873325058063e-11,6.0766111104183e-06,-9.0169843347063e-13,3.4548190388265e-14
926,0,0,926,4.0838851291182e-11,6.0815907870809e-06,-9.0132147592008e-13,3.4473766880777e-14
927,0,0,927,4.0804451723302e-11,6.086568379867e-06,-9.0094429427749e-13,3.43995678796e-14
928,0,0,928,4.077012613077e-11,6.0915438875432e-06,-9.0056688939559e-13,3.4325592531775e-14
929,0,0,929,4.0735874290783e-11,6.0965173088809e-06,-9.0018926212388e-13,3.4251839987666e-14
930,0,0,930,4.0701695981382e-11,6.1014886426561e-06,-8.9981141330897e-13,3.4178309400873e-14
931,0,0,931,4.0667590981453e-11,6.1064578876494e-06,-8.9943334379298e-13,3.4104999928329e-14
932,0,0,932,4.0633559070723e-11,6.1114250426462e-06,-8.9905505441609e-13,3.4031910730184e-14
933,0,0,933,4.0599600029753e-11,6.1163901064363e-06,-8.9867654601446e-13,3.3959040969871e-14
934,0,0,934,4.0565713639939e-11,6.1213530778143e-06,-8.982978194215e-13,3.3886389814098e-14
935,0,0,935,4.0531899683507e-11,6.1263139555793e-06,-8.9791887546648e-13,3.3813956432788e-14
936,0,0,936,4.0498157943507e-11,6.131272738535e-06,-8.9753971497653e-13,3.3741739999156e-14
937,0,0,937,4.0464488203818e-11,6.1362294254896e-06,-8.9716033877492e-13,3.3669739689594e-14
938,0,0,938,4.0430890249134e-11,6.1411840152558e-06,-8.9678074768159e-13,3.3597954683771e-14
939,0,0,939,4.0397363864969e-11,6.1461365066509e-06,-8.9640094251354e-13,3.3526384164563e-14
940,0,0,940,4.0363908837651e-11,6.1510868984966e-06,-8.9602092408485e-13,3.3455027318063e-14
941,0,0,941,4.0330524954318e-11,6.1560351896193e-06,-8.9564069320548e-13,3.3383883333568e-14
942,0,0,942,4.0297212002914e-11,6.1609813788496e-06,-8.9526025068294e-13,3.3312951403583e-14
943,0,0,943,4.026396977219e-11,6.1659254650227e-06,-8.9487959732134e-13,3.3242230723804e-14
944,0,0,944,4.0230798051697e-11,6.170867446978e-06,-8.9449873392174e-13,3.3171720493113e-14
945,0,0,945,4.0197696631784e-11,6.1758073235597e-06,-8.9411766128169e-13,3.3101419913584e-14
946,0,0,946,4.0164665303593e-11,6.180745093616e-06,-8.937363801958e-13,3.3031328190439e-14
947,0,0,947,4.0131703859061e-11,6.1856807559998e-06,-8.9335489145547e-13,3.2961444532085e-14
948,0,0,948,4.0098812090911e-11,6.190614309568e-06,-8.9297319584904e-13,3.2891768150058e-14
949,0,0,949,4.0065989792652e-11,6.1955457531821e-06,-8.9259129416132e-13,3.2822298259091e-14
950,0,0,950,4.0033236758575e-11,6.200475085708e-06,-8.9220918717466e-13,3.2753034077009e-14
951,0,0,951,4.000055278375e-11,6.2054023060155e-06,-8.9182687566759e-13,3.2683974824781e-14
952,0,0,952,3.9967937664024e-11,6.2103274129791e-06,-8.9144436041603e-13,3.2615119726525e-14
953,0,0,953,3.9935391196014e-11,6.2152504054774e-06,-8.9106164219235e-13,3.2546468009435e-14
954,0,0,954,3.990291317711e-11,6.2201712823933e-06,-8.9067872176621e-13,3.247801890385e-14
955,0,0,955,3.9870503405467e-11,6.2250900426137e-06,-8.9029559990369e-13,3.2409771643189e-14
956,0,0,956,3.9838161680003e-11,6.2300066850301e-06,-8.8991227736861e-13,3.2341725463964e-14
957,0,0,957,3.9805887800398e-11,6.234921208538e-06,-8.8952875492078e-13,3.2273879605768e-14
958,0,0,958,3.9773681567086e-11,6.239833612037e-06,-8.8914503331712e-13,3.2206233311267e-14
959,0,0,959,3.974154278126e-11,6.244743894431e-06,-8.8876111331237e-13,3.2138785826214e-14
960,0,0,960,3.9709471244861e-11,6.249652054628e-06,-8.8837699565701e-13,3.2071536399387e-14
961,0,0,961,3.9677466760578e-11,6.2545580915401e-06,-8.8799268109906e-13,3.2004484282627e-14
962,0,0,962,3.9645529131847e-11,6.2594620040837e-06,-8.876081703836e-13,3.1937628730813e-14
963,0,0,963,3.9613658162845e-11,6.264363791179e-06,-8.8722346425238e-13,3.1870969001872e-14
964,0,0,964,3.9581853658489e-11,6.2692634517505e-06,-8.8683856344435e-13,3.1804504356712e-14
965,0,0,965,3.9550115424429e-11,6.2741609847267e-06,-8.8645346869528e-13,3.1738234059304e-14
966,0,0,966,3.9518443267053e-11,6.2790563890402e-06,-8.8606818073829e-13,3.1672157376573e-14
967,0,0,967,3.9486836993474e-11,6.2839496636275e-06,-8.8568270030286e-13,3.160627357848e-14
968,0,0,968,3.9455296411536e-11,6.2888408074293e-06,-8.8529702811614e-13,3.1540581937952e-14
969,0,0,969,3.9423821329805e-11,6.29372981939e-06,-8.8491116490163e-13,3.147508173089e-14
970,0,0,970,3.9392411557569e-11,6.2986166984584e-06,-8.8452511138096e-13,3.1409772236185e-14
971,0,0,971,3.9361066904834e-11,6.303501443587e-06,-8.8413886827133e-13,3.1344652735659e-14
972,0,0,972,3.932978718232e-11,6.3083840537322e-06,-8.8375243628826e-13,3.127972251409e-14
973,0,0,973,3.929857220146e-11,6.3132645278546e-06,-8.8336581614358e-13,3.1214980859217e-14
974,0,0,974,3.9267421774399e-11,6.3181428649184e-06,-8.829790085465e-13,3.1150427061689e-14
975,0,0,975,3.9236335713984e-11,6.3230190638919e-06,-8.8259201420336e-13,3.1086060415074e-14
976,0,0,976,3.9205313833768e-11,6.3278931237472e-06,-8.8220483381738e-13,3.1021880215879e-14
977,0,0,977,3.9174355948004e-11,6.3327650434604e-06,-8.8181746808891e-13,3.0957885763471e-14
978,0,0,978,3.9143461871644e-11,6.3376348220113e-06,-8.8142991771552e-13,3.0894076360155e-14
979,0,0,979,3.9112631420333e-11,6.3425024583837e-06,-8.8104218339187e-13,3.0830451311093e-14
980,0,0,980,3.9081864410409e-11,6.3473679515649e-06,-8.8065426580955e-13,3.0767009924328e-14
981,0,0,981,3.9051160658898e-11,6.3522313005465e-06,-8.8026616565772e-13,3.0703751510767e-14
982,0,0,982,3.9020519983514e-11,6.3570925043234e-06,-8.7987788362243e-13,3.0640675384188e-14
983,0,0,983,3.8989942202652e-11,6.3619515618946e-06,-8.794894203864e-13,3.0577780861182e-14
984,0,0,984,3.8959427135391e-11,6.3668084722627e-06,-8.7910077663049e-13,3.0515067261208e-14
985,0,0,985,3.8928974601485e-11,6.3716632344342e-06,-8.7871195303188e-13,3.0452533906532e-14
986,0,0,986,3.8898584421362e-11,6.3765158474191e-06,-8.7832295026576e-13,3.0390180122253e-14
987,0,0,987,3.8868256416126e-11,6.3813663102312e-06,-8.7793376900334e-13,3.0328005236267e-14
988,0,0,988,3.8837990407547e-11,6.3862146218882e-06,-8.7754440991443e-13,3.0266008579269e-14
989,0,0,989,3.8807786218062e-11,6.3910607814112e-06,-8.7715487366489e-13,3.0204189484738e-14
990,0,0,990,3.8777643670773e-11,6.3959047878251e-06,-8.7676516091824e-13,3.014254728896e-14
991,0,0,991,3.8747562589442e-11,6.4007466401585e-06,-8.7637527233542e-13,3.0081081330931e-14
992,0,0,992,3.871754279849e-11,6.4055863374434e-06,-8.759852085746e-13,3.001979095247e-14
993,0,0,993,3.8687584122992e-11,6.4104238787157e-06,-8.7559497029074e-13,2.9958675498113e-14
994,0,0,994,3.8657686388677e-11,6.4152592630148e-06,-8.7520455813633e-13,2.989773431513e-14
995,0,0,995,3.8627849421923e-11,6.4200924893837e-06,-8.7481397276158e-13,2.9836966753545e-14
996,0,0,996,3.8598073049757e-11,6.4249235568688e-06,-8.74423214813e-13,2.9776372166076e-14
997,0,0,997,3.8568357099849e-11,6.4297524645204e-06,-8.7403228493528e-13,2.9715949908175e-14
998,0,0,998,3.8538701400511e-11,6.4345792113921e-06,-8.7364118377019e-13,2.9655699337968e-14
999,0,0,999,3.8509105780695e-11,6.439403796541e-06,-8.7324991195642e-13,2.9595619816299e-14
1000,0,0,1000,3.8479570069988e-11,6.4442262190279e-06,-8.7285847013038e-13,2.9535710706682e-14
1001,0,0,1001,3.8450094098613e-11,6.449046477917e-06,-8.7246685892555e-13,2.9475971375286e-14
1002,0,0,1002,3.8420677697422e-11,6.453864572276e-06,-8.7207507897314e-13,2.941640119097e-14
1003,0,0,1003,3.8391320697896e-11,6.458680501176e-06,-8.7168313090141e-13,2.9356999525233e-14
1004,0,0,1004,3.8362022932144e-11,6.4634942636917e-06,-8.7129101533588e-13,2.9297765752196e-14
1005,0,0,1005,3.8332784232896e-11,6.468305858901e-06,-8.7089873289946e-13,2.9238699248638e-14
1006,0,0,1006,3.8303604433502e-11,6.4731152858856e-06,-8.7050628421291e-13,2.9179799393958e-14
1007,0,0,1007,3.8274483367931e-11,6.4779225437304e-06,-8.7011366989394e-13,2.9121065570144e-14
1008,0,0,1008,3.824542087077e-11,6.4827276315235e-06,-8.6972089055733e-13,2.9062497161818e-14
1009,0,0,1009,3.8216416777213e-11,6.4875305483567e-06,-8.6932794681633e-13,2.9004093556156e-14
1010,0,0,1010,3.818747092307e-11,6.4923312933251e-06,-8.6893483928066e-13,2.8945854142969e-14
1011,0,0,1011,3.8158583144756e-11,6.4971298655271e-06,-8.6854156855745e-13,2.8887778314578e-14
1012,0,0,1012,3.812975327929e-11,6.5019262640644e-06,-8.6814813525212e-13,2.8829865465919e-14
1013,0,0,1013,3.8100981164296e-11,6.5067204880421e-06,-8.6775453996675e-13,2.8772114994456e-14
1014,0,0,1014,3.8072266637995e-11,6.5115125365687e-06,-8.6736078330093e-13,2.8714526300198e-14
1015,0,0,1015,3.804360953921e-11,6.5163024087557e-06,-8.6696686585243e-13,2.8657098785695e-14
1016,0,0,1016,3.8015009707354e-11,6.5210901037182e-06,-8.665727882155e-13,2.8599831856016e-14
1017,0,0,1017,3.7986466982435e-11,6.5258756205745e-06,-8.6617855098253e-13,2.8542724918739e-14
1018,0,0,1018,3.7957981205051e-11,6.530658958446e-06,-8.6578415474332e-13,2.8485777383949e-14
1019,0,0,1019,3.7929552216387e-11,6.5354401164575e-06,-8.653896000849e-13,2.842898866423e-14
1020,0,0,1020,3.7901179858212e-11,6.540219093737e-06,-8.6499488759217e-13,2.8372358174649e-14
1021,0,0,1021,3.7872863972879e-11,6.5449958894157e-06,-8.646000178474e-13,2.8315885332743e-14
1022,0,0,1022,3.7844604403321e-11,6.549770502628e-06,-8.6420499143028e-13,2.8259569558509e-14
1023,0,0,1023,3.7816400993046e-11,6.5545429325116e-06,-8.6380980891818e-13,2.8203410274406e-14
1024,0,0,1024,3.7788253586141e-11,6.5593131782071e-06,-8.6341447088602e-13,2.8147406905358e-14
1025,0,0,1025,3.7760162027262e-11,6.5640812388585e-06,-8.6301897790628e-13,2.8091558878676e-14
1026,0,0,1026,3.7732126161638e-11,6.5688471136129e-06,-8.6262333054896e-13,2.8035865624137e-14
1027,0,0,1027,3.7704145835064e-11,6.5736108016205e-06,-8.6222752938164e-13,2.798032657392e-14
1028,0,0,1028,3.7676220893902e-11,6.5783723020347e-06,-8.6183157496959e-13,2.792494116262e-14
1029,0,0,1029,3.7648351185074e-11,6.5831316140119e-06,-8.614354678756e-13,2.7869708827206e-14
1030,0,0,1030,3.7620536556067e-11,6.5878887367117e-06,-8.610392086602e-13,2.7814629007057e-14
1031,0,0,1031,3.7592776854924e-11,6.5926436692967e-06,-8.6064279788145e-13,2.7759701143908e-14
1032,0,0,1032,3.7565071930242e-11,6.5973964109326e-06,-8.6024623609463e-13,2.7704924681895e-14
1033,0,0,1033,3.7537421631174e-11,6.6021469607881e-06,-8.5984952385369e-13,2.7650299067467e-14
1034,0,0,1034,3.7509825807425e-11,6.6068953180351e-06,-8.594526617093e-13,2.7595823749454e-14
1035,0,0,1035,3.7482284309246e-11,6.6116414818485e-06,-8.5905565020988e-13,2.7541498179018e-14
1036,0,0,1036,3.7454796987436e-11,6.6163854514059e-06,-8.5865848990214e-13,2.7487321809637e-14
1037,0,0,1037,3.7427363693339e-11,6.6211272258884e-06,-8.5826118132987e-13,2.743329409713e-14
1038,0,0,1038,3.7399984278839e-11,6.6258668044798e-06,-8.5786372503474e-13,2.7379414499602e-14
1039,0,0,1039,3.7372658596362e-11,6.6306041863668e-06,-8.5746612155625e-13,2.7325682477468e-14
1040,0,0,1040,3.7345386498868e-11,6.6353393707394e-06,-8.5706837143146e-13,2.7272097493447e-14
1041,0,0,1041,3.7318167839856e-11,6.6400723567902e-06,-8.5667047519513e-13,2.7218659012521e-14
1042,0,0,1042,3.7291002473354e-11,6.6448031437149e-06,-8.562724333797e-13,2.7165366501942e-14
1043,0,0,1043,3.7263890253923e-11,6.6495317307122e-06,-8.5587424651579e-13,2.7112219431247e-14
1044,0,0,1044,3.7236831036651e-11,6.6542581169837e-06,-8.5547591513097e-13,2.7059217272191e-14
1045,0,0,1045,3.7209824677152e-11,6.6589823017337e-06,-8.5507743975138e-13,2.7006359498816e-14
1046,0,0,1046,3.7182871031564e-11,6.6637042841696e-06,-8.5467882090046e-13,2.695364558735e-14
1047,0,0,1047,3.7155969956548e-11,6.6684240635017e-06,-8.5428005909945e-13,2.6901075016286e-14
1048,0,0,1048,3.7129121309282e-11,6.6731416389429e-06,-8.5388115486763e-13,2.6848647266304e-14
1049,0,0,1049,3.7102324947461e-11,6.6778570097093e-06,-8.5348210872167e-13,2.6796361820294e-14
1050,0,0,1050,3.7075580729298e-11,6.6825701750197e-06,-8.5308292117654e-13,2.6744218163374e-14
1051,0,0,1051,3.7048888513515e-11,6.6872811340956e-06,-8.5268359274462e-13,2.6692215782789e-14
1052,0,0,1052,3.7022248159347e-11,6.6919898861616e-06,-8.5228412393613e-13,2.6640354168027e-14
1053,0,0,1053,3.6995659526537e-11,6.6966964304448e-06,-8.5188451525945e-13,2.6588632810701e-14
1054,0,0,1054,3.6969122475332e-11,6.7014007661753e-06,-8.5148476722068e-13,2.6537051204583e-14
1055,0,0,1055,3.6942636866486e-11,6.7061028925859e-06,-8.5108488032329e-13,2.648560884563e-14
1056,0,0,1056,3.6916202561254e-11,6.7108028089123e-06,-8.5068485506954e-13,2.6434305231897e-14
1057,0,0,1057,3.6889819421391e-11,6.7155005143927e-06,-8.502846919583e-13,2.6383139863599e-14
1058,0,0,1058,3.6863487309148e-11,6.7201960082683e-06,-8.49884391488e-13,2.6332112243066e-14
1059,0,0,1059,3.6837206087273e-11,6.724889289783e-06,-8.4948395415307e-13,2.6281221874744e-14
1060,0,0,1060,3.6810975619008e-11,6.7295803581832e-06,-8.4908338044718e-13,2.6230468265162e-14
1061,0,0,1061,3.6784795768085e-11,6.7342692127184e-06,-8.486826708617e-13,2.6179850922981e-14
1062,0,0,1062,3.6758666398726e-11,6.7389558526404e-06,-8.4828182588539e-13,2.6129369358904e-14
1063,0,0,1063,3.673258737564e-11,6.743640277204e-06,-8.4788084600532e-13,2.6079023085768e-14
1064,0,0,1064,3.6706558564022e-11,6.7483224856664e-06,-8.4747973170642e-13,2.6028811618405e-14
1065,0,0,1065,3.6680579829548e-11,6.7530024772878e-06,-8.4707848347163e-13,2.5978734473774e-14
1066,0,0,1066,3.6654651038377e-11,6.7576802513308e-06,-8.4667710178159e-13,2.5928791170843e-14
1067,0,0,1067,3.6628772057147e-11,6.7623558070607e-06,-8.4627558711539e-13,2.5878981230637e-14
1068,0,0,1068,3.660294275297e-11,6.7670291437455e-06,-8.4587393994954e-13,2.5829304176201e-14
1069,0,0,1069,3.6577162993438e-11,6.7717002606558e-06,-8.4547216075869e-13,2.5779759532624e-14
1070,0,0,1070,3.6551432646611e-11,6.7763691570647e-06,-8.4507025001566e-13,2.5730346826985e-14
1071,0,0,1071,3.6525751581022e-11,6.7810358322481e-06,-8.4466820819142e-13,2.5681065588379e-14
1072,0,0,1072,3.6500119665674e-11,6.7857002854843e-06,-8.442660357542e-13,2.5631915347904e-14
1073,0,0,1073,3.6474536770036e-11,6.7903625160543e-06,-8.4386373317114e-13,2.5582895638637e-14
1074,0,0,1074,3.644900276404e-11,6.7950225232417e-06,-8.4346130090662e-13,2.5534005995643e-14
1075,0,0,1075,3.6423517518084e-11,6.7996803063324e-06,-8.4305873942365e-13,2.5485245955942e-14
1076,0,0,1076,3.6398080903026e-11,6.8043358646152e-06,-8.4265604918293e-13,2.5436615058527e-14
1077,0,0,1077,3.6372692790181e-11,6.8089891973812e-06,-8.4225323064349e-13,2.5388112844347e-14
1078,0,0,1078,3.6347353051325e-11,6.813640303924e-06,-8.4185028426204e-13,2.5339738856286e-14
1079,0,0,1079,3.6322061558686e-11,6.81828918354e-06,-8.4144721049361e-13,2.5291492639164e-14
1080,0,0,1080,3.6296818184946e-11,6.8229358355278e-06,-8.410440097911e-13,2.5243373739742e-14
1081,0,0,1081,3.627162280324e-11,6.8275802591886e-06,-8.4064068260615e-13,2.5195381706685e-14
1082,0,0,1082,3.6246475287149e-11,6.8322224538261e-06,-8.4023722938738e-13,2.5147516090562e-14
1083,0,0,1083,3.6221375510705e-11,6.8368624187465e-06,-8.3983365058244e-13,2.5099776443868e-14
1084,0,0,1084,3.6196323348384e-11,6.8415001532583e-06,-8.3942994663671e-13,2.5052162320979e-14
1085,0,0,1085,3.6171318675106e-11,6.8461356566726e-06,-8.3902611799374e-13,2.5004673278131e-14
1086,0,0,1086,3.6146361366232e-11,6.850768928303e-06,-8.3862216509505e-13,2.4957308873489e-14
1087,0,0,1087,3.6121451297565e-11,6.8553999674653e-06,-8.3821808838066e-13,2.4910068667029e-14
1088,0,0,1088,3.6096588345345e-11,6.8600287734779e-06,-8.3781388828828e-13,2.4862952220632e-14
1089,0,0,1089,3.6071772386247e-11,6.8646553456617e-06,-8.3740956525423e-13,2.4815959097992e-14
1090,0,0,1090,3.6047003297382e-11,6.8692796833396e-06,-8.3700511971254e-13,2.4769088864689e-14
1091,0,0,1091,3.6022280956294e-11,6.8739017858374e-06,-8.3660055209571e-13,2.4722341088083e-14
1092,0,0,1092,3.5997605240957e-11,6.8785216524829e-06,-8.3619586283456e-13,2.467571533742e-14
1093,0,0,1093,3.5972976029773e-11,6.8831392826064e-06,-8.3579105235727e-13,2.4629211183715e-14
1094,0,0,1094,3.5948393201573e-11,6.8877546755406e-06,-8.3538612109145e-13,2.4582828199808e-14
1095,0,0,1095,3.5923856635613e-11,6.8923678306205e-06,-8.3498106946192e-13,2.4536565960366e-14
1096,0,0,1096,3.5899366211571e-11,6.8969787471835e-06,-8.3457589789197e-13,2.4490424041808e-14
1097,0,0,1097,3.5874921809549e-11,6.9015874245691e-06,-8.3417060680338e-13,2.4444402022363e-14
1098,0,0,1098,3.5850523310067e-11,6.9061938621195e-06,-8.3376519661576e-13,2.4398499482049e-14
1099,0,0,1099,3.5826170594064e-11,6.9107980591789e-06,-8.3335966774735e-13,2.4352716002609e-14
1100,0,0,1100,3.5801863542896e-11,6.9154000150939e-06,-8.3295402061409e-13,2.4307051167592e-14
1101,0,0,1101,3.5777602038334e-11,6.9199997292134e-06,-8.3254825563099e-13,2.4261504562293e-14
1102,0,0,1102,3.575338596256e-11,6.9245972008886e-06,-8.3214237321047e-13,2.4216075773713e-14
1103,0,0,1103,3.572921519817e-11,6.9291924294729e-06,-8.317363737634e-13,2.4170764390657e-14
1104,0,0,1104,3.5705089628166e-11,6.9337854143221e-06,-8.313302576996e-13,2.4125570003588e-14
1105,0,0,1105,3.5681009135961e-11,6.938376154794e-06,-8.3092402542625e-13,2.4080492204757e-14
1106,0,0,1106,3.5656973605373e-11,6.942964650249e-06,-8.3051767734934e-13,2.4035530588076e-14
1107,0,0,1107,3.5632982920624e-11,6.9475509000494e-06,-8.3011121387299e-13,2.399068474919e-14
1108,0,0,1108,3.5609036966339e-11,6.9521349035599e-06,-8.2970463539966e-13,2.3945954285437e-14
1109,0,0,1109,3.5585135627543e-11,6.9567166601473e-06,-8.2929794233025e-13,2.3901338795853e-14
1110,0,0,1110,3.5561278789662e-11,6.9612961691808e-06,-8.2889113506369e-13,2.3856837881137e-14
1111,0,0,1111,3.5537466338518e-11,6.9658734300317e-06,-8.2848421399736e-13,2.381245114368e-14
1112,0,0,1112,3.551369816033e-11,6.9704484420733e-06,-8.2807717952727e-13,2.3768178187533e-14
1113,0,0,1113,3.5489974141712e-11,6.9750212046812e-06,-8.2767003204743e-13,2.3724018618415e-14
1114,0,0,1114,3.5466294169668e-11,6.9795917172335e-06,-8.2726277194988e-13,2.3679972043695e-14
1115,0,0,1115,3.5442658131596e-11,6.9841599791098e-06,-8.2685539962585e-13,2.3636038072366e-14
1116,0,0,1116,3.5419065915281e-11,6.9887259896925e-06,-8.2644791546446e-13,2.35922163151e-14
1117,0,0,1117,3.5395517408897e-11,6.9932897483657e-06,-8.2604031985298e-13,2.3548506384148e-14
1118,0,0,1118,3.5372012501003e-11,6.9978512545159e-06,-8.2563261317761e-13,2.3504907893424e-14
1119,0,0,1119,3.5348551080545e-11,7.0024105075315e-06,-8.2522479582238e-13,2.346142045845e-14
1120,0,0,1120,3.5325133036848e-11,7.0069675068031e-06,-8.2481686817013e-13,2.3418043696332e-14
1121,0,0,1121,3.5301758259623e-11,7.0115222517236e-06,-8.2440883060184e-13,2.3374777225792e-14
1122,0,0,1122,3.5278426638956e-11,7.0160747416877e-06,-8.2400068349711e-13,2.3331620667154e-14
1123,0,0,1123,3.5255138065313e-11,7.0206249760923e-06,-8.2359242723354e-13,2.3288573642312e-14
1124,0,0,1124,3.5231892429538e-11,7.0251729543364e-06,-8.23184062188e-13,2.324563577475e-14
1125,0,0,1125,3.5208689622849e-11,7.0297186758211e-06,-8.2277558873485e-13,2.3202806689491e-14
1126,0,0,1126,3.5185529536836e-11,7.0342621399496e-06,-8.2236700724727e-13,2.3160086013186e-14
1127,0,0,1127,3.5162412063462e-11,7.0388033461269e-06,-8.2195831809689e-13,2.3117473373971e-14
1128,0,0,1128,3.513933709506e-11,7.0433422937603e-06,-8.2154952165411e-13,2.3074968401566e-14
1129,0,0,1129,3.5116304524333e-11,7.0478789822592e-06,-8.211406182872e-13,2.3032570727251e-14
1130,0,0,1130,3.5093314244349e-11,7.0524134110347e-06,-8.2073160836301e-13,2.2990279983794e-14
1131,0,0,1131,3.5070366148544e-11,7.0569455795001e-06,-8.2032249224738e-13,2.2948095805538e-14
1132,0,0,1132,3.5047460130715e-11,7.0614754870709e-06,-8.1991327030425e-13,2.2906017828309e-14
1133,0,0,1133,3.5024596085026e-11,7.0660031331642e-06,-8.1950394289559e-13,2.2864045689466e-14
1134,0,0,1134,3.5001773905998e-11,7.0705285171995e-06,-8.1909451038278e-13,2.282217902788e-14
1135,0,0,1135,3.4978993488514e-11,7.0750516385979e-06,-8.1868497312532e-13,2.2780417483903e-14
1136,0,0,1136,3.4956254727815e-11,7.0795724967829e-06,-8.182753314809e-13,2.2738760699397e-14
1137,0,0,1137,3.4933557519497e-11,7.0840910911796e-06,-8.1786558580597e-13,2.2697208317698e-14
1138,0,0,1138,3.4910901759513e-11,7.0886074212153e-06,-8.174557364556e-13,2.2655759983631e-14
1139,0,0,1139,3.488828734417e-11,7.0931214863191e-06,-8.1704578378333e-13,2.261441534349e-14
1140,0,0,1140,3.4865714170125e-11,7.0976332859221e-06,-8.1663572814132e-13,2.257317404502e-14
1141,0,0,1141,3.4843182134387e-11,7.1021428194573e-06,-8.162255698799e-13,2.2532035737451e-14
1142,0,0,1142,3.4820691134316e-11,7.1066500863598e-06,-8.1581530934814e-13,2.2491000071442e-14
1143,0,0,1143,3.4798241067617e-11,7.1111550860664e-06,-8.1540494689409e-13,2.245006669911e-14
1144,0,0,1144,3.4775831832343e-11,7.1156578180159e-06,-8.149944828639e-13,2.2409235274011e-14
1145,0,0,1145,3.4753463326892e-11,7.1201582816491e-06,-8.1458391760209e-13,2.2368505451118e-14
1146,0,0,1146,3.4731135450005e-11,7.1246564764085e-06,-8.1417325145223e-13,2.2327876886848e-14
1147,0,0,1147,3.4708848100766e-11,7.1291524017386e-06,-8.137624847565e-13,2.2287349239027e-14
1148,0,0,1148,3.4686601178599e-11,7.1336460570859e-06,-8.1335161785511e-13,2.2246922166888e-14
1149,0,0,1149,3.4664394583268e-11,7.1381374418985e-06,-8.129406510875e-13,2.220659533108e-14
1150,0,0,1150,3.4642228214874e-11,7.1426265556267e-06,-8.1252958479126e-13,2.2166368393649e-14
1151,0,0,1151,3.4620101973856e-11,7.1471133977223e-06,-8.1211841930276e-13,2.2126241018022e-14
1152,0,0,1152,3.4598015760987e-11,7.1515979676391e-06,-8.1170715495713e-13,2.208621286903e-14
1153,0,0,1153,3.4575969477374e-11,7.156080264833e-06,-8.112957920877e-13,2.2046283612866e-14
1154,0,0,1154,3.4553963024457e-11,7.1605602887613e-06,-8.1088433102713e-13,2.2006452917108e-14
1155,0,0,1155,3.4531996304007e-11,7.1650380388835e-06,-8.1047277210568e-13,2.1966720450695e-14
1156,0,0,1156,3.4510069218123e-11,7.1695135146606e-06,-8.1006111565341e-13,2.1927085883931e-14
1157,0,0,1157,3.4488181669234e-11,7.1739867155556e-06,-8.0964936199812e-13,2.1887548888459e-14
1158,0,0,1158,3.4466333560097e-11,7.1784576410333e-06,-8.0923751146683e-13,2.1848109137303e-14
1159,0,0,1159,3.4444524793792e-11,7.1829262905603e-06,-8.0882556438485e-13,2.1808766304792e-14
1160,0,0,1160,3.4422755273725e-11,7.1873926636049e-06,-8.0841352107615e-13,2.1769520066608e-14
1161,0,0,1161,3.4401024903626e-11,7.1918567596373e-06,-8.0800138186405e-13,2.1730370099761e-14
1162,0,0,1162,3.4379333587543e-11,7.1963185781294e-06,-8.0758914706929e-13,2.1691316082583e-14
1163,0,0,1163,3.4357681229848e-11,7.2007781185549e-06,-8.0717681701276e-13,2.1652357694708e-14
1164,0,0,1164,3.4336067735231e-11,7.2052353803892e-06,-8.0676439201273e-13,2.1613494617123e-14
1165,0,0,1165,3.4314493008699e-11,7.2096903631096e-06,-8.0635187238717e-13,2.1574726532075e-14
1166,0,0,1166,3.4292956955576e-11,7.2141430661949e-06,-8.0593925845191e-13,2.1536053123114e-14
1167,0,0,1167,3.4271459481501e-11,7.218593489126e-06,-8.05526550522e-13,2.1497474075105e-14
1168,0,0,1168,3.4250000492427e-11,7.2230416313852e-06,-8.0511374891159e-13,2.1458989074203e-14
1169,0,0,1169,3.4228579894619e-11,7.2274874924566e-06,-8.047008539322e-13,2.14205978078e-14
1170,0,0,1170,3.4207197594654e-11,7.2319310718262e-06,-8.0428786589583e-13,2.1382299964616e-14
1171,0,0,1171,3.418585349942e-11,7.2363723689815e-06,-8.0387478511156e-13,2.1344095234594e-14
1172,0,0,1172,3.4164547516111e-11,7.2408113834119e-06,-8.0346161188846e-13,2.1305983308976e-14
1173,0,0,1173,3.4143279552231e-11,7.2452481146082e-06,-8.0304834653362e-13,2.1267963880233e-14
1174,0,0,1174,3.4122049515588e-11,7.2496825620632e-06,-8.0263498935306e-13,2.1230036642113e-14
1175,0,0,1175,3.4100857314299e-11,7.2541147252712e-06,-8.0222154065202e-13,2.1192201289581e-14
1176,0,0,1176,3.407970285678e-11,7.2585446037283e-06,-8.0180800073344e-13,2.1154457518855e-14
1177,0,0,1177,3.4058586051753e-11,7.2629721969321e-06,-8.0139436990012e-13,2.1116805027405e-14
1178,0,0,1178,3.4037506808239e-11,7.2673975043822e-06,-8.0098064845301e-13,2.1079243513881e-14
1179,0,0,1179,3.401646503556e-11,7.2718205255794e-06,-8.0056683669216e-13,2.1041772678215e-14
1180,0,0,1180,3.3995460643339e-11,7.2762412600264e-06,-8.001529349162e-13,2.1004392221512e-14
1181,0,0,1181,3.3974493541493e-11,7.2806597072276e-06,-7.9973894342226e-13,2.0967101846089e-14
1182,0,0,1182,3.3953563640237e-11,7.285075866689e-06,-7.9932486250715e-13,2.0929901255493e-14
1183,0,0,1183,3.3932670850083e-11,7.2894897379181e-06,-7.9891069246555e-13,2.0892790154459e-14
1184,0,0,1184,3.3911815081834e-11,7.2939013204241e-06,-7.9849643359165e-13,2.0855768248905e-14
1185,0,0,1185,3.3890996246588e-11,7.2983106137179e-06,-7.9808208617768e-13,2.0818835245957e-14
1186,0,0,1186,3.3870214255734e-11,7.3027176173119e-06,-7.9766765051555e-13,2.0781990853905e-14
1187,0,0,1187,3.3849469020952e-11,7.3071223307202e-06,-7.9725312689546e-13,2.0745234782222e-14
1188,0,0,1188,3.382876045421e-11,7.3115247534583e-06,-7.9683851560658e-13,2.0708566741574e-14
1189,0,0,1189,3.3808088467767e-11,7.3159248850436e-06,-7.9642381693682e-13,2.0671986443748e-14
1190,0,0,1190,3.3787452974165e-11,7.3203227249949e-06,-7.9600903117303e-13,2.0635493601744e-14
1191,0,0,1191,3.3766853886235e-11,7.3247182728324e-06,-7.9559415860083e-13,2.0599087929681e-14
1192,0,0,1192,3.3746291117092e-11,7.3291115280783e-06,-7.9517919950493e-13,2.056276914284e-14
1193,0,0,1193,3.3725764580135e-11,7.3335024902561e-06,-7.9476415416865e-13,2.0526536957642e-14
1194,0,0,1194,3.3705274189043e-11,7.3378911588907e-06,-7.9434902287393e-13,2.0490391091668e-14
1195,0,0,1195,3.3684819857779e-11,7.342277533509e-06,-7.9393380590226e-13,2.0454331263599e-14
1196,0,0,1196,3.3664401500586e-11,7.346661613639e-06,-7.9351850353342e-13,2.0418357193286e-14
1197,0,0,1197,3.3644019031985e-11,7.3510433988105e-06,-7.931031160463e-13,2.038246860166e-14
1198,0,0,1198,3.3623672366774e-11,7.3554228885548e-06,-7.9268764371854e-13,2.0346665210806e-14
1199,0,0,1199,3.360336142003e-11,7.3598000824047e-06,-7.9227208682688e-13,2.0310946743904e-14
1200,0,0,1200,3.3583086107105e-11,7.3641749798944e-06,-7.9185644564667e-13,2.0275312925244e-14
1201,0,0,1201,3.3562846343624e-11,7.3685475805599e-06,-7.9144072045264e-13,2.0239763480228e-14
1202,0,0,1202,3.3542642045489e-11,7.3729178839385e-06,-7.9102491151784e-13,2.0204298135343e-14
1203,0,0,1203,3.3522473128871e-11,7.3772858895689e-06,-7.906090191144e-13,2.0168916618189e-14
1204,0,0,1204,3.3502339510213e-11,7.3816515969917e-06,-7.9019304351354e-13,2.013361865743e-14
1205,0,0,1205,3.3482241106231e-11,7.3860150057485e-06,-7.8977698498554e-13,2.0098403982819e-14
1206,0,0,1206,3.3462177833905e-11,7.3903761153827e-06,-7.8936084379886e-13,2.0063272325197e-14
1207,0,0,1207,3.3442149610489e-11,7.3947349254392e-06,-7.8894462022195e-13,2.0028223416482e-14
1208,0,0,1208,3.3422156353499e-11,7.3990914354642e-06,-7.8852831452111e-13,1.9993256989629e-14
1209,0,0,1209,3.3402197980721e-11,7.4034456450054e-06,-7.8811192696264e-13,1.99583727787e-14
1210,0,0,1210,3.3382274410202e-11,7.4077975536121e-06,-7.8769545781086e-13,1.9923570518771e-14
1211,0,0,1211,3.3362385560256e-11,7.4121471608349e-06,-7.8727890732947e-13,1.9888849946009e-14
1212,0,0,1212,3.3342531349458e-11,7.416494466226e-06,-7.8686227578124e-13,1.9854210797586e-14
1213,0,0,1213,3.3322711696646e-11,7.4208394693388e-06,-7.8644556342742e-13,1.9819652811782e-14
1214,0,0,1214,3.3302926520919e-11,7.4251821697285e-06,-7.8602877052895e-13,1.9785175727841e-14
1215,0,0,1215,3.3283175741632e-11,7.4295225669514e-06,-7.8561189734507e-13,1.9750779286087e-14
1216,0,0,1216,3.3263459278405e-11,7.4338606605654e-06,-7.8519494413398e-13,1.9716463227878e-14
1217,0,0,1217,3.3243777051109e-11,7.4381964501298e-06,-7.8477791115385e-13,1.9682227295559e-14
1218,0,0,1218,3.3224128979877e-11,7.4425299352053e-06,-7.8436079866025e-13,1.964807123253e-14
1219,0,0,1219,3.3204514985093e-11,7.4468611153539e-06,-7.8394360690921e-13,1.9613994783179e-14
1220,0,0,1220,3.31849349874e-11,7.4511899901393e-06,-7.8352633615462e-13,1.9579997692922e-14
1221,0,0,1221,3.3165388907692e-11,7.4555165591263e-06,-7.8310898665052e-13,1.954607970819e-14
1222,0,0,1222,3.3145876667116e-11,7.4598408218813e-06,-7.826915586485e-13,1.9512240576369e-14
1223,0,0,1223,3.312639818707e-11,7.4641627779719e-06,-7.8227405240076e-13,1.9478480045893e-14
1224,0,0,1224,3.3106953389204e-11,7.4684824269673e-06,-7.8185646815688e-13,1.9444797866165e-14
1225,0,0,1225,3.3087542195416e-11,7.4727997684378e-06,-7.8143880616693e-13,1.941119378757e-14
1226,0,0,1226,3.3068164527855e-11,7.4771148019554e-06,-7.8102106667896e-13,1.9377667561488e-14
1227,0,0,1227,3.3048820308914e-11,7.4814275270931e-06,-7.8060324994057e-13,1.9344218940258e-14
1228,0,0,1228,3.3029509461237e-11,7.4857379434257e-06,-7.8018535619814e-13,1.9310847677217e-14
1229,0,0,1229,3.3010231907711e-11,7.490046050529e-06,-7.7976738569743e-13,1.927755352666e-14
1230,0,0,1230,3.2990987571467e-11,7.4943518479803e-06,-7.7934933868251e-13,1.9244336243827e-14
1231,0,0,1231,3.2971776375882e-11,7.4986553353582e-06,-7.7893121539762e-13,1.9211195584963e-14
1232,0,0,1232,3.2952598244575e-11,7.5029565122427e-06,-7.7851301608467e-13,1.9178131307213e-14
1233,0,0,1233,3.2933453101406e-11,7.5072553782149e-06,-7.7809474098575e-13,1.9145143168725e-14
1234,0,0,1234,3.2914340870477e-11,7.5115519328577e-06,-7.7767639034156e-13,1.9112230928556e-14
1235,0,0,1235,3.2895261476131e-11,7.5158461757549e-06,-7.7725796439204e-13,1.907939434672e-14
1236,0,0,1236,3.2876214842946e-11,7.5201381064918e-06,-7.7683946337543e-13,1.9046633184188e-14
1237,0,0,1237,3.2857200895744e-11,7.5244277246549e-06,-7.7642088753044e-13,1.9013947202822e-14
1238,0,0,1238,3.2838219559578e-11,7.5287150298323e-06,-7.7600223709333e-13,1.8981336165442e-14
1239,0,0,1239,3.2819270759742e-11,7.5330000216129e-06,-7.7558351230081e-13,1.8948799835802e-14
1240,0,0,1240,3.2800354421764e-11,7.5372826995874e-06,-7.7516471338761e-13,1.8916337978552e-14
1241,0,0,1241,3.2781470471405e-11,7.5415630633476e-06,-7.7474584058783e-13,1.8883950359275e-14
1242,0,0,1242,3.276261883466e-11,7.5458411124865e-06,-7.7432689413528e-13,1.8851636744455e-14
1243,0,0,1243,3.2743799437759e-11,7.5501168465984e-06,-7.7390787426207e-13,1.8819396901498e-14
1244,0,0,1244,3.272501220716e-11,7.5543902652791e-06,-7.7348878119954e-13,1.8787230598711e-14
1245,0,0,1245,3.2706257069555e-11,7.5586613681254e-06,-7.7306961517845e-13,1.8755137605278e-14
1246,0,0,1246,3.2687533951863e-11,7.5629301547355e-06,-7.7265037642875e-13,1.8723117691332e-14
1247,0,0,1247,3.2668842781235e-11,7.5671966247088e-06,-7.7223106517873e-13,1.8691170627829e-14
1248,0,0,1248,3.2650183485049e-11,7.5714607776462e-06,-7.7181168165668e-13,1.8659296186667e-14
1249,0,0,1249,3.2631555990908e-11,7.5757226131494e-06,-7.7139222608949e-13,1.8627494140611e-14
1250,0,0,1250,3.2612960226645e-11,7.5799821308218e-06,-7.7097269870361e-13,1.8595764263297e-14
1251,0,0,1251,3.2594396120316e-11,7.5842393302678e-06,-7.7055309972379e-13,1.8564106329242e-14
1252,0,0,1252,3.2575863600202e-11,7.5884942110931e-06,-7.701334293748e-13,1.8532520113846e-14
1253,0,0,1253,3.2557362594808e-11,7.5927467729046e-06,-7.6971368788031e-13,1.8501005393351e-14
1254,0,0,1254,3.2538893032863e-11,7.5969970153104e-06,-7.6929387546248e-13,1.8469561944889e-14
1255,0,0,1255,3.2520454843317e-11,7.6012449379201e-06,-7.6887399234376e-13,1.8438189546441e-14
1256,0,0,1256,3.250204795534e-11,7.6054905403441e-06,-7.6845403874462e-13,1.8406887976844e-14
1257,0,0,1257,3.2483672298324e-11,7.6097338221943e-06,-7.6803401488537e-13,1.8375657015779e-14
1258,0,0,1258,3.2465327801881e-11,7.6139747830837e-06,-7.6761392098525e-13,1.834449644379e-14
1259,0,0,1259,3.2447014395838e-11,7.6182134226266e-06,-7.6719375726287e-13,1.8313406042263e-14
1260,0,0,1260,3.2428732010245e-11,7.6224497404384e-06,-7.6677352393534e-13,1.8282385593403e-14
1261,0,0,1261,3.2410480575365e-11,7.6266837361357e-06,-7.6635322121989e-13,1.8251434880296e-14
1262,0,0,1262,3.2392260021678e-11,7.6309154093365e-06,-7.6593284933209e-13,1.8220553686801e-14
1263,0,0,1263,3.237407027988e-11,7.6351447596596e-06,-7.6551240848749e-13,1.8189741797658e-14
1264,0,0,1264,3.2355911280882e-11,7.6393717867253e-06,-7.650918988995e-13,1.8158998998414e-14
1265,0,0,1265,3.2337782955806e-11,7.6435964901551e-06,-7.6467132078246e-13,1.8128325075424e-14
1266,0,0,1266,3.2319685235991e-11,7.6478188695714e-06,-7.6425067434854e-13,1.8097719815875e-14
1267,0,0,1267,3.2301618052983e-11,7.6520389245979e-06,-7.6382995980933e-13,1.8067183007771e-14
1268,0,0,1268,3.2283581338543e-11,7.6562566548597e-06,-7.634091773764e-13,1.8036714439922e-14
1269,0,0,1269,3.2265575024641e-11,7.6604720599827e-06,-7.6298832725947e-13,1.8006313901933e-14
1270,0,0,1270,3.2247599043457e-11,7.6646851395941e-06,-7.6256740966797e-13,1.7975981184231e-14
1271,0,0,1271,3.2229653327379e-11,7.6688958933223e-06,-7.6214642481102e-13,1.7945716078029e-14
1272,0,0,1272,3.2211737809003e-11,7.6731043207969e-06,-7.6172537289529e-13,1.7915518375357e-14
1273,0,0,1273,3.2193852421134e-11,7.6773104216484e-06,-7.6130425412897e-13,1.7885387868987e-14
1274,0,0,1274,3.2175997096782e-11,7.6815141955087e-06,-7.6088306871751e-13,1.7855324352549e-14
1275,0,0,1275,3.2158171769161e-11,7.6857156420108e-06,-7.6046181686696e-13,1.7825327620406e-14
1276,0,0,1276,3.2140376371694e-11,7.6899147607886e-06,-7.6004049878091e-13,1.7795397467707e-14
1277,0,0,1277,3.2122610838003e-11,7.6941115514773e-06,-7.596191146645e-13,1.7765533690423e-14
1278,0,0,1278,3.2104875101918e-11,7.6983060137133e-06,-7.591976647198e-13,1.7735736085229e-14
1279,0,0,1279,3.2087169097468e-11,7.7024981471341e-06,-7.5877614914979e-13,1.7706004449635e-14
1280,0,0,1280,3.2069492758886e-11,7.706687951378e-06,-7.5835456815532e-13,1.7676338581891e-14
1281,0,0,1281,3.2051846020605e-11,7.7108754260848e-06,-7.5793292193844e-13,1.7646738281e-14
1282,0,0,1282,3.2034228817259e-11,7.7150605708953e-06,-7.5751121069755e-13,1.7617203346751e-14
1283,0,0,1283,3.2016641083679e-11,7.7192433854513e-06,-7.5708943463287e-13,1.7587733579659e-14
1284,0,0,1284,3.1999082754898e-11,7.7234238693958e-06,-7.566675939431e-13,1.7558328781038e-14
1285,0,0,1285,3.1981553766145e-11,7.7276020223727e-06,-7.5624568882509e-13,1.7528988752908e-14
1286,0,0,1286,3.1964054052847e-11,7.7317778440273e-06,-7.5582371947722e-13,1.7499713298044e-14
1287,0,0,1287,3.1946583550627e-11,7.7359513340057e-06,-7.5540168609421e-13,1.7470502219998e-14
1288,0,0,1288,3.1929142195304e-11,7.7401224919553e-06,-7.5497958887261e-13,1.7441355323025e-14
1289,0,0,1289,3.1911729922892e-11,7.7442913175244e-06,-7.5455742800711e-13,1.741227241213e-14
1290,0,0,1290,3.1894346669599e-11,7.7484578103624e-06,-7.5413520369151e-13,1.7383253293048e-14
1291,0,0,1291,3.1876992371827e-11,7.75262197012e-06,-7.5371291611898e-13,1.7354297772259e-14
1292,0,0,1292,3.185966696617e-11,7.7567837964486e-06,-7.53290565483e-13,1.732540565695e-14
1293,0,0,1293,3.1842370389415e-11,7.760943289001e-06,-7.5286815197399e-13,1.7296576755049e-14
1294,0,0,1294,3.1825102578539e-11,7.7651004474307e-06,-7.5244567578481e-13,1.7267810875186e-14
1295,0,0,1295,3.1807863470713e-11,7.7692552713926e-06,-7.5202313710466e-13,1.7239107826728e-14
1296,0,0,1296,3.1790653003293e-11,7.7734077605425e-06,-7.5160053612333e-13,1.7210467419739e-14
1297,0,0,1297,3.1773471113828e-11,7.7775579145371e-06,-7.5117787303063e-13,1.7181889465017e-14
1298,0,0,1298,3.1756317740054e-11,7.7817057330344e-06,-7.5075514801451e-13,1.7153373774034e-14
1299,0,0,1299,3.1739192819895e-11,7.7858512156933e-06,-7.5033236126202e-13,1.7124920159e-14
1300,0,0,1300,3.1722096291462e-11,7.7899943621738e-06,-7.4990951296082e-13,1.7096528432806e-14
1301,0,0,1301,3.1705028093053e-11,7.7941351721368e-06,-7.4948660329672e-13,1.7068198409045e-14
1302,0,0,1302,3.1687988163151e-11,7.7982736452442e-06,-7.4906363245522e-13,1.7039929902015e-14
1303,0,0,1303,3.1670976440424e-11,7.8024097811593e-06,-7.4864060062154e-13,1.7011722726685e-14
1304,0,0,1304,3.1653992863726e-11,7.8065435795459e-06,-7.4821750797903e-13,1.6983576698749e-14
1305,0,0,1305,3.1637037372091e-11,7.8106750400692e-06,-7.4779435471197e-13,1.6955491634542e-14
1306,0,0,1306,3.162010990474e-11,7.8148041623952e-06,-7.4737114100251e-13,1.692746735112e-14
1307,0,0,1307,3.1603210401074e-11,7.8189309461909e-06,-7.4694786703338e-13,1.6899503666194e-14
1308,0,0,1308,3.1586338800676e-11,7.8230553911245e-06,-7.4652453298489e-13,1.6871600398165e-14
1309,0,0,1309,3.1569495043309e-11,7.8271774968651e-06,-7.4610113903917e-13,1.6843757366114e-14
1310,0,0,1310,3.155267906892e-11,7.8312972630826e-06,-7.4567768537529e-13,1.6815974389765e-14
1311,0,0,1311,3.153589081763e-11,7.8354146894482e-06,-7.4525417217294e-13,1.6788251289545e-14
1312,0,0,1312,3.1519130229744e-11,7.8395297756339e-06,-7.4483059961057e-13,1.6760587886523e-14
1313,0,0,1313,3.1502397245741e-11,7.8436425213127e-06,-7.4440696786663e-13,1.6732984002429e-14
1314,0,0,1314,3.1485691806282e-11,7.8477529261587e-06,-7.4398327711867e-13,1.670543945967e-14
1315,0,0,1315,3.14690138522e-11,7.8518609898468e-06,-7.4355952754268e-13,1.667795408129e-14
1316,0,0,1316,3.1452363324509e-11,7.8559667120529e-06,-7.4313571931559e-13,1.6650527691007e-14
1317,0,0,1317,3.1435740164396e-11,7.8600700924541e-06,-7.4271185261248e-13,1.6623160113163e-14
1318,0,0,1318,3.1419144313223e-11,7.8641711307282e-06,-7.4228792760783e-13,1.6595851172769e-14
1319,0,0,1319,3.1402575712528e-11,7.868269826554e-06,-7.4186394447641e-13,1.6568600695478e-14
1320,0,0,1320,3.138603430402e-11,7.8723661796114e-06,-7.4143990339115e-13,1.6541408507569e-14
1321,0,0,1321,3.1369520029584e-11,7.8764601895812e-06,-7.4101580452561e-13,1.6514274435975e-14
1322,0,0,1322,3.1353032831276e-11,7.880551856145e-06,-7.4059164805119e-13,1.6487198308272e-14
1323,0,0,1323,3.1336572651323e-11,7.8846411789856e-06,-7.4016743414022e-13,1.646017995264e-14
1324,0,0,1324,3.1320139432125e-11,7.8887281577865e-06,-7.3974316296348e-13,1.6433219197925e-14
1325,0,0,1325,3.1303733116252e-11,7.8928127922323e-06,-7.3931883469054e-13,1.640631587357e-14
1326,0,0,1326,3.1287353646442e-11,7.8968950820085e-06,-7.3889444949249e-13,1.637946980967e-14
1327,0,0,1327,3.1271000965605e-11,7.9009750268015e-06,-7.3847000753738e-13,1.6352680836922e-14
1328,0,0,1328,3.1254675016819e-11,7.9050526262987e-06,-7.3804550899384e-13,1.6325948786653e-14
1329,0,0,1329,3.1238375743328e-11,7.9091278801884e-06,-7.3762095403051e-13,1.6299273490803e-14
1330,0,0,1330,3.1222103088546e-11,7.9132007881597e-06,-7.3719634281359e-13,1.6272654781914e-14
1331,0,0,1331,3.1205856996053e-11,7.9172713499029e-06,-7.3677167551019e-13,1.6246092493179e-14
1332,0,0,1332,3.1189637409594e-11,7.9213395651089e-06,-7.3634695228619e-13,1.6219586458355e-14
1333,0,0,1333,3.1173444273083e-11,7.9254054334697e-06,-7.3592217330748e-13,1.619313651183e-14
1334,0,0,1334,3.1157277530594e-11,7.9294689546782e-06,-7.354973387381e-13,1.6166742488576e-14
1335,0,0,1335,3.114113712637e-11,7.9335301284281e-06,-7.3507244874333e-13,1.614040422419e-14
1336,0,0,1336,3.1125023004815e-11,7.9375889544143e-06,-7.3464750348537e-13,1.6114121554859e-14
1337,0,0,1337,3.1108935110498e-11,7.9416454323321e-06,-7.3422250312856e-13,1.6087894317351e-14
1338,0,0,1338,3.1092873388148e-11,7.9456995618781e-06,-7.3379744783451e-13,1.6061722349052e-14
1339,0,0,1339,3.1076837782661e-11,7.9497513427498e-06,-7.3337233776542e-13,1.6035605487913e-14
1340,0,0,1340,3.1060828239088e-11,7.9538007746453e-06,-7.3294717308226e-13,1.6009543572486e-14
1341,0,0,1341,3.1044844702646e-11,7.9578478572637e-06,-7.3252195394633e-13,1.5983536441915e-14
1342,0,0,1342,3.102888711871e-11,7.9618925903053e-06,-7.3209668051675e-13,1.5957583935903e-14
1343,0,0,1343,3.1012955432816e-11,7.9659349734708e-06,-7.316713529539e-13,1.5931685894765e-14
1344,0,0,1344,3.0997049590656e-11,7.969975006462e-06,-7.312459714163e-13,1.5905842159366e-14
1345,0,0,1345,3.0981169538085e-11,7.9740126889817e-06,-7.3082053606187e-13,1.5880052571163e-14
1346,0,0,1346,3.0965315221113e-11,7.9780480207333e-06,-7.3039504704943e-13,1.5854316972181e-14
1347,0,0,1347,3.0949486585908e-11,7.9820810014214e-06,-7.2996950453567e-13,1.5828635205007e-14
1348,0,0,1348,3.0933683578795e-11,7.9861116307511e-06,-7.2954390867667e-13,1.5803007112807e-14
1349,0,0,1349,3.0917906146256e-11,7.9901399084286e-06,-7.2911825962911e-13,1.577743253931e-14
1350,0,0,1350,3.0902154234927e-11,7.9941658341609e-06,-7.2869255754875e-13,1.5751911328804e-14
1351,0,0,1351,3.0886427791601e-11,7.9981894076559e-06,-7.2826680258984e-13,1.5726443326142e-14
1352,0,0,1352,3.0870726763224e-11,8.0022106286222e-06,-7.2784099490721e-13,1.5701028376732e-14
1353,0,0,1353,3.0855051096897e-11,8.0062294967695e-06,-7.2741513465479e-13,1.5675666326523e-14
1354,0,0,1354,3.0839400739875e-11,8.0102460118081e-06,-7.2698922198528e-13,1.5650357022048e-14
1355,0,0,1355,3.0823775639565e-11,8.0142601734493e-06,-7.2656325705199e-13,1.5625100310375e-14
1356,0,0,1356,3.0808175743526e-11,8.0182719814051e-06,-7.2613724000732e-13,1.5599896039104e-14
1357,0,0,1357,3.079260099947e-11,8.0222814353885e-06,-7.2571117100183e-13,1.557474405642e-14
1358,0,0,1358,3.0777051355259e-11,8.0262885351133e-06,-7.2528505018759e-13,1.5549644211007e-14
1359,0,0,1359,3.0761526758906e-11,8.0302932802941e-06,-7.2485887771515e-13,1.5524596352119e-14
1360,0,0,1360,3.0746027158577e-11,8.0342956706462e-06,-7.2443265373386e-13,1.5499600329538e-14
1361,0,0,1361,3.0730552502583e-11,8.0382957058859e-06,-7.2400637839364e-13,1.5474655993602e-14
1362,0,0,1362,3.0715102739388e-11,8.0422933857304e-06,-7.2358005184322e-13,1.5449763195149e-14
1363,0,0,1363,3.0699677817603e-11,8.0462887098974e-06,-7.231536742316e-13,1.5424921785568e-14
1364,0,0,1364,3.0684277685986e-11,8.0502816781057e-06,-7.2272724570598e-13,1.5400131616789e-14
1365,0,0,1365,3.0668902293445e-11,8.0542722900749e-06,-7.2230076641384e-13,1.5375392541251e-14
1366,0,0,1366,3.0653551589033e-11,8.0582605455251e-06,-7.2187423650235e-13,1.5350704411921e-14
1367,0,0,1367,3.063822552195e-11,8.0622464441777e-06,-7.2144765611717e-13,1.5326067082299e-14
1368,0,0,1368,3.0622924041544e-11,8.0662299857545e-06,-7.2102102540517e-13,1.5301480406394e-14
1369,0,0,1369,3.0607647097305e-11,8.0702111699784e-06,-7.2059434451016e-13,1.5276944238745e-14
1370,0,0,1370,3.0592394638871e-11,8.0741899965727e-06,-7.2016761357839e-13,1.5252458434394e-14
1371,0,0,1371,3.0577166616022e-11,8.078166465262e-06,-7.1974083275338e-13,1.5228022848915e-14
1372,0,0,1372,3.0561962978683e-11,8.0821405757712e-06,-7.193140021783e-13,1.5203637338365e-14
1373,0,0,1373,3.0546783676924e-11,8.0861123278265e-06,-7.1888712199729e-13,1.5179301759345e-14
1374,0,0,1374,3.0531628660955e-11,8.0900817211544e-06,-7.1846019235261e-13,1.5155015968946e-14
1375,0,0,1375,3.051649788113e-11,8.0940487554825e-06,-7.1803321338653e-13,1.5130779824752e-14
1376,0,0,1376,3.0501391287946e-11,8.0980134305391e-06,-7.1760618524103e-13,1.5106593184868e-14
1377,0,0,1377,3.0486308832038e-11,8.1019757460532e-06,-7.1717910805654e-13,1.5082455907918e-14
1378,0,0,1378,3.0471250464185e-11,8.1059357017547e-06,-7.1675198197502e-13,1.5058367852964e-14
1379,0,0,1379,3.0456216135305e-11,8.1098932973742e-06,-7.1632480713538e-13,1.5034328879638e-14
1380,0,0,1380,3.0441205796457e-11,8.1138485326432e-06,-7.1589758367775e-13,1.5010338848016e-14
1381,0,0,1381,3.0426219398838e-11,8.1178014072937e-06,-7.1547031174195e-13,1.4986397618674e-14
1382,0,0,1382,3.0411256893786e-11,8.1217519210587e-06,-7.1504299146595e-13,1.4962505052704e-14
1383,0,0,1383,3.0396318232774e-11,8.1257000736719e-06,-7.1461562298836e-13,1.4938661011662e-14
1384,0,0,1384,3.0381403367416e-11,8.1296458648677e-06,-7.1418820644654e-13,1.4914865357597e-14
1385,0,0,1385,3.0366512249463e-11,8.1335892943814e-06,-7.1376074197848e-13,1.4891117953042e-14
1386,0,0,1386,3.0351644830802e-11,8.1375303619489e-06,-7.1333322972031e-13,1.4867418661014e-14
1387,0,0,1387,3.0336801063457e-11,8.141469067307e-06,-7.1290566980849e-13,1.4843767345016e-14
1388,0,0,1388,3.0321980899588e-11,8.1454054101931e-06,-7.1247806237916e-13,1.4820163869008e-14
1389,0,0,1389,3.0307184291491e-11,8.1493393903454e-06,-7.1205040756722e-13,1.479660809745e-14
1390,0,0,1390,3.0292411191596e-11,8.1532710075029e-06,-7.1162270550761e-13,1.4773099895272e-14
1391,0,0,1391,3.0277661552468e-11,8.1572002614053e-06,-7.1119495633522e-13,1.4749639127863e-14
1392,0,0,1392,3.0262935326807e-11,8.161127151793e-06,-7.1076716018346e-13,1.4726225661078e-14
1393,0,0,1393,3.0248232467445e-11,8.1650516784073e-06,-7.1033931718599e-13,1.4702859361281e-14
1394,0,0,1394,3.023355292735e-11,8.1689738409901e-06,-7.0991142747591e-13,1.4679540095246e-14
1395,0,0,1395,3.021889665962e-11,8.1728936392839e-06,-7.0948349118536e-13,1.4656267730254e-14
1396,0,0,1396,3.0204263617486e-11,8.1768110730322e-06,-7.0905550844681e-13,1.4633042134022e-14
1397,0,0,1397,3.0189653754311e-11,8.1807261419791e-06,-7.086274793918e-13,1.460986317475e-14
1398,0,0,1398,3.017506702359e-11,8.1846388458695e-06,-7.0819940415157e-13,1.4586730721071e-14
1399,0,0,1399,3.0160503378948e-11,8.1885491844488e-06,-7.0777128285643e-13,1.4563644642091e-14
1400,0,0,1400,3.0145962774141e-11,8.1924571574634e-06,-7.0734311563669e-13,1.4540604807379e-14
1401,0,0,1401,3.0131445163054e-11,8.1963627646602e-06,-7.0691490262299e-13,1.4517611086927e-14
1402,0,0,1402,3.0116950499702e-11,8.2002660057869e-06,-7.0648664394349e-13,1.4494663351209e-14
1403,0,0,1403,3.0102478738231e-11,8.2041668805921e-06,-7.0605833972759e-13,1.4471761471127e-14
1404,0,0,1404,3.0088029832913e-11,8.2080653888247e-06,-7.0562999010406e-13,1.4448905318036e-14
1405,0,0,1405,3.007360373815e-11,8.2119615302346e-06,-7.0520159520048e-13,1.4426094763741e-14
1406,0,0,1406,3.0059200408469e-11,8.2158553045724e-06,-7.0477315514407e-13,1.4403329680488e-14
1407,0,0,1407,3.0044819798528e-11,8.2197467115894e-06,-7.0434467006303e-13,1.4380609940957e-14
1408,0,0,1408,3.003046186311e-11,8.2236357510373e-06,-7.0391614008305e-13,1.4357935418278e-14
1409,0,0,1409,3.0016126557124e-11,8.227522422669e-06,-7.0348756533048e-13,1.4335305986016e-14
1410,0,0,1410,3.0001813835606e-11,8.2314067262377e-06,-7.0305894593195e-13,1.431272151816e-14
1411,0,0,1411,2.9987523653716e-11,8.2352886614974e-06,-7.0263028201164e-13,1.4290181889149e-14
1412,0,0,1412,2.9973255966743e-11,8.2391682282029e-06,-7.0220157369557e-13,1.4267686973857e-14
1413,0,0,1413,2.9959010730095e-11,8.2430454261096e-06,-7.0177282110701e-13,1.4245236647568e-14
1414,0,0,1414,2.9944787899309e-11,8.2469202549735e-06,-7.0134402437168e-13,1.4222830786005e-14
1415,0,0,1415,2.9930587430044e-11,8.2507927145515e-06,-7.0091518361161e-13,1.4200469265322e-14
1416,0,0,1416,2.9916409278082e-11,8.2546628046009e-06,-7.0048629895099e-13,1.4178151962103e-14
1417,0,0,1417,2.9902253399328e-11,8.25853052488e-06,-7.0005737051246e-13,1.4155878753336e-14
1418,0,0,1418,2.9888119749812e-11,8.2623958751475e-06,-6.9962839841807e-13,1.413364951645e-14
1419,0,0,1419,2.9874008285683e-11,8.2662588551629e-06,-6.9919938279015e-13,1.4111464129281e-14
1420,0,0,1420,2.9859918963212e-11,8.2701194646864e-06,-6.9877032375014e-13,1.4089322470097e-14
1421,0,0,1421,2.9845851738795e-11,8.2739777034788e-06,-6.9834122141914e-13,1.4067224417561e-14
1422,0,0,1422,2.9831806568944e-11,8.2778335713015e-06,-6.9791207591767e-13,1.4045169850763e-14
1423,0,0,1423,2.9817783410295e-11,8.2816870679168e-06,-6.9748288736622e-13,1.402315864922e-14
1424,0,0,1424,2.9803782219602e-11,8.2855381930874e-06,-6.97053655885e-13,1.400119069284e-14
1425,0,0,1425,2.978980295374e-11,8.2893869465769e-06,-6.9662438159266e-13,1.3979265861935e-14
1426,0,0,1426,2.9775845569703e-11,8.2932333281493e-06,-6.9619506460911e-13,1.3957384037255e-14
1427,0,0,1427,2.9761910024603e-11,8.2970773375695e-06,-6.9576570505238e-13,1.3935545099925e-14
1428,0,0,1428,2.9747996275671e-11,8.3009189746029e-06,-6.9533630304115e-13,1.3913748931497e-14
1429,0,0,1429,2.9734104280258e-11,8.3047582390156e-06,-6.9490685869315e-13,1.3891995413897e-14
1430,0,0,1430,2.9720233995828e-11,8.3085951305743e-06,-6.9447737212584e-13,1.3870284429491e-14
1431,0,0,1431,2.9706385379967e-11,8.3124296490464e-06,-6.9404784345602e-13,1.3848615861021e-14
1432,0,0,1432,2.9692558390375e-11,8.3162617942e-06,-6.9361827280083e-13,1.3826989591626e-14
1433,0,0,1433,2.9678752984871e-11,8.3200915658037e-06,-6.9318866027618e-13,1.3805405504843e-14
1434,0,0,1434,2.9664969121386e-11,8.3239189636269e-06,-6.9275900599828e-13,1.3783863484615e-14
1435,0,0,1435,2.9651206757971e-11,8.3277439874395e-06,-6.9232931008181e-13,1.3762363415258e-14
1436,0,0,1436,2.9637465852789e-11,8.3315666370121e-06,-6.9189957264266e-13,1.3740905181511e-14
1437,0,0,1437,2.9623746364121e-11,8.335386912116e-06,-6.9146979379552e-13,1.3719488668453e-14
1438,0,0,1438,2.9610048250359e-11,8.3392048125229e-06,-6.9103997365415e-13,1.3698113761611e-14
1439,0,0,1439,2.9596371470012e-11,8.3430203380054e-06,-6.9061011233292e-13,1.3676780346846e-14
1440,0,0,1440,2.9582715981702e-11,8.3468334883366e-06,-6.9018020994497e-13,1.3655488310434e-14
1441,0,0,1441,2.9569081744163e-11,8.3506442632902e-06,-6.8975026660376e-13,1.3634237539026e-14
1442,0,0,1442,2.9555468716243e-11,8.3544526626406e-06,-6.8932028242181e-13,1.3613027919659e-14
1443,0,0,1443,2.9541876856903e-11,8.3582586861628e-06,-6.8889025751196e-13,1.3591859339747e-14
1444,0,0,1444,2.9528306125216e-11,8.3620623336323e-06,-6.8846019198583e-13,1.3570731687077e-14
1445,0,0,1445,2.9514756480367e-11,8.3658636048254e-06,-6.8803008595503e-13,1.3549644849819e-14
1446,0,0,1446,2.950122788165e-11,8.369662499519e-06,-6.8759993953118e-13,1.3528598716529e-14
1447,0,0,1447,2.9487720288474e-11,8.3734590174904e-06,-6.8716975282433e-13,1.3507593176119e-14
1448,0,0,1448,2.9474233660356e-11,8.3772531585177e-06,-6.8673952594643e-13,1.3486628117871e-14
1449,0,0,1449,2.9460767956925e-11,8.3810449223796e-06,-6.863092590057e-13,1.3465703431471e-14
1450,0,0,1450,2.9447323137918e-11,8.3848343088554e-06,-6.8587895211407e-13,1.344481900693e-14
1451,0,0,1451,2.9433899163183e-11,8.3886213177249e-06,-6.8544860537885e-13,1.3423974734667e-14
1452,0,0,1452,2.9420495992677e-11,8.3924059487686e-06,-6.8501821891074e-13,1.3403170505442e-14
1453,0,0,1453,2.9407113586467e-11,8.3961882017676e-06,-6.8458779281736e-13,1.3382406210384e-14
1454,0,0,1454,2.9393751904726e-11,8.3999680765035e-06,-6.8415732720726e-13,1.3361681740997e-14
1455,0,0,1455,2.9380410907737e-11,8.4037455727587e-06,-6.8372682218897e-13,1.3340996989132e-14
1456,0,0,1456,2.936709055589e-11,8.407520690316e-06,-6.8329627786891e-13,1.3320351847018e-14
1457,0,0,1457,2.9353790809683e-11,8.4112934289589e-06,-6.8286569435562e-13,1.329974620723e-14
1458,0,0,1458,2.934051162972e-11,8.4150637884713e-06,-6.8243507175519e-13,1.3279179962701e-14
1459,0,0,1459,2.9327252976713e-11,8.418831768638e-06,-6.8200441017402e-13,1.3258653006731e-14
1460,0,0,1460,2.931401481148e-11,8.4225973692442e-06,-6.815737097185e-13,1.3238165232956e-14
1461,0,0,1461,2.9300797094945e-11,8.4263605900757e-06,-6.8114297049474e-13,1.3217716535387e-14
1462,0,0,1462,2.9287599788137e-11,8.4301214309188e-06,-6.8071219260759e-13,1.3197306808384e-14
1463,0,0,1463,2.927442285219e-11,8.4338798915606e-06,-6.8028137616254e-13,1.317693594663e-14
1464,0,0,1464,2.9261266248345e-11,8.4376359717886e-06,-6.7985052126445e-13,1.3156603845196e-14
1465,0,0,1465,2.9248129937945e-11,8.4413896713909e-06,-6.7941962801697e-13,1.3136310399482e-14
1466,0,0,1466,2.923501388244e-11,8.4451409901562e-06,-6.7898869652525e-13,1.3116055505232e-14
1467,0,0,1467,2.9221918043381e-11,8.4488899278738e-06,-6.7855772689204e-13,1.309583905853e-14
1468,0,0,1468,2.9208842382426e-11,8.4526364843336e-06,-6.7812671922126e-13,1.3075660955831e-14
1469,0,0,1469,2.9195786861332e-11,8.456380659326e-06,-6.7769567361595e-13,1.3055521093899e-14
1470,0,0,1470,2.9182751441962e-11,8.4601224526419e-06,-6.7726459017821e-13,1.3035419369858e-14
1471,0,0,1471,2.9169736086281e-11,8.4638618640729e-06,-6.7683346901077e-13,1.3015355681173e-14
1472,0,0,1472,2.9156740756355e-11,8.4675988934111e-06,-6.7640231021634e-13,1.2995329925626e-14
1473,0,0,1473,2.9143765414354e-11,8.4713335404492e-06,-6.7597111389488e-13,1.2975342001372e-14
1474,0,0,1474,2.9130810022547e-11,8.4750658049804e-06,-6.7553988014973e-13,1.2955391806868e-14
1475,0,0,1475,2.9117874543306e-11,8.4787956867985e-06,-6.7510860907992e-13,1.2935479240914e-14
1476,0,0,1476,2.9104958939103e-11,8.4825231856979e-06,-6.7467730078787e-13,1.2915604202657e-14
1477,0,0,1477,2.9092063172512e-11,8.4862483014734e-06,-6.7424595537262e-13,1.2895766591564e-14
1478,0,0,1478,2.9079187206204e-11,8.4899710339206e-06,-6.7381457293505e-13,1.2875966307426e-14
1479,0,0,1479,2.9066331002954e-11,8.4936913828354e-06,-6.733831535742e-13,1.2856203250373e-14
1480,0,0,1480,2.9053494525633e-11,8.4974093480143e-06,-6.7295169738972e-13,1.2836477320864e-14
1481,0,0,1481,2.9040677737213e-11,8.5011249292545e-06,-6.7252020448035e-13,1.2816788419681e-14
1482,0,0,1482,2.9027880600765e-11,8.5048381263537e-06,-6.7208867494543e-13,1.2797136447918e-14
1483,0,0,1483,2.9015103079458e-11,8.5085489391099e-06,-6.7165710888278e-13,1.2777521307022e-14
1484,0,0,1484,2.900234513656e-11,8.512257367322e-06,-6.7122550639051e-13,1.2757942898731e-14
1485,0,0,1485,2.8989606735435e-11,8.5159634107893e-06,-6.7079386756645e-13,1.2738401125123e-14
1486,0,0,1486,2.8976887839546e-11,8.5196670693114e-06,-6.7036219250809e-13,1.2718895888597e-14
1487,0,0,1487,2.8964188412454e-11,8.5233683426888e-06,-6.6993048131203e-13,1.2699427091851e-14
1488,0,0,1488,2.8951508417816e-11,8.5270672307224e-06,-6.6949873407576e-13,1.2679994637926e-14
1489,0,0,1489,2.8938847819386e-11,8.5307637332135e-06,-6.6906695089559e-13,1.2660598430166e-14
1490,0,0,1490,2.8926206581014e-11,8.5344578499642e-06,-6.6863513186685e-13,1.2641238372222e-14
1491,0,0,1491,2.8913584666646e-11,8.5381495807768e-06,-6.6820327708645e-13,1.2621914368072e-14
1492,0,0,1492,2.8900982040324e-11,8.5418389254544e-06,-6.6777138664914e-13,1.2602626322004e-14
1493,0,0,1493,2.8888398666185e-11,8.5455258838006e-06,-6.6733946065057e-13,1.2583374138615e-14
1494,0,0,1494,2.8875834508462e-11,8.5492104556193e-06,-6.6690749918551e-13,1.2564157722807e-14
1495,0,0,1495,2.8863289531483e-11,8.5528926407151e-06,-6.6647550234869e-13,1.2544976979797e-14
1496,0,0,1496,2.8850763699667e-11,8.5565724388932e-06,-6.6604347023394e-13,1.2525831815104e-14
1497,0,0,1497,2.8838256977533e-11,8.5602498499591e-06,-6.6561140293541e-13,1.2506722134569e-14
1498,0,0,1498,2.8825769329689e-11,8.5639248737191e-06,-6.6517930054691e-13,1.2487647844307e-14
1499,0,0,1499,2.8813300720838e-11,8.5675975099796e-06,-6.6474716316227e-13,1.2468608850773e-14
1500,0,0,1500,2.8800851115777e-11,8.571267758548e-06,-6.6431499087318e-13,1.2449605060698e-14
1501,0,0,1501,2.8788420479396e-11,8.5749356192318e-06,-6.6388278377407e-13,1.2430636381122e-14
1502,0,0,1502,2.8776008776677e-11,8.5786010918393e-06,-6.6345054195601e-13,1.2411702719393e-14
1503,0,0,1503,2.8763615972693e-11,8.5822641761792e-06,-6.6301826551222e-13,1.2392803983146e-14
1504,0,0,1504,2.8751242032613e-11,8.5859248720606e-06,-6.6258595453346e-13,1.2373940080325e-14
1505,0,0,1505,2.8738886921694e-11,8.5895831792932e-06,-6.6215360911264e-13,1.2355110919163e-14
1506,0,0,1506,2.8726550605286e-11,8.5932390976874e-06,-6.6172122933959e-13,1.2336316408187e-14
1507,0,0,1507,2.871423304883e-11,8.5968926270537e-06,-6.6128881530631e-13,1.2317556456226e-14
1508,0,0,1508,2.8701934217857e-11,8.6005437672035e-06,-6.6085636710325e-13,1.2298830972402e-14
1509,0,0,1509,2.8689654077991e-11,8.6041925179483e-06,-6.6042388482056e-13,1.2280139866121e-14
1510,0,0,1510,2.8677392594944e-11,8.6078388791005e-06,-6.5999136854869e-13,1.2261483047087e-14
1511,0,0,1511,2.8665149734519e-11,8.6114828504728e-06,-6.5955881837687e-13,1.2242860425289e-14
1512,0,0,1512,2.8652925462608e-11,8.6151244318783e-06,-6.5912623439556e-13,1.2224271911008e-14
1513,0,0,1513,2.8640719745193e-11,8.6187636231307e-06,-6.5869361669306e-13,1.2205717414813e-14
1514,0,0,1514,2.8628532548345e-11,8.6224004240443e-06,-6.582609653586e-13,1.2187196847561e-14
1515,0,0,1515,2.8616363838225e-11,8.6260348344337e-06,-6.578282804811e-13,1.2168710120384e-14
1516,0,0,1516,2.860421358108e-11,8.6296668541141e-06,-6.5739556214888e-13,1.2150257144712e-14
1517,0,0,1517,2.8592081743248e-11,8.6332964829011e-06,-6.5696281044962e-13,1.213183783225e-14
1518,0,0,1518,2.8579968291153e-11,8.6369237206109e-06,-6.5653002547164e-13,1.2113452094986e-14
1519,0,0,1519,2.8567873191308e-11,8.6405485670601e-06,-6.5609720730232e-13,1.2095099845191e-14
1520,0,0,1520,2.8555796410312e-11,8.6441710220657e-06,-6.5566435602875e-13,1.2076780995417e-14
1521,0,0,1521,2.8543737914854e-11,8.6477910854455e-06,-6.5523147173769e-13,1.2058495458489e-14
1522,0,0,1522,2.8531697671706e-11,8.6514087570174e-06,-6.5479855451685e-13,1.2040243147515e-14
1523,0,0,1523,2.851967564773e-11,8.6550240366e-06,-6.5436560445147e-13,1.2022023975878e-14
1524,0,0,1524,2.8507671809873e-11,8.6586369240123e-06,-6.5393262162802e-13,1.2003837857231e-14
1525,0,0,1525,2.8495686125168e-11,8.6622474190739e-06,-6.5349960613296e-13,1.1985684705519e-14
1526,0,0,1526,2.8483718560733e-11,8.6658555216045e-06,-6.5306655805123e-13,1.1967564434934e-14
1527,0,0,1527,2.8471769083773e-11,8.6694612314248e-06,-6.5263347746837e-13,1.1949476959963e-14
1528,0,0,1528,2.8459837661577e-11,8.6730645483556e-06,-6.5220036446933e-13,1.1931422195355e-14
1529,0,0,1529,2.8447924261521e-11,8.6766654722182e-06,-6.5176721913904e-13,1.191340005613e-14
1530,0,0,1530,2.8436028851064e-11,8.6802640028346e-06,-6.5133404156182e-13,1.1895410457573e-14
1531,0,0,1531,2.8424151397748e-11,8.683860140027e-06,-6.509008318223e-13,1.1877453315251e-14
1532,0,0,1532,2.8412291869203e-11,8.6874538836181e-06,-6.5046759000419e-13,1.1859528544978e-14
1533,0,0,1533,2.8400450233141e-11,8.6910452334314e-06,-6.500343161912e-13,1.1841636062853e-14
1534,0,0,1534,2.8388626457355e-11,8.6946341892903e-06,-6.4960101046642e-13,1.1823775785226e-14
1535,0,0,1535,2.8376820509727e-11,8.6982207510191e-06,-6.4916767291387e-13,1.1805947628721e-14
1536,0,0,1536,2.8365032358216e-11,8.7018049184424e-06,-6.4873430361572e-13,1.178815151022e-14
1537,0,0,1537,2.835326197087e-11,8.7053866913852e-06,-6.4830090265477e-13,1.177038734687e-14
1538,0,0,1538,2.8341509315814e-11,8.7089660696731e-06,-6.478674701141e-13,1.1752655056071e-14
1539,0,0,1539,2.8329774361258e-11,8.7125430531321e-06,-6.4743400607468e-13,1.1734954555494e-14
1540,0,0,1540,2.8318057075495e-11,8.7161176415886e-06,-6.4700051061928e-13,1.1717285763066e-14
1541,0,0,1541,2.8306357426898e-11,8.7196898348694e-06,-6.4656698382886e-13,1.1699648596965e-14
1542,0,0,1542,2.8294675383922e-11,8.7232596328019e-06,-6.461334257859e-13,1.1682042975636e-14
1543,0,0,1543,2.8283010915105e-11,8.7268270352139e-06,-6.4569983657012e-13,1.1664468817772e-14
1544,0,0,1544,2.8271363989062e-11,8.7303920419336e-06,-6.4526621626308e-13,1.164692604233e-14
1545,0,0,1545,2.8259734574494e-11,8.7339546527897e-06,-6.4483256494543e-13,1.1629414568514e-14
1546,0,0,1546,2.8248122640178e-11,8.7375148676112e-06,-6.443988826975e-13,1.1611934315774e-14
1547,0,0,1547,2.8236528154974e-11,8.7410726862278e-06,-6.4396516959902e-13,1.1594485203834e-14
1548,0,0,1548,2.8224951087821e-11,8.7446281084694e-06,-6.4353142573002e-13,1.1577067152652e-14
1549,0,0,1549,2.8213391407739e-11,8.7481811341664e-06,-6.4309765117021e-13,1.1559680082438e-14
1550,0,0,1550,2.8201849083825e-11,8.7517317631498e-06,-6.4266384599902e-13,1.1542323913653e-14
1551,0,0,1551,2.8190324085258e-11,8.7552799952509e-06,-6.4223001029493e-13,1.1524998567016e-14
1552,0,0,1552,2.8178816381295e-11,8.7588258303014e-06,-6.4179614413768e-13,1.1507703963478e-14
1553,0,0,1553,2.8167325941271e-11,8.7623692681335e-06,-6.4136224760514e-13,1.1490440024242e-14
1554,0,0,1554,2.81558527346e-11,8.7659103085798e-06,-6.4092832077613e-13,1.1473206670765e-14
1555,0,0,1555,2.8144396730775e-11,8.7694489514733e-06,-6.4049436372851e-13,1.1456003824733e-14
1556,0,0,1556,2.8132957899367e-11,8.7729851966475e-06,-6.4006037653987e-13,1.1438831408095e-14
1557,0,0,1557,2.8121536210024e-11,8.7765190439364e-06,-6.396263592884e-13,1.142168934302e-14
1558,0,0,1558,2.8110131632472e-11,8.7800504931743e-06,-6.3919231205137e-13,1.1404577551942e-14
1559,0,0,1559,2.8098744136515e-11,8.7835795441959e-06,-6.3875823490543e-13,1.1387495957521e-14
1560,0,0,1560,2.8087373692032e-11,8.7871061968363e-06,-6.3832412792786e-13,1.1370444482656e-14
1561,0,0,1561,2.8076020268981e-11,8.7906304509313e-06,-6.378899911953e-13,1.1353423050497e-14
1562,0,0,1562,2.8064683837397e-11,8.7941523063169e-06,-6.3745582478442e-13,1.1336431584426e-14
1563,0,0,1563,2.8053364367389e-11,8.7976717628294e-06,-6.3702162877065e-13,1.1319470008057e-14
1564,0,0,1564,2.8042061829144e-11,8.8011888203058e-06,-6.3658740323095e-13,1.1302538245249e-14
1565,0,0,1565,2.8030776192924e-11,8.8047034785834e-06,-6.3615314823983e-13,1.1285636220088e-14
1566,0,0,1566,2.8019507429067e-11,8.8082157374998e-06,-6.3571886387394e-13,1.1268763856909e-14
1567,0,0,1567,2.8008255507986e-11,8.8117255968933e-06,-6.352845502078e-13,1.1251921080259e-14
1568,0,0,1568,2.7997020400172e-11,8.8152330566022e-06,-6.3485020731684e-13,1.1235107814938e-14
1569,0,0,1569,2.7985802076186e-11,8.8187381164656e-06,-6.3441583527495e-13,1.121832398597e-14
1570,0,0,1570,2.7974600506667e-11,8.8222407763228e-06,-6.3398143415817e-13,1.1201569518608e-14
1571,0,0,1571,2.7963415662329e-11,8.8257410360136e-06,-6.3354700403949e-13,1.1184844338342e-14
1572,0,0,1572,2.7952247513958e-11,8.8292388953782e-06,-6.3311254499341e-13,1.1168148370883e-14
1573,0,0,1573,2.7941096032416e-11,8.8327343542572e-06,-6.3267805709414e-13,1.1151481542173e-14
1574,0,0,1574,2.7929961188637e-11,8.8362274124916e-06,-6.3224354041496e-13,1.1134843778386e-14
1575,0,0,1575,2.7918842953631e-11,8.8397180699227e-06,-6.3180899502916e-13,1.1118235005926e-14
1576,0,0,1576,2.790774129848e-11,8.8432063263923e-06,-6.3137442101032e-13,1.1101655151409e-14
1577,0,0,1577,2.7896656194338e-11,8.8466921817428e-06,-6.3093981843111e-13,1.1085104141685e-14
1578,0,0,1578,2.7885587612434e-11,8.8501756358166e-06,-6.3050518736451e-13,1.1068581903836e-14
1579,0,0,1579,2.7874535524069e-11,8.8536566884568e-06,-6.3007052788228e-13,1.1052088365147e-14
1580,0,0,1580,2.7863499900616e-11,8.8571353395069e-06,-6.2963584005769e-13,1.1035623453147e-14
1581,0,0,1581,2.785248071352e-11,8.8606115888105e-06,-6.2920112396219e-13,1.1019187095577e-14
1582,0,0,1582,2.78414779343e-11,8.864085436212e-06,-6.2876637966784e-13,1.1002779220395e-14
1583,0,0,1583,2.7830491534544e-11,8.8675568815559e-06,-6.2833160724639e-13,1.098639975579e-14
1584,0,0,1584,2.7819521485914e-11,8.8710259246873e-06,-6.2789680676866e-13,1.0970048630161e-14
1585,0,0,1585,2.7808567760142e-11,8.8744925654514e-06,-6.2746197830672e-13,1.095372577213e-14
1586,0,0,1586,2.7797630329031e-11,8.8779568036941e-06,-6.2702712193047e-13,1.0937431110534e-14
1587,0,0,1587,2.7786709164457e-11,8.8814186392616e-06,-6.2659223771137e-13,1.0921164574427e-14
1588,0,0,1588,2.7775804238364e-11,8.8848780720003e-06,-6.2615732571992e-13,1.0904926093087e-14
1589,0,0,1589,2.7764915522768e-11,8.8883351017574e-06,-6.2572238602667e-13,1.0888715595994e-14
1590,0,0,1590,2.7754042989755e-11,8.89178972838e-06,-6.2528741870059e-13,1.0872533012851e-14
1591,0,0,1591,2.7743186611481e-11,8.895241951716e-06,-6.2485242381283e-13,1.085637827358e-14
1592,0,0,1592,2.7732346360173e-11,8.8986917716134e-06,-6.2441740143237e-13,1.08402513083e-14
1593,0,0,1593,2.7721522208126e-11,8.9021391879208e-06,-6.2398235162913e-13,1.0824152047354e-14
1594,0,0,1594,2.7710714127705e-11,8.9055842004869e-06,-6.2354727447148e-13,1.0808080421297e-14
1595,0,0,1595,2.7699922091344e-11,8.9090268091611e-06,-6.2311217002996e-13,1.0792036360889e-14
1596,0,0,1596,2.7689146071547e-11,8.912467013793e-06,-6.226770383717e-13,1.0776019797098e-14
1597,0,0,1597,2.7678386040885e-11,8.9159048142326e-06,-6.2224187956662e-13,1.0760030661108e-14
1598,0,0,1598,2.7667641972001e-11,8.9193402103303e-06,-6.2180669368249e-13,1.0744068884314e-14
1599,0,0,1599,2.7656913837603e-11,8.9227732019369e-06,-6.2137148078768e-13,1.0728134398305e-14
1600,0,0,1600,2.7646201610468e-11,8.9262037889034e-06,-6.2093624094995e-13,1.0712227134884e-14
1601,0,0,1601,2.7635505263442e-11,8.9296319710815e-06,-6.2050097423769e-13,1.0696347026064e-14
1602,0,0,1602,2.7624824769438e-11,8.9330577483231e-06,-6.2006568071774e-13,1.0680494004059e-14
1603,0,0,1603,2.7614160101437e-11,8.9364811204803e-06,-6.1963036045817e-13,1.0664668001288e-14
1604,0,0,1604,2.7603511232486e-11,8.9399020874059e-06,-6.1919501352551e-13,1.0648868950375e-14
1605,0,0,1605,2.7592878135702e-11,8.9433206489528e-06,-6.1875963998723e-13,1.0633096784137e-14
1606,0,0,1606,2.7582260784266e-11,8.9467368049744e-06,-6.1832423991017e-13,1.0617351435618e-14
1607,0,0,1607,2.7571659151428e-11,8.9501505553244e-06,-6.1788881336025e-13,1.060163283803e-14
1608,0,0,1608,2.7561073210504e-11,8.953561899857e-06,-6.1745336040463e-13,1.0585940924813e-14
1609,0,0,1609,2.7550502934874e-11,8.9569708384267e-06,-6.1701788110861e-13,1.0570275629597e-14
1610,0,0,1610,2.7539948297988e-11,8.9603773708882e-06,-6.1658237553905e-13,1.0554636886209e-14
1611,0,0,1611,2.7529409273359e-11,8.9637814970969e-06,-6.1614684376125e-13,1.0539024628669e-14
1612,0,0,1612,2.7518885834568e-11,8.9671832169081e-06,-6.1571128584082e-13,1.052343879122e-14
1613,0,0,1613,2.750837795526e-11,8.970582530178e-06,-6.1527570184309e-13,1.0507879308265e-14
1614,0,0,1614,2.7497885609145e-11,8.9739794367627e-06,-6.1484009183367e-13,1.0492346114439e-14
1615,0,0,1615,2.7487408770001e-11,8.9773739365189e-06,-6.1440445587664e-13,1.0476839144544e-14
1616,0,0,1616,2.7476947411667e-11,8.9807660293037e-06,-6.1396879403793e-13,1.0461358333601e-14
1617,0,0,1617,2.746650150805e-11,8.9841557149743e-06,-6.1353310638132e-13,1.0445903616806e-14
1618,0,0,1618,2.7456071033121e-11,8.9875429933885e-06,-6.130973929712e-13,1.0430474929553e-14
1619,0,0,1619,2.7445655960913e-11,8.9909278644044e-06,-6.1266165387257e-13,1.0415072207445e-14
1620,0,0,1620,2.7435256265527e-11,8.9943103278803e-06,-6.122258891486e-13,1.0399695386248e-14
1621,0,0,1621,2.7424871921125e-11,8.9976903836751e-06,-6.1179009886337e-13,1.0384344401944e-14
1622,0,0,1622,2.7414502901934e-11,9.001068031648e-06,-6.1135428308066e-13,1.0369019190702e-14
1623,0,0,1623,2.7404149182245e-11,9.0044432716583e-06,-6.1091844186394e-13,1.0353719688862e-14
1624,0,0,1624,2.7393810736412e-11,9.0078161035659e-06,-6.1048257527608e-13,1.0338445832982e-14
1625,0,0,1625,2.7383487538853e-11,9.011186527231e-06,-6.1004668338084e-13,1.0323197559783e-14
1626,0,0,1626,2.7373179564046e-11,9.0145545425141e-06,-6.0961076624048e-13,1.0307974806194e-14
1627,0,0,1627,2.7362886786537e-11,9.017920149276e-06,-6.0917482391754e-13,1.0292777509311e-14
1628,0,0,1628,2.7352609180931e-11,9.0212833473781e-06,-6.0873885647581e-13,1.0277605606437e-14
1629,0,0,1629,2.7342346721896e-11,9.0246441366818e-06,-6.0830286397569e-13,1.0262459035048e-14
1630,0,0,1630,2.7332099384163e-11,9.0280025170491e-06,-6.0786684648096e-13,1.0247337732812e-14
1631,0,0,1631,2.7321867142525e-11,9.0313584883422e-06,-6.0743080405263e-13,1.0232241637574e-14
1632,0,0,1632,2.7311649971838e-11,9.0347120504237e-06,-6.0699473675264e-13,1.0217170687367e-14
1633,0,0,1633,2.7301447847018e-11,9.0380632031566e-06,-6.0655864464325e-13,1.0202124820416e-14
1634,0,0,1634,2.7291260743042e-11,9.041411946404e-06,-6.0612252778485e-13,1.0187103975107e-14
1635,0,0,1635,2.7281088634952e-11,9.0447582800296e-06,-6.0568638623938e-13,1.0172108090031e-14
1636,0,0,1636,2.7270931497848e-11,9.0481022038974e-06,-6.0525022006726e-13,1.0157137103948e-14
1637,0,0,1637,2.7260789306893e-11,9.0514437178716e-06,-6.0481402932979e-13,1.0142190955798e-14
1638,0,0,1638,2.7250662037308e-11,9.0547828218169e-06,-6.0437781408801e-13,1.0127269584706e-14
1639,0,0,1639,2.7240549664378e-11,9.0581195155981e-06,-6.039415744014e-13,1.011237292997e-14
1640,0,0,1640,2.7230452163447e-11,9.0614537990806e-06,-6.0350531033128e-13,1.0097500931082e-14
1641,0,0,1641,2.7220369509919e-11,9.0647856721299e-06,-6.0306902193714e-13,1.0082653527689e-14
1642,0,0,1642,2.721030167926e-11,9.0681151346122e-06,-6.0263270927907e-13,1.0067830659629e-14
1643,0,0,1643,2.7200248646993e-11,9.0714421863935e-06,-6.0219637241718e-13,1.0053032266923e-14
1644,0,0,1644,2.7190210388703e-11,9.0747668273405e-06,-6.0176001141065e-13,1.0038258289748e-14
1645,0,0,1645,2.7180186880034e-11,9.0780890573201e-06,-6.0132362631926e-13,1.0023508668477e-14
1646,0,0,1646,2.7170178096691e-11,9.0814088761997e-06,-6.008872172022e-13,1.0008783343643e-14
1647,0,0,1647,2.7160184014435e-11,9.0847262838468e-06,-6.0045078411834e-13,9.9940822559693e-15
1648,0,0,1648,2.7150204609088e-11,9.0880412801292e-06,-6.0001432712685e-13,9.9794053463328e-15
1649,0,0,1649,2.7140239856533e-11,9.0913538649154e-06,-5.99577846286e-13,9.9647525557999e-15
1650,0,0,1650,2.7130289732707e-11,9.0946640380737e-06,-5.9914134165526e-13,9.9501238255954e-15
1651,0,0,1651,2.712035421361e-11,9.0979717994731e-06,-5.9870481329199e-13,9.9355190971318e-15
1652,0,0,1652,2.7110433275298e-11,9.1012771489828e-06,-5.9826826125536e-13,9.9209383119797e-15
1653,0,0,1653,2.7100526893886e-11,9.1045800864723e-06,-5.978316856027e-13,9.9063814118843e-15
1654,0,0,1654,2.7090635045547e-11,9.1078806118115e-06,-5.9739508639229e-13,9.8918483387652e-15
1655,0,0,1655,2.7080757706513e-11,9.1111787248705e-06,-5.9695846368144e-13,9.8773390347068e-15
1656,0,0,1656,2.7070894853071e-11,9.1144744255198e-06,-5.9652181752843e-13,9.8628534419552e-15
1657,0,0,1657,2.7061046461568e-11,9.1177677136303e-06,-5.9608514798999e-13,9.8483915029373e-15
1658,0,0,1658,2.7051212508407e-11,9.1210585890729e-06,-5.9564845512344e-13,9.833953160248e-15
1659,0,0,1659,2.7041392970051e-11,9.1243470517193e-06,-5.9521173898582e-13,9.8195383566342e-15
1660,0,0,1660,2.7031587823016e-11,9.127633101441e-06,-5.9477499963448e-13,9.8051470350236e-15
1661,0,0,1661,2.7021797043877e-11,9.1309167381102e-06,-5.9433823712521e-13,9.7907791384991e-15
1662,0,0,1662,2.7012020609267e-11,9.1341979615992e-06,-5.9390145151566e-13,9.7764346103212e-15
1663,0,0,1663,2.7002258495873e-11,9.1374767717808e-06,-5.9346464286134e-13,9.7621133938993e-15
1664,0,0,1664,2.699251068044e-11,9.1407531685279e-06,-5.9302781121896e-13,9.7478154328201e-15
1665,0,0,1665,2.6982777139769e-11,9.1440271517137e-06,-5.9259095664434e-13,9.7335406708291e-15
1666,0,0,1666,2.6973057850718e-11,9.147298721212e-06,-5.9215407919327e-13,9.7192890518329e-15
1667,0,0,1667,2.6963352790198e-11,9.1505678768967e-06,-5.9171717892188e-13,9.7050605199032e-15
1668,0,0,1668,2.6953661935178e-11,9.1538346186419e-06,-5.9128025588536e-13,9.6908550192635e-15
1669,0,0,1669,2.6943985262684e-11,9.1570989463222e-06,-5.9084331013919e-13,9.6766724943182e-15
1670,0,0,1670,2.6934322749795e-11,9.1603608598125e-06,-5.9040634173859e-13,9.6625128896138e-15
1671,0,0,1671,2.6924674373645e-11,9.1636203589879e-06,-5.8996935073934e-13,9.648376149865e-15
1672,0,0,1672,2.6915040111425e-11,9.1668774437238e-06,-5.8953233719512e-13,9.6342622199447e-15
1673,0,0,1673,2.690541994038e-11,9.1701321138959e-06,-5.8909530116142e-13,9.6201710448809e-15
1674,0,0,1674,2.689581383781e-11,9.1733843693804e-06,-5.8865824269313e-13,9.6061025698666e-15
1675,0,0,1675,2.688622178107e-11,9.1766342100536e-06,-5.8822116184421e-13,9.5920567402494e-15
1676,0,0,1676,2.6876643747568e-11,9.1798816357921e-06,-5.8778405866894e-13,9.5780335015326e-15
1677,0,0,1677,2.6867079714769e-11,9.1831266464729e-06,-5.8734693322189e-13,9.5640327993775e-15
1678,0,0,1678,2.6857529660189e-11,9.1863692419732e-06,-5.8690978555642e-13,9.5500545795971e-15
1679,0,0,1679,2.6847993561401e-11,9.1896094221706e-06,-5.8647261572711e-13,9.5360987881696e-15
1680,0,0,1680,2.683847139603e-11,9.1928471869429e-06,-5.860354237867e-13,9.5221653712249e-15
1681,0,0,1681,2.6828963141755e-11,9.1960825361682e-06,-5.8559820978976e-13,9.5082542750316e-15
1682,0,0,1682,2.6819468776309e-11,9.1993154697251e-06,-5.8516097378874e-13,9.4943654460396e-15
1683,0,0,1683,2.6809988277478e-11,9.2025459874921e-06,-5.8472371583759e-13,9.4804988308311e-15
1684,0,0,1684,2.6800521623102e-11,9.2057740893484e-06,-5.8428643598875e-13,9.4666543761466e-15
1685,0,0,1685,2.6791068791073e-11,9.2089997751733e-06,-5.8384913429557e-13,9.4528320288818e-15
1686,0,0,1686,2.6781629759337e-11,9.2122230448463e-06,-5.834118108108e-13,9.4390317360874e-15
1687,0,0,1687,2.6772204505892e-11,9.2154438982473e-06,-5.8297446558625e-13,9.4252534449499e-15
1688,0,0,1688,2.6762793008789e-11,9.2186623352565e-06,-5.8253709867558e-13,9.4114971028239e-15
1689,0,0,1689,2.6753395246132e-11,9.2218783557545e-06,-5.820997101306e-13,9.3977626572058e-15
1690,0,0,1690,2.6744011196076e-11,9.2250919596219e-06,-5.8166230000285e-13,9.3840500557442e-15
1691,0,0,1691,2.673464083683e-11,9.2283031467398e-06,-5.8122486834505e-13,9.3703592462299e-15
1692,0,0,1692,2.6725284146653e-11,9.2315119169896e-06,-5.8078741520902e-13,9.3566901766118e-15
1693,0,0,1693,2.6715941103858e-11,9.2347182702529e-06,-5.8034994064628e-13,9.3430427949812e-15
1694,0,0,1694,2.6706611686809e-11,9.2379222064115e-06,-5.7991244470833e-13,9.3294170495842e-15
1695,0,0,1695,2.669729587392e-11,9.2411237253476e-06,-5.7947492744671e-13,9.3158128887933e-15
1696,0,0,1696,2.6687993643659e-11,9.2443228269438e-06,-5.790373889129e-13,9.3022302611616e-15
1697,0,0,1697,2.6678704974543e-11,9.2475195110828e-06,-5.7859982915721e-13,9.2886691153522e-15
1698,0,0,1698,2.6669429845143e-11,9.2507137776476e-06,-5.7816224823176e-13,9.2751294001995e-15
1699,0,0,1699,2.6660168234078e-11,9.2539056265216e-06,-5.7772464618653e-13,9.2616110646704e-15
1700,0,0,1700,2.6650920120021e-11,9.2570950575883e-06,-5.7728702307242e-13,9.2481140578835e-15
1701,0,0,1701,2.6641685481692e-11,9.2602820707316e-06,-5.7684937894002e-13,9.23463832909e-15
1702,0,0,1702,2.6632464297864e-11,9.2634666658357e-06,-5.7641171383993e-13,9.2211838276962e-15
1703,0,0,1703,2.6623256547361e-11,9.266648842785e-06,-5.7597402782182e-13,9.2077505032506e-15
1704,0,0,1704,2.6614062209055e-11,9.2698286014642e-06,-5.7553632093689e-13,9.1943383054372e-15
1705,0,0,1705,2.6604881261871e-11,9.2730059417583e-06,-5.7509859323359e-13,9.1809471840792e-15
1706,0,0,1706,2.6595713684782e-11,9.2761808635526e-06,-5.7466084476344e-13,9.1675770891612e-15
1707,0,0,1707,2.6586559456811e-11,9.2793533667326e-06,-5.7422307557428e-13,9.154227970781e-15
1708,0,0,1708,2.6577418557032e-11,9.282523451184e-06,-5.737852857176e-13,9.1408997792012e-15
1709,0,0,1709,2.6568290964567e-11,9.2856911167931e-06,-5.7334747524125e-13,9.1275924648069e-15
1710,0,0,1710,2.6559176658589e-11,9.2888563634461e-06,-5.729096441952e-13,9.1143059781387e-15
1711,0,0,1711,2.6550075618319e-11,9.2920191910297e-06,-5.7247179262852e-13,9.1010402698565e-15
1712,0,0,1712,2.6540987823028e-11,9.2951795994307e-06,-5.7203392059027e-13,9.0877952907786e-15
1713,0,0,1713,2.6531913252036e-11,9.2983375885364e-06,-5.715960281289e-13,9.0745709918494e-15
1714,0,0,1714,2.6522851884712e-11,9.3014931582342e-06,-5.7115811529376e-13,9.0613673241552e-15
1715,0,0,1715,2.6513803700473e-11,9.3046463084117e-06,-5.7072018213269e-13,9.0481842389152e-15
1716,0,0,1716,2.6504768678786e-11,9.307797038957e-06,-5.7028222869477e-13,9.0350216874903e-15
1717,0,0,1717,2.6495746799165e-11,9.3109453497583e-06,-5.6984425502811e-13,9.0218796213807e-15
1718,0,0,1718,2.6486738041172e-11,9.314091240704e-06,-5.6940626118087e-13,9.008757992206e-15
1719,0,0,1719,2.6477742384421e-11,9.317234711683e-06,-5.6896824720088e-13,8.9956567517442e-15
1720,0,0,1720,2.6468759808569e-11,9.3203757625843e-06,-5.6853021313597e-13,8.9825758518927e-15
1721,0,0,1721,2.6459790293324e-11,9.3235143932972e-06,-5.6809215903458e-13,8.9695152446784e-15
1722,0,0,1722,2.6450833818442e-11,9.3266506037113e-06,-5.6765408494395e-13,8.9564748822863e-15
1723,0,0,1723,2.6441890363725e-11,9.3297843937163e-06,-5.6721599091098e-13,8.9434547170016e-15
1724,0,0,1724,2.6432959909023e-11,9.3329157632024e-06,-5.6677787698382e-13,8.9304547012777e-15
1725,0,0,1725,2.6424042434236e-11,9.3360447120599e-06,-5.6633974320967e-13,8.9174747876647e-15
1726,0,0,1726,2.6415137919307e-11,9.3391712401794e-06,-5.6590158963547e-13,8.9045149288776e-15
1727,0,0,1727,2.6406246344229e-11,9.3422953474519e-06,-5.6546341630781e-13,8.8915750777381e-15
1728,0,0,1728,2.6397367689042e-11,9.3454170337683e-06,-5.6502522327391e-13,8.8786551872164e-15
1729,0,0,1729,2.6388501933832e-11,9.3485362990201e-06,-5.6458701058039e-13,8.8657552104023e-15
1730,0,0,1730,2.6379649058731e-11,9.351653143099e-06,-5.6414877827415e-13,8.8528751005214e-15
1731,0,0,1731,2.637080904392e-11,9.3547675658968e-06,-5.6371052640119e-13,8.8400148109219e-15
1732,0,0,1732,2.6361981869625e-11,9.3578795673057e-06,-5.6327225500782e-13,8.8271742950911e-15
1733,0,0,1733,2.6353167516118e-11,9.360989147218e-06,-5.6283396414063e-13,8.8143535066455e-15
1734,0,0,1734,2.6344365963719e-11,9.3640963055266e-06,-5.6239565384531e-13,8.801552399318e-15
1735,0,0,1735,2.6335577192792e-11,9.3672010421242e-06,-5.6195732416786e-13,8.7887709269801e-15
1736,0,0,1736,2.6326801183748e-11,9.370303356904e-06,-5.6151897515458e-13,8.7760090436234e-15
1737,0,0,1737,2.6318037917045e-11,9.3734032497596e-06,-5.6108060684994e-13,8.7632667033812e-15
1738,0,0,1738,2.6309287373185e-11,9.3765007205844e-06,-5.6064221930114e-13,8.7505438604969e-15
1739,0,0,1739,2.6300549532715e-11,9.3795957692726e-06,-5.6020381255204e-13,8.7378404693431e-15
1740,0,0,1740,2.6291824376231e-11,9.3826883957181e-06,-5.5976538664893e-13,8.7251564844281e-15
1741,0,0,1741,2.628311188437e-11,9.3857785998156e-06,-5.593269416366e-13,8.7124918603765e-15
1742,0,0,1742,2.6274412037818e-11,9.3888663814596e-06,-5.588884775601e-13,8.6998465519453e-15
1743,0,0,1743,2.6265724817304e-11,9.391951740545e-06,-5.5844999446482e-13,8.6872205140049e-15
1744,0,0,1744,2.6257050203603e-11,9.3950346769671e-06,-5.5801149239462e-13,8.6746137015611e-15
1745,0,0,1745,2.6248388177533e-11,9.3981151906212e-06,-5.5757297139516e-13,8.6620260697393e-15
1746,0,0,1746,2.6239738719959e-11,9.401193281403e-06,-5.5713443151031e-13,8.6494575737813e-15
1747,0,0,1747,2.623110181179e-11,9.4042689492085e-06,-5.5669587278483e-13,8.636908169071e-15
1748,0,0,1748,2.6222477433979e-11,9.4073421939337e-06,-5.5625729526287e-13,8.6243778110927e-15
1749,0,0,1749,2.6213865567524e-11,9.410413015475e-06,-5.558186989889e-13,8.6118664554627e-15
1750,0,0,1750,2.6205266193466e-11,9.4134814137292e-06,-5.5538008400645e-13,8.5993740579207e-15
1751,0,0,1751,2.6196679292892e-11,9.4165473885931e-06,-5.5494145035999e-13,8.5869005743286e-15
1752,0,0,1752,2.6188104846931e-11,9.4196109399638e-06,-5.5450279809306e-13,8.574445960665e-15
1753,0,0,1753,2.6179542836758e-11,9.4226720677386e-06,-5.540641272495e-13,8.5620101730215e-15
1754,0,0,1754,2.617099324359e-11,9.4257307718153e-06,-5.5362543787286e-13,8.5495931676317e-15
1755,0,0,1755,2.6162456048689e-11,9.4287870520916e-06,-5.5318673000636e-13,8.5371949008264e-15
1756,0,0,1756,2.615393123336e-11,9.4318409084655e-06,-5.5274800369387e-13,8.5248153290688e-15
1757,0,0,1757,2.6145418778951e-11,9.4348923408356e-06,-5.5230925897799e-13,8.5124544089318e-15
1758,0,0,1758,2.6136918666854e-11,9.4379413491002e-06,-5.5187049590197e-13,8.5001120971209e-15
1759,0,0,1759,2.6128430878504e-11,9.4409879331583e-06,-5.5143171450934e-13,8.4877883504419e-15
1760,0,0,1760,2.6119955395378e-11,9.4440320929088e-06,-5.5099291484242e-13,8.4754831258328e-15
1761,0,0,1761,2.6111492198998e-11,9.447073828251e-06,-5.5055409694413e-13,8.4631963803384e-15
1762,0,0,1762,2.6103041270927e-11,9.4501131390845e-06,-5.5011526085679e-13,8.4509280711295e-15
1763,0,0,1763,2.6094602592771e-11,9.453150025309e-06,-5.4967640662364e-13,8.4386781554836e-15
1764,0,0,1764,2.608617614618e-11,9.4561844868243e-06,-5.4923753428668e-13,8.4264465908007e-15
1765,0,0,1765,2.6077761912846e-11,9.4592165235309e-06,-5.4879864388761e-13,8.4142333346007e-15
1766,0,0,1766,2.6069359874501e-11,9.4622461353291e-06,-5.4835973546967e-13,8.4020383445036e-15
1767,0,0,1767,2.6060970012923e-11,9.4652733221196e-06,-5.4792080907456e-13,8.3898615782648e-15
1768,0,0,1768,2.6052592309929e-11,9.4682980838032e-06,-5.4748186474337e-13,8.377702993737e-15
1769,0,0,1769,2.604422674738e-11,9.4713204202812e-06,-5.4704290251932e-13,8.3655625488923e-15
1770,0,0,1770,2.6035873307178e-11,9.4743403314549e-06,-5.466039224429e-13,8.3534402018191e-15
1771,0,0,1771,2.6027531971268e-11,9.477357817226e-06,-5.4616492455673e-13,8.341335910719e-15
1772,0,0,1772,2.6019202721634e-11,9.4803728774962e-06,-5.4572590890159e-13,8.3292496339098e-15
1773,0,0,1773,2.6010885540304e-11,9.4833855121675e-06,-5.4528687551886e-13,8.317181329803e-15
1774,0,0,1774,2.6002580409347e-11,9.4863957211424e-06,-5.4484782445026e-13,8.3051309569557e-15
1775,0,0,1775,2.5994287310873e-11,9.4894035043233e-06,-5.4440875573657e-13,8.2930984740024e-15
1776,0,0,1776,2.5986006227033e-11,9.4924088616129e-06,-5.4396966941917e-13,8.2810838397131e-15
1777,0,0,1777,2.597773714002e-11,9.4954117929142e-06,-5.4353056553824e-13,8.2690870129552e-15
1778,0,0,1778,2.5969480032068e-11,9.4984122981304e-06,-5.4309144413579e-13,8.2571079527185e-15
1779,0,0,1779,2.596123488545e-11,9.5014103771649e-06,-5.4265230525167e-13,8.2451466180932e-15
1780,0,0,1780,2.5953001682481e-11,9.5044060299214e-06,-5.4221314892636e-13,8.2332029682824e-15
1781,0,0,1781,2.5944780405519e-11,9.5073992563038e-06,-5.4177397520095e-13,8.2212769625992e-15
1782,0,0,1782,2.5936571036958e-11,9.510390056216e-06,-5.413347841153e-13,8.2093685604697e-15
1783,0,0,1783,2.5928373559237e-11,9.5133784295625e-06,-5.4089557571019e-13,8.1974777214202e-15
1784,0,0,1784,2.5920187954832e-11,9.5163643762477e-06,-5.4045635002518e-13,8.1856044050967e-15
1785,0,0,1785,2.591201420626e-11,9.5193478961764e-06,-5.4001710710074e-13,8.1737485712483e-15
1786,0,0,1786,2.5903852296081e-11,9.5223289892536e-06,-5.3957784697703e-13,8.1619101797214e-15
1787,0,0,1787,2.589570220689e-11,9.5253076553845e-06,-5.3913856969301e-13,8.1500891904912e-15
1788,0,0,1788,2.5887563921327e-11,9.5282838944745e-06,-5.3869927528945e-13,8.1382855636205e-15
1789,0,0,1789,2.5879437422067e-11,9.5312577064293e-06,-5.3825996380529e-13,8.1264992592948e-15
1790,0,0,1790,2.5871322691829e-11,9.5342290911546e-06,-5.3782063528008e-13,8.11473023779e-15
1791,0,0,1791,2.586321971337e-11,9.5371980485565e-06,-5.3738128975339e-13,8.1029784595016e-15
1792,0,0,1792,2.5855128469485e-11,9.5401645785414e-06,-5.3694192726508e-13,8.0912438849221e-15
1793,0,0,1793,2.584704894301e-11,9.5431286810157e-06,-5.3650254785316e-13,8.0795264746569e-15
1794,0,0,1794,2.5838981116821e-11,9.5460903558862e-06,-5.3606315155749e-13,8.0678261894085e-15
1795,0,0,1795,2.5830924973831e-11,9.5490496030598e-06,-5.3562373841733e-13,8.0561429899893e-15
1796,0,0,1796,2.5822880496994e-11,9.5520064224436e-06,-5.3518430847039e-13,8.0444768373149e-15
1797,0,0,1797,2.5814847669301e-11,9.554960813945e-06,-5.3474486175715e-13,8.0328276924013e-15
1798,0,0,1798,2.5806826473785e-11,9.5579127774716e-06,-5.343053983147e-13,8.0211955163774e-15
1799,0,0,1799,2.5798816893514e-11,9.5608623129312e-06,-5.338659181826e-13,8.0095802704659e-15
1800,0,0,1800,2.5790818911598e-11,9.5638094202318e-06,-5.3342642139887e-13,7.9979819159929e-15
1801,0,0,1801,2.5782832511184e-11,9.5667540992815e-06,-5.3298690800184e-13,7.9864004143975e-15
1802,0,0,1802,2.5774857675457e-11,9.5696963499888e-06,-5.3254737803046e-13,7.9748357272061e-15
1803,0,0,1803,2.5766894387641e-11,9.5726361722624e-06,-5.3210783152182e-13,7.9632878160615e-15
1804,0,0,1804,2.5758942630998e-11,9.5755735660111e-06,-5.3166826851456e-13,7.9517566426937e-15
1805,0,0,1805,2.5751002388829e-11,9.578508531144e-06,-5.3122868904731e-13,7.9402421689489e-15
1806,0,0,1806,2.5743073644472e-11,9.5814410675703e-06,-5.3078909315626e-13,7.9287443567606e-15
1807,0,0,1807,2.5735156381304e-11,9.5843711751994e-06,-5.3034948088096e-13,7.9172631681756e-15
1808,0,0,1808,2.5727250582739e-11,9.5872988539412e-06,-5.2990985225789e-13,7.9057985653309e-15
1809,0,0,1809,2.5719356232228e-11,9.5902241037054e-06,-5.2947020732478e-13,7.8943505104669e-15
1810,0,0,1810,2.5711473313263e-11,9.5931469244022e-06,-5.2903054611996e-13,7.8829189659245e-15
1811,0,0,1811,2.5703601809368e-11,9.5960673159419e-06,-5.2859086867929e-13,7.8715038941411e-15
1812,0,0,1812,2.5695741704111e-11,9.5989852782349e-06,-5.2815117504171e-13,7.8601052576642e-15
1813,0,0,1813,2.5687892981092e-11,9.6019008111921e-06,-5.2771146524281e-13,7.8487230191156e-15
1814,0,0,1814,2.568005562395e-11,9.6048139147242e-06,-5.2727173932059e-13,7.8373571412463e-15
1815,0,0,1815,2.5672229616363e-11,9.6077245887425e-06,-5.2683199731217e-13,7.8260075868785e-15
1816,0,0,1816,2.5664414942045e-11,9.6106328331583e-06,-5.2639223925341e-13,7.8146743189505e-15
1817,0,0,1817,2.5656611584744e-11,9.6135386478831e-06,-5.2595246518234e-13,7.803357300488e-15
1818,0,0,1818,2.5648819528249e-11,9.6164420328286e-06,-5.2551267513483e-13,7.7920564946169e-15
1819,0,0,1819,2.5641038756385e-11,9.6193429879067e-06,-5.2507286914737e-13,7.7807718645568e-15
1820,0,0,1820,2.5633269253011e-11,9.6222415130297e-06,-5.2463304725707e-13,7.7695033736369e-15
1821,0,0,1821,2.5625511002026e-11,9.6251376081098e-06,-5.2419320949979e-13,7.7582509852547e-15
1822,0,0,1822,2.5617763987363e-11,9.6280312730596e-06,-5.2375335591234e-13,7.7470146629397e-15
1823,0,0,1823,2.5610028192993e-11,9.6309225077918e-06,-5.2331348652997e-13,7.7357943702832e-15
1824,0,0,1824,2.5602303602922e-11,9.6338113122194e-06,-5.2287360138979e-13,7.7245900709958e-15
1825,0,0,1825,2.5594590201193e-11,9.6366976862554e-06,-5.2243370052705e-13,7.7134017288658e-15
1826,0,0,1826,2.5586887971885e-11,9.6395816298133e-06,-5.2199378397857e-13,7.7022293077944e-15
1827,0,0,1827,2.5579196899113e-11,9.6424631428066e-06,-5.2155385177928e-13,7.6910727717573e-15
1828,0,0,1828,2.5571516967028e-11,9.6453422251489e-06,-5.2111390396506e-13,7.6799320848369e-15
1829,0,0,1829,2.5563848159817e-11,9.6482188767543e-06,-5.206739405718e-13,7.6688072112089e-15
1830,0,0,1830,2.5556190461702e-11,9.6510930975368e-06,-5.2023396163505e-13,7.6576981151303e-15
1831,0,0,1831,2.5548543856941e-11,9.6539648874108e-06,-5.1979396719009e-13,7.6466047609676e-15
1832,0,0,1832,2.5540908329828e-11,9.6568342462907e-06,-5.1935395727247e-13,7.6355271131746e-15
1833,0,0,1833,2.5533283864692e-11,9.6597011740914e-06,-5.1891393191685e-13,7.6244651362861e-15
1834,0,0,1834,2.5525670445897e-11,9.6625656707276e-06,-5.1847389115911e-13,7.6134187949464e-15
1835,0,0,1835,2.5518068057843e-11,9.6654277361146e-06,-5.1803383503389e-13,7.6023880538776e-15
1836,0,0,1836,2.5510476684965e-11,9.6682873701675e-06,-5.1759376357675e-13,7.5913728779053e-15
1837,0,0,1837,2.5502896311733e-11,9.6711445728018e-06,-5.1715367682175e-13,7.5803732319354e-15
1838,0,0,1838,2.5495326922652e-11,9.6739993439334e-06,-5.1671357480413e-13,7.5693890809746e-15
1839,0,0,1839,2.5487768502262e-11,9.6768516834779e-06,-5.1627345755885e-13,7.5584203901066e-15
1840,0,0,1840,2.5480221035137e-11,9.6797015913515e-06,-5.1583332511995e-13,7.5474671245221e-15
1841,0,0,1841,2.5472684505888e-11,9.6825490674704e-06,-5.1539317752208e-13,7.5365292494956e-15
1842,0,0,1842,2.5465158899158e-11,9.685394111751e-06,-5.149530148005e-13,7.5256067303792e-15
1843,0,0,1843,2.5457644199625e-11,9.6882367241101e-06,-5.1451283698802e-13,7.5146995326318e-15
1844,0,0,1844,2.5450140392003e-11,9.6910769044644e-06,-5.1407264412051e-13,7.5038076217959e-15
1845,0,0,1845,2.544264746104e-11,9.6939146527308e-06,-5.1363243623109e-13,7.4929309635018e-15
1846,0,0,1846,2.5435165391516e-11,9.6967499688267e-06,-5.1319221335441e-13,7.4820695234632e-15
1847,0,0,1847,2.5427694168249e-11,9.6995828526694e-06,-5.1275197552389e-13,7.471223267488e-15
1848,0,0,1848,2.5420233776087e-11,9.7024133041764e-06,-5.1231172277387e-13,7.4603921614777e-15
1849,0,0,1849,2.5412784199916e-11,9.7052413232656e-06,-5.1187145513809e-13,7.449576171411e-15
1850,0,0,1850,2.5405345424652e-11,9.7080669098548e-06,-5.1143117265026e-13,7.4387752633544e-15
1851,0,0,1851,2.5397917435249e-11,9.7108900638622e-06,-5.1099087534412e-13,7.427989403474e-15
1852,0,0,1852,2.5390500216691e-11,9.7137107852062e-06,-5.1055056325278e-13,7.4172185580042e-15
1853,0,0,1853,2.5383093753998e-11,9.7165290738051e-06,-5.1011023641029e-13,7.4064626932859e-15
1854,0,0,1854,2.5375698032222e-11,9.7193449295778e-06,-5.0966989484975e-13,7.3957217757309e-15
1855,0,0,1855,2.536831303645e-11,9.722158352443e-06,-5.0922953860459e-13,7.3849957718449e-15
1856,0,0,1856,2.5360938751802e-11,9.7249693423198e-06,-5.0878916770792e-13,7.3742846482143e-15
1857,0,0,1857,2.535357516343e-11,9.7277778991275e-06,-5.0834878219256e-13,7.3635883715193e-15
1858,0,0,1858,2.5346222256522e-11,9.7305840227855e-06,-5.0790838209222e-13,7.3529069085144e-15
1859,0,0,1859,2.5338880016296e-11,9.7333877132133e-06,-5.0746796743942e-13,7.342240226054e-15
1860,0,0,1860,2.5331548428005e-11,9.7361889703308e-06,-5.0702753826696e-13,7.3315882910543e-15
1861,0,0,1861,2.5324227476934e-11,9.7389877940579e-06,-5.0658709460796e-13,7.3209510705411e-15
1862,0,0,1862,2.5316917148403e-11,9.7417841843148e-06,-5.0614663649492e-13,7.3103285316081e-15
1863,0,0,1863,2.5309617427761e-11,9.7445781410218e-06,-5.0570616396004e-13,7.2997206414396e-15
1864,0,0,1864,2.5302328300394e-11,9.7473696640993e-06,-5.0526567703704e-13,7.2891273673004e-15
1865,0,0,1865,2.5295049751717e-11,9.7501587534682e-06,-5.0482517575689e-13,7.2785486765396e-15
1866,0,0,1866,2.5287781767181e-11,9.7529454090491e-06,-5.0438466015333e-13,7.2679845365934e-15
1867,0,0,1867,2.5280524332266e-11,9.7557296307633e-06,-5.0394413025763e-13,7.2574349149724e-15
1868,0,0,1868,2.5273277432486e-11,9.7585114185318e-06,-5.0350358610229e-13,7.2468997792775e-15
1869,0,0,1869,2.5266041053389e-11,9.7612907722761e-06,-5.030630277195e-13,7.2363790971906e-15
1870,0,0,1870,2.5258815180553e-11,9.7640676919177e-06,-5.0262245514147e-13,7.2258728364709e-15
1871,0,0,1871,2.5251599799588e-11,9.7668421773785e-06,-5.0218186840008e-13,7.215380964962e-15
1872,0,0,1872,2.5244394896137e-11,9.7696142285803e-06,-5.0174126752692e-13,7.2049034505942e-15
1873,0,0,1873,2.5237200455876e-11,9.7723838454453e-06,-5.0130065255387e-13,7.1944402613694e-15
1874,0,0,1874,2.5230016464511e-11,9.7751510278956e-06,-5.0086002351312e-13,7.1839913653829e-15
1875,0,0,1875,2.522284290778e-11,9.7779157758538e-06,-5.0041938043566e-13,7.1735567307948e-15
1876,0,0,1876,2.5215679771454e-11,9.7806780892425e-06,-4.9997872335336e-13,7.1631363258587e-15
1877,0,0,1877,2.5208527041335e-11,9.7834379679845e-06,-4.9953805229751e-13,7.1527301189058e-15
1878,0,0,1878,2.5201384703257e-11,9.7861954120027e-06,-4.9909736729968e-13,7.1423380783451e-15
1879,0,0,1879,2.5194252743084e-11,9.7889504212204e-06,-4.9865666839146e-13,7.1319601726628e-15
1880,0,0,1880,2.5187131146714e-11,9.7917029955607e-06,-4.982159556032e-13,7.1215963704294e-15
1881,0,0,1881,2.5180019900073e-11,9.7944531349473e-06,-4.9777522896711e-13,7.1112466402927e-15
1882,0,0,1882,2.5172918989122e-11,9.7972008393037e-06,-4.9733448851353e-13,7.1009109509847e-15
1883,0,0,1883,2.5165828399851e-11,9.7999461085538e-06,-4.9689373427343e-13,7.0905892713019e-15
1884,0,0,1884,2.5158748118281e-11,9.8026889426217e-06,-4.964529662784e-13,7.0802815701378e-15
1885,0,0,1885,2.5151678130464e-11,9.8054293414314e-06,-4.960121845588e-13,7.0699878164474e-15
1886,0,0,1886,2.5144618422485e-11,9.8081673049073e-06,-4.9557138914528e-13,7.0597079792758e-15
1887,0,0,1887,2.5137568980457e-11,9.810902832974e-06,-4.9513058006851e-13,7.0494420277429e-15
1888,0,0,1888,2.5130529790526e-11,9.8136359255561e-06,-4.9468975735977e-13,7.0391899310393e-15
1889,0,0,1889,2.5123500838868e-11,9.8163665825785e-06,-4.9424892104879e-13,7.0289516584398e-15
1890,0,0,1890,2.5116482111689e-11,9.8190948039661e-06,-4.9380807116624e-13,7.0187271792968e-15
1891,0,0,1891,2.5109473595226e-11,9.8218205896442e-06,-4.9336720774279e-13,7.0085164630336e-15
1892,0,0,1892,2.5102475275746e-11,9.8245439395382e-06,-4.9292633080817e-13,6.9983194791576e-15
1893,0,0,1893,2.5095487139549e-11,9.8272648535735e-06,-4.9248544039335e-13,6.9881361972441e-15
1894,0,0,1894,2.5088509172962e-11,9.8299833316759e-06,-4.9204453652778e-13,6.9779665869525e-15
1895,0,0,1895,2.5081541362344e-11,9.8326993737712e-06,-4.916036192421e-13,6.9678106180129e-15
1896,0,0,1896,2.5074583694084e-11,9.8354129797853e-06,-4.9116268856577e-13,6.9576682602302e-15
1897,0,0,1897,2.50676361546e-11,9.8381241496446e-06,-4.9072174452913e-13,6.947539483493e-15
1898,0,0,1898,2.5060698730343e-11,9.8408328832753e-06,-4.9028078716193e-13,6.9374242577513e-15
1899,0,0,1899,2.505377140779e-11,9.843539180604e-06,-4.898398164933e-13,6.9273225530426e-15
1900,0,0,1900,2.504685417345e-11,9.8462430415574e-06,-4.893988325542e-13,6.9172343394719e-15
1901,0,0,1901,2.5039947013863e-11,9.8489444660622e-06,-4.8895783537347e-13,6.9071595872188e-15
1902,0,0,1902,2.5033049915596e-11,9.8516434540455e-06,-4.8851682498022e-13,6.8970982665435e-15
1903,0,0,1903,2.5026162865249e-11,9.8543400054345e-06,-4.8807580140482e-13,6.8870503477742e-15
1904,0,0,1904,2.5019285849447e-11,9.8570341201565e-06,-4.8763476467639e-13,6.8770158013101e-15
1905,0,0,1905,2.501241885485e-11,9.8597257981389e-06,-4.8719371482375e-13,6.8669945976312e-15
1906,0,0,1906,2.5005561868142e-11,9.8624150393095e-06,-4.8675265187666e-13,6.8569867072852e-15
1907,0,0,1907,2.4998714876042e-11,9.8651018435961e-06,-4.8631157586455e-13,6.8469921008977e-15
1908,0,0,1908,2.4991877865292e-11,9.8677862109265e-06,-4.8587048681561e-13,6.8370107491683e-15
1909,0,0,1909,2.4985050822669e-11,9.8704681412291e-06,-4.8542938475992e-13,6.8270426228517e-15
1910,0,0,1910,2.4978233734977e-11,9.873147634432e-06,-4.8498826972536e-13,6.8170876927994e-15
1911,0,0,1911,2.4971426589047e-11,9.8758246904637e-06,-4.8454714174199e-13,6.8071459299277e-15
1912,0,0,1912,2.4964629371742e-11,9.8784993092528e-06,-4.8410600083771e-13,6.7972173052076e-15
1913,0,0,1913,2.4957842069952e-11,9.8811714907282e-06,-4.8366484704165e-13,6.7873017897041e-15
1914,0,0,1914,2.4951064670597e-11,9.8838412348187e-06,-4.8322368038232e-13,6.7773993545433e-15
1915,0,0,1915,2.4944297160626e-11,9.8865085414535e-06,-4.8278250088855e-13,6.7675099709257e-15
1916,0,0,1916,2.4937539527016e-11,9.8891734105617e-06,-4.8234130858886e-13,6.7576336101166e-15
1917,0,0,1917,2.4930791756773e-11,9.8918358420728e-06,-4.8190010351115e-13,6.7477702434619e-15
1918,0,0,1918,2.492405383693e-11,9.8944958359164e-06,-4.8145888568485e-13,6.737919842369e-15
1919,0,0,1919,2.4917325754552e-11,9.8971533920221e-06,-4.8101765513694e-13,6.7280823783162e-15
1920,0,0,1920,2.4910607496729e-11,9.8998085103199e-06,-4.8057641189718e-13,6.718257822866e-15
1921,0,0,1921,2.4903899050582e-11,9.9024611907397e-06,-4.8013515599254e-13,6.708446147626e-15
1922,0,0,1922,2.4897200403257e-11,9.9051114332118e-06,-4.7969388745153e-13,6.6986473243009e-15
1923,0,0,1923,2.4890511541933e-11,9.9077592376665e-06,-4.7925260630238e-13,6.6888613246373e-15
1924,0,0,1924,2.4883832453812e-11,9.9104046040343e-06,-4.7881131257267e-13,6.6790881204723e-15
1925,0,0,1925,2.4877163126129e-11,9.9130475322459e-06,-4.7837000629092e-13,6.6693276837076e-15
1926,0,0,1926,2.4870503546142e-11,9.915688022232e-06,-4.7792868748442e-13,6.6595799863062e-15
1927,0,0,1927,2.4863853701142e-11,9.9183260739236e-06,-4.7748735618077e-13,6.6498450003056e-15
1928,0,0,1928,2.4857213578444e-11,9.9209616872518e-06,-4.7704601240849e-13,6.6401226978046e-15
1929,0,0,1929,2.4850583165393e-11,9.9235948621479e-06,-4.7660465619454e-13,6.6304130509893e-15
1930,0,0,1930,2.4843962449361e-11,9.9262255985433e-06,-4.7616328756655e-13,6.6207160320845e-15
1931,0,0,1931,2.4837351417748e-11,9.9288538963696e-06,-4.7572190655209e-13,6.6110316134119e-15
1932,0,0,1932,2.483075005798e-11,9.9314797555584e-06,-4.7528051317846e-13,6.6013597673385e-15
1933,0,0,1933,2.4824158357514e-11,9.9341031760417e-06,-4.7483910747356e-13,6.591700466309e-15
1934,0,0,1934,2.4817576303831e-11,9.9367241577514e-06,-4.7439768946407e-13,6.5820536828388e-15
1935,0,0,1935,2.4811003884442e-11,9.9393427006198e-06,-4.7395625917758e-13,6.5724193894987e-15
1936,0,0,1936,2.4804441086883e-11,9.9419588045792e-06,-4.7351481664078e-13,6.5627975589366e-15
1937,0,0,1937,2.4797887898719e-11,9.9445724695619e-06,-4.7307336188094e-13,6.5531881638654e-15
1938,0,0,1938,2.4791344307542e-11,9.9471836955008e-06,-4.7263189492598e-13,6.5435911770526e-15
1939,0,0,1939,2.478481030097e-11,9.9497924823284e-06,-4.7219041580135e-13,6.5340065713468e-15
1940,0,0,1940,2.4778285866651e-11,9.9523988299777e-06,-4.7174892453494e-13,6.524434319661e-15
1941,0,0,1941,2.4771770992256e-11,9.9550027383819e-06,-4.7130742115343e-13,6.5148743949632e-15
1942,0,0,1942,2.4765265665485e-11,9.9576042074741e-06,-4.7086590568319e-13,6.5053267702924e-15
1943,0,0,1943,2.4758769874067e-11,9.9602032371876e-06,-4.7042437815152e-13,6.4957914187589e-15
1944,0,0,1944,2.4752283605753e-11,9.962799827456e-06,-4.6998283858448e-13,6.4862683135309e-15
1945,0,0,1945,2.4745806848325e-11,9.965393978213e-06,-4.6954128700904e-13,6.4767574278415e-15
1946,0,0,1946,2.473933958959e-11,9.9679856893923e-06,-4.6909972345127e-13,6.4672587349947e-15
1947,0,0,1947,2.4732881817382e-11,9.9705749609279e-06,-4.6865814793816e-13,6.4577722083461e-15
1948,0,0,1948,2.4726433519561e-11,9.9731617927538e-06,-4.6821656049546e-13,6.4482978213356e-15
1949,0,0,1949,2.4719994684013e-11,9.9757461848044e-06,-4.6777496115047e-13,6.4388355474513e-15
1950,0,0,1950,2.4713565298653e-11,9.9783281370139e-06,-4.6733334992801e-13,6.4293853602429e-15
1951,0,0,1951,2.470714535142e-11,9.980907649317e-06,-4.6689172685568e-13,6.4199472333376e-15
1952,0,0,1952,2.4700734830279e-11,9.9834847216482e-06,-4.6645009195833e-13,6.4105211404206e-15
1953,0,0,1953,2.4694333723224e-11,9.9860593539425e-06,-4.6600844526293e-13,6.4011070552354e-15
1954,0,0,1954,2.4687942018272e-11,9.9886315461347e-06,-4.6556678679555e-13,6.3917049515901e-15
1955,0,0,1955,2.4681559703469e-11,9.9912012981601e-06,-4.6512511658102e-13,6.3823148033607e-15
1956,0,0,1956,2.4675186766885e-11,9.9937686099537e-06,-4.6468343464633e-13,6.3729365844845e-15
1957,0,0,1957,2.4668823196616e-11,9.996333481451e-06,-4.6424174101693e-13,6.3635702689538e-15
1958,0,0,1958,2.4662468980785e-11,9.9988959125876e-06,-4.6380003571826e-13,6.3542158308353e-15
1959,0,0,1959,2.4656124107541e-11,1.0001455903299e-05,-4.6335831877609e-13,6.3448732442471e-15
1960,0,0,1960,2.4649788565057e-11,1.0004013453521e-05,-4.6291659021678e-13,6.3355424833787e-15
1961,0,0,1961,2.4643462341535e-11,1.000656856319e-05,-4.6247485006486e-13,6.3262235224711e-15
1962,0,0,1962,2.4637145425199e-11,1.0009121232242e-05,-4.620330983464e-13,6.3169163358366e-15
1963,0,0,1963,2.4630837804301e-11,1.0011671460612e-05,-4.6159133508655e-13,6.3076208978422e-15
1964,0,0,1964,2.4624539467118e-11,1.0014219248238e-05,-4.6114956031104e-13,6.2983371829163e-15
1965,0,0,1965,2.4618250401953e-11,1.0016764595056e-05,-4.6070777404473e-13,6.2890651655554e-15
1966,0,0,1966,2.4611970597132e-11,1.0019307501003e-05,-4.6026597631307e-13,6.2798048203075e-15
1967,0,0,1967,2.460570004101e-11,1.0021847966015e-05,-4.5982416714119e-13,6.2705561217917e-15
1968,0,0,1968,2.4599438721966e-11,1.0024385990029e-05,-4.5938234655486e-13,6.2613190446724e-15
1969,0,0,1969,2.4593186628402e-11,1.0026921572982e-05,-4.5894051457798e-13,6.2520935636914e-15
1970,0,0,1970,2.4586943748748e-11,1.0029454714812e-05,-4.5849867123632e-13,6.2428796536392e-15
1971,0,0,1971,2.4580710071459e-11,1.0031985415456e-05,-4.5805681655472e-13,6.2336772893675e-15
1972,0,0,1972,2.4574485585013e-11,1.0034513674852e-05,-4.57614950558e-13,6.2244864457928e-15
1973,0,0,1973,2.4568270277915e-11,1.0037039492936e-05,-4.5717307327101e-13,6.2153070978895e-15
1974,0,0,1974,2.4562064138695e-11,1.0039562869647e-05,-4.5673118471828e-13,6.2061392206872e-15
1975,0,0,1975,2.4555867155905e-11,1.0042083804923e-05,-4.5628928492495e-13,6.1969827892767e-15
1976,0,0,1976,2.4549679318127e-11,1.0044602298701e-05,-4.5584737391555e-13,6.1878377788071e-15
1977,0,0,1977,2.4543500613962e-11,1.0047118350921e-05,-4.5540545171461e-13,6.1787041644953e-15
1978,0,0,1978,2.4537331032041e-11,1.0049631961519e-05,-4.5496351834635e-13,6.1695819216033e-15
1979,0,0,1979,2.4531170561015e-11,1.0052143130436e-05,-4.5452157383592e-13,6.1604710254548e-15
1980,0,0,1980,2.4525019189564e-11,1.0054651857608e-05,-4.5407961820693e-13,6.1513714514411e-15
1981,0,0,1981,2.4518876906389e-11,1.0057158142975e-05,-4.5363765148421e-13,6.1422831750053e-15
1982,0,0,1982,2.4512743700217e-11,1.0059661986476e-05,-4.5319567369229e-13,6.1332061716389e-15
1983,0,0,1983,2.45066195598e-11,1.006216338805e-05,-4.527536848551e-13,6.124140416911e-15
1984,0,0,1984,2.4500504473914e-11,1.0064662347636e-05,-4.5231168499654e-13,6.1150858864327e-15
1985,0,0,1985,2.4494398431358e-11,1.0067158865173e-05,-4.5186967414115e-13,6.1060425558798e-15
1986,0,0,1986,2.4488301420957e-11,1.00696529406e-05,-4.5142765231316e-13,6.0970104009763e-15
1987,0,0,1987,2.4482213431559e-11,1.0072144573857e-05,-4.5098561953585e-13,6.0879893975209e-15
1988,0,0,1988,2.4476134452038e-11,1.0074633764884e-05,-4.5054357583408e-13,6.0789795213475e-15
1989,0,0,1989,2.447006447129e-11,1.007712051362e-05,-4.5010152123115e-13,6.0699807483679e-15
1990,0,0,1990,2.4464003478235e-11,1.0079604820005e-05,-4.4965945575096e-13,6.060993054529e-15
1991,0,0,1991,2.4457951461819e-11,1.008208668398e-05,-4.4921737941775e-13,6.0520164158556e-15
1992,0,0,1992,2.4451908411011e-11,1.0084566105484e-05,-4.4877529225421e-13,6.0430508084111e-15
1993,0,0,1993,2.4445874314802e-11,1.0087043084458e-05,-4.4833319428547e-13,6.0340962083237e-15
1994,0,0,1994,2.4439849162211e-11,1.0089517620842e-05,-4.4789108553393e-13,6.0251525917796e-15
1995,0,0,1995,2.4433832942276e-11,1.0091989714577e-05,-4.4744896602381e-13,6.0162199350134e-15
1996,0,0,1996,2.4427825644061e-11,1.0094459365603e-05,-4.470068357784e-13,6.0072982143149e-15
1997,0,0,1997,2.4421827256655e-11,1.0096926573862e-05,-4.4656469482071e-13,5.9983874060448e-15
1998,0,0,1998,2.4415837769169e-11,1.0099391339294e-05,-4.4612254317527e-13,5.9894874865928e-15
1999,0,0,1999,2.4409857170736e-11,1.010185366184e-05,-4.4568038086446e-13,5.9805984324296e-15
2000,0,0,2000,2.4403885450516e-11,1.0104313541442e-05,-4.4523820791158e-13,5.9717202200613e-15
2001,0,0,2001,2.439792259769e-11,1.010677097804e-05,-4.4479602434055e-13,5.9628528260651e-15
2002,0,0,2002,2.4391968601463e-11,1.0109225971577e-05,-4.4435383017406e-13,5.953996227057e-15
2003,0,0,2003,2.4386023451063e-11,1.0111678521994e-05,-4.4391162543481e-13,5.9451503997209e-15
2004,0,0,2004,2.4380087135743e-11,1.0114128629232e-05,-4.4346941014701e-13,5.9363153207794e-15
2005,0,0,2005,2.4374159644776e-11,1.0116576293234e-05,-4.4302718433243e-13,5.9274909670261e-15
2006,0,0,2006,2.436824096746e-11,1.0119021513942e-05,-4.42584948015e-13,5.9186773153e-15
2007,0,0,2007,2.4362331093118e-11,1.0121464291296e-05,-4.421427012174e-13,5.9098743424951e-15
2008,0,0,2008,2.4356430011092e-11,1.0123904625241e-05,-4.4170044396171e-13,5.9010820255535e-15
2009,0,0,2009,2.4350537710751e-11,1.0126342515717e-05,-4.4125817627215e-13,5.8923003414824e-15
2010,0,0,2010,2.4344654181483e-11,1.0128777962669e-05,-4.4081589816989e-13,5.8835292673307e-15
2011,0,0,2011,2.4338779412703e-11,1.0131210966037e-05,-4.4037360967882e-13,5.8747687802054e-15
2012,0,0,2012,2.4332913393846e-11,1.0133641525765e-05,-4.3993131082105e-13,5.8660188572687e-15
2013,0,0,2013,2.432705611437e-11,1.0136069641796e-05,-4.3948900161955e-13,5.8572794757311e-15
2014,0,0,2014,2.4321207563757e-11,1.0138495314073e-05,-4.3904668209611e-13,5.8485506128613e-15
2015,0,0,2015,2.4315367731511e-11,1.0140918542539e-05,-4.3860435227402e-13,5.8398322459699e-15
2016,0,0,2016,2.4309536607159e-11,1.0143339327136e-05,-4.3816201217505e-13,5.8311243524355e-15
2017,0,0,2017,2.4303714180249e-11,1.014575766781e-05,-4.3771966182252e-13,5.8224269096723e-15
2018,0,0,2018,2.4297900440354e-11,1.0148173564501e-05,-4.3727730123726e-13,5.8137398951589e-15
2019,0,0,2019,2.4292095377068e-11,1.0150587017156e-05,-4.3683493044321e-13,5.805063286416e-15
2020,0,0,2020,2.4286298980007e-11,1.0152998025716e-05,-4.363925494615e-13,5.7963970610291e-15
2021,0,0,2021,2.428051123881e-11,1.0155406590127e-05,-4.3595015831453e-13,5.7877411966189e-15
2022,0,0,2022,2.4274732143139e-11,1.0157812710332e-05,-4.3550775702469e-13,5.779095670871e-15
2023,0,0,2023,2.4268961682678e-11,1.0160216386274e-05,-4.3506534561373e-13,5.7704604615129e-15
2024,0,0,2024,2.4263199847131e-11,1.0162617617899e-05,-4.3462292410374e-13,5.7618355463303e-15
2025,0,0,2025,2.4257446626228e-11,1.016501640515e-05,-4.341804925168e-13,5.7532209031573e-15
2026,0,0,2026,2.4251702009718e-11,1.0167412747973e-05,-4.3373805087468e-13,5.7446165098701e-15
2027,0,0,2027,2.4245965987374e-11,1.0169806646311e-05,-4.3329559919975e-13,5.7360223444191e-15
2028,0,0,2028,2.4240238548989e-11,1.017219810011e-05,-4.3285313751287e-13,5.727438384771e-15
2029,0,0,2029,2.423451968438e-11,1.0174587109313e-05,-4.3241066583674e-13,5.7188646089732e-15
2030,0,0,2030,2.4228809383385e-11,1.0176973673867e-05,-4.319681841925e-13,5.7103009951118e-15
2031,0,0,2031,2.4223107635864e-11,1.0179357793715e-05,-4.3152569260163e-13,5.7017475213118e-15
2032,0,0,2032,2.4217414431698e-11,1.0181739468804e-05,-4.310831910868e-13,5.6932041657724e-15
2033,0,0,2033,2.4211729760791e-11,1.0184118699078e-05,-4.3064067966857e-13,5.6846709067189e-15
2034,0,0,2034,2.4206053613069e-11,1.0186495484484e-05,-4.3019815836871e-13,5.6761477224376e-15
2035,0,0,2035,2.4200385978477e-11,1.0188869824966e-05,-4.2975562720899e-13,5.6676345912668e-15
2036,0,0,2036,2.4194726846986e-11,1.019124172047e-05,-4.2931308621025e-13,5.6591314915867e-15
2037,0,0,2037,2.4189076208584e-11,1.0193611170941e-05,-4.2887053539427e-13,5.6506384018293e-15
2038,0,0,2038,2.4183434053284e-11,1.0195978176327e-05,-4.284279747822e-13,5.642155300478e-15
2039,0,0,2039,2.4177800371118e-11,1.0198342736572e-05,-4.2798540439582e-13,5.6336821660587e-15
2040,0,0,2040,2.417217515214e-11,1.0200704851623e-05,-4.2754282425567e-13,5.6252189771581e-15
2041,0,0,2041,2.4166558386428e-11,1.0203064521427e-05,-4.2710023438291e-13,5.6167657123925e-15
2042,0,0,2042,2.4160950064078e-11,1.0205421745928e-05,-4.266576347993e-13,5.6083223504523e-15
2043,0,0,2043,2.4155350175207e-11,1.0207776525075e-05,-4.262150255257e-13,5.5998888700504e-15
2044,0,0,2044,2.4149758709958e-11,1.0210128858813e-05,-4.2577240658234e-13,5.5914652499581e-15
2045,0,0,2045,2.4144175658489e-11,1.0212478747089e-05,-4.2532977799162e-13,5.5830514690047e-15
2046,0,0,2046,2.4138601010982e-11,1.021482618985e-05,-4.2488713977314e-13,5.5746475060486e-15
2047,0,0,2047,2.4133034757642e-11,1.0217171187043e-05,-4.2444449194869e-13,5.5662533400129e-15
2048,0,0,2048,2.4127476888693e-11,1.0219513738615e-05,-4.240018345385e-13,5.5578689498562e-15
2049,0,0,2049,2.4121927394378e-11,1.0221853844513e-05,-4.2355916756373e-13,5.5494943145888e-15
2050,0,0,2050,2.4116386264965e-11,1.0224191504685e-05,-4.2311649104522e-13,5.5411294132726e-15
2051,0,0,2051,2.411085349074e-11,1.0226526719077e-05,-4.2267380500322e-13,5.5327742250084e-15
2052,0,0,2052,2.4105329062011e-11,1.0228859487638e-05,-4.2223110945858e-13,5.5244287289487e-15
2053,0,0,2053,2.4099812969106e-11,1.0231189810314e-05,-4.2178840443214e-13,5.5160929042912e-15
2054,0,0,2054,2.4094305202376e-11,1.0233517687054e-05,-4.2134568994414e-13,5.5077667302885e-15
2055,0,0,2055,2.408880575219e-11,1.0235843117806e-05,-4.2090296601514e-13,5.4994501862223e-15
2056,0,0,2056,2.4083314608939e-11,1.0238166102517e-05,-4.2046023266597e-13,5.4911432514357e-15
2057,0,0,2057,2.4077831763033e-11,1.0240486641135e-05,-4.2001748991626e-13,5.4828459053139e-15
2058,0,0,2058,2.4072357204906e-11,1.0242804733609e-05,-4.1957473778749e-13,5.4745581272872e-15
2059,0,0,2059,2.4066890925009e-11,1.0245120379887e-05,-4.1913197629864e-13,5.4662798968311e-15
2060,0,0,2060,2.4061432913816e-11,1.0247433579917e-05,-4.1868920547151e-13,5.4580111934698e-15
2061,0,0,2061,2.4055983161819e-11,1.0249744333648e-05,-4.1824642532478e-13,5.4497519967692e-15
2062,0,0,2062,2.4050541659533e-11,1.0252052641029e-05,-4.1780363587994e-13,5.4415022863503e-15
2063,0,0,2063,2.4045108397491e-11,1.0254358502007e-05,-4.1736083715597e-13,5.4332620418601e-15
2064,0,0,2064,2.4039683366248e-11,1.0256661916533e-05,-4.1691802917436e-13,5.4250312430131e-15
2065,0,0,2065,2.4034266556378e-11,1.0258962884555e-05,-4.164752119535e-13,5.4168098695596e-15
2066,0,0,2066,2.4028857958477e-11,1.0261261406022e-05,-4.1603238551515e-13,5.4085979012886e-15
2067,0,0,2067,2.4023457563159e-11,1.0263557480883e-05,-4.1558954987772e-13,5.4003953180473e-15
2068,0,0,2068,2.4018065361059e-11,1.0265851109088e-05,-4.1514670506205e-13,5.3922020997086e-15
2069,0,0,2069,2.4012681342833e-11,1.0268142290586e-05,-4.1470385108778e-13,5.3840182262168e-15
2070,0,0,2070,2.4007305499155e-11,1.0270431025326e-05,-4.1426098797452e-13,5.3758436775384e-15
2071,0,0,2071,2.4001937820722e-11,1.0272717313258e-05,-4.1381811574251e-13,5.3676784336888e-15
2072,0,0,2072,2.3996578298247e-11,1.0275001154332e-05,-4.1337523441107e-13,5.3595224747347e-15
2073,0,0,2073,2.3991226922466e-11,1.0277282548498e-05,-4.1293234400013e-13,5.3513757807819e-15
2074,0,0,2074,2.3985883684134e-11,1.0279561495705e-05,-4.1248944452901e-13,5.3432383319845e-15
2075,0,0,2075,2.3980548574026e-11,1.0281837995904e-05,-4.1204653601763e-13,5.3351101085353e-15
2076,0,0,2076,2.3975221582935e-11,1.0284112049045e-05,-4.1160361848563e-13,5.326991090666e-15
2077,0,0,2077,2.3969902701676e-11,1.0286383655078e-05,-4.1116069195262e-13,5.3188812586698e-15
2078,0,0,2078,2.3964591921083e-11,1.0288652813953e-05,-4.1071775643731e-13,5.3107805928623e-15
2079,0,0,2079,2.395928923201e-11,1.0290919525622e-05,-4.1027481195994e-13,5.3026890736238e-15
2080,0,0,2080,2.3953994625328e-11,1.0293183790033e-05,-4.0983185853922e-13,5.294606681354e-15
2081,0,0,2081,2.3948708091932e-11,1.0295445607139e-05,-4.0938889619567e-13,5.2865333965204e-15
2082,0,0,2082,2.3943429622732e-11,1.0297704976891e-05,-4.089459249471e-13,5.2784691996101e-15
2083,0,0,2083,2.3938159208661e-11,1.0299961899238e-05,-4.0850294481373e-13,5.2704140711713e-15
2084,0,0,2084,2.3932896840669e-11,1.0302216374132e-05,-4.0805995581459e-13,5.2623679917879e-15
2085,0,0,2085,2.3927642509727e-11,1.0304468401524e-05,-4.0761695796867e-13,5.2543309420825e-15
2086,0,0,2086,2.3922396206824e-11,1.0306717981365e-05,-4.0717395129529e-13,5.2463029027295e-15
2087,0,0,2087,2.391715792297e-11,1.0308965113607e-05,-4.0673093581348e-13,5.2382838544324e-15
2088,0,0,2088,2.3911927649192e-11,1.0311209798201e-05,-4.0628791154192e-13,5.2302737779559e-15
2089,0,0,2089,2.3906705376538e-11,1.0313452035099e-05,-4.0584487850056e-13,5.2222726540875e-15
2090,0,0,2090,2.3901491096074e-11,1.0315691824252e-05,-4.0540183670748e-13,5.2142804636695e-15
2091,0,0,2091,2.3896284798887e-11,1.0317929165612e-05,-4.0495878618169e-13,5.2062971875766e-15
2092,0,0,2092,2.389108647608e-11,1.0320164059131e-05,-4.0451572694283e-13,5.1983228067353e-15
2093,0,0,2093,2.3885896118778e-11,1.0322396504761e-05,-4.0407265900866e-13,5.1903573021074e-15
2094,0,0,2094,2.3880713718123e-11,1.0324626502454e-05,-4.0362958239851e-13,5.1824006546969e-15
2095,0,0,2095,2.3875539265278e-11,1.0326854052162e-05,-4.0318649713139e-13,5.1744528455496e-15
2096,0,0,2096,2.3870372751422e-11,1.0329079153837e-05,-4.027434032257e-13,5.1665138557535e-15
2097,0,0,2097,2.3865214167755e-11,1.0331301807432e-05,-4.0230030069984e-13,5.1585836664354e-15
2098,0,0,2098,2.3860063505497e-11,1.0333522012899e-05,-4.0185718957312e-13,5.1506622587672e-15
2099,0,0,2099,2.3854920755883e-11,1.0335739770192e-05,-4.0141406986363e-13,5.1427496139596e-15
2100,0,0,2100,2.3849785910169e-11,1.0337955079261e-05,-4.0097094158977e-13,5.1348457132621e-15
2101,0,0,2101,2.3844658959632e-11,1.0340167940061e-05,-4.0052780477087e-13,5.1269505379661e-15
2102,0,0,2102,2.3839539895562e-11,1.0342378352544e-05,-4.0008465942438e-13,5.1190640694053e-15
2103,0,0,2103,2.3834428709273e-11,1.0344586316663e-05,-3.9964150556965e-13,5.1111862889551e-15
2104,0,0,2104,2.3829325392095e-11,1.0346791832372e-05,-3.9919834322413e-13,5.1033171780201e-15
2105,0,0,2105,2.3824229935377e-11,1.0348994899622e-05,-3.9875517240715e-13,5.0954567180631e-15
2106,0,0,2106,2.3819142330487e-11,1.0351195518369e-05,-3.9831199313619e-13,5.0876048905759e-15
2107,0,0,2107,2.3814062568809e-11,1.0353393688565e-05,-3.9786880542995e-13,5.0797616770891e-15
2108,0,0,2108,2.380899064175e-11,1.0355589410163e-05,-3.9742560930652e-13,5.071927059172e-15
2109,0,0,2109,2.3803926540732e-11,1.0357782683118e-05,-3.96982404784e-13,5.0641010184491e-15
2110,0,0,2110,2.3798870257195e-11,1.0359973507382e-05,-3.9653919188108e-13,5.056283536564e-15
2111,0,0,2111,2.37938217826e-11,1.0362161882911e-05,-3.9609597061494e-13,5.048474595212e-15
2112,0,0,2112,2.3788781108424e-11,1.0364347809656e-05,-3.9565274100459e-13,5.040674176121e-15
2113,0,0,2113,2.3783748226163e-11,1.0366531287574e-05,-3.952095030675e-13,5.0328822610703e-15
2114,0,0,2114,2.3778723127331e-11,1.0368712316617e-05,-3.9476625682146e-13,5.0250988318619e-15
2115,0,0,2115,2.3773705803461e-11,1.037089089674e-05,-3.9432300228518e-13,5.0173238703496e-15
2116,0,0,2116,2.3768696246102e-11,1.0373067027898e-05,-3.9387973947614e-13,5.0095573584161e-15
2117,0,0,2117,2.3763694446824e-11,1.0375240710044e-05,-3.934364684118e-13,5.001799277996e-15
2118,0,0,2118,2.3758700397213e-11,1.0377411943133e-05,-3.9299318911087e-13,4.9940496110465e-15
2119,0,0,2119,2.3753714088874e-11,1.0379580727119e-05,-3.9254990159054e-13,4.9863083395794e-15
2120,0,0,2120,2.3748735513428e-11,1.0381747061958e-05,-3.9210660586857e-13,4.9785754456297e-15
2121,0,0,2121,2.3743764662517e-11,1.0383910947604e-05,-3.9166330196306e-13,4.9708509112834e-15
2122,0,0,2122,2.3738801527798e-11,1.0386072384013e-05,-3.9121998989118e-13,4.9631347186628e-15
2123,0,0,2123,2.3733846100948e-11,1.0388231371138e-05,-3.9077666967103e-13,4.9554268499186e-15
2124,0,0,2124,2.3728898373661e-11,1.0390387908935e-05,-3.9033334132008e-13,4.9477272872471e-15
2125,0,0,2125,2.3723958337648e-11,1.039254199736e-05,-3.898900048558e-13,4.9400360128866e-15
2126,0,0,2126,2.3719025984639e-11,1.0394693636367e-05,-3.8944666029568e-13,4.9323530091076e-15
2127,0,0,2127,2.3714101306381e-11,1.0396842825912e-05,-3.8900330765719e-13,4.9246782582097e-15
2128,0,0,2128,2.3709184294638e-11,1.0398989565951e-05,-3.8855994695843e-13,4.917011742554e-15
2129,0,0,2129,2.3704274941194e-11,1.0401133856438e-05,-3.8811657821564e-13,4.9093534445144e-15
2130,0,0,2130,2.3699373237847e-11,1.040327569733e-05,-3.8767320144723e-13,4.9017033465133e-15
2131,0,0,2131,2.3694479176416e-11,1.0405415088582e-05,-3.8722981666975e-13,4.8940614310152e-15
2132,0,0,2132,2.3689592748736e-11,1.0407552030151e-05,-3.8678642390159e-13,4.886427680507e-15
2133,0,0,2133,2.3684713946658e-11,1.0409686521991e-05,-3.8634302315871e-13,4.878802077534e-15
2134,0,0,2134,2.3679842762053e-11,1.041181856406e-05,-3.8589961445919e-13,4.8711846046575e-15
2135,0,0,2135,2.3674979186809e-11,1.0413948156313e-05,-3.8545619782021e-13,4.8635752444808e-15
2136,0,0,2136,2.3670123212829e-11,1.0416075298707e-05,-3.8501277325832e-13,4.8559739796559e-15
2137,0,0,2137,2.3665274832036e-11,1.0418199991198e-05,-3.84569340791e-13,4.8483807928603e-15
2138,0,0,2138,2.366043403637e-11,1.0420322233742e-05,-3.8412590043573e-13,4.8407956668106e-15
2139,0,0,2139,2.3655600817785e-11,1.0422442026295e-05,-3.8368245220937e-13,4.8332185842587e-15
2140,0,0,2140,2.3650775168257e-11,1.0424559368815e-05,-3.8323899612817e-13,4.8256495279921e-15
2141,0,0,2141,2.3645957079776e-11,1.0426674261258e-05,-3.8279553220993e-13,4.8180884808436e-15
2142,0,0,2142,2.3641146544351e-11,1.0428786703581e-05,-3.8235206047118e-13,4.8105354256687e-15
2143,0,0,2143,2.3636343554005e-11,1.0430896695741e-05,-3.8190858092942e-13,4.8029903453711e-15
2144,0,0,2144,2.3631548100783e-11,1.0433004237695e-05,-3.8146509360059e-13,4.7954532228741e-15
2145,0,0,2145,2.3626760176741e-11,1.0435109329399e-05,-3.8102159850248e-13,4.7879240411592e-15
2146,0,0,2146,2.3621979773958e-11,1.0437211970812e-05,-3.8057809565132e-13,4.7804027832206e-15
2147,0,0,2147,2.3617206884526e-11,1.0439312161889e-05,-3.8013458506369e-13,4.772889432114e-15
2148,0,0,2148,2.3612441500555e-11,1.044140990259e-05,-3.7969106675674e-13,4.7653839708985e-15
2149,0,0,2149,2.3607683614172e-11,1.044350519287e-05,-3.7924754074705e-13,4.7578863826976e-15
2150,0,0,2150,2.3602933217522e-11,1.0445598032688e-05,-3.7880400705117e-13,4.7503966506574e-15
2151,0,0,2151,2.3598190302764e-11,1.0447688422001e-05,-3.7836046568596e-13,4.7429147579534e-15
2152,0,0,2152,2.3593454862076e-11,1.0449776360767e-05,-3.7791691666767e-13,4.7354406878091e-15
2153,0,0,2153,2.3588726887653e-11,1.0451861848944e-05,-3.7747336001317e-13,4.727974423471e-15
2154,0,0,2154,2.3584006371704e-11,1.045394488649e-05,-3.770297957384e-13,4.7205159482372e-15
2155,0,0,2155,2.3579293306459e-11,1.0456025473362e-05,-3.7658622386085e-13,4.7130652454185e-15
2156,0,0,2156,2.3574587684161e-11,1.0458103609519e-05,-3.7614264439583e-13,4.7056222983778e-15
2157,0,0,2157,2.356988949707e-11,1.0460179294919e-05,-3.7569905736053e-13,4.6981870905035e-15
2158,0,0,2158,2.3565198737465e-11,1.046225252952e-05,-3.7525546277119e-13,4.6907596052197e-15
2159,0,0,2159,2.3560515397639e-11,1.046432331328e-05,-3.7481186064376e-13,4.6833398259925e-15
2160,0,0,2160,2.3555839469902e-11,1.0466391646158e-05,-3.743682509951e-13,4.6759277363139e-15
2161,0,0,2161,2.3551170946583e-11,1.0468457528113e-05,-3.7392463384085e-13,4.6685233197112e-15
2162,0,0,2162,2.3546509820023e-11,1.0470520959103e-05,-3.7348100919788e-13,4.6611265597443e-15
2163,0,0,2163,2.3541856082583e-11,1.0472581939087e-05,-3.7303737708181e-13,4.6537374400182e-15
2164,0,0,2164,2.3537209726639e-11,1.0474640468024e-05,-3.7259373750953e-13,4.6463559441573e-15
2165,0,0,2165,2.3532570744583e-11,1.0476696545872e-05,-3.7215009049666e-13,4.6389820558249e-15
2166,0,0,2166,2.3527939128824e-11,1.047875017259e-05,-3.7170643605916e-13,4.631615758726e-15
2167,0,0,2167,2.3523314871788e-11,1.0480801348139e-05,-3.7126277421357e-13,4.6242570365852e-15
2168,0,0,2168,2.3518697965915e-11,1.0482850072475e-05,-3.7081910497553e-13,4.6169058731724e-15
2169,0,0,2169,2.3514088403662e-11,1.048489634556e-05,-3.703754283613e-13,4.6095622522833e-15
2170,0,0,2170,2.3509486177504e-11,1.0486940167352e-05,-3.6993174438683e-13,4.6022261577555e-15
2171,0,0,2171,2.3504891279931e-11,1.0488981537811e-05,-3.6948805306774e-13,4.594897573446e-15
2172,0,0,2172,2.3500303703448e-11,1.0491020456897e-05,-3.6904435442029e-13,4.5875764832603e-15
2173,0,0,2173,2.3495723440577e-11,1.0493056924568e-05,-3.6860064846043e-13,4.5802628711235e-15
2174,0,0,2174,2.3491150483856e-11,1.0495090940784e-05,-3.6815693520348e-13,4.5729567210088e-15
2175,0,0,2175,2.3486584825839e-11,1.0497122505506e-05,-3.6771321466601e-13,4.5656580169058e-15
2176,0,0,2176,2.3482026459096e-11,1.0499151618693e-05,-3.6726948686273e-13,4.558366742846e-15
2177,0,0,2177,2.3477475376213e-11,1.0501178280305e-05,-3.668257518102e-13,4.5510828828966e-15
2178,0,0,2178,2.3472931569792e-11,1.0503202490303e-05,-3.6638200952436e-13,4.5438064211439e-15
2179,0,0,2179,2.346839503245e-11,1.0505224248645e-05,-3.6593826001963e-13,4.5365373417261e-15
2180,0,0,2180,2.3463865756821e-11,1.0507243555294e-05,-3.6549450331318e-13,4.5292756287976e-15
2181,0,0,2181,2.3459343735555e-11,1.0509260410208e-05,-3.6505073941972e-13,4.5220212665482e-15
2182,0,0,2182,2.3454828961316e-11,1.0511274813348e-05,-3.6460696835459e-13,4.5147742392098e-15
2183,0,0,2183,2.3450321426785e-11,1.0513286764674e-05,-3.6416319013403e-13,4.5075345310304e-15
2184,0,0,2184,2.3445821124658e-11,1.0515296264148e-05,-3.6371940477339e-13,4.5003021263098e-15
2185,0,0,2185,2.3441328047649e-11,1.051730331173e-05,-3.6327561228798e-13,4.4930770093573e-15
2186,0,0,2186,2.3436842188484e-11,1.051930790738e-05,-3.6283181269315e-13,4.4858591645341e-15
2187,0,0,2187,2.3432363539908e-11,1.052131005106e-05,-3.6238800600452e-13,4.4786485762174e-15
2188,0,0,2188,2.3427892094679e-11,1.052330974273e-05,-3.6194419223744e-13,4.4714452288298e-15
2189,0,0,2189,2.3423427845572e-11,1.0525306982351e-05,-3.6150037140722e-13,4.4642491068132e-15
2190,0,0,2190,2.3418970785378e-11,1.0527301769884e-05,-3.6105654352921e-13,4.4570601946481e-15
2191,0,0,2191,2.3414520906901e-11,1.0529294105291e-05,-3.6061270861874e-13,4.4498784768477e-15
2192,0,0,2192,2.3410078202963e-11,1.0531283988532e-05,-3.6016886669051e-13,4.4427039379507e-15
2193,0,0,2193,2.3405642666401e-11,1.0533271419569e-05,-3.597250177611e-13,4.4355365625315e-15
2194,0,0,2194,2.3401214290065e-11,1.0535256398364e-05,-3.5928116184429e-13,4.4283763351904e-15
2195,0,0,2195,2.3396793066825e-11,1.0537238924878e-05,-3.5883729895604e-13,4.4212232405695e-15
2196,0,0,2196,2.3392378989561e-11,1.0539218999072e-05,-3.5839342911106e-13,4.414077263324e-15
2197,0,0,2197,2.3387972051173e-11,1.0541196620908e-05,-3.5794955232468e-13,4.406938388164e-15
2198,0,0,2198,2.3383572244573e-11,1.0543171790348e-05,-3.5750566861193e-13,4.3998065998028e-15
2199,0,0,2199,2.337917956269e-11,1.0545144507353e-05,-3.5706177798813e-13,4.3926818830087e-15
2200,0,0,2200,2.3374793998468e-11,1.0547114771886e-05,-3.5661788046802e-13,4.3855642225693e-15
2201,0,0,2201,2.3370415544865e-11,1.0549082583908e-05,-3.5617397606629e-13,4.3784536033013e-15
2202,0,0,2202,2.3366044194855e-11,1.0551047943382e-05,-3.557300647983e-13,4.3713500100537e-15
2203,0,0,2203,2.3361679941427e-11,1.055301085027e-05,-3.5528614667874e-13,4.3642534277078e-15
2204,0,0,2204,2.3357322777586e-11,1.0554971304534e-05,-3.5484222172296e-13,4.3571638411742e-15
2205,0,0,2205,2.335297269635e-11,1.0556929306136e-05,-3.5439828994537e-13,4.3500812353922e-15
2206,0,0,2206,2.3348629690755e-11,1.0558884855038e-05,-3.5395435136068e-13,4.3430055953369e-15
2207,0,0,2207,2.3344293753849e-11,1.0560837951204e-05,-3.5351040598392e-13,4.3359369059995e-15
2208,0,0,2208,2.3339964878696e-11,1.0562788594595e-05,-3.5306645383012e-13,4.3288751524197e-15
2209,0,0,2209,2.3335643058377e-11,1.0564736785175e-05,-3.5262249491368e-13,4.3218203196501e-15
2210,0,0,2210,2.3331328285984e-11,1.0566682522906e-05,-3.5217852924932e-13,4.3147723927884e-15
2211,0,0,2211,2.3327020554627e-11,1.056862580775e-05,-3.5173455685207e-13,4.3077313569487e-15
2212,0,0,2212,2.332271985743e-11,1.0570566639671e-05,-3.5129057773573e-13,4.3006971972773e-15
2213,0,0,2213,2.3318426187531e-11,1.0572505018632e-05,-3.5084659191593e-13,4.2936698989624e-15
2214,0,0,2214,2.3314139538084e-11,1.0574440944596e-05,-3.5040259940647e-13,4.2866494472053e-15
2215,0,0,2215,2.3309859902256e-11,1.0576374417525e-05,-3.4995860022269e-13,4.2796358272427e-15
2216,0,0,2216,2.3305587273232e-11,1.0578305437384e-05,-3.4951459437868e-13,4.2726290243406e-15
2217,0,0,2217,2.3301321644208e-11,1.0580234004134e-05,-3.4907058188856e-13,4.2656290238001e-15
2218,0,0,2218,2.3297063008397e-11,1.0582160117741e-05,-3.4862656276765e-13,4.2586358109455e-15
2219,0,0,2219,2.3292811359026e-11,1.0584083778166e-05,-3.4818253702976e-13,4.25164937112e-15
2220,0,0,2220,2.3288566689336e-11,1.0586004985375e-05,-3.4773850468929e-13,4.2446696897188e-15
2221,0,0,2221,2.3284328992584e-11,1.0587923739329e-05,-3.4729446576127e-13,4.2376967521467e-15
2222,0,0,2222,2.3280098262041e-11,1.0589840039993e-05,-3.4685042025949e-13,4.2307305438472e-15
2223,0,0,2223,2.327587449099e-11,1.0591753887332e-05,-3.4640636819807e-13,4.2237710502864e-15
2224,0,0,2224,2.3271657672733e-11,1.0593665281307e-05,-3.4596230959232e-13,4.2168182569597e-15
2225,0,0,2225,2.3267447800584e-11,1.0595574221884e-05,-3.4551824445545e-13,4.2098721494011e-15
2226,0,0,2226,2.3263244867871e-11,1.0597480709027e-05,-3.4507417280185e-13,4.2029327131543e-15
2227,0,0,2227,2.3259048867937e-11,1.0599384742699e-05,-3.4463009464687e-13,4.1959999338082e-15
2228,0,0,2228,2.325485979414e-11,1.0601286322865e-05,-3.4418601000307e-13,4.1890737969745e-15
2229,0,0,2229,2.3250677639852e-11,1.0603185449488e-05,-3.4374191888547e-13,4.1821542882906e-15
2230,0,0,2230,2.3246502398458e-11,1.0605082122534e-05,-3.432978213085e-13,4.1752413934198e-15
2231,0,0,2231,2.324233406336e-11,1.0606976341967e-05,-3.4285371728532e-13,4.168335098064e-15
2232,0,0,2232,2.3238172627972e-11,1.060886810775e-05,-3.4240960683128e-13,4.1614353879416e-15
2233,0,0,2233,2.3234018085723e-11,1.061075741985e-05,-3.4196548995926e-13,4.154542248803e-15
2234,0,0,2234,2.3229870430057e-11,1.0612644278229e-05,-3.4152136668365e-13,4.1476556664279e-15
2235,0,0,2235,2.322572965443e-11,1.0614528682854e-05,-3.4107723701858e-13,4.1407756266249e-15
2236,0,0,2236,2.3221595752315e-11,1.0616410633688e-05,-3.4063310097845e-13,4.1339021152286e-15
2237,0,0,2237,2.3217468717197e-11,1.0618290130696e-05,-3.4018895857613e-13,4.1270351180928e-15
2238,0,0,2238,2.3213348542576e-11,1.0620167173845e-05,-3.3974480982635e-13,4.1201746211136e-15
2239,0,0,2239,2.3209235221966e-11,1.0622041763097e-05,-3.393006547426e-13,4.1133206102094e-15
2240,0,0,2240,2.3205128748894e-11,1.062391389842e-05,-3.3885649333899e-13,4.1064730713117e-15
2241,0,0,2241,2.3201029116904e-11,1.0625783579777e-05,-3.3841232562961e-13,4.0996319904037e-15
2242,0,0,2242,2.3196936319551e-11,1.0627650807134e-05,-3.3796815162735e-13,4.0927973534815e-15
2243,0,0,2243,2.3192850350404e-11,1.0629515580456e-05,-3.3752397134692e-13,4.0859691465638e-15
2244,0,0,2244,2.3188771203048e-11,1.0631377899709e-05,-3.3707978480151e-13,4.079147355708e-15
2245,0,0,2245,2.3184698871081e-11,1.0633237764858e-05,-3.3663559200492e-13,4.072331966991e-15
2246,0,0,2246,2.3180633348115e-11,1.0635095175869e-05,-3.3619139297124e-13,4.0655229665221e-15
2247,0,0,2247,2.3176574627774e-11,1.0636950132707e-05,-3.3574718771368e-13,4.0587203404233e-15
2248,0,0,2248,2.3172522703699e-11,1.0638802635339e-05,-3.3530297624633e-13,4.0519240748717e-15
2249,0,0,2249,2.3168477569543e-11,1.0640652683729e-05,-3.3485875858207e-13,4.0451341560345e-15
2250,0,0,2250,2.3164439218973e-11,1.0642500277843e-05,-3.34414534735e-13,4.0383505701341e-15
2251,0,0,2251,2.316040764567e-11,1.0644345417648e-05,-3.3397030471893e-13,4.0315733034122e-15
2252,0,0,2252,2.3156382843328e-11,1.064618810311e-05,-3.3352606854703e-13,4.0248023421265e-15
2253,0,0,2253,2.3152364805655e-11,1.0648028334194e-05,-3.330818262325e-13,4.0180376725704e-15
2254,0,0,2254,2.3148353526374e-11,1.0649866110867e-05,-3.3263757778943e-13,4.0112792810664e-15
2255,0,0,2255,2.314434899922e-11,1.0651701433095e-05,-3.3219332323133e-13,4.004527153953e-15
2256,0,0,2256,2.3140351217943e-11,1.0653534300844e-05,-3.3174906257075e-13,3.9977812776044e-15
2257,0,0,2257,2.3136360176304e-11,1.065536471408e-05,-3.3130479582212e-13,3.9910416384109e-15
2258,0,0,2258,2.3132375868081e-11,1.0657192672771e-05,-3.308605229983e-13,3.9843082228015e-15
2259,0,0,2259,2.3128398287064e-11,1.0659018176882e-05,-3.304162441125e-13,3.9775810172215e-15
2260,0,0,2260,2.3124427427056e-11,1.066084122638e-05,-3.299719591788e-13,3.970860008142e-15
2261,0,0,2261,2.3120463281874e-11,1.0662661821232e-05,-3.2952766820917e-13,3.964145182063e-15
2262,0,0,2262,2.3116505845348e-11,1.0664479961405e-05,-3.2908337121833e-13,3.9574365255138e-15
2263,0,0,2263,2.3112555111323e-11,1.0666295646864e-05,-3.2863906821823e-13,3.9507340250431e-15
2264,0,0,2264,2.3108611073656e-11,1.0668108877578e-05,-3.281947592236e-13,3.9440376672254e-15
2265,0,0,2265,2.3104673726217e-11,1.0669919653513e-05,-3.2775044424608e-13,3.9373474386608e-15
2266,0,0,2266,2.3100743062891e-11,1.0671727974637e-05,-3.2730612330009e-13,3.9306633259822e-15
2267,0,0,2267,2.3096819077576e-11,1.0673533840915e-05,-3.2686179639789e-13,3.9239853158382e-15
2268,0,0,2268,2.3092901764181e-11,1.0675337252316e-05,-3.2641746355297e-13,3.9173133949035e-15
2269,0,0,2269,2.3088991116631e-11,1.0677138208806e-05,-3.2597312477821e-13,3.9106475498883e-15
2270,0,0,2270,2.3085087128863e-11,1.0678936710354e-05,-3.2552878008741e-13,3.9039877675092e-15
2271,0,0,2271,2.3081189794829e-11,1.0680732756926e-05,-3.2508442949284e-13,3.8973340345314e-15
2272,0,0,2272,2.3077299108491e-11,1.0682526348489e-05,-3.2464007300737e-13,3.8906863377263e-15
2273,0,0,2273,2.3073415063827e-11,1.0684317485012e-05,-3.2419571064511e-13,3.8840446638915e-15
2274,0,0,2274,2.3069537654827e-11,1.0686106166462e-05,-3.237513424177e-13,3.8774089998663e-15
2275,0,0,2275,2.3065666875495e-11,1.0687892392806e-05,-3.2330696833926e-13,3.8707793324902e-15
2276,0,0,2276,2.3061802719846e-11,1.0689676164013e-05,-3.2286258842174e-13,3.8641556486479e-15
2277,0,0,2277,2.3057945181911e-11,1.069145748005e-05,-3.2241820267833e-13,3.8575379352434e-15
2278,0,0,2278,2.3054094255732e-11,1.0693236340885e-05,-3.2197381112252e-13,3.8509261791903e-15
2279,0,0,2279,2.3050249935364e-11,1.0695012746486e-05,-3.2152941376658e-13,3.8443203674511e-15
2280,0,0,2280,2.3046412214877e-11,1.0696786696821e-05,-3.2108501062307e-13,3.8377204869943e-15
2281,0,0,2281,2.3042581088352e-11,1.0698558191858e-05,-3.2064060170548e-13,3.8311265248176e-15
2282,0,0,2282,2.3038756549885e-11,1.0700327231565e-05,-3.2019618702609e-13,3.8245384679512e-15
2283,0,0,2283,2.3034938593581e-11,1.0702093815911e-05,-3.1975176659807e-13,3.8179563034381e-15
2284,0,0,2284,2.3031127213563e-11,1.0703857944864e-05,-3.193073404334e-13,3.8113800183438e-15
2285,0,0,2285,2.3027322403963e-11,1.0705619618392e-05,-3.1886290854585e-13,3.8048095997792e-15
2286,0,0,2286,2.3023524158928e-11,1.0707378836463e-05,-3.184184709474e-13,3.7982450348454e-15
2287,0,0,2287,2.3019732472617e-11,1.0709135599047e-05,-3.179740276503e-13,3.7916863106985e-15
2288,0,0,2288,2.3015947339203e-11,1.0710889906111e-05,-3.1752957866867e-13,3.7851334145044e-15
2289,0,0,2289,2.3012168752869e-11,1.0712641757625e-05,-3.1708512401322e-13,3.7785863334481e-15
2290,0,0,2290,2.3008396707815e-11,1.0714391153557e-05,-3.1664066369808e-13,3.7720450547505e-15
2291,0,0,2291,2.3004631198249e-11,1.0716138093876e-05,-3.161961977352e-13,3.765509565645e-15
2292,0,0,2292,2.3000872218396e-11,1.0717882578551e-05,-3.1575172613714e-13,3.7589798533976e-15
2293,0,0,2293,2.299711976249e-11,1.071962460755e-05,-3.1530724891587e-13,3.7524559052905e-15
2294,0,0,2294,2.2993373824782e-11,1.0721364180844e-05,-3.1486276608519e-13,3.7459377086381e-15
2295,0,0,2295,2.2989634399531e-11,1.07231012984e-05,-3.1441827765644e-13,3.7394252507644e-15
2296,0,0,2296,2.2985901481012e-11,1.0724835960188e-05,-3.1397378364218e-13,3.7329185190291e-15
2297,0,0,2297,2.2982175063511e-11,1.0726568166177e-05,-3.1352928405562e-13,3.7264175008145e-15
2298,0,0,2298,2.2978455141328e-11,1.0728297916337e-05,-3.1308477890839e-13,3.7199221835157e-15
2299,0,0,2299,2.2974741708773e-11,1.0730025210636e-05,-3.1264026821277e-13,3.7134325545603e-15
2300,0,0,2300,2.2971034760172e-11,1.0731750049045e-05,-3.1219575198194e-13,3.7069486014016e-15
2301,0,0,2301,2.296733428986e-11,1.0733472431533e-05,-3.1175123022755e-13,3.7004703115027e-15
2302,0,0,2302,2.2963640292188e-11,1.0735192358068e-05,-3.1130670296217e-13,3.6939976723588e-15
2303,0,0,2303,2.2959952761516e-11,1.0736909828622e-05,-3.1086217019776e-13,3.6875306714945e-15
2304,0,0,2304,2.295627169222e-11,1.0738624843163e-05,-3.1041763194689e-13,3.6810692964375e-15
2305,0,0,2305,2.2952597078685e-11,1.0740337401661e-05,-3.0997308822183e-13,3.6746135347605e-15
2306,0,0,2306,2.2948928915311e-11,1.0742047504087e-05,-3.0952853903454e-13,3.668163374043e-15
2307,0,0,2307,2.2945267196509e-11,1.074375515041e-05,-3.0908398439758e-13,3.6617188018967e-15
2308,0,0,2308,2.2941611916703e-11,1.0745460340599e-05,-3.0863942432261e-13,3.6552798059429e-15
2309,0,0,2309,2.2937963070329e-11,1.0747163074626e-05,-3.0819485882221e-13,3.648846373845e-15
2310,0,0,2310,2.2934320651836e-11,1.074886335246e-05,-3.0775028790863e-13,3.6424184932696e-15
2311,0,0,2311,2.2930684655684e-11,1.0750561174071e-05,-3.0730571159352e-13,3.6359961519189e-15
2312,0,0,2312,2.2927055076347e-11,1.0752256539429e-05,-3.0686112988886e-13,3.6295793375112e-15
2313,0,0,2313,2.2923431908309e-11,1.0753949448506e-05,-3.064165428075e-13,3.6231680377841e-15
2314,0,0,2314,2.2919815146068e-11,1.075563990127e-05,-3.0597195036051e-13,3.6167622405109e-15
2315,0,0,2315,2.2916204784135e-11,1.0757327897693e-05,-3.0552735256074e-13,3.6103619334714e-15
2316,0,0,2316,2.291260081703e-11,1.0759013437745e-05,-3.0508274941954e-13,3.6039671044677e-15
2317,0,0,2317,2.2909003239289e-11,1.0760696521397e-05,-3.0463814094919e-13,3.5975777413443e-15
2318,0,0,2318,2.2905412045457e-11,1.0762377148619e-05,-3.0419352716195e-13,3.591193831939e-15
2319,0,0,2319,2.2901827230093e-11,1.0764055319381e-05,-3.0374890806885e-13,3.5848153641317e-15
2320,0,0,2320,2.2898248787767e-11,1.0765731033656e-05,-3.0330428368277e-13,3.5784423258216e-15
2321,0,0,2321,2.2894676713062e-11,1.0767404291413e-05,-3.0285965401507e-13,3.5720747049176e-15
2322,0,0,2322,2.2891111000573e-11,1.0769075092623e-05,-3.0241501907769e-13,3.5657124893675e-15
2323,0,0,2323,2.2887551644906e-11,1.0770743437258e-05,-3.0197037888228e-13,3.5593556671223e-15
2324,0,0,2324,2.288399864068e-11,1.0772409325288e-05,-3.0152573344113e-13,3.5530042261716e-15
2325,0,0,2325,2.2880451982525e-11,1.0774072756684e-05,-3.0108108276586e-13,3.5466581545117e-15
2326,0,0,2326,2.2876911665085e-11,1.0775733731419e-05,-3.0063642686784e-13,3.5403174401775e-15
2327,0,0,2327,2.2873377683014e-11,1.0777392249461e-05,-3.0019176575932e-13,3.5339820712039e-15
2328,0,0,2328,2.2869850030978e-11,1.0779048310784e-05,-2.9974709945166e-13,3.527652035668e-15
2329,0,0,2329,2.2866328703656e-11,1.0780701915359e-05,-2.9930242795711e-13,3.5213273216499e-15
2330,0,0,2330,2.2862813695739e-11,1.0782353063156e-05,-2.9885775128671e-13,3.5150079172687e-15
2331,0,0,2331,2.2859305001929e-11,1.0784001754147e-05,-2.9841306945243e-13,3.5086938106432e-15
2332,0,0,2332,2.2855802616939e-11,1.0785647988305e-05,-2.9796838246621e-13,3.5023849899409e-15
2333,0,0,2333,2.2852306535495e-11,1.0787291765599e-05,-2.9752369033942e-13,3.4960814433196e-15
2334,0,0,2334,2.2848816752336e-11,1.0788933086003e-05,-2.9707899308308e-13,3.4897831589855e-15
2335,0,0,2335,2.2845333262211e-11,1.0790571949488e-05,-2.9663429071007e-13,3.4834901251448e-15
2336,0,0,2336,2.2841856059881e-11,1.0792208356025e-05,-2.9618958323051e-13,3.477202330036e-15
2337,0,0,2337,2.2838385140119e-11,1.0793842305586e-05,-2.9574487065729e-13,3.4709197619171e-15
2338,0,0,2338,2.283492049771e-11,1.0795473798144e-05,-2.9530015300082e-13,3.464642409062e-15
2339,0,0,2339,2.283146212745e-11,1.0797102833671e-05,-2.9485543027337e-13,3.458370259774e-15
2340,0,0,2340,2.2828010024148e-11,1.0798729412138e-05,-2.9441070248598e-13,3.4521033023626e-15
2341,0,0,2341,2.2824564182623e-11,1.0800353533517e-05,-2.939659696503e-13,3.4458415251731e-15
2342,0,0,2342,2.2821124597706e-11,1.0801975197781e-05,-2.9352123177767e-13,3.4395849165667e-15
2343,0,0,2343,2.2817691264241e-11,1.0803594404902e-05,-2.9307648887976e-13,3.4333334649144e-15
2344,0,0,2344,2.2814264177083e-11,1.0805211154852e-05,-2.9263174096759e-13,3.4270871586229e-15
2345,0,0,2345,2.2810843331097e-11,1.0806825447604e-05,-2.9218698805281e-13,3.4208459861114e-15
2346,0,0,2346,2.2807428721161e-11,1.0808437283129e-05,-2.9174223014678e-13,3.414609935819e-15
2347,0,0,2347,2.2804020342165e-11,1.0810046661401e-05,-2.9129746726084e-13,3.4083789962103e-15
2348,0,0,2348,2.2800618189009e-11,1.0811653582393e-05,-2.9085269940572e-13,3.4021531557597e-15
2349,0,0,2349,2.2797222256606e-11,1.0813258046075e-05,-2.9040792659369e-13,3.3959324029707e-15
2350,0,0,2350,2.2793832539879e-11,1.0814860052423e-05,-2.8996314883578e-13,3.3897167263661e-15
2351,0,0,2351,2.2790449033765e-11,1.0816459601407e-05,-2.8951836614241e-13,3.3835061144851e-15
2352,0,0,2352,2.2787071733209e-11,1.0818056693001e-05,-2.8907357852586e-13,3.3773005558892e-15
2353,0,0,2353,2.278370063317e-11,1.0819651327178e-05,-2.8862878599686e-13,3.3711000391595e-15
2354,0,0,2354,2.2780335728617e-11,1.082124350391e-05,-2.8818398856675e-13,3.3649045528898e-15
2355,0,0,2355,2.2776977014531e-11,1.0822833223171e-05,-2.8773918624626e-13,3.3587140857131e-15
2356,0,0,2356,2.2773624485905e-11,1.0824420484934e-05,-2.8729437904766e-13,3.3525286262554e-15
2357,0,0,2357,2.2770278137742e-11,1.0826005289171e-05,-2.8684956698076e-13,3.3463481631819e-15
2358,0,0,2358,2.2766937965057e-11,1.0827587635857e-05,-2.8640475005783e-13,3.340172685177e-15
2359,0,0,2359,2.2763603962876e-11,1.0829167524963e-05,-2.8595992828867e-13,3.3340021809284e-15
2360,0,0,2360,2.2760276126237e-11,1.0830744956464e-05,-2.8551510168586e-13,3.3278366391591e-15
2361,0,0,2361,2.2756954450188e-11,1.0832319930333e-05,-2.8507027025952e-13,3.3216760486087e-15
2362,0,0,2362,2.275363892979e-11,1.0833892446543e-05,-2.8462543402069e-13,3.3155203980294e-15
2363,0,0,2363,2.2750329560114e-11,1.0835462505068e-05,-2.841805929807e-13,3.3093696761993e-15
2364,0,0,2364,2.2747026336242e-11,1.0837030105881e-05,-2.8373574715091e-13,3.3032238719095e-15
2365,0,0,2365,2.2743729253268e-11,1.0838595248956e-05,-2.8329089654114e-13,3.2970829739833e-15
2366,0,0,2366,2.2740438306297e-11,1.0840157934266e-05,-2.8284604116332e-13,3.2909469712473e-15
2367,0,0,2367,2.2737153490444e-11,1.0841718161785e-05,-2.8240118102852e-13,3.2848158525476e-15
2368,0,0,2368,2.2733874800837e-11,1.0843275931488e-05,-2.8195631614683e-13,3.2786896067721e-15
2369,0,0,2369,2.2730602232615e-11,1.0844831243347e-05,-2.8151144653023e-13,3.2725682227926e-15
2370,0,0,2370,2.2727335780925e-11,1.0846384097337e-05,-2.8106657218822e-13,3.2664516895328e-15
2371,0,0,2371,2.2724075440929e-11,1.0847934493432e-05,-2.8062169313306e-13,3.260339995916e-15
2372,0,0,2372,2.2720821207798e-11,1.0849482431605e-05,-2.8017680937487e-13,3.2542331308821e-15
2373,0,0,2373,2.2717573076715e-11,1.0851027911831e-05,-2.7973192092439e-13,3.2481310834063e-15
2374,0,0,2374,2.2714331042872e-11,1.0852570934084e-05,-2.7928702779295e-13,3.2420338424734e-15
2375,0,0,2375,2.2711095101475e-11,1.0854111498338e-05,-2.7884212999099e-13,3.2359413970716e-15
2376,0,0,2376,2.2707865247739e-11,1.0855649604568e-05,-2.7839722752954e-13,3.2298537362441e-15
2377,0,0,2377,2.270464147689e-11,1.0857185252747e-05,-2.7795232041903e-13,3.2237708490112e-15
2378,0,0,2378,2.2701423784166e-11,1.085871844285e-05,-2.7750740867019e-13,3.2176927244452e-15
2379,0,0,2379,2.2698212164814e-11,1.0860249174852e-05,-2.7706249229405e-13,3.2116193516118e-15
2380,0,0,2380,2.2695006614094e-11,1.0861777448726e-05,-2.7661757130136e-13,3.2055507196187e-15
2381,0,0,2381,2.2691807127277e-11,1.0863303264448e-05,-2.7617264570253e-13,3.199486817567e-15
2382,0,0,2382,2.2688613699642e-11,1.0864826621993e-05,-2.757277155083e-13,3.193427634597e-15
2383,0,0,2383,2.2685426326482e-11,1.0866347521334e-05,-2.7528278072909e-13,3.1873731598549e-15
2384,0,0,2384,2.26822450031e-11,1.0867865962446e-05,-2.7483784137625e-13,3.1813233825068e-15
2385,0,0,2385,2.2679069724808e-11,1.0869381945305e-05,-2.7439289745959e-13,3.1752782917476e-15
2386,0,0,2386,2.2675900486931e-11,1.0870895469885e-05,-2.7394794899014e-13,3.1692378767721e-15
2387,0,0,2387,2.2672737284804e-11,1.0872406536161e-05,-2.7350299597834e-13,3.163202126811e-15
2388,0,0,2388,2.2669580113773e-11,1.0873915144109e-05,-2.7305803843523e-13,3.1571710310914e-15
2389,0,0,2389,2.2666428969194e-11,1.0875421293702e-05,-2.726130763703e-13,3.1511445788892e-15
2390,0,0,2390,2.2663283846435e-11,1.0876924984916e-05,-2.721681097949e-13,3.1451227594671e-15
2391,0,0,2391,2.2660144740873e-11,1.0878426217727e-05,-2.7172313871946e-13,3.1391055621234e-15
2392,0,0,2392,2.2657011647897e-11,1.0879924992109e-05,-2.7127816315409e-13,3.1330929761695e-15
2393,0,0,2393,2.2653884562906e-11,1.0881421308038e-05,-2.7083318310985e-13,3.1270849909327e-15
2394,0,0,2394,2.265076348131e-11,1.0882915165488e-05,-2.7038819859652e-13,3.1210815957665e-15
2395,0,0,2395,2.264764839853e-11,1.0884406564437e-05,-2.6994320962517e-13,3.1150827800304e-15
2396,0,0,2396,2.2644539309997e-11,1.0885895504858e-05,-2.694982162059e-13,3.1090885331036e-15
2397,0,0,2397,2.2641436211152e-11,1.0887381986727e-05,-2.6905321834883e-13,3.1030988443912e-15
2398,0,0,2398,2.2638339097449e-11,1.088886601002e-05,-2.686082160647e-13,3.0971137033077e-15
2399,0,0,2399,2.263524796435e-11,1.0890347574713e-05,-2.6816320936423e-13,3.091133099284e-15
2400,0,0,2400,2.2632162807328e-11,1.089182668078e-05,-2.6771819825663e-13,3.0851570217833e-15
2401,0,0,2401,2.2629083621868e-11,1.0893303328199e-05,-2.6727318275385e-13,3.0791854602622e-15
2402,0,0,2402,2.2626010403464e-11,1.0894777516944e-05,-2.6682816286448e-13,3.073218404213e-15
2403,0,0,2403,2.262294314762e-11,1.0896249246992e-05,-2.6638313860018e-13,3.0672558431343e-15
2404,0,0,2404,2.2619881849854e-11,1.0897718518317e-05,-2.6593810997044e-13,3.0612977665571e-15
2405,0,0,2405,2.261682650569e-11,1.0899185330897e-05,-2.6549307698569e-13,3.0553441640093e-15
2406,0,0,2406,2.2613777110665e-11,1.0900649684708e-05,-2.6504803965667e-13,3.0493950250475e-15
2407,0,0,2407,2.2610733660326e-11,1.0902111579724e-05,-2.6460299799287e-13,3.0434503392482e-15
2408,0,0,2408,2.2607696150229e-11,1.0903571015923e-05,-2.6415795200504e-13,3.0375100961939e-15
2409,0,0,2409,2.2604664575944e-11,1.0905027993281e-05,-2.6371290170298e-13,3.0315742854964e-15
2410,0,0,2410,2.2601638933047e-11,1.0906482511773e-05,-2.6326784709712e-13,3.0256428967741e-15
2411,0,0,2411,2.2598619217128e-11,1.0907934571376e-05,-2.6282278819757e-13,3.0197159196644e-15
2412,0,0,2412,2.2595605423784e-11,1.0909384172067e-05,-2.6237772501446e-13,3.0137933438309e-15
2413,0,0,2413,2.2592597548625e-11,1.0910831313821e-05,-2.6193265755791e-13,3.007875158937e-15
2414,0,0,2414,2.258959558727e-11,1.0912275996616e-05,-2.6148758583833e-13,3.0019613546818e-15
2415,0,0,2415,2.2586599535349e-11,1.0913718220427e-05,-2.6104250986494e-13,2.9960519207643e-15
2416,0,0,2416,2.2583609388502e-11,1.0915157985232e-05,-2.6059742964876e-13,2.9901468469093e-15
2417,0,0,2417,2.258062514238e-11,1.0916595291007e-05,-2.6015234519961e-13,2.9842461228579e-15
2418,0,0,2418,2.2577646792641e-11,1.0918030137728e-05,-2.5970725652699e-13,2.9783497383608e-15
2419,0,0,2419,2.2574674334958e-11,1.0919462525372e-05,-2.5926216364164e-13,2.9724576831978e-15
2420,0,0,2420,2.2571707765011e-11,1.0920892453917e-05,-2.5881706655337e-13,2.9665699471486e-15
2421,0,0,2421,2.2568747078491e-11,1.0922319923338e-05,-2.5837196527199e-13,2.9606865200254e-15
2422,0,0,2422,2.2565792271099e-11,1.0923744933613e-05,-2.5792685980762e-13,2.9548073916436e-15
2423,0,0,2423,2.2562843338547e-11,1.0925167484719e-05,-2.5748175017038e-13,2.9489325518442e-15
2424,0,0,2424,2.2559900276557e-11,1.0926587576633e-05,-2.5703663636946e-13,2.9430619904783e-15
2425,0,0,2425,2.2556963080859e-11,1.0928005209331e-05,-2.565915184156e-13,2.9371956974192e-15
2426,0,0,2426,2.2554031747197e-11,1.0929420382792e-05,-2.5614639631892e-13,2.9313336625502e-15
2427,0,0,2427,2.2551106271321e-11,1.0930833096991e-05,-2.5570127008831e-13,2.9254758757707e-15
2428,0,0,2428,2.2548186648994e-11,1.0932243351907e-05,-2.5525613973419e-13,2.9196223270025e-15
2429,0,0,2429,2.2545272875988e-11,1.0933651147516e-05,-2.54811005267e-13,2.9137730061742e-15
2430,0,0,2430,2.2542364948085e-11,1.0935056483796e-05,-2.5436586669561e-13,2.9079279032465e-15
2431,0,0,2431,2.2539462861076e-11,1.0936459360724e-05,-2.5392072403016e-13,2.9020870081704e-15
2432,0,0,2432,2.2536566610766e-11,1.0937859778278e-05,-2.5347557728106e-13,2.8962503109389e-15
2433,0,0,2433,2.2533676192964e-11,1.0939257736436e-05,-2.5303042645721e-13,2.8904178015387e-15
2434,0,0,2434,2.2530791603494e-11,1.0940653235173e-05,-2.5258527156903e-13,2.8845894699952e-15
2435,0,0,2435,2.2527912838188e-11,1.094204627447e-05,-2.5214011262634e-13,2.8787653063304e-15
2436,0,0,2436,2.2525039892887e-11,1.0943436854302e-05,-2.5169494963802e-13,2.8729453005826e-15
2437,0,0,2437,2.2522172763444e-11,1.0944824974648e-05,-2.5124978261482e-13,2.8671294428193e-15
2438,0,0,2438,2.2519311445721e-11,1.0946210635485e-05,-2.5080461156622e-13,2.8613177231175e-15
2439,0,0,2439,2.251645593559e-11,1.0947593836792e-05,-2.5035943650145e-13,2.8555101315607e-15
2440,0,0,2440,2.2513606228931e-11,1.0948974578546e-05,-2.4991425743091e-13,2.8497066582615e-15
2441,0,0,2441,2.2510762321638e-11,1.0950352860725e-05,-2.494690743635e-13,2.8439072933357e-15
2442,0,0,2442,2.2507924209611e-11,1.0951728683306e-05,-2.4902388730965e-13,2.8381120269251e-15
2443,0,0,2443,2.2505091888762e-11,1.0953102046269e-05,-2.4857869627856e-13,2.8323208491843e-15
2444,0,0,2444,2.2502265355012e-11,1.0954472949591e-05,-2.4813350127972e-13,2.8265337502711e-15
2445,0,0,2445,2.2499444604291e-11,1.095584139325e-05,-2.4768830232357e-13,2.820750720382e-15
2446,0,0,2446,2.2496629632542e-11,1.0957207377225e-05,-2.4724309941839e-13,2.8149717497009e-15
2447,0,0,2447,2.2493820435713e-11,1.0958570901494e-05,-2.4679789257521e-13,2.8091968284534e-15
2448,0,0,2448,2.2491017009766e-11,1.0959931966034e-05,-2.4635268180231e-13,2.8034259468588e-15
2449,0,0,2449,2.2488219350671e-11,1.0961290570825e-05,-2.4590746711011e-13,2.7976590951653e-15
2450,0,0,2450,2.2485427454407e-11,1.0962646715844e-05,-2.4546224850814e-13,2.7918962636309e-15
2451,0,0,2451,2.2482641316965e-11,1.096400040107e-05,-2.4501702600496e-13,2.78613744253e-15
2452,0,0,2452,2.2479860934343e-11,1.0965351626483e-05,-2.4457179961161e-13,2.7803826221429e-15
2453,0,0,2453,2.247708630255e-11,1.0966700392059e-05,-2.4412656933608e-13,2.774631792786e-15
2454,0,0,2454,2.2474317417605e-11,1.0968046697778e-05,-2.4368133518878e-13,2.768884944769e-15
2455,0,0,2455,2.2471554275537e-11,1.0969390543619e-05,-2.4323609717922e-13,2.7631420684241e-15
2456,0,0,2456,2.2468796872383e-11,1.097073192956e-05,-2.4279085531629e-13,2.7574031541063e-15
2457,0,0,2457,2.2466045204191e-11,1.097207085558e-05,-2.423456096095e-13,2.7516681921641e-15
2458,0,0,2458,2.2463299267018e-11,1.0973407321658e-05,-2.4190036006896e-13,2.7459371729913e-15
2459,0,0,2459,2.2460559056931e-11,1.0974741327772e-05,-2.4145510670327e-13,2.7402100869653e-15
2460,0,0,2460,2.2457824570006e-11,1.0976072873902e-05,-2.4100984952192e-13,2.7344869245057e-15
2461,0,0,2461,2.245509580233e-11,1.0977401960027e-05,-2.4056458853504e-13,2.7287676760193e-15
2462,0,0,2462,2.2452372749998e-11,1.0978728586125e-05,-2.4011932375121e-13,2.7230523319481e-15
2463,0,0,2463,2.2449655409115e-11,1.0980052752175e-05,-2.3967405518024e-13,2.7173408827473e-15
2464,0,0,2464,2.2446943775796e-11,1.0981374458158e-05,-2.3922878283103e-13,2.711633318872e-15
2465,0,0,2465,2.2444237846166e-11,1.0982693704051e-05,-2.3878350671339e-13,2.7059296308032e-15
2466,0,0,2466,2.2441537616357e-11,1.0984010489835e-05,-2.383382268359e-13,2.700229809038e-15
2467,0,0,2467,2.2438843082513e-11,1.0985324815488e-05,-2.3789294320868e-13,2.6945338440766e-15
2468,0,0,2468,2.2436154240786e-11,1.098663668099e-05,-2.3744765584093e-13,2.6888417264486e-15
2469,0,0,2469,2.2433471087339e-11,1.098794608632e-05,-2.3700236474124e-13,2.683153446677e-15
2470,0,0,2470,2.2430793618344e-11,1.0989253031458e-05,-2.365570699191e-13,2.6774689953266e-15
2471,0,0,2471,2.2428121829981e-11,1.0990557516382e-05,-2.3611177138434e-13,2.6717883629528e-15
2472,0,0,2472,2.2425455718441e-11,1.0991859541074e-05,-2.3566646914585e-13,2.6661115401334e-15
2473,0,0,2473,2.2422795279924e-11,1.0993159105512e-05,-2.3522116321221e-13,2.6604385174626e-15
2474,0,0,2474,2.2420140510638e-11,1.0994456209675e-05,-2.3477585359354e-13,2.654769285544e-15
2475,0,0,2475,2.2417491406803e-11,1.0995750853544e-05,-2.3433054029872e-13,2.6491038350008e-15
2476,0,0,2476,2.2414847964647e-11,1.0997043037098e-05,-2.3388522333636e-13,2.6434421564626e-15
2477,0,0,2477,2.2412210180406e-11,1.0998332760318e-05,-2.3343990271656e-13,2.6377842405816e-15
2478,0,0,2478,2.2409578050328e-11,1.0999620023182e-05,-2.3299457844761e-13,2.6321300780197e-15
2479,0,0,2479,2.2406951570668e-11,1.1000904825671e-05,-2.3254925053931e-13,2.6264796594421e-15
2480,0,0,2480,2.2404330737693e-11,1.1002187167765e-05,-2.3210391900026e-13,2.6208329755558e-15
2481,0,0,2481,2.2401715547676e-11,1.1003467049444e-05,-2.3165858383995e-13,2.6151900170422e-15
2482,0,0,2482,2.2399105996901e-11,1.1004744470687e-05,-2.3121324506698e-13,2.6095507746375e-15
2483,0,0,2483,2.2396502081662e-11,1.1006019431476e-05,-2.3076790269085e-13,2.6039152390618e-15
2484,0,0,2484,2.2393903798261e-11,1.1007291931789e-05,-2.3032255672044e-13,2.5982834010545e-15
2485,0,0,2485,2.239131114301e-11,1.1008561971608e-05,-2.2987720716528e-13,2.5926552513842e-15
2486,0,0,2486,2.2388724112229e-11,1.1009829550912e-05,-2.2943185403332e-13,2.5870307808161e-15
2487,0,0,2487,2.2386142702249e-11,1.1011094669682e-05,-2.2898649733438e-13,2.5814099801285e-15
2488,0,0,2488,2.2383566909409e-11,1.1012357327898e-05,-2.2854113707766e-13,2.5757928401288e-15
2489,0,0,2489,2.2380996730057e-11,1.101361752554e-05,-2.2809577327144e-13,2.5701793516241e-15
2490,0,0,2490,2.2378432160552e-11,1.1014875262589e-05,-2.2765040592492e-13,2.564569505438e-15
2491,0,0,2491,2.2375873197259e-11,1.1016130539026e-05,-2.272050350476e-13,2.5589632924069e-15
2492,0,0,2492,2.2373319836556e-11,1.1017383354831e-05,-2.2675966064776e-13,2.5533607033832e-15
2493,0,0,2493,2.2370772074827e-11,1.1018633709984e-05,-2.263142827346e-13,2.5477617292326e-15
2494,0,0,2494,2.2368229908466e-11,1.1019881604466e-05,-2.2586890131702e-13,2.5421663608333e-15
2495,0,0,2495,2.2365693333877e-11,1.1021127038259e-05,-2.2542351640389e-13,2.5365745890671e-15
2496,0,0,2496,2.2363162347472e-11,1.1022370011341e-05,-2.2497812800413e-13,2.530986404851e-15
2497,0,0,2497,2.2360636945673e-11,1.1023610523696e-05,-2.2453273612692e-13,2.5254017990925e-15
2498,0,0,2498,2.235811712491e-11,1.1024848575302e-05,-2.2408734078054e-13,2.5198207627251e-15
2499,0,0,2499,2.2355602881623e-11,1.1026084166142e-05,-2.2364194197451e-13,2.5142432866851e-15
2500,0,0,2500,2.2353094212261e-11,1.1027317296196e-05,-2.2319653971709e-13,2.5086693619384e-15
2501,0,0,2501,2.2350591113282e-11,1.1028547965444e-05,-2.2275113401749e-13,2.5030989794471e-15
2502,0,0,2502,2.2348093581152e-11,1.1029776173869e-05,-2.2230572488398e-13,2.4975321301901e-15
2503,0,0,2503,2.2345601612347e-11,1.1031001921451e-05,-2.2186031232639e-13,2.4919688051683e-15
2504,0,0,2504,2.2343115203351e-11,1.1032225208171e-05,-2.2141489635267e-13,2.4864089953863e-15
2505,0,0,2505,2.2340634350659e-11,1.1033446034011e-05,-2.2096947697142e-13,2.4808526918645e-15
2506,0,0,2506,2.2338159050774e-11,1.1034664398951e-05,-2.2052405419245e-13,2.4752998856333e-15
2507,0,0,2507,2.2335689300206e-11,1.1035880302973e-05,-2.2007862802373e-13,2.4697505677358e-15
2508,0,0,2508,2.2333225095477e-11,1.1037093746059e-05,-2.1963319847385e-13,2.4642047292411e-15
2509,0,0,2509,2.2330766433116e-11,1.1038304728189e-05,-2.19187765552e-13,2.4586623612021e-15
2510,0,0,2510,2.2328313309661e-11,1.1039513249345e-05,-2.1874232926707e-13,2.4531234547233e-15
2511,0,0,2511,2.232586572166e-11,1.1040719309509e-05,-2.1829688962705e-13,2.4475880008769e-15
2512,0,0,2512,2.2323423665669e-11,1.1041922908661e-05,-2.1785144664082e-13,2.4420559907935e-15
2513,0,0,2513,2.2320987138254e-11,1.1043124046785e-05,-2.1740600031788e-13,2.4365274155776e-15
2514,0,0,2514,2.2318556135987e-11,1.104432272386e-05,-2.1696055066591e-13,2.431002266366e-15
2515,0,0,2515,2.2316130655453e-11,1.104551893987e-05,-2.1651509769409e-13,2.4254805343087e-15
2516,0,0,2516,2.2313710693242e-11,1.1046712694795e-05,-2.1606964141072e-13,2.4199622105618e-15
2517,0,0,2517,2.2311296245956e-11,1.1047903988617e-05,-2.1562418182468e-13,2.4144472862914e-15
2518,0,0,2518,2.2308887310203e-11,1.1049092821318e-05,-2.1517871894456e-13,2.4089357526859e-15
2519,0,0,2519,2.2306483882602e-11,1.105027919288e-05,-2.1473325277894e-13,2.4034276009342e-15
2520,0,0,2520,2.230408595978e-11,1.1051463103286e-05,-2.1428778333671e-13,2.397922822244e-15
2521,0,0,2521,2.2301693538372e-11,1.1052644552516e-05,-2.1384231062555e-13,2.3924214078363e-15
2522,0,0,2522,2.2299306615023e-11,1.1053823540552e-05,-2.1339683465464e-13,2.3869233489449e-15
2523,0,0,2523,2.2296925186387e-11,1.1055000067378e-05,-2.129513554332e-13,2.3814286368036e-15
2524,0,0,2524,2.2294549249124e-11,1.1056174132974e-05,-2.1250587296857e-13,2.3759372626786e-15
2525,0,0,2525,2.2292178799906e-11,1.1057345737324e-05,-2.1206038726965e-13,2.3704492178296e-15
2526,0,0,2526,2.2289813835413e-11,1.1058514880409e-05,-2.1161489834564e-13,2.3649644935388e-15
2527,0,0,2527,2.2287454352331e-11,1.1059681562211e-05,-2.1116940620452e-13,2.3594830810951e-15
2528,0,0,2528,2.228510034736e-11,1.1060845782713e-05,-2.1072391085424e-13,2.3540049718032e-15
2529,0,0,2529,2.2282751817203e-11,1.1062007541897e-05,-2.1027841230432e-13,2.348530156981e-15
2530,0,0,2530,2.2280408758575e-11,1.1063166839745e-05,-2.0983291056243e-13,2.3430586279465e-15
2531,0,0,2531,2.2278071168199e-11,1.1064323676241e-05,-2.0938740563745e-13,2.3375903760464e-15
2532,0,0,2532,2.2275739042806e-11,1.1065478051365e-05,-2.0894189753798e-13,2.332125392631e-15
2533,0,0,2533,2.2273412379137e-11,1.1066629965102e-05,-2.0849638627228e-13,2.3266636690535e-15
2534,0,0,2534,2.227109117394e-11,1.1067779417432e-05,-2.0805087184834e-13,2.3212051966998e-15
2535,0,0,2535,2.2268775423973e-11,1.106892640834e-05,-2.0760535427505e-13,2.3157499669426e-15
2536,0,0,2536,2.2266465126002e-11,1.1070070937807e-05,-2.0715983356067e-13,2.3102979711901e-15
2537,0,0,2537,2.2264160276801e-11,1.1071213005816e-05,-2.0671430971381e-13,2.3048492008442e-15
2538,0,0,2538,2.2261860873154e-11,1.1072352612351e-05,-2.0626878274274e-13,2.2994036473262e-15
2539,0,0,2539,2.2259566911852e-11,1.1073489757393e-05,-2.0582325265542e-13,2.293961302067e-15
2540,0,0,2540,2.2257278389695e-11,1.1074624440926e-05,-2.0537771946076e-13,2.2885221565137e-15
2541,0,0,2541,2.2254995303493e-11,1.1075756662933e-05,-2.0493218316703e-13,2.2830862021165e-15
2542,0,0,2542,2.2252717650063e-11,1.1076886423395e-05,-2.0448664378221e-13,2.277653430342e-15
2543,0,0,2543,2.225044542623e-11,1.1078013722298e-05,-2.0404110131487e-13,2.2722238326695e-15
2544,0,0,2544,2.224817862883e-11,1.1079138559622e-05,-2.035955557733e-13,2.2667974005816e-15
2545,0,0,2545,2.2245917254704e-11,1.1080260935353e-05,-2.0315000716579e-13,2.2613741255869e-15
2546,0,0,2546,2.2243661300705e-11,1.1081380849471e-05,-2.027044555009e-13,2.2559539991938e-15
2547,0,0,2547,2.2241410763692e-11,1.1082498301962e-05,-2.0225890078631e-13,2.2505370129173e-15
2548,0,0,2548,2.2239165640534e-11,1.1083613292807e-05,-2.0181334303091e-13,2.2451231583013e-15
2549,0,0,2549,2.2236925928107e-11,1.1084725821991e-05,-2.0136778224237e-13,2.2397124268866e-15
2550,0,0,2550,2.2234691623297e-11,1.1085835889496e-05,-2.0092221842927e-13,2.2343048102238e-15
2551,0,0,2551,2.2232462722997e-11,1.1086943495306e-05,-2.0047665159989e-13,2.2289002998892e-15
2552,0,0,2552,2.2230239224109e-11,1.1088048639404e-05,-2.0003108176251e-13,2.2234988874525e-15
2553,0,0,2553,2.2228021123545e-11,1.1089151321774e-05,-1.995855089248e-13,2.2181005645064e-15
2554,0,0,2554,2.2225808418222e-11,1.1090251542399e-05,-1.9913993309595e-13,2.212705322653e-15
2555,0,0,2555,2.2223601105069e-11,1.1091349301262e-05,-1.9869435428302e-13,2.2073131535009e-15
2556,0,0,2556,2.222139918102e-11,1.1092444598348e-05,-1.9824877249489e-13,2.2019240486684e-15
2557,0,0,2557,2.221920264302e-11,1.1093537433639e-05,-1.9780318773955e-13,2.1965379997966e-15
2558,0,0,2558,2.2217011488022e-11,1.109462780712e-05,-1.9735760002527e-13,2.1911549985198e-15
2559,0,0,2559,2.2214825712985e-11,1.1095715718774e-05,-1.9691200936001e-13,2.1857750364953e-15
2560,0,0,2560,2.221264531488e-11,1.1096801168585e-05,-1.9646641575207e-13,2.1803981053962e-15
2561,0,0,2561,2.2210470290683e-11,1.1097884156536e-05,-1.9602081920942e-13,2.1750241968895e-15
2562,0,0,2562,2.220830063738e-11,1.1098964682612e-05,-1.9557521974032e-13,2.1696533026612e-15
2563,0,0,2563,2.2206136351966e-11,1.1100042746796e-05,-1.9512961735276e-13,2.1642854144136e-15
2564,0,0,2564,2.2203977431442e-11,1.1101118349073e-05,-1.9468401205471e-13,2.1589205238525e-15
2565,0,0,2565,2.2201823872819e-11,1.1102191489426e-05,-1.9423840385474e-13,2.1535586226995e-15
2566,0,0,2566,2.2199675673117e-11,1.1103262167839e-05,-1.9379279276054e-13,2.1481997026763e-15
2567,0,0,2567,2.2197532829361e-11,1.1104330384296e-05,-1.9334717877976e-13,2.1428437555274e-15
2568,0,0,2568,2.2195395338588e-11,1.1105396138782e-05,-1.929015619216e-13,2.1374907730067e-15
2569,0,0,2569,2.2193263197841e-11,1.110645943128e-05,-1.9245594219281e-13,2.132140746865e-15
2570,0,0,2570,2.2191136404172e-11,1.1107520261775e-05,-1.9201031960259e-13,2.1267936688855e-15
2571,0,0,2571,2.2189014954641e-11,1.1108578630251e-05,-1.9156469415798e-13,2.1214495308384e-15
2572,0,0,2572,2.2186898846317e-11,1.1109634536693e-05,-1.9111906586759e-13,2.1161083245229e-15
2573,0,0,2573,2.2184788076275e-11,1.1110687981083e-05,-1.9067343473906e-13,2.1107700417384e-15
2574,0,0,2574,2.2182682641601e-11,1.1111738963408e-05,-1.9022780078068e-13,2.1054346743002e-15
2575,0,0,2575,2.2180582539387e-11,1.1112787483651e-05,-1.8978216400042e-13,2.1001022140239e-15
2576,0,0,2576,2.2178487766734e-11,1.1113833541797e-05,-1.8933652440595e-13,2.0947726527538e-15
2577,0,0,2577,2.2176398320752e-11,1.111487713783e-05,-1.8889088200554e-13,2.0894459823217e-15
2578,0,0,2578,2.2174314198557e-11,1.1115918271735e-05,-1.8844523680687e-13,2.0841221945914e-15
2579,0,0,2579,2.2172235397276e-11,1.1116956943497e-05,-1.879995888179e-13,2.0788012814139e-15
2580,0,0,2580,2.2170161914041e-11,1.1117993153099e-05,-1.8755393804692e-13,2.0734832346789e-15
2581,0,0,2581,2.2168093745995e-11,1.1119026900527e-05,-1.8710828450127e-13,2.0681680462569e-15
2582,0,0,2582,2.2166030890287e-11,1.1120058185766e-05,-1.8666262818956e-13,2.0628557080472e-15
2583,0,0,2583,2.2163973344075e-11,1.11210870088e-05,-1.8621696911913e-13,2.0575462119525e-15
2584,0,0,2584,2.2161921104525e-11,1.1122113369614e-05,-1.8577130729796e-13,2.0522395498917e-15
2585,0,0,2585,2.2159874168811e-11,1.1123137268192e-05,-1.8532564273402e-13,2.0469357137804e-15
2586,0,0,2586,2.2157832534116e-11,1.1124158704521e-05,-1.8487997543528e-13,2.0416346955536e-15
2587,0,0,2587,2.2155796197628e-11,1.1125177678584e-05,-1.8443430540941e-13,2.0363364871623e-15
2588,0,0,2588,2.2153765156548e-11,1.1126194190366e-05,-1.8398863266439e-13,2.0310410805546e-15
2589,0,0,2589,2.215173940808e-11,1.1127208239854e-05,-1.8354295720787e-13,2.0257484676945e-15
2590,0,0,2590,2.214971894944e-11,1.1128219827031e-05,-1.8309727904783e-13,2.0204586405525e-15
2591,0,0,2591,2.2147703777848e-11,1.1129228951883e-05,-1.8265159819224e-13,2.015171591112e-15
2592,0,0,2592,2.2145693890537e-11,1.1130235614395e-05,-1.8220591464815e-13,2.009887311376e-15
2593,0,0,2593,2.2143689284744e-11,1.1131239814552e-05,-1.8176022842477e-13,2.0046057933311e-15
2594,0,0,2594,2.2141689957715e-11,1.1132241552339e-05,-1.8131453952822e-13,1.9993270289963e-15
2595,0,0,2595,2.2139695906704e-11,1.1133240827742e-05,-1.8086884796771e-13,1.9940510104003e-15
2596,0,0,2596,2.2137707128975e-11,1.1134237640746e-05,-1.8042315375029e-13,1.9887777295589e-15
2597,0,0,2597,2.2135723621796e-11,1.1135231991337e-05,-1.7997745688361e-13,1.9835071785266e-15
2598,0,0,2598,2.2133745382447e-11,1.1136223879499e-05,-1.7953175737597e-13,1.9782393493482e-15
2599,0,0,2599,2.2131772408213e-11,1.1137213305219e-05,-1.7908605523441e-13,1.9729742340848e-15
2600,0,0,2600,2.2129804696388e-11,1.1138200268481e-05,-1.7864035046752e-13,1.9677118248006e-15
2601,0,0,2601,2.2127842244274e-11,1.1139184769271e-05,-1.7819464308204e-13,1.9624521135825e-15
2602,0,0,2602,2.2125885049182e-11,1.1140166807576e-05,-1.7774893308625e-13,1.9571950925108e-15
2603,0,0,2603,2.2123933108428e-11,1.114114638338e-05,-1.7730322048814e-13,1.9519407536918e-15
2604,0,0,2604,2.2121986419339e-11,1.1142123496668e-05,-1.7685750529474e-13,1.9466890892221e-15
2605,0,0,2605,2.2120044979248e-11,1.1143098147428e-05,-1.7641178751433e-13,1.9414400912304e-15
2606,0,0,2606,2.2118108785496e-11,1.1144070335645e-05,-1.7596606715398e-13,1.9361937518296e-15
2607,0,0,2607,2.2116177835433e-11,1.1145040061303e-05,-1.7552034422196e-13,1.9309500631613e-15
2608,0,0,2608,2.2114252126415e-11,1.114600732439e-05,-1.7507461872531e-13,1.9257090173674e-15
2609,0,0,2609,2.2112331655809e-11,1.1146972124891e-05,-1.7462889067233e-13,1.9204706066058e-15
2610,0,0,2610,2.2110416420986e-11,1.1147934462792e-05,-1.7418316007006e-13,1.9152348230345e-15
2611,0,0,2611,2.2108506419327e-11,1.1148894338079e-05,-1.7373742692647e-13,1.910001658821e-15
2612,0,0,2612,2.2106601648221e-11,1.1149851750738e-05,-1.7329169124923e-13,1.9047711061557e-15
2613,0,0,2613,2.2104702105064e-11,1.1150806700755e-05,-1.728459530457e-13,1.899543157219e-15
2614,0,0,2614,2.2102807787259e-11,1.1151759188115e-05,-1.7240021232385e-13,1.8943178042175e-15
2615,0,0,2615,2.210091869222e-11,1.1152709212807e-05,-1.7195446909105e-13,1.8890950393575e-15
2616,0,0,2616,2.2099034817365e-11,1.1153656774814e-05,-1.7150872335433e-13,1.8838748548454e-15
2617,0,0,2617,2.2097156160122e-11,1.1154601874124e-05,-1.7106297512229e-13,1.8786572429231e-15
2618,0,0,2618,2.2095282717926e-11,1.1155544510723e-05,-1.7061722440199e-13,1.8734421958133e-15
2619,0,0,2619,2.2093414488221e-11,1.1156484684597e-05,-1.7017147120077e-13,1.8682297057643e-15
2620,0,0,2620,2.2091551468456e-11,1.1157422395733e-05,-1.6972571552662e-13,1.8630197650278e-15
2621,0,0,2621,2.208969365609e-11,1.1158357644116e-05,-1.6927995738688e-13,1.8578123658684e-15
2622,0,0,2622,2.2087841048589e-11,1.1159290429734e-05,-1.6883419678893e-13,1.8526075005474e-15
2623,0,0,2623,2.2085993643428e-11,1.1160220752572e-05,-1.6838843374073e-13,1.8474051613519e-15
2624,0,0,2624,2.2084151438087e-11,1.1161148612617e-05,-1.6794266824903e-13,1.842205340566e-15
2625,0,0,2625,2.2082314430057e-11,1.1162074009857e-05,-1.674969003221e-13,1.8370080304897e-15
2626,0,0,2626,2.2080482616833e-11,1.1162996944276e-05,-1.6705112996731e-13,1.83181322342e-15
2627,0,0,2627,2.2078655995922e-11,1.1163917415863e-05,-1.666053571914e-13,1.8266209116795e-15
2628,0,0,2628,2.2076834564834e-11,1.1164835424604e-05,-1.6615958200296e-13,1.8214310875845e-15
2629,0,0,2629,2.2075018321091e-11,1.1165750970484e-05,-1.6571380440904e-13,1.8162437434707e-15
2630,0,0,2630,2.2073207262219e-11,1.1166664053492e-05,-1.6526802441638e-13,1.8110588716706e-15
2631,0,0,2631,2.2071401385755e-11,1.1167574673614e-05,-1.6482224203327e-13,1.805876464539e-15
2632,0,0,2632,2.206960068924e-11,1.1168482830836e-05,-1.6437645726706e-13,1.800696514428e-15
2633,0,0,2633,2.2067805170226e-11,1.1169388525146e-05,-1.6393067012511e-13,1.7955190137085e-15
2634,0,0,2634,2.2066014826272e-11,1.1170291756531e-05,-1.6348488061479e-13,1.7903439547455e-15
2635,0,0,2635,2.2064229654942e-11,1.1171192524977e-05,-1.6303908874313e-13,1.7851713299262e-15
2636,0,0,2636,2.206244965381e-11,1.1172090830472e-05,-1.6259329451813e-13,1.780001131638e-15
2637,0,0,2637,2.2060674820458e-11,1.1172986673002e-05,-1.6214749794713e-13,1.7748333522877e-15
2638,0,0,2638,2.2058905152473e-11,1.1173880052554e-05,-1.6170169903718e-13,1.769667984269e-15
2639,0,0,2639,2.2057140647453e-11,1.1174770969117e-05,-1.6125589779627e-13,1.764505020008e-15
2640,0,0,2640,2.2055381303002e-11,1.1175659422676e-05,-1.6081009423052e-13,1.7593444519246e-15
2641,0,0,2641,2.2053627116729e-11,1.1176545413219e-05,-1.6036428834913e-13,1.7541862724479e-15
2642,0,0,2642,2.2051878086255e-11,1.1177428940734e-05,-1.5991848015793e-13,1.7490304740235e-15
2643,0,0,2643,2.2050134209206e-11,1.1178310005207e-05,-1.5947266966457e-13,1.7438770490905e-15
2644,0,0,2644,2.2048395483216e-11,1.1179188606627e-05,-1.5902685687735e-13,1.7387259901203e-15
2645,0,0,2645,2.2046661905926e-11,1.1180064744979e-05,-1.585810418024e-13,1.7335772895583e-15
2646,0,0,2646,2.2044933474986e-11,1.1180938420252e-05,-1.5813522444768e-13,1.7284309398953e-15
2647,0,0,2647,2.2043210188053e-11,1.1181809632434e-05,-1.5768940482025e-13,1.7232869336026e-15
2648,0,0,2648,2.204149204279e-11,1.1182678381511e-05,-1.5724358292777e-13,1.7181452631646e-15
2649,0,0,2649,2.2039779036869e-11,1.1183544667471e-05,-1.567977587773e-13,1.7130059210914e-15
2650,0,0,2650,2.2038071167969e-11,1.1184408490302e-05,-1.5635193237589e-13,1.7078688998738e-15
2651,0,0,2651,2.2036368433777e-11,1.1185269849991e-05,-1.5590610373121e-13,1.7027341920347e-15
2652,0,0,2652,2.2034670831987e-11,1.1186128746526e-05,-1.554602728506e-13,1.6976017900909e-15
2653,0,0,2653,2.20329783603e-11,1.1186985179894e-05,-1.5501443974114e-13,1.6924716865685e-15
2654,0,0,2654,2.2031291016426e-11,1.1187839150085e-05,-1.5456860440986e-13,1.6873438740069e-15
2655,0,0,2655,2.2029608798081e-11,1.1188690657084e-05,-1.5412276686444e-13,1.6822183449516e-15
2656,0,0,2656,2.2027931702989e-11,1.118953970088e-05,-1.5367692711223e-13,1.6770950919517e-15
2657,0,0,2657,2.2026259728882e-11,1.1190386281461e-05,-1.5323108515936e-13,1.6719741075689e-15
2658,0,0,2658,2.2024592873497e-11,1.1191230398815e-05,-1.5278524101474e-13,1.6668553843716e-15
2659,0,0,2659,2.2022931134582e-11,1.1192072052929e-05,-1.5233939468448e-13,1.6617389149312e-15
2660,0,0,2660,2.202127450989e-11,1.1192911243792e-05,-1.5189354617595e-13,1.6566246918355e-15
2661,0,0,2661,2.2019622997183e-11,1.1193747971391e-05,-1.5144769549652e-13,1.6515127076754e-15
2662,0,0,2662,2.2017976594228e-11,1.1194582235715e-05,-1.5100184265352e-13,1.646402955045e-15
2663,0,0,2663,2.2016335298801e-11,1.1195414036752e-05,-1.5055598765373e-13,1.6412954265514e-15
2664,0,0,2664,2.2014699108686e-11,1.119624337449e-05,-1.5011013050448e-13,1.6361901148147e-15
2665,0,0,2665,2.2013068021674e-11,1.1197070248916e-05,-1.4966427121345e-13,1.6310870124482e-15
2666,0,0,2666,2.2011442035562e-11,1.119789466002e-05,-1.4921840978739e-13,1.625986112085e-15
2667,0,0,2667,2.2009821148155e-11,1.1198716607789e-05,-1.4877254623304e-13,1.620887406358e-15
2668,0,0,2668,2.2008205357267e-11,1.1199536092212e-05,-1.4832668055836e-13,1.6157908879195e-15
2669,0,0,2669,2.2006594660718e-11,1.1200353113277e-05,-1.4788081277012e-13,1.6106965494088e-15
2670,0,0,2670,2.2004989056335e-11,1.1201167670973e-05,-1.4743494287535e-13,1.6056043834913e-15
2671,0,0,2671,2.2003388541952e-11,1.1201979765287e-05,-1.4698907088143e-13,1.6005143828353e-15
2672,0,0,2672,2.2001793115412e-11,1.1202789396209e-05,-1.4654319679509e-13,1.5954265401062e-15
2673,0,0,2673,2.2000202774564e-11,1.1203596563726e-05,-1.460973206243e-13,1.5903408479982e-15
2674,0,0,2674,2.1998617517264e-11,1.1204401267827e-05,-1.4565144237521e-13,1.5852572991862e-15
2675,0,0,2675,2.1997037341378e-11,1.1205203508502e-05,-1.4520556205516e-13,1.5801758863711e-15
2676,0,0,2676,2.1995462244776e-11,1.1206003285737e-05,-1.4475967967183e-13,1.5750966022568e-15
2677,0,0,2677,2.1993892225336e-11,1.1206800599523e-05,-1.4431379523165e-13,1.5700194395505e-15
2678,0,0,2678,2.1992327280945e-11,1.1207595449848e-05,-1.4386790874167e-13,1.5649443909758e-15
2679,0,0,2679,2.1990767409496e-11,1.12083878367e-05,-1.4342202020988e-13,1.5598714492462e-15
2680,0,0,2680,2.1989212608889e-11,1.1209177760068e-05,-1.4297612964239e-13,1.5548006071046e-15
2681,0,0,2681,2.1987662877032e-11,1.1209965219941e-05,-1.4253023704627e-13,1.5497318572808e-15
2682,0,0,2682,2.1986118211839e-11,1.1210750216308e-05,-1.4208434242948e-13,1.5446651925305e-15
2683,0,0,2683,2.1984578611234e-11,1.1211532749158e-05,-1.4163844579786e-13,1.5396006055933e-15
2684,0,0,2684,2.1983044073144e-11,1.1212312818479e-05,-1.4119254715936e-13,1.5345380892411e-15
2685,0,0,2685,2.1981514595508e-11,1.1213090424261e-05,-1.4074664652075e-13,1.5294776362359e-15
2686,0,0,2686,2.1979990176269e-11,1.1213865566492e-05,-1.4030074388907e-13,1.5244192393562e-15
2687,0,0,2687,2.1978470813377e-11,1.1214638245162e-05,-1.3985483927106e-13,1.5193628913705e-15
2688,0,0,2688,2.1976956504792e-11,1.121540846026e-05,-1.3940893267409e-13,1.5143085850831e-15
2689,0,0,2689,2.1975447248479e-11,1.1216176211775e-05,-1.3896302410521e-13,1.5092563132787e-15
2690,0,0,2690,2.197394304241e-11,1.1216941499695e-05,-1.3851711357086e-13,1.5042060687616e-15
2691,0,0,2691,2.1972443884566e-11,1.121770432401e-05,-1.380712010787e-13,1.4991578443422e-15
2692,0,0,2692,2.1970949772933e-11,1.121846468471e-05,-1.3762528663518e-13,1.4941116328346e-15
2693,0,0,2693,2.1969460705506e-11,1.1219222581783e-05,-1.3717937024795e-13,1.4890674270558e-15
2694,0,0,2694,2.1967976680286e-11,1.1219978015219e-05,-1.3673345192315e-13,1.4840252198487e-15
2695,0,0,2695,2.1966497695282e-11,1.1220730985007e-05,-1.3628753166814e-13,1.4789850040337e-15
2696,0,0,2696,2.196502374851e-11,1.1221481491137e-05,-1.3584160949028e-13,1.4739467724635e-15
2697,0,0,2697,2.1963554837992e-11,1.1222229533598e-05,-1.3539568539571e-13,1.4689105179841e-15
2698,0,0,2698,2.1962090961758e-11,1.1222975112379e-05,-1.3494975939208e-13,1.4638762334516e-15
2699,0,0,2699,2.1960632117846e-11,1.122371822747e-05,-1.3450383148583e-13,1.4588439117282e-15
2700,0,0,2700,2.1959178304301e-11,1.1224458878861e-05,-1.3405790168433e-13,1.4538135456891e-15
2701,0,0,2701,2.1957729519173e-11,1.122519706654e-05,-1.3361196999432e-13,1.4487851281968e-15
2702,0,0,2702,2.195628576052e-11,1.1225932790498e-05,-1.3316603642225e-13,1.443758652149e-15
2703,0,0,2703,2.195484702641e-11,1.1226666050725e-05,-1.3272010097607e-13,1.4387341104276e-15
2704,0,0,2704,2.1953413314914e-11,1.1227396847209e-05,-1.3227416366162e-13,1.433711495924e-15
2705,0,0,2705,2.1951984624113e-11,1.1228125179941e-05,-1.3182822448626e-13,1.4286908015488e-15
2706,0,0,2706,2.1950560952092e-11,1.122885104891e-05,-1.3138228345704e-13,1.4236720202098e-15
2707,0,0,2707,2.1949142296948e-11,1.1229574454107e-05,-1.309363405804e-13,1.4186551448144e-15
2708,0,0,2708,2.1947728656779e-11,1.123029539552e-05,-1.30490395864e-13,1.4136401682897e-15
2709,0,0,2709,2.1946320029696e-11,1.1231013873141e-05,-1.3004444931368e-13,1.4086270835659e-15
2710,0,0,2710,2.1944916413812e-11,1.1231729886958e-05,-1.2959850093739e-13,1.4036158835698e-15
2711,0,0,2711,2.1943517807251e-11,1.1232443436962e-05,-1.2915255074098e-13,1.3986065612511e-15
2712,0,0,2712,2.1942124208141e-11,1.1233154523143e-05,-1.2870659873179e-13,1.3935991095529e-15
2713,0,0,2713,2.194073561462e-11,1.1233863145491e-05,-1.2826064491688e-13,1.3885935214215e-15
2714,0,0,2714,2.193935202483e-11,1.1234569303995e-05,-1.2781468930269e-13,1.3835897898324e-15
2715,0,0,2715,2.1937973436922e-11,1.1235272998647e-05,-1.2736873189627e-13,1.3785879077319e-15
2716,0,0,2716,2.1936599849054e-11,1.1235974229435e-05,-1.2692277270406e-13,1.3735878681116e-15
2717,0,0,2717,2.193523125939e-11,1.1236672996351e-05,-1.2647681173373e-13,1.368589663934e-15
2718,0,0,2718,2.1933867666102e-11,1.1237369299384e-05,-1.2603084899141e-13,1.3635932881906e-15
2719,0,0,2719,2.1932509067368e-11,1.1238063138525e-05,-1.2558488448384e-13,1.3585987338764e-15
2720,0,0,2720,2.1931155461374e-11,1.1238754513763e-05,-1.2513891821839e-13,1.3536059939763e-15
2721,0,0,2721,2.1929806846313e-11,1.123944342509e-05,-1.2469295020118e-13,1.3486150615015e-15
2722,0,0,2722,2.1928463220383e-11,1.1240129872496e-05,-1.2424698043988e-13,1.3436259294628e-15
2723,0,0,2723,2.1927124581792e-11,1.1240813855971e-05,-1.2380100894002e-13,1.338638590868e-15
2724,0,0,2724,2.1925790928754e-11,1.1241495375505e-05,-1.2335503570956e-13,1.3336530387442e-15
2725,0,0,2725,2.1924462259488e-11,1.124217443109e-05,-1.2290906075494e-13,1.3286692661153e-15
2726,0,0,2726,2.1923138572222e-11,1.1242851022714e-05,-1.2246308408229e-13,1.3236872660116e-15
2727,0,0,2727,2.192181986519e-11,1.124352515037e-05,-1.2201710569929e-13,1.3187070314766e-15
2728,0,0,2728,2.1920506136634e-11,1.1244196814048e-05,-1.2157112561236e-13,1.3137285555565e-15
2729,0,0,2729,2.1919197384803e-11,1.1244866013737e-05,-1.2112514382796e-13,1.3087518312981e-15
2730,0,0,2730,2.1917893607951e-11,1.124553274943e-05,-1.2067916035312e-13,1.3037768517575e-15
2731,0,0,2731,2.1916594804341e-11,1.1246197021116e-05,-1.202331751943e-13,1.2988036100005e-15
2732,0,0,2732,2.1915300972242e-11,1.1246858828786e-05,-1.1978718835884e-13,1.2938320990899e-15
2733,0,0,2733,2.191401210993e-11,1.1247518172432e-05,-1.1934119985289e-13,1.2888623121109e-15
2734,0,0,2734,2.1912728215688e-11,1.1248175052044e-05,-1.1889520968319e-13,1.2838942421294e-15
2735,0,0,2735,2.1911449287806e-11,1.1248829467612e-05,-1.1844921785678e-13,1.2789278822405e-15
2736,0,0,2736,2.191017532458e-11,1.1249481419128e-05,-1.1800322438011e-13,1.2739632255326e-15
2737,0,0,2737,2.1908906324315e-11,1.1250130906582e-05,-1.1755722926024e-13,1.2690002651008e-15
2738,0,0,2738,2.1907642285321e-11,1.1250777929966e-05,-1.1711123250329e-13,1.2640389940561e-15
2739,0,0,2739,2.1906383205916e-11,1.1251422489271e-05,-1.1666523411662e-13,1.2590794054935e-15
2740,0,0,2740,2.1905129084423e-11,1.1252064584487e-05,-1.1621923410607e-13,1.2541214925371e-15
2741,0,0,2741,2.1903879919175e-11,1.1252704215605e-05,-1.1577323247898e-13,1.2491652483013e-15
2742,0,0,2742,2.1902635708509e-11,1.1253341382618e-05,-1.1532722924241e-13,1.2442106659198e-15
2743,0,0,2743,2.190139645077e-11,1.1253976085515e-05,-1.1488122440157e-13,1.2392577385102e-15
2744,0,0,2744,2.1900162144311e-11,1.1254608324288e-05,-1.1443521796475e-13,1.2343064592224e-15
2745,0,0,2745,2.189893278749e-11,1.1255238098929e-05,-1.1398920993746e-13,1.229356821187e-15
2746,0,0,2746,2.1897708378672e-11,1.1255865409428e-05,-1.1354320032706e-13,1.2244088175539e-15
2747,0,0,2747,2.1896488916231e-11,1.1256490255777e-05,-1.1309718913968e-13,1.2194624414858e-15
2748,0,0,2748,2.1895274398545e-11,1.1257112637967e-05,-1.1265117638268e-13,1.2145176861263e-15
2749,0,0,2749,2.1894064824e-11,1.1257732555989e-05,-1.1220516206158e-13,1.2095745446479e-15
2750,0,0,2750,2.189286019099e-11,1.1258350009836e-05,-1.1175914618405e-13,1.2046330102166e-15
2751,0,0,2751,2.1891660497914e-11,1.1258964999497e-05,-1.1131312875592e-13,1.1996930760082e-15
2752,0,0,2752,2.1890465743179e-11,1.1259577524966e-05,-1.1086710978484e-13,1.1947547352017e-15
2753,0,0,2753,2.1889275925198e-11,1.1260187586232e-05,-1.1042108927634e-13,1.1898179809826e-15
2754,0,0,2754,2.1888091042391e-11,1.1260795183289e-05,-1.0997506723777e-13,1.1848828065394e-15
2755,0,0,2755,2.1886911093186e-11,1.1261400316127e-05,-1.0952904367528e-13,1.1799492050707e-15
2756,0,0,2756,2.1885736076016e-11,1.1262002984738e-05,-1.0908301859529e-13,1.1750171697748e-15
2757,0,0,2757,2.1884565989323e-11,1.1262603189114e-05,-1.0863699200548e-13,1.1700866938565e-15
2758,0,0,2758,2.1883400831552e-11,1.1263200929246e-05,-1.0819096391105e-13,1.1651577705336e-15
2759,0,0,2759,2.1882240601159e-11,1.1263796205126e-05,-1.0774493431968e-13,1.1602303930141e-15
2760,0,0,2760,2.1881085296604e-11,1.1264389016746e-05,-1.0729890323718e-13,1.1553045545256e-15
2761,0,0,2761,2.1879934916356e-11,1.1264979364098e-05,-1.0685287067062e-13,1.150380248289e-15
2762,0,0,2762,2.1878789458889e-11,1.1265567247173e-05,-1.0640683662642e-13,1.1454574675447e-15
2763,0,0,2763,2.1877648922683e-11,1.1266152665964e-05,-1.0596080111104e-13,1.1405362055234e-15
2764,0,0,2764,2.1876513306228e-11,1.1266735620462e-05,-1.055147641309e-13,1.1356164554654e-15
2765,0,0,2765,2.1875382608017e-11,1.1267316110659e-05,-1.0506872569337e-13,1.1306982106209e-15
2766,0,0,2766,2.1874256826553e-11,1.1267894136547e-05,-1.0462268580396e-13,1.1257814642432e-15
2767,0,0,2767,2.1873135960343e-11,1.1268469698119e-05,-1.0417664446973e-13,1.1208662095888e-15
2768,0,0,2768,2.1872020007903e-11,1.1269042795366e-05,-1.0373060169712e-13,1.1159524399174e-15
2769,0,0,2769,2.1870908967755e-11,1.126961342828e-05,-1.0328455749257e-13,1.1110401484921e-15
2770,0,0,2770,2.1869802838426e-11,1.1270181596854e-05,-1.0283851186313e-13,1.1061293285953e-15
2771,0,0,2771,2.1868701618453e-11,1.127074730108e-05,-1.0239246481431e-13,1.1012199734932e-15
2772,0,0,2772,2.1867605306376e-11,1.1271310540949e-05,-1.0194641635379e-13,1.0963120764746e-15
2773,0,0,2773,2.1866513900745e-11,1.1271871316454e-05,-1.0150036648739e-13,1.0914056308187e-15
2774,0,0,2774,2.1865427400116e-11,1.1272429627588e-05,-1.0105431522155e-13,1.0865006298273e-15
2775,0,0,2775,2.1864345803049e-11,1.1272985474343e-05,-1.0060826256332e-13,1.081597066786e-15
2776,0,0,2776,2.1863269108114e-11,1.127353885671e-05,-1.0016220851853e-13,1.0766949349998e-15
2777,0,0,2777,2.1862197313886e-11,1.1274089774683e-05,-9.9716153094231e-14,1.0717942277737e-15
2778,0,0,2778,2.1861130418948e-11,1.1274638228254e-05,-9.9270096296552e-14,1.0668949384159e-15
2779,0,0,2779,2.1860068421887e-11,1.1275184217415e-05,-9.8824038131935e-14,1.0619970602509e-15
2780,0,0,2780,2.1859011321301e-11,1.1275727742158e-05,-9.8377978607431e-14,1.0571005865837e-15
2781,0,0,2781,2.185795911579e-11,1.1276268802477e-05,-9.7931917729174e-14,1.052205510745e-15
2782,0,0,2782,2.1856911803964e-11,1.1276807398364e-05,-9.748585550299e-14,1.0473118260723e-15
2783,0,0,2783,2.1855869384438e-11,1.1277343529811e-05,-9.703979193685e-14,1.0424195258834e-15
2784,0,0,2784,2.1854831855835e-11,1.1277877196811e-05,-9.6593727035354e-14,1.0375286035287e-15
2785,0,0,2785,2.1853799216782e-11,1.1278408399357e-05,-9.6147660806475e-14,1.0326390523421e-15
2786,0,0,2786,2.1852771465917e-11,1.1278937137442e-05,-9.5701593256038e-14,1.0277508656804e-15
2787,0,0,2787,2.185174860188e-11,1.1279463411057e-05,-9.5255524390482e-14,1.0228640368874e-15
2788,0,0,2788,2.185073062332e-11,1.1279987220196e-05,-9.4809454216553e-14,1.0179785593198e-15
2789,0,0,2789,2.1849717528894e-11,1.1280508564852e-05,-9.4363382740078e-14,1.0130944263472e-15
2790,0,0,2790,2.1848709317263e-11,1.1281027445018e-05,-9.3917309968108e-14,1.0082116313198e-15
2791,0,0,2791,2.1847705987095e-11,1.1281543860686e-05,-9.3471235906776e-14,1.0033301676202e-15
2792,0,0,2792,2.1846707537066e-11,1.1282057811849e-05,-9.3025160562828e-14,9.9845002861489e-16
2793,0,0,2793,2.1845713965859e-11,1.1282569298501e-05,-9.2579083942089e-14,9.935712076863e-16
2794,0,0,2794,2.184472527216e-11,1.1283078320634e-05,-9.2133006051612e-14,9.886936982138e-16
2795,0,0,2795,2.1843741454667e-11,1.1283584878241e-05,-9.1686926897224e-14,9.8381749358964e-16
2796,0,0,2796,2.184276251208e-11,1.1284088971315e-05,-9.1240846485669e-14,9.7894258720283e-16
2797,0,0,2797,2.1841788443107e-11,1.128459059985e-05,-9.0794764823693e-14,9.7406897244239e-16
2798,0,0,2798,2.1840819246465e-11,1.1285089763839e-05,-9.0348681917123e-14,9.6919664271672e-16
2799,0,0,2799,2.1839854920873e-11,1.1285586463274e-05,-8.9902597772091e-14,9.6432559142778e-16
2800,0,0,2800,2.1838895465061e-11,1.1286080698149e-05,-8.9456512396262e-14,9.5945581198395e-16
2801,0,0,2801,2.1837940877763e-11,1.1286572468457e-05,-8.9010425794543e-14,9.5458729779365e-16
2802,0,0,2802,2.1836991157721e-11,1.1287061774192e-05,-8.8564337974599e-14,9.4972004228144e-16
2803,0,0,2803,2.1836046303682e-11,1.1287548615347e-05,-8.8118248941642e-14,9.4485403886218e-16
2804,0,0,2804,2.1835106314401e-11,1.1288032991914e-05,-8.7672158702727e-14,9.3998928096367e-16
2805,0,0,2805,2.1834171188639e-11,1.1288514903888e-05,-8.722606726429e-14,9.3512576201046e-16
2806,0,0,2806,2.1833240925164e-11,1.1288994351261e-05,-8.6779974632465e-14,9.302634754465e-16
2807,0,0,2807,2.1832315522749e-11,1.1289471334028e-05,-8.6333880813385e-14,9.2540241469636e-16
2808,0,0,2808,2.1831394980176e-11,1.1289945852182e-05,-8.5887785814102e-14,9.2054257320721e-16
2809,0,0,2809,2.1830479296231e-11,1.1290417905716e-05,-8.5441689640134e-14,9.1568394442946e-16
2810,0,0,2810,2.182956846971e-11,1.1290887494624e-05,-8.4995592298535e-14,9.1082652180383e-16
2811,0,0,2811,2.1828662499411e-11,1.1291354618899e-05,-8.4549493795437e-14,9.0597029878719e-16
2812,0,0,2812,2.1827761384142e-11,1.1291819278535e-05,-8.4103394136666e-14,9.0111526883641e-16
2813,0,0,2813,2.1826865122717e-11,1.1292281473526e-05,-8.3657293329581e-14,8.9626142541806e-16
2814,0,0,2814,2.1825973713955e-11,1.1292741203865e-05,-8.3211191379394e-14,8.9140876198577e-16
2815,0,0,2815,2.1825087156683e-11,1.1293198469546e-05,-8.2765088293465e-14,8.8655727202228e-16
2816,0,0,2816,2.1824205449734e-11,1.1293653270563e-05,-8.2318984077313e-14,8.8170694898768e-16
2817,0,0,2817,2.1823328591947e-11,1.129410560691e-05,-8.1872878737684e-14,8.7685778637116e-16
2818,0,0,2818,2.182245658217e-11,1.129455547858e-05,-8.1426772281016e-14,8.7200977763928e-16
2819,0,0,2819,2.1821589419253e-11,1.1295002885567e-05,-8.0980664713136e-14,8.6716291629091e-16
2820,0,0,2820,2.1820727102057e-11,1.1295447827866e-05,-8.0534556040789e-14,8.6231719580556e-16
2821,0,0,2821,2.1819869629448e-11,1.1295890305469e-05,-8.0088446269801e-14,8.5747260967241e-16
2822,0,0,2822,2.1819017000296e-11,1.1296330318372e-05,-7.9642335407225e-14,8.5262915139679e-16
2823,0,0,2823,2.1818169213482e-11,1.1296767866568e-05,-7.9196223458887e-14,8.4778681447112e-16
2824,0,0,2824,2.181732626789e-11,1.1297202950051e-05,-7.8750110430919e-14,8.4294559240073e-16
2825,0,0,2825,2.1816488162411e-11,1.1297635568815e-05,-7.830399632976e-14,8.3810547869098e-16
2826,0,0,2826,2.1815654895944e-11,1.1298065722855e-05,-7.7857881162157e-14,8.3326646685365e-16
2827,0,0,2827,2.1814826467394e-11,1.1298493412164e-05,-7.7411764933934e-14,8.2842855040379e-16
2828,0,0,2828,2.1814002875671e-11,1.1298918636737e-05,-7.6965647651224e-14,8.235917228532e-16
2829,0,0,2829,2.1813184119693e-11,1.1299341396567e-05,-7.6519529320467e-14,8.1875597772983e-16
2830,0,0,2830,2.1812370198384e-11,1.129976169165e-05,-7.6073409948409e-14,8.139213085584e-16
2831,0,0,2831,2.1811561110676e-11,1.1300179521979e-05,-7.5627289540568e-14,8.0908770886043e-16
2832,0,0,2832,2.1810756855503e-11,1.1300594887548e-05,-7.518116810369e-14,8.0425517217032e-16
2833,0,0,2833,2.1809957431811e-11,1.1301007788353e-05,-7.4735045643909e-14,7.994236920322e-16
2834,0,0,2834,2.1809162838549e-11,1.1301418224387e-05,-7.4288922167356e-14,7.9459326197078e-16
2835,0,0,2835,2.1808373074674e-11,1.1301826195645e-05,-7.3842797680777e-14,7.8976387553664e-16
2836,0,0,2836,2.1807588139148e-11,1.1302231702121e-05,-7.3396672189691e-14,7.8493552627713e-16
2837,0,0,2837,2.180680803094e-11,1.130263474381e-05,-7.2950545701151e-14,7.8010820773313e-16
2838,0,0,2838,2.1806032749026e-11,1.1303035320706e-05,-7.250441822037e-14,7.7528191346168e-16
2839,0,0,2839,2.1805262292389e-11,1.1303433432804e-05,-7.2058289754707e-14,7.7045663702305e-16
2840,0,0,2840,2.1804496660017e-11,1.1303829080099e-05,-7.1612160309986e-14,7.6563237196459e-16
2841,0,0,2841,2.1803735850906e-11,1.1304222262584e-05,-7.1166029891729e-14,7.6080911186594e-16
2842,0,0,2842,2.1802979864055e-11,1.1304612980256e-05,-7.07198985076e-14,7.5598685027446e-16
2843,0,0,2843,2.1802228698475e-11,1.1305001233108e-05,-7.0273766162505e-14,7.5116558076981e-16
2844,0,0,2844,2.1801482353178e-11,1.1305387021134e-05,-6.982763286319e-14,7.4634529692517e-16
2845,0,0,2845,2.1800740827185e-11,1.1305770344331e-05,-6.9381498616401e-14,7.4152599231051e-16
2846,0,0,2846,2.1800004119525e-11,1.1306151202693e-05,-6.8935363427351e-14,7.3670766050548e-16
2847,0,0,2847,2.179927222923e-11,1.1306529596214e-05,-6.8489227302785e-14,7.3189029509299e-16
2848,0,0,2848,2.179854515534e-11,1.1306905524889e-05,-6.8043090249142e-14,7.2707388966236e-16
2849,0,0,2849,2.1797822896902e-11,1.1307278988714e-05,-6.7596952272249e-14,7.2225843779327e-16
2850,0,0,2850,2.1797105452969e-11,1.1307649987683e-05,-6.7150813378238e-14,7.1744393308476e-16
2851,0,0,2851,2.17963928226e-11,1.1308018521791e-05,-6.670467357416e-14,7.1263036912617e-16
2852,0,0,2852,2.1795685004861e-11,1.1308384591033e-05,-6.6258532864924e-14,7.0781773951654e-16
2853,0,0,2853,2.1794981998823e-11,1.1308748195405e-05,-6.5812391257579e-14,7.030060378614e-16
2854,0,0,2854,2.1794283803565e-11,1.1309109334901e-05,-6.536624875826e-14,6.9819525775331e-16
2855,0,0,2855,2.1793590418172e-11,1.1309468009516e-05,-6.4920105373099e-14,6.9338539280748e-16
2856,0,0,2856,2.1792901841735e-11,1.1309824219246e-05,-6.4473961107921e-14,6.8857643663587e-16
2857,0,0,2857,2.1792218073353e-11,1.1310177964085e-05,-6.4027815969473e-14,6.8376838284077e-16
2858,0,0,2858,2.1791539112128e-11,1.131052924403e-05,-6.358166996358e-14,6.7896122504382e-16
2859,0,0,2859,2.1790864957171e-11,1.1310878059075e-05,-6.3135523096681e-14,6.741549568667e-16
2860,0,0,2860,2.1790195607599e-11,1.1311224409215e-05,-6.2689375374296e-14,6.6934957192461e-16
2861,0,0,2861,2.1789531062535e-11,1.1311568294446e-05,-6.2243226803783e-14,6.6454506384243e-16
2862,0,0,2862,2.1788871321109e-11,1.1311909714763e-05,-6.1797077390356e-14,6.5974142625475e-16
2863,0,0,2863,2.1788216382456e-11,1.1312248670162e-05,-6.1350927140147e-14,6.5493865278647e-16
2864,0,0,2864,2.1787566245719e-11,1.1312585160637e-05,-6.0904776060208e-14,6.5013673706248e-16
2865,0,0,2865,2.1786920910046e-11,1.1312919186185e-05,-6.0458624155752e-14,6.4533567273353e-16
2866,0,0,2866,2.1786280374593e-11,1.1313250746801e-05,-6.0012471433218e-14,6.405354534245e-16
2867,0,0,2867,2.178564463852e-11,1.131357984248e-05,-5.9566317899352e-14,6.3573607278613e-16
2868,0,0,2868,2.1785013700995e-11,1.1313906473217e-05,-5.9120163559672e-14,6.3093752445949e-16
2869,0,0,2869,2.1784387561193e-11,1.131423063901e-05,-5.8674008420006e-14,6.2613980208884e-16
2870,0,0,2870,2.1783766218294e-11,1.1314552339852e-05,-5.8227852487712e-14,6.2134289932816e-16
2871,0,0,2871,2.1783149671484e-11,1.131487157574e-05,-5.7781695767695e-14,6.1654680981851e-16
2872,0,0,2872,2.1782537919957e-11,1.131518834667e-05,-5.7335538266703e-14,6.1175152723e-16
2873,0,0,2873,2.1781930962912e-11,1.1315502652637e-05,-5.6889379991173e-14,6.0695704521016e-16
2874,0,0,2874,2.1781328799554e-11,1.1315814493637e-05,-5.6443220946319e-14,6.0216335742264e-16
2875,0,0,2875,2.1780731429097e-11,1.1316123869665e-05,-5.5997061139193e-14,5.9737045752466e-16
2876,0,0,2876,2.1780138850758e-11,1.1316430780718e-05,-5.5550900575621e-14,5.9257833918957e-16
2877,0,0,2877,2.1779551063762e-11,1.1316735226791e-05,-5.5104739261428e-14,5.8778699607458e-16
2878,0,0,2878,2.177896806734e-11,1.1317037207881e-05,-5.4658577203055e-14,5.8299642186274e-16
2879,0,0,2879,2.1778389860729e-11,1.1317336723982e-05,-5.4212414406939e-14,5.782066102145e-16
2880,0,0,2880,2.1777816443175e-11,1.1317633775092e-05,-5.3766250878294e-14,5.7341755481289e-16
2881,0,0,2881,2.1777247813925e-11,1.1317928361206e-05,-5.3320086623865e-14,5.686292493313e-16
2882,0,0,2882,2.1776683972238e-11,1.131822048232e-05,-5.2873921650092e-14,5.6384168745276e-16
2883,0,0,2883,2.1776124917375e-11,1.1318510138431e-05,-5.2427755962494e-14,5.590548628571e-16
2884,0,0,2884,2.1775570648606e-11,1.1318797329533e-05,-5.1981589567203e-14,5.5426876923384e-16
2885,0,0,2885,2.1775021165206e-11,1.1319082055624e-05,-5.1535422470966e-14,5.494834002628e-16
2886,0,0,2886,2.1774476466456e-11,1.13193643167e-05,-5.1089254678687e-14,5.4469874963997e-16
2887,0,0,2887,2.1773936551645e-11,1.1319644112756e-05,-5.0643086198034e-14,5.3991481105485e-16
2888,0,0,2888,2.1773401420067e-11,1.1319921443789e-05,-5.0196917033911e-14,5.3513157820343e-16
2889,0,0,2889,2.1772871071022e-11,1.1320196309796e-05,-4.9750747193064e-14,5.3034904478168e-16
2890,0,0,2890,2.1772345503817e-11,1.1320468710772e-05,-4.9304576681014e-14,5.2556720448236e-16
2891,0,0,2891,2.1771824717766e-11,1.1320738646714e-05,-4.8858405504505e-14,5.207860510176e-16
2892,0,0,2892,2.1771308712188e-11,1.1321006117618e-05,-4.8412233669057e-14,5.1600557808337e-16
2893,0,0,2893,2.1770797486409e-11,1.1321271123481e-05,-4.7966061181109e-14,5.1122577938858e-16
2894,0,0,2894,2.177029103976e-11,1.1321533664299e-05,-4.7519888046794e-14,5.0644664863891e-16
2895,0,0,2895,2.1769789371581e-11,1.1321793740069e-05,-4.7073714271937e-14,5.0166817954325e-16
2896,0,0,2896,2.1769292481215e-11,1.1322051350786e-05,-4.6627539863284e-14,4.9689036582021e-16
2897,0,0,2897,2.1768800368014e-11,1.1322306496448e-05,-4.6181364825435e-14,4.9211320117223e-16
2898,0,0,2898,2.1768313031334e-11,1.1322559177051e-05,-4.5735189166361e-14,4.8733667933082e-16
2899,0,0,2899,2.176783047054e-11,1.1322809392592e-05,-4.528901289097e-14,4.8256079400489e-16
2900,0,0,2900,2.1767352685001e-11,1.1323057143067e-05,-4.4842836005393e-14,4.7778553891304e-16
2901,0,0,2901,2.1766879674094e-11,1.1323302428473e-05,-4.439665851607e-14,4.7301090778357e-16
2902,0,0,2902,2.1766411437199e-11,1.1323545248807e-05,-4.3950480429132e-14,4.6823689434152e-16
2903,0,0,2903,2.1765947973707e-11,1.1323785604066e-05,-4.35043017501e-14,4.6346349230872e-16
2904,0,0,2904,2.1765489283012e-11,1.1324023494245e-05,-4.3058122485413e-14,4.5869069541671e-16
2905,0,0,2905,2.1765035364514e-11,1.1324258919343e-05,-4.2611942641509e-14,4.53918497397e-16
2906,0,0,2906,2.1764586217622e-11,1.1324491879355e-05,-4.2165762223908e-14,4.4914689198111e-16
2907,0,0,2907,2.1764141841749e-11,1.1324722374279e-05,-4.1719581238435e-14,4.4437587290056e-16
2908,0,0,2908,2.1763702236315e-11,1.1324950404111e-05,-4.1273399691838e-14,4.3960543389658e-16
2909,0,0,2909,2.1763267400747e-11,1.1325175968849e-05,-4.0827217590247e-14,4.3483556870714e-16
2910,0,0,2910,2.1762837334476e-11,1.132539906849e-05,-4.0381034938876e-14,4.30066271067e-16
2911,0,0,2911,2.1762412036941e-11,1.132561970303e-05,-3.9934851744471e-14,4.2529753472384e-16
2912,0,0,2912,2.1761991507587e-11,1.1325837872467e-05,-3.9488668012856e-14,4.2052935341886e-16
2913,0,0,2913,2.1761575745867e-11,1.1326053576797e-05,-3.9042483750473e-14,4.1576172090299e-16
2914,0,0,2914,2.1761164751236e-11,1.1326266816017e-05,-3.8596298962533e-14,4.1099463091096e-16
2915,0,0,2915,2.1760758523158e-11,1.1326477590126e-05,-3.8150113655474e-14,4.0622807720663e-16
2916,0,0,2916,2.1760357061105e-11,1.132668589912e-05,-3.7703927836044e-14,4.014620535312e-16
2917,0,0,2917,2.1759960364551e-11,1.1326891742995e-05,-3.7257741509455e-14,3.9669655364204e-16
2918,0,0,2918,2.175956843298e-11,1.132709512175e-05,-3.6811554681839e-14,3.9193157129006e-16
2919,0,0,2919,2.175918126588e-11,1.1327296035382e-05,-3.6365367359635e-14,3.8716710023587e-16
2920,0,0,2920,2.1758798862746e-11,1.1327494483888e-05,-3.5919179548363e-14,3.824031342336e-16
2921,0,0,2921,2.1758421223078e-11,1.1327690467265e-05,-3.5472991254769e-14,3.7763966704063e-16
2922,0,0,2922,2.1758048346386e-11,1.1327883985511e-05,-3.5026802484064e-14,3.7287669242726e-16
2923,0,0,2923,2.1757680232182e-11,1.1328075038623e-05,-3.4580613242995e-14,3.6811420414438e-16
2924,0,0,2924,2.1757316879986e-11,1.1328263626598e-05,-3.4134423537082e-14,3.6335219596553e-16
2925,0,0,2925,2.1756958289324e-11,1.1328449749434e-05,-3.3688233372456e-14,3.5859066164808e-16
2926,0,0,2926,2.1756604459729e-11,1.1328633407129e-05,-3.3242042755863e-14,3.5382959496556e-16
2927,0,0,2927,2.175625539074e-11,1.132881459968e-05,-3.279585169221e-14,3.4906898968503e-16
2928,0,0,2928,2.17559110819e-11,1.1328993327084e-05,-3.2349660188242e-14,3.4430883957679e-16
2929,0,0,2929,2.1755571532762e-11,1.132916958934e-05,-3.1903468249785e-14,3.3954913841114e-16
2930,0,0,2930,2.1755236742882e-11,1.1329343386444e-05,-3.1457275882665e-14,3.3478987996482e-16
2931,0,0,2931,2.1754906711824e-11,1.1329514718395e-05,-3.1011083093627e-14,3.3003105800815e-16
2932,0,0,2932,2.1754581439157e-11,1.132968358519e-05,-3.0564889887886e-14,3.2527266631787e-16
2933,0,0,2933,2.1754260924459e-11,1.1329849986827e-05,-3.0118696271878e-14,3.205146986772e-16
2934,0,0,2934,2.175394516731e-11,1.1330013923303e-05,-2.9672502251431e-14,3.1575714885646e-16
2935,0,0,2935,2.1753634167299e-11,1.1330175394617e-05,-2.9226307832677e-14,3.1100001064207e-16
2936,0,0,2936,2.1753327924021e-11,1.1330334400767e-05,-2.8780113021442e-14,3.0624327781404e-16
2937,0,0,2937,2.1753026437077e-11,1.1330490941749e-05,-2.8333917824164e-14,3.0148694415236e-16
2938,0,0,2938,2.1752729706074e-11,1.1330645017563e-05,-2.7887722246671e-14,2.967310034467e-16
2939,0,0,2939,2.1752437730624e-11,1.1330796628205e-05,-2.7441526294787e-14,2.9197544947383e-16
2940,0,0,2940,2.1752150510348e-11,1.1330945773675e-05,-2.6995329974952e-14,2.8722027603312e-16
2941,0,0,2941,2.1751868044871e-11,1.1331092453969e-05,-2.6549133292072e-14,2.8246547690133e-16
2942,0,0,2942,2.1751590333826e-11,1.1331236669086e-05,-2.6102936253813e-14,2.7771104587138e-16
2943,0,0,2943,2.1751317376849e-11,1.1331378419025e-05,-2.565673886508e-14,2.7295697673294e-16
2944,0,0,2944,2.1751049173585e-11,1.1331517703783e-05,-2.5210541132006e-14,2.6820326328217e-16
2945,0,0,2945,2.1750785723686e-11,1.1331654523358e-05,-2.4764343061031e-14,2.6344989930552e-16
2946,0,0,2946,2.1750527026808e-11,1.1331788877748e-05,-2.4318144657366e-14,2.5869687859912e-16
2947,0,0,2947,2.1750273082613e-11,1.1331920766952e-05,-2.3871945928064e-14,2.539441949559e-16
2948,0,0,2948,2.175002389077e-11,1.1332050190968e-05,-2.3425746878032e-14,2.4919184217846e-16
2949,0,0,2949,2.1749779450956e-11,1.1332177149794e-05,-2.2979547514322e-14,2.4443981405649e-16
2950,0,0,2950,2.1749539762852e-11,1.1332301643428e-05,-2.2533347842452e-14,2.3968810439259e-16
2951,0,0,2951,2.1749304826145e-11,1.133242367187e-05,-2.2087147867943e-14,2.3493670698291e-16
2952,0,0,2952,2.1749074640529e-11,1.1332543235116e-05,-2.164094759754e-14,2.3018561563006e-16
2953,0,0,2953,2.1748849205705e-11,1.1332660333166e-05,-2.1194747037068e-14,2.254348241334e-16
2954,0,0,2954,2.1748628521379e-11,1.1332774966018e-05,-2.0748546192355e-14,2.2068432629557e-16
2955,0,0,2955,2.1748412587263e-11,1.133288713367e-05,-2.0302345069225e-14,2.1593411592238e-16
2956,0,0,2956,2.1748201403076e-11,1.1332996836121e-05,-1.9856143674117e-14,2.1118418680998e-16
2957,0,0,2957,2.1747994968543e-11,1.133310407337e-05,-1.9409942012859e-14,2.0643453277715e-16
2958,0,0,2958,2.1747793283396e-11,1.1333208845415e-05,-1.8963740091582e-14,2.0168514761355e-16
2959,0,0,2959,2.1747596347371e-11,1.1333311152254e-05,-1.8517537915498e-14,1.9693602513797e-16
2960,0,0,2960,2.1747404160212e-11,1.1333410993887e-05,-1.8071335491968e-14,1.9218715915299e-16
2961,0,0,2961,2.1747216721668e-11,1.1333508370311e-05,-1.7625132825589e-14,1.8743854347093e-16
2962,0,0,2962,2.1747034031496e-11,1.1333603281526e-05,-1.7178929923416e-14,1.8269017189116e-16
2963,0,0,2963,2.1746856089458e-11,1.133369572753e-05,-1.6732726790966e-14,1.7794203823245e-16
2964,0,0,2964,2.1746682895322e-11,1.1333785708323e-05,-1.6286523433759e-14,1.7319413630709e-16
2965,0,0,2965,2.1746514448862e-11,1.1333873223902e-05,-1.5840319859155e-14,1.6844645992093e-16
2966,0,0,2966,2.1746350749859e-11,1.1333958274267e-05,-1.5394116071446e-14,1.6369900288626e-16
2967,0,0,2967,2.17461917981e-11,1.1334040859417e-05,-1.4947912078297e-14,1.5895175902186e-16
2968,0,0,2968,2.1746037593378e-11,1.133412097935e-05,-1.4501707884002e-14,1.5420472213355e-16
2969,0,0,2969,2.1745888135492e-11,1.1334198634065e-05,-1.4055503495919e-14,1.4945788604011e-16
2970,0,0,2970,2.1745743424247e-11,1.1334273823562e-05,-1.3609298919568e-14,1.4471124456029e-16
2971,0,0,2971,2.1745603459456e-11,1.1334346547839e-05,-1.3163094160467e-14,1.3996479150317e-16
2972,0,0,2972,2.1745468240935e-11,1.1334416806896e-05,-1.2716889225364e-14,1.352185206875e-16
2973,0,0,2973,2.1745337768509e-11,1.1334484600731e-05,-1.2270684119776e-14,1.3047242592883e-16
2974,0,0,2974,2.1745212042008e-11,1.1334549929343e-05,-1.1824478849837e-14,1.2572650104592e-16
2975,0,0,2975,2.1745091061268e-11,1.1334612792732e-05,-1.1378273421679e-14,1.2098073985753e-16
2976,0,0,2976,2.1744974826132e-11,1.1334673190897e-05,-1.0932067840515e-14,1.1623513617918e-16
2977,0,0,2977,2.1744863336448e-11,1.1334731123837e-05,-1.0485862113703e-14,1.1148968383289e-16
2978,0,0,2978,2.1744756592071e-11,1.1334786591551e-05,-1.0039656245843e-14,1.067443766374e-16
2979,0,0,2979,2.1744654592863e-11,1.1334839594039e-05,-9.5934502436817e-15,1.0199920841149e-16
2980,0,0,2980,2.174455733869e-11,1.1334890131299e-05,-9.1472441130436e-15,9.7254172973919e-17
2981,0,0,2981,2.1744464829426e-11,1.1334938203331e-05,-8.7010378597552e-15,9.250926415314e-17
2982,0,0,2982,2.174437706495e-11,1.1334983810135e-05,-8.2548314902556e-15,8.7764475761458e-17
2983,0,0,2983,2.1744294045148e-11,1.133502695171e-05,-7.8086250097574e-15,8.3019801624098e-17
2984,0,0,2984,2.1744215769913e-11,1.1335067628055e-05,-7.362418425313e-15,7.8275235566286e-17
2985,0,0,2985,2.1744142239142e-11,1.1335105839169e-05,-6.9162117415218e-15,7.3530771400323e-17
2986,0,0,2986,2.1744073452739e-11,1.1335141585053e-05,-6.4700049654362e-15,6.8786402961129e-17
2987,0,0,2987,2.1744009410614e-11,1.1335174865705e-05,-6.0237981028821e-15,6.4042124067468e-17
2988,0,0,2988,2.1743950112686e-11,1.1335205681126e-05,-5.5775911593787e-15,5.9297928534871e-17
2989,0,0,2989,2.1743895558876e-11,1.1335234031315e-05,-5.1313841413652e-15,5.455381020149e-17
2990,0,0,2990,2.1743845749113e-11,1.1335259916271e-05,-4.6851770546676e-15,4.9809762876395e-17
2991,0,0,2991,2.1743800683332e-11,1.1335283335994e-05,-4.2389699048049e-15,4.5065780391274e-17
2992,0,0,2992,2.1743760361476e-11,1.1335304290484e-05,-3.7927626988298e-15,4.0321856571353e-17
2993,0,0,2993,2.1743724783491e-11,1.1335322779741e-05,-3.3465554413415e-15,3.5577985241858e-17
2994,0,0,2994,2.174369394933e-11,1.1335338803764e-05,-2.900348139699e-15,3.083416021509e-17
2995,0,0,2995,2.1743667858955e-11,1.1335352362553e-05,-2.4541407988085e-15,2.6090375335662e-17
2996,0,0,2996,2.1743646512331e-11,1.1335363456107e-05,-2.0079334254155e-15,2.1346624412645e-17
2997,0,0,2997,2.1743629909429e-11,1.1335372084428e-05,-1.5617260247329e-15,1.6602901274495e-17
2998,0,0,2998,2.174361805023e-11,1.1335378247514e-05,-1.1155186031997e-15,1.1859199752901e-17
2999,0,0,2999,2.1743610934716e-11,1.1335381945366e-05,-6.6931116694851e-16,7.1155136666271e-18
3000,0,0,3000,2.1743608562879e-11,1.1335383177983e-05,-2.2310372180513e-16,2.3718368408982e-18
3001,0,0,3001,2.1743610934716e-11,1.1335381945366e-05,2.2310372364488e-16,-2.3718368732099e-18
3002,0,0,3002,2.174361805023e-11,1.1335378247514e-05,6.6931116694851e-16,-7.1155136666271e-18
3003,0,0,3003,2.1743629909429e-11,1.1335372084428e-05,1.1155186035064e-15,-1.1859199752901e-17
3004,0,0,3004,2.1743646512331e-11,1.1335363456107e-05,1.5617260247329e-15,-1.6602901274495e-17
3005,0,0,3005,2.1743667858955e-11,1.1335352362553e-05,2.0079334251089e-15,-2.1346624412645e-17
3006,0,0,3006,2.174369394933e-11,1.1335338803764e-05,2.4541407988085e-15,-2.6090375332431e-17
3007,0,0,3007,2.1743724783491e-11,1.1335322779741e-05,2.900348139699e-15,-3.0834160218321e-17
3008,0,0,3008,2.1743760361476e-11,1.1335304290484e-05,3.3465554416481e-15,-3.5577985238627e-17
3009,0,0,3009,2.1743800683333e-11,1.1335283335994e-05,3.7927626985232e-15,-4.0321856574584e-17
3010,0,0,3010,2.1743845749113e-11,1.1335259916271e-05,4.2389699051116e-15,-4.5065780391274e-17
3011,0,0,3011,2.1743895558876e-11,1.1335234031315e-05,4.6851770543609e-15,-4.9809762876395e-17
3012,0,0,3012,2.1743950112686e-11,1.1335205681126e-05,5.1313841413652e-15,-5.4553810198259e-17
3013,0,0,3013,2.1744009410615e-11,1.1335174865705e-05,5.5775911593787e-15,-5.9297928538102e-17
3014,0,0,3014,2.1744073452739e-11,1.1335141585053e-05,6.0237981028821e-15,-6.4042124064236e-17
3015,0,0,3015,2.1744142239142e-11,1.1335105839169e-05,6.4700049657428e-15,-6.8786402961129e-17
3016,0,0,3016,2.1744215769913e-11,1.1335067628055e-05,6.9162117415218e-15,-7.3530771403554e-17
3017,0,0,3017,2.1744294045149e-11,1.133502695171e-05,7.3624184250064e-15,-7.8275235563054e-17
3018,0,0,3018,2.174437706495e-11,1.1334983810135e-05,7.808625010064e-15,-8.3019801624098e-17
3019,0,0,3019,2.1744464829426e-11,1.1334938203331e-05,8.254831489949e-15,-8.7764475761458e-17
3020,0,0,3020,2.174455733869e-11,1.1334890131299e-05,8.7010378600619e-15,-9.250926415314e-17
3021,0,0,3021,2.1744654592863e-11,1.1334839594039e-05,9.1472441130436e-15,-9.7254172973919e-17
3022,0,0,3022,2.1744756592071e-11,1.1334786591551e-05,9.5934502436817e-15,-1.0199920841149e-16
3023,0,0,3023,2.1744863336448e-11,1.1334731123837e-05,1.0039656245843e-14,-1.067443766374e-16
3024,0,0,3024,2.1744974826132e-11,1.1334673190897e-05,1.0485862113396e-14,-1.1148968383289e-16
3025,0,0,3025,2.1745091061268e-11,1.1334612792732e-05,1.0932067840821e-14,-1.1623513617918e-16
3026,0,0,3026,2.1745212042008e-11,1.1334549929343e-05,1.1378273421372e-14,-1.2098073985753e-16
3027,0,0,3027,2.1745337768509e-11,1.1334484600731e-05,1.1824478849837e-14,-1.2572650104592e-16
3028,0,0,3028,2.1745468240935e-11,1.1334416806896e-05,1.2270684120083e-14,-1.3047242592883e-16
3029,0,0,3029,2.1745603459456e-11,1.1334346547839e-05,1.2716889225364e-14,-1.3521852068427e-16
3030,0,0,3030,2.1745743424247e-11,1.1334273823562e-05,1.3163094160467e-14,-1.3996479150317e-16
3031,0,0,3031,2.1745888135492e-11,1.1334198634065e-05,1.3609298919261e-14,-1.4471124456029e-16
3032,0,0,3032,2.1746037593378e-11,1.133412097935e-05,1.4055503496225e-14,-1.4945788604334e-16
3033,0,0,3033,2.17461917981e-11,1.1334040859417e-05,1.4501707884002e-14,-1.5420472213355e-16
3034,0,0,3034,2.1746350749859e-11,1.1333958274267e-05,1.494791207799e-14,-1.5895175902186e-16
3035,0,0,3035,2.1746514448862e-11,1.1333873223902e-05,1.5394116071752e-14,-1.6369900288626e-16
3036,0,0,3036,2.1746682895322e-11,1.1333785708323e-05,1.5840319858848e-14,-1.684464599177e-16
3037,0,0,3037,2.1746856089458e-11,1.133369572753e-05,1.6286523434066e-14,-1.7319413630709e-16
3038,0,0,3038,2.1747034031496e-11,1.1333603281526e-05,1.6732726790659e-14,-1.7794203823568e-16
3039,0,0,3039,2.1747216721668e-11,1.1333508370311e-05,1.7178929923416e-14,-1.8269017189116e-16
3040,0,0,3040,2.1747404160212e-11,1.1333410993887e-05,1.7625132825589e-14,-1.874385434677e-16
3041,0,0,3041,2.1747596347371e-11,1.1333311152254e-05,1.8071335491968e-14,-1.9218715915299e-16
3042,0,0,3042,2.1747793283396e-11,1.1333208845415e-05,1.8517537915805e-14,-1.9693602513797e-16
3043,0,0,3043,2.1747994968543e-11,1.133310407337e-05,1.8963740091275e-14,-2.0168514761355e-16
3044,0,0,3044,2.1748201403076e-11,1.1332996836121e-05,1.9409942012859e-14,-2.0643453277715e-16
3045,0,0,3045,2.1748412587263e-11,1.133288713367e-05,1.9856143674424e-14,-2.1118418680998e-16
3046,0,0,3046,2.1748628521379e-11,1.1332774966018e-05,2.0302345069225e-14,-2.1593411592238e-16
3047,0,0,3047,2.1748849205705e-11,1.1332660333166e-05,2.0748546192355e-14,-2.2068432629557e-16
3048,0,0,3048,2.1749074640529e-11,1.1332543235116e-05,2.1194747036762e-14,-2.254348241334e-16
3049,0,0,3049,2.1749304826145e-11,1.133242367187e-05,2.1640947597846e-14,-2.3018561563006e-16
3050,0,0,3050,2.1749539762852e-11,1.1332301643428e-05,2.2087147867943e-14,-2.3493670698291e-16
3051,0,0,3051,2.1749779450956e-11,1.1332177149794e-05,2.2533347842146e-14,-2.3968810438936e-16
3052,0,0,3052,2.175002389077e-11,1.1332050190968e-05,2.2979547514322e-14,-2.4443981405649e-16
3053,0,0,3053,2.1750273082613e-11,1.1331920766952e-05,2.3425746878339e-14,-2.4919184217846e-16
3054,0,0,3054,2.1750527026808e-11,1.1331788877748e-05,2.3871945927758e-14,-2.5394419495913e-16
3055,0,0,3055,2.1750785723686e-11,1.1331654523357e-05,2.4318144657672e-14,-2.5869687859912e-16
3056,0,0,3056,2.1751049173586e-11,1.1331517703783e-05,2.4764343060724e-14,-2.6344989930228e-16
3057,0,0,3057,2.1751317376849e-11,1.1331378419025e-05,2.5210541132006e-14,-2.6820326328217e-16
3058,0,0,3058,2.1751590333826e-11,1.1331236669086e-05,2.565673886508e-14,-2.7295697673618e-16
3059,0,0,3059,2.1751868044871e-11,1.1331092453969e-05,2.6102936253813e-14,-2.7771104587138e-16
3060,0,0,3060,2.1752150510348e-11,1.1330945773675e-05,2.6549133292379e-14,-2.824654768981e-16
3061,0,0,3061,2.1752437730624e-11,1.1330796628205e-05,2.6995329974645e-14,-2.8722027603312e-16
3062,0,0,3062,2.1752729706074e-11,1.1330645017563e-05,2.7441526294787e-14,-2.9197544947706e-16
3063,0,0,3063,2.1753026437077e-11,1.1330490941749e-05,2.7887722246671e-14,-2.9673100344347e-16
3064,0,0,3064,2.1753327924021e-11,1.1330334400767e-05,2.8333917824164e-14,-3.0148694415236e-16
3065,0,0,3065,2.1753634167299e-11,1.1330175394617e-05,2.8780113021748e-14,-3.0624327781404e-16
3066,0,0,3066,2.175394516731e-11,1.1330013923303e-05,2.9226307832677e-14,-3.1100001064207e-16
3067,0,0,3067,2.1754260924459e-11,1.1329849986827e-05,2.9672502251124e-14,-3.1575714885646e-16
3068,0,0,3068,2.1754581439157e-11,1.132968358519e-05,3.0118696271878e-14,-3.205146986772e-16
3069,0,0,3069,2.1754906711824e-11,1.1329514718395e-05,3.0564889887886e-14,-3.2527266631787e-16
3070,0,0,3070,2.1755236742882e-11,1.1329343386444e-05,3.1011083093627e-14,-3.3003105800815e-16
3071,0,0,3071,2.1755571532762e-11,1.132916958934e-05,3.1457275882971e-14,-3.3478987996482e-16
3072,0,0,3072,2.17559110819e-11,1.1328993327084e-05,3.1903468249785e-14,-3.3954913841114e-16
3073,0,0,3073,2.175625539074e-11,1.132881459968e-05,3.2349660187935e-14,-3.4430883957679e-16
3074,0,0,3074,2.1756604459729e-11,1.1328633407129e-05,3.279585169221e-14,-3.4906898968503e-16
3075,0,0,3075,2.1756958289324e-11,1.1328449749434e-05,3.3242042755863e-14,-3.5382959496556e-16
3076,0,0,3076,2.1757316879986e-11,1.1328263626598e-05,3.3688233372762e-14,-3.5859066164808e-16
3077,0,0,3077,2.1757680232182e-11,1.1328075038623e-05,3.4134423537082e-14,-3.6335219596553e-16
3078,0,0,3078,2.1758048346386e-11,1.1327883985511e-05,3.4580613242689e-14,-3.6811420414438e-16
3079,0,0,3079,2.1758421223079e-11,1.1327690467265e-05,3.5026802484064e-14,-3.7287669242402e-16
3080,0,0,3080,2.1758798862746e-11,1.1327494483888e-05,3.5472991254769e-14,-3.7763966704386e-16
3081,0,0,3081,2.175918126588e-11,1.1327296035382e-05,3.5919179548363e-14,-3.824031342336e-16
3082,0,0,3082,2.175956843298e-11,1.132709512175e-05,3.6365367359635e-14,-3.8716710023587e-16
3083,0,0,3083,2.1759960364551e-11,1.1326891742995e-05,3.6811554681839e-14,-3.9193157129006e-16
3084,0,0,3084,2.1760357061105e-11,1.132668589912e-05,3.7257741509455e-14,-3.9669655364204e-16
3085,0,0,3085,2.1760758523158e-11,1.1326477590126e-05,3.7703927836044e-14,-4.014620535312e-16
3086,0,0,3086,2.1761164751236e-11,1.1326266816017e-05,3.8150113655781e-14,-4.0622807720663e-16
3087,0,0,3087,2.1761575745867e-11,1.1326053576797e-05,3.8596298962533e-14,-4.1099463091096e-16
3088,0,0,3088,2.1761991507588e-11,1.1325837872467e-05,3.9042483750166e-14,-4.1576172089975e-16
3089,0,0,3089,2.1762412036941e-11,1.132561970303e-05,3.9488668012856e-14,-4.2052935341886e-16
3090,0,0,3090,2.1762837334476e-11,1.132539906849e-05,3.9934851744471e-14,-4.2529753472707e-16
3091,0,0,3091,2.1763267400747e-11,1.1325175968849e-05,4.0381034938876e-14,-4.30066271067e-16
3092,0,0,3092,2.1763702236315e-11,1.1324950404111e-05,4.0827217590247e-14,-4.3483556870391e-16
3093,0,0,3093,2.1764141841749e-11,1.1324722374279e-05,4.1273399691838e-14,-4.3960543389658e-16
3094,0,0,3094,2.1764586217622e-11,1.1324491879355e-05,4.1719581238742e-14,-4.4437587290056e-16
3095,0,0,3095,2.1765035364514e-11,1.1324258919343e-05,4.2165762223601e-14,-4.4914689198111e-16
3096,0,0,3096,2.1765489283012e-11,1.1324023494245e-05,4.2611942641509e-14,-4.53918497397e-16
3097,0,0,3097,2.1765947973707e-11,1.1323785604066e-05,4.3058122485413e-14,-4.5869069541671e-16
3098,0,0,3098,2.1766411437199e-11,1.1323545248807e-05,4.35043017501e-14,-4.6346349230872e-16
3099,0,0,3099,2.1766879674094e-11,1.1323302428473e-05,4.3950480429132e-14,-4.6823689434152e-16
3100,0,0,3100,2.1767352685001e-11,1.1323057143067e-05,4.439665851607e-14,-4.7301090778357e-16
3101,0,0,3101,2.176783047054e-11,1.1322809392592e-05,4.4842836005393e-14,-4.7778553891627e-16
3102,0,0,3102,2.1768313031334e-11,1.1322559177051e-05,4.528901289097e-14,-4.8256079400166e-16
3103,0,0,3103,2.1768800368014e-11,1.1322306496448e-05,4.5735189166361e-14,-4.8733667933082e-16
3104,0,0,3104,2.1769292481215e-11,1.1322051350786e-05,4.6181364825741e-14,-4.9211320117546e-16
3105,0,0,3105,2.1769789371581e-11,1.1321793740069e-05,4.6627539862977e-14,-4.9689036581698e-16
3106,0,0,3106,2.177029103976e-11,1.1321533664299e-05,4.7073714271937e-14,-5.0166817954648e-16
3107,0,0,3107,2.1770797486409e-11,1.1321271123481e-05,4.7519888046794e-14,-5.0644664863568e-16
3108,0,0,3108,2.1771308712188e-11,1.1321006117618e-05,4.7966061181416e-14,-5.1122577938858e-16
3109,0,0,3109,2.1771824717766e-11,1.1320738646714e-05,4.8412233669057e-14,-5.1600557808337e-16
3110,0,0,3110,2.1772345503817e-11,1.1320468710772e-05,4.8858405504198e-14,-5.207860510176e-16
3111,0,0,3111,2.1772871071022e-11,1.1320196309796e-05,4.9304576681014e-14,-5.2556720448559e-16
3112,0,0,3112,2.1773401420067e-11,1.1319921443789e-05,4.9750747193064e-14,-5.3034904477845e-16
3113,0,0,3113,2.1773936551645e-11,1.1319644112756e-05,5.0196917033911e-14,-5.3513157820343e-16
3114,0,0,3114,2.1774476466456e-11,1.13193643167e-05,5.0643086198034e-14,-5.3991481105485e-16
3115,0,0,3115,2.1775021165206e-11,1.1319082055624e-05,5.1089254678994e-14,-5.4469874963997e-16
3116,0,0,3116,2.1775570648606e-11,1.1318797329533e-05,5.1535422470659e-14,-5.494834002628e-16
3117,0,0,3117,2.1776124917375e-11,1.1318510138431e-05,5.1981589567203e-14,-5.5426876923384e-16
3118,0,0,3118,2.1776683972238e-11,1.131822048232e-05,5.2427755962494e-14,-5.590548628571e-16
3119,0,0,3119,2.1777247813925e-11,1.1317928361206e-05,5.2873921650092e-14,-5.6384168745276e-16
3120,0,0,3120,2.1777816443175e-11,1.1317633775092e-05,5.3320086624172e-14,-5.6862924933453e-16
3121,0,0,3121,2.1778389860729e-11,1.1317336723982e-05,5.3766250878294e-14,-5.7341755480966e-16
3122,0,0,3122,2.177896806734e-11,1.1317037207881e-05,5.4212414406632e-14,-5.7820661021773e-16
3123,0,0,3123,2.1779551063762e-11,1.1316735226791e-05,5.4658577203055e-14,-5.8299642185951e-16
3124,0,0,3124,2.1780138850758e-11,1.1316430780718e-05,5.5104739261428e-14,-5.8778699607781e-16
3125,0,0,3125,2.1780731429097e-11,1.1316123869665e-05,5.5550900575621e-14,-5.9257833918634e-16
3126,0,0,3126,2.1781328799554e-11,1.1315814493637e-05,5.5997061139193e-14,-5.9737045752466e-16
3127,0,0,3127,2.1781930962912e-11,1.1315502652637e-05,5.6443220946319e-14,-6.0216335742264e-16
3128,0,0,3128,2.1782537919957e-11,1.131518834667e-05,5.6889379991173e-14,-6.0695704521016e-16
3129,0,0,3129,2.1783149671484e-11,1.131487157574e-05,5.7335538266703e-14,-6.1175152723e-16
3130,0,0,3130,2.1783766218294e-11,1.1314552339852e-05,5.7781695767695e-14,-6.1654680982174e-16
3131,0,0,3131,2.1784387561193e-11,1.131423063901e-05,5.8227852487712e-14,-6.2134289932493e-16
3132,0,0,3132,2.1785013700995e-11,1.1313906473217e-05,5.8674008420313e-14,-6.2613980208884e-16
3133,0,0,3133,2.178564463852e-11,1.1313579842479e-05,5.9120163559366e-14,-6.3093752445949e-16
3134,0,0,3134,2.1786280374593e-11,1.13132507468e-05,5.9566317899352e-14,-6.3573607278613e-16
3135,0,0,3135,2.1786920910046e-11,1.1312919186185e-05,6.0012471433218e-14,-6.4053545342773e-16
3136,0,0,3136,2.1787566245719e-11,1.1312585160637e-05,6.0458624155752e-14,-6.453356727303e-16
3137,0,0,3137,2.1788216382456e-11,1.1312248670162e-05,6.0904776060208e-14,-6.5013673706571e-16
3138,0,0,3138,2.1788871321109e-11,1.1311909714763e-05,6.1350927140147e-14,-6.5493865278324e-16
3139,0,0,3139,2.1789531062535e-11,1.1311568294446e-05,6.1797077390356e-14,-6.5974142625475e-16
3140,0,0,3140,2.1790195607599e-11,1.1311224409215e-05,6.2243226803783e-14,-6.6454506384566e-16
3141,0,0,3141,2.1790864957171e-11,1.1310878059075e-05,6.2689375374296e-14,-6.6934957192461e-16
3142,0,0,3142,2.1791539112128e-11,1.131052924403e-05,6.3135523096681e-14,-6.7415495686347e-16
3143,0,0,3143,2.1792218073353e-11,1.1310177964085e-05,6.358166996358e-14,-6.7896122504705e-16
3144,0,0,3144,2.1792901841735e-11,1.1309824219246e-05,6.4027815969473e-14,-6.8376838284077e-16
3145,0,0,3145,2.1793590418172e-11,1.1309468009516e-05,6.4473961107921e-14,-6.8857643663264e-16
3146,0,0,3146,2.1794283803565e-11,1.1309109334901e-05,6.4920105373099e-14,-6.9338539280748e-16
3147,0,0,3147,2.1794981998823e-11,1.1308748195405e-05,6.536624875826e-14,-6.9819525775654e-16
3148,0,0,3148,2.1795685004861e-11,1.1308384591033e-05,6.5812391257579e-14,-7.0300603785817e-16
3149,0,0,3149,2.17963928226e-11,1.1308018521791e-05,6.6258532864924e-14,-7.0781773951654e-16
3150,0,0,3150,2.1797105452969e-11,1.1307649987683e-05,6.670467357416e-14,-7.126303691294e-16
3151,0,0,3151,2.1797822896902e-11,1.1307278988714e-05,6.7150813378238e-14,-7.1744393308152e-16
3152,0,0,3152,2.179854515534e-11,1.1306905524889e-05,6.7596952272249e-14,-7.222584377965e-16
3153,0,0,3153,2.179927222923e-11,1.1306529596214e-05,6.8043090249142e-14,-7.2707388965913e-16
3154,0,0,3154,2.1800004119525e-11,1.1306151202693e-05,6.8489227302785e-14,-7.3189029509622e-16
3155,0,0,3155,2.1800740827185e-11,1.1305770344331e-05,6.8935363427351e-14,-7.3670766050548e-16
3156,0,0,3156,2.1801482353178e-11,1.1305387021134e-05,6.9381498616401e-14,-7.4152599230728e-16
3157,0,0,3157,2.1802228698475e-11,1.1305001233107e-05,6.982763286319e-14,-7.4634529692517e-16
3158,0,0,3158,2.1802979864055e-11,1.1304612980256e-05,7.0273766162505e-14,-7.5116558076981e-16
3159,0,0,3159,2.1803735850906e-11,1.1304222262584e-05,7.0719898507293e-14,-7.5598685027769e-16
3160,0,0,3160,2.1804496660017e-11,1.1303829080099e-05,7.1166029892036e-14,-7.6080911186271e-16
3161,0,0,3161,2.1805262292389e-11,1.1303433432804e-05,7.1612160309986e-14,-7.6563237196782e-16
3162,0,0,3162,2.1806032749026e-11,1.1303035320706e-05,7.2058289754707e-14,-7.7045663701982e-16
3163,0,0,3163,2.180680803094e-11,1.130263474381e-05,7.250441822037e-14,-7.7528191346491e-16
3164,0,0,3164,2.1807588139148e-11,1.1302231702121e-05,7.2950545701151e-14,-7.8010820773313e-16
3165,0,0,3165,2.1808373074674e-11,1.1301826195645e-05,7.3396672189691e-14,-7.849355262739e-16
3166,0,0,3166,2.1809162838549e-11,1.1301418224387e-05,7.384279768047e-14,-7.8976387553664e-16
3167,0,0,3167,2.1809957431811e-11,1.1301007788353e-05,7.4288922167662e-14,-7.9459326197078e-16
3168,0,0,3168,2.1810756855503e-11,1.1300594887548e-05,7.4735045643909e-14,-7.994236920322e-16
3169,0,0,3169,2.1811561110676e-11,1.1300179521979e-05,7.518116810369e-14,-8.0425517217355e-16
3170,0,0,3170,2.1812370198384e-11,1.129976169165e-05,7.5627289540568e-14,-8.0908770886043e-16
3171,0,0,3171,2.1813184119693e-11,1.1299341396567e-05,7.6073409948409e-14,-8.1392130855517e-16
3172,0,0,3172,2.1814002875671e-11,1.1298918636737e-05,7.6519529320467e-14,-8.1875597772983e-16
3173,0,0,3173,2.1814826467394e-11,1.1298493412164e-05,7.6965647651224e-14,-8.2359172285643e-16
3174,0,0,3174,2.1815654895944e-11,1.1298065722855e-05,7.7411764933627e-14,-8.2842855040056e-16
3175,0,0,3175,2.1816488162411e-11,1.1297635568815e-05,7.7857881162157e-14,-8.3326646685365e-16
3176,0,0,3176,2.181732626789e-11,1.1297202950051e-05,7.8303996330067e-14,-8.3810547869098e-16
3177,0,0,3177,2.1818169213482e-11,1.1296767866568e-05,7.8750110430919e-14,-8.4294559240073e-16
3178,0,0,3178,2.1819017000296e-11,1.1296330318372e-05,7.9196223458887e-14,-8.4778681447112e-16
3179,0,0,3179,2.1819869629448e-11,1.1295890305469e-05,7.9642335407225e-14,-8.5262915139679e-16
3180,0,0,3180,2.1820727102058e-11,1.1295447827866e-05,8.0088446269801e-14,-8.5747260967564e-16
3181,0,0,3181,2.1821589419253e-11,1.1295002885567e-05,8.0534556040789e-14,-8.6231719580233e-16
3182,0,0,3182,2.182245658217e-11,1.129455547858e-05,8.0980664713136e-14,-8.6716291629091e-16
3183,0,0,3183,2.1823328591947e-11,1.129410560691e-05,8.1426772280709e-14,-8.7200977764251e-16
3184,0,0,3184,2.1824205449734e-11,1.1293653270563e-05,8.187287873799e-14,-8.7685778636792e-16
3185,0,0,3185,2.1825087156683e-11,1.1293198469546e-05,8.2318984077313e-14,-8.8170694899091e-16
3186,0,0,3186,2.1825973713955e-11,1.1292741203865e-05,8.2765088293465e-14,-8.8655727201905e-16
3187,0,0,3187,2.1826865122717e-11,1.1292281473526e-05,8.3211191379394e-14,-8.91408761989e-16
3188,0,0,3188,2.1827761384142e-11,1.1291819278535e-05,8.3657293329581e-14,-8.9626142541806e-16
3189,0,0,3189,2.1828662499411e-11,1.1291354618899e-05,8.4103394136666e-14,-9.0111526883641e-16
3190,0,0,3190,2.182956846971e-11,1.1290887494624e-05,8.4549493795437e-14,-9.0597029878719e-16
3191,0,0,3191,2.1830479296231e-11,1.1290417905716e-05,8.4995592298535e-14,-9.1082652180383e-16
3192,0,0,3192,2.1831394980176e-11,1.1289945852182e-05,8.5441689640134e-14,-9.1568394442623e-16
3193,0,0,3193,2.1832315522749e-11,1.1289471334028e-05,8.5887785814102e-14,-9.2054257321044e-16
3194,0,0,3194,2.1833240925164e-11,1.1288994351261e-05,8.6333880813385e-14,-9.2540241469636e-16
3195,0,0,3195,2.1834171188639e-11,1.1288514903888e-05,8.6779974632465e-14,-9.3026347544327e-16
3196,0,0,3196,2.1835106314401e-11,1.1288032991914e-05,8.722606726429e-14,-9.3512576201369e-16
3197,0,0,3197,2.1836046303682e-11,1.1287548615347e-05,8.7672158702727e-14,-9.3998928096367e-16
3198,0,0,3198,2.1836991157721e-11,1.1287061774192e-05,8.8118248941642e-14,-9.4485403886218e-16
3199,0,0,3199,2.1837940877763e-11,1.1286572468457e-05,8.8564337974292e-14,-9.4972004228144e-16
3200,0,0,3200,2.1838895465061e-11,1.1286080698149e-05,8.9010425794849e-14,-9.5458729779365e-16
3201,0,0,3201,2.1839854920873e-11,1.1285586463274e-05,8.9456512395955e-14,-9.5945581198395e-16
3202,0,0,3202,2.1840819246465e-11,1.1285089763839e-05,8.9902597772397e-14,-9.6432559142778e-16
3203,0,0,3203,2.1841788443107e-11,1.128459059985e-05,9.0348681917123e-14,-9.6919664271672e-16
3204,0,0,3204,2.184276251208e-11,1.1284088971315e-05,9.0794764823386e-14,-9.7406897244239e-16
3205,0,0,3205,2.1843741454667e-11,1.1283584878241e-05,9.1240846485975e-14,-9.789425871996e-16
3206,0,0,3206,2.1844725272161e-11,1.1283078320634e-05,9.1686926897224e-14,-9.8381749358964e-16
3207,0,0,3207,2.1845713965859e-11,1.1282569298501e-05,9.2133006051612e-14,-9.8869369821703e-16
3208,0,0,3208,2.1846707537066e-11,1.1282057811849e-05,9.2579083942089e-14,-9.935712076863e-16
3209,0,0,3209,2.1847705987095e-11,1.1281543860686e-05,9.3025160562521e-14,-9.9845002861489e-16
3210,0,0,3210,2.1848709317263e-11,1.1281027445018e-05,9.3471235907082e-14,-1.0033301676202e-15
3211,0,0,3211,2.1849717528894e-11,1.1280508564852e-05,9.3917309968108e-14,-1.0082116313198e-15
3212,0,0,3212,2.185073062332e-11,1.1279987220196e-05,9.4363382740078e-14,-1.0130944263439e-15
3213,0,0,3213,2.185174860188e-11,1.1279463411057e-05,9.4809454216247e-14,-1.017978559323e-15
3214,0,0,3214,2.1852771465917e-11,1.1278937137442e-05,9.5255524390482e-14,-1.0228640368874e-15
3215,0,0,3215,2.1853799216782e-11,1.1278408399357e-05,9.5701593256038e-14,-1.0277508656804e-15
3216,0,0,3216,2.1854831855835e-11,1.1277877196811e-05,9.6147660806781e-14,-1.0326390523421e-15
3217,0,0,3217,2.1855869384438e-11,1.1277343529811e-05,9.6593727035354e-14,-1.0375286035287e-15
3218,0,0,3218,2.1856911803964e-11,1.1276807398364e-05,9.7039791936543e-14,-1.0424195258834e-15
3219,0,0,3219,2.185795911579e-11,1.1276268802477e-05,9.7485855503296e-14,-1.0473118260723e-15
3220,0,0,3220,2.1859011321301e-11,1.1275727742158e-05,9.7931917728868e-14,-1.052205510745e-15
3221,0,0,3221,2.1860068421887e-11,1.1275184217415e-05,9.8377978607431e-14,-1.0571005865837e-15
3222,0,0,3222,2.1861130418948e-11,1.1274638228254e-05,9.8824038132241e-14,-1.0619970602509e-15
3223,0,0,3223,2.1862197313886e-11,1.1274089774683e-05,9.9270096296552e-14,-1.0668949384159e-15
3224,0,0,3224,2.1863269108114e-11,1.127353885671e-05,9.9716153094231e-14,-1.0717942277737e-15
3225,0,0,3225,2.1864345803049e-11,1.1272985474343e-05,1.0016220851853e-13,-1.0766949349998e-15
3226,0,0,3226,2.1865427400116e-11,1.1272429627588e-05,1.0060826256302e-13,-1.081597066786e-15
3227,0,0,3227,2.1866513900745e-11,1.1271871316454e-05,1.0105431522155e-13,-1.0865006298273e-15
3228,0,0,3228,2.1867605306376e-11,1.1271310540949e-05,1.0150036648739e-13,-1.0914056308187e-15
3229,0,0,3229,2.1868701618453e-11,1.127074730108e-05,1.0194641635379e-13,-1.0963120764746e-15
3230,0,0,3230,2.1869802838426e-11,1.1270181596854e-05,1.0239246481462e-13,-1.1012199734932e-15
3231,0,0,3231,2.1870908967755e-11,1.126961342828e-05,1.0283851186282e-13,-1.1061293285953e-15
3232,0,0,3232,2.1872020007903e-11,1.1269042795366e-05,1.0328455749288e-13,-1.1110401484921e-15
3233,0,0,3233,2.1873135960343e-11,1.1268469698119e-05,1.0373060169712e-13,-1.1159524399174e-15
3234,0,0,3234,2.1874256826553e-11,1.1267894136547e-05,1.0417664446973e-13,-1.1208662095888e-15
3235,0,0,3235,2.1875382608017e-11,1.1267316110659e-05,1.0462268580365e-13,-1.1257814642432e-15
3236,0,0,3236,2.1876513306228e-11,1.1266735620462e-05,1.0506872569337e-13,-1.1306982106209e-15
3237,0,0,3237,2.1877648922683e-11,1.1266152665964e-05,1.055147641312e-13,-1.1356164554654e-15
3238,0,0,3238,2.1878789458889e-11,1.1265567247173e-05,1.0596080111104e-13,-1.1405362055234e-15
3239,0,0,3239,2.1879934916356e-11,1.1264979364098e-05,1.0640683662642e-13,-1.1454574675447e-15
3240,0,0,3240,2.1881085296604e-11,1.1264389016746e-05,1.0685287067062e-13,-1.1503802482922e-15
3241,0,0,3241,2.1882240601159e-11,1.1263796205126e-05,1.0729890323718e-13,-1.1553045545224e-15
3242,0,0,3242,2.1883400831552e-11,1.1263200929246e-05,1.0774493431968e-13,-1.1602303930141e-15
3243,0,0,3243,2.1884565989323e-11,1.1262603189114e-05,1.0819096391105e-13,-1.1651577705336e-15
3244,0,0,3244,2.1885736076016e-11,1.1262002984738e-05,1.0863699200517e-13,-1.1700866938565e-15
3245,0,0,3245,2.1886911093186e-11,1.1261400316127e-05,1.090830185956e-13,-1.1750171697748e-15
3246,0,0,3246,2.1888091042391e-11,1.1260795183289e-05,1.0952904367528e-13,-1.1799492050707e-15
3247,0,0,3247,2.1889275925198e-11,1.1260187586232e-05,1.0997506723747e-13,-1.1848828065394e-15
3248,0,0,3248,2.1890465743179e-11,1.1259577524966e-05,1.1042108927634e-13,-1.1898179809826e-15
3249,0,0,3249,2.1891660497914e-11,1.1258964999497e-05,1.1086710978484e-13,-1.1947547352017e-15
3250,0,0,3250,2.189286019099e-11,1.1258350009835e-05,1.1131312875622e-13,-1.1996930760082e-15
3251,0,0,3251,2.1894064824e-11,1.1257732555989e-05,1.1175914618405e-13,-1.2046330102166e-15
3252,0,0,3252,2.1895274398545e-11,1.1257112637967e-05,1.1220516206158e-13,-1.2095745446479e-15
3253,0,0,3253,2.1896488916231e-11,1.1256490255777e-05,1.1265117638237e-13,-1.2145176861263e-15
3254,0,0,3254,2.1897708378672e-11,1.1255865409428e-05,1.1309718913968e-13,-1.2194624414858e-15
3255,0,0,3255,2.189893278749e-11,1.1255238098929e-05,1.1354320032706e-13,-1.2244088175571e-15
3256,0,0,3256,2.1900162144311e-11,1.1254608324288e-05,1.1398920993776e-13,-1.2293568211838e-15
3257,0,0,3257,2.190139645077e-11,1.1253976085515e-05,1.1443521796444e-13,-1.2343064592224e-15
3258,0,0,3258,2.1902635708509e-11,1.1253341382618e-05,1.1488122440188e-13,-1.2392577385102e-15
3259,0,0,3259,2.1903879919175e-11,1.1252704215605e-05,1.153272292421e-13,-1.2442106659198e-15
3260,0,0,3260,2.1905129084423e-11,1.1252064584487e-05,1.1577323247928e-13,-1.2491652483045e-15
3261,0,0,3261,2.1906383205916e-11,1.1251422489271e-05,1.1621923410607e-13,-1.2541214925371e-15
3262,0,0,3262,2.1907642285321e-11,1.1250777929966e-05,1.1666523411632e-13,-1.2590794054935e-15
3263,0,0,3263,2.1908906324315e-11,1.1250130906582e-05,1.1711123250329e-13,-1.2640389940528e-15
3264,0,0,3264,2.191017532458e-11,1.1249481419128e-05,1.1755722926024e-13,-1.2690002651008e-15
3265,0,0,3265,2.1911449287806e-11,1.1248829467612e-05,1.1800322438011e-13,-1.2739632255326e-15
3266,0,0,3266,2.1912728215688e-11,1.1248175052044e-05,1.1844921785709e-13,-1.2789278822405e-15
3267,0,0,3267,2.191401210993e-11,1.1247518172432e-05,1.1889520968319e-13,-1.2838942421294e-15
3268,0,0,3268,2.1915300972242e-11,1.1246858828786e-05,1.1934119985258e-13,-1.2888623121109e-15
3269,0,0,3269,2.1916594804341e-11,1.1246197021116e-05,1.1978718835884e-13,-1.2938320990899e-15
3270,0,0,3270,2.1917893607951e-11,1.124553274943e-05,1.202331751946e-13,-1.2988036100005e-15
3271,0,0,3271,2.1919197384803e-11,1.1244866013737e-05,1.2067916035281e-13,-1.3037768517575e-15
3272,0,0,3272,2.1920506136635e-11,1.1244196814048e-05,1.2112514382796e-13,-1.3087518312981e-15
3273,0,0,3273,2.192181986519e-11,1.124352515037e-05,1.2157112561236e-13,-1.3137285555565e-15
3274,0,0,3274,2.1923138572222e-11,1.1242851022714e-05,1.2201710569929e-13,-1.3187070314766e-15
3275,0,0,3275,2.1924462259488e-11,1.124217443109e-05,1.224630840826e-13,-1.3236872660116e-15
3276,0,0,3276,2.1925790928754e-11,1.1241495375505e-05,1.2290906075463e-13,-1.3286692661153e-15
3277,0,0,3277,2.1927124581792e-11,1.1240813855971e-05,1.2335503570956e-13,-1.3336530387442e-15
3278,0,0,3278,2.1928463220383e-11,1.1240129872496e-05,1.2380100894032e-13,-1.338638590868e-15
3279,0,0,3279,2.1929806846313e-11,1.123944342509e-05,1.2424698043958e-13,-1.3436259294628e-15
3280,0,0,3280,2.1931155461374e-11,1.1238754513763e-05,1.2469295020118e-13,-1.3486150615015e-15
3281,0,0,3281,2.1932509067368e-11,1.1238063138525e-05,1.2513891821839e-13,-1.3536059939763e-15
3282,0,0,3282,2.1933867666102e-11,1.1237369299384e-05,1.2558488448384e-13,-1.3585987338764e-15
3283,0,0,3283,2.193523125939e-11,1.1236672996351e-05,1.2603084899141e-13,-1.3635932881906e-15
3284,0,0,3284,2.1936599849054e-11,1.1235974229435e-05,1.2647681173373e-13,-1.368589663934e-15
3285,0,0,3285,2.1937973436922e-11,1.1235272998647e-05,1.2692277270437e-13,-1.3735878681116e-15
3286,0,0,3286,2.193935202483e-11,1.1234569303995e-05,1.2736873189596e-13,-1.3785879077319e-15
3287,0,0,3287,2.194073561462e-11,1.1233863145491e-05,1.2781468930269e-13,-1.3835897898324e-15
3288,0,0,3288,2.1942124208141e-11,1.1233154523143e-05,1.2826064491688e-13,-1.3885935214215e-15
3289,0,0,3289,2.1943517807251e-11,1.1232443436962e-05,1.2870659873179e-13,-1.3935991095529e-15
3290,0,0,3290,2.1944916413812e-11,1.1231729886958e-05,1.2915255074098e-13,-1.3986065612511e-15
3291,0,0,3291,2.1946320029696e-11,1.1231013873141e-05,1.2959850093739e-13,-1.4036158835698e-15
3292,0,0,3292,2.1947728656779e-11,1.123029539552e-05,1.3004444931368e-13,-1.4086270835659e-15
3293,0,0,3293,2.1949142296948e-11,1.1229574454107e-05,1.30490395864e-13,-1.4136401682897e-15
3294,0,0,3294,2.1950560952092e-11,1.122885104891e-05,1.3093634058071e-13,-1.4186551448144e-15
3295,0,0,3295,2.1951984624113e-11,1.1228125179941e-05,1.3138228345704e-13,-1.4236720202066e-15
3296,0,0,3296,2.1953413314914e-11,1.1227396847209e-05,1.3182822448626e-13,-1.428690801552e-15
3297,0,0,3297,2.195484702641e-11,1.1226666050725e-05,1.3227416366132e-13,-1.433711495924e-15
3298,0,0,3298,2.195628576052e-11,1.1225932790498e-05,1.3272010097607e-13,-1.4387341104276e-15
3299,0,0,3299,2.1957729519173e-11,1.122519706654e-05,1.3316603642225e-13,-1.443758652149e-15
3300,0,0,3300,2.1959178304301e-11,1.1224458878861e-05,1.3361196999432e-13,-1.4487851281968e-15
3301,0,0,3301,2.1960632117847e-11,1.122371822747e-05,1.3405790168433e-13,-1.4538135456859e-15
3302,0,0,3302,2.1962090961758e-11,1.1222975112379e-05,1.3450383148583e-13,-1.4588439117314e-15
3303,0,0,3303,2.1963554837992e-11,1.1222229533598e-05,1.3494975939208e-13,-1.4638762334516e-15
3304,0,0,3304,2.196502374851e-11,1.1221481491137e-05,1.3539568539601e-13,-1.4689105179841e-15
3305,0,0,3305,2.1966497695282e-11,1.1220730985007e-05,1.3584160948998e-13,-1.4739467724635e-15
3306,0,0,3306,2.1967976680286e-11,1.1219978015219e-05,1.3628753166845e-13,-1.4789850040337e-15
3307,0,0,3307,2.1969460705506e-11,1.1219222581783e-05,1.3673345192315e-13,-1.4840252198455e-15
3308,0,0,3308,2.1970949772933e-11,1.121846468471e-05,1.3717937024764e-13,-1.489067427059e-15
3309,0,0,3309,2.1972443884566e-11,1.121770432401e-05,1.3762528663518e-13,-1.4941116328346e-15
3310,0,0,3310,2.197394304241e-11,1.1216941499695e-05,1.380712010787e-13,-1.4991578443422e-15
3311,0,0,3311,2.1975447248479e-11,1.1216176211775e-05,1.3851711357086e-13,-1.5042060687616e-15
3312,0,0,3312,2.1976956504792e-11,1.121540846026e-05,1.3896302410521e-13,-1.5092563132787e-15
3313,0,0,3313,2.1978470813377e-11,1.1214638245162e-05,1.3940893267409e-13,-1.5143085850831e-15
3314,0,0,3314,2.1979990176269e-11,1.1213865566492e-05,1.3985483927106e-13,-1.5193628913705e-15
3315,0,0,3315,2.1981514595508e-11,1.1213090424261e-05,1.4030074388907e-13,-1.524419239353e-15
3316,0,0,3316,2.1983044073144e-11,1.1212312818479e-05,1.4074664652075e-13,-1.5294776362391e-15
3317,0,0,3317,2.1984578611234e-11,1.1211532749158e-05,1.4119254715936e-13,-1.5345380892411e-15
3318,0,0,3318,2.1986118211839e-11,1.1210750216308e-05,1.4163844579816e-13,-1.5396006055933e-15
3319,0,0,3319,2.1987662877032e-11,1.1209965219941e-05,1.4208434242918e-13,-1.5446651925305e-15
3320,0,0,3320,2.1989212608889e-11,1.1209177760068e-05,1.4253023704658e-13,-1.5497318572808e-15
3321,0,0,3321,2.1990767409496e-11,1.12083878367e-05,1.4297612964209e-13,-1.5548006071046e-15
3322,0,0,3322,2.1992327280945e-11,1.1207595449848e-05,1.4342202020988e-13,-1.5598714492462e-15
3323,0,0,3323,2.1993892225336e-11,1.1206800599523e-05,1.4386790874198e-13,-1.5649443909758e-15
3324,0,0,3324,2.1995462244776e-11,1.1206003285737e-05,1.4431379523134e-13,-1.5700194395505e-15
3325,0,0,3325,2.1997037341378e-11,1.1205203508502e-05,1.4475967967183e-13,-1.5750966022568e-15
3326,0,0,3326,2.1998617517264e-11,1.1204401267827e-05,1.4520556205546e-13,-1.5801758863711e-15
3327,0,0,3327,2.2000202774564e-11,1.1203596563726e-05,1.456514423749e-13,-1.5852572991862e-15
3328,0,0,3328,2.2001793115412e-11,1.1202789396209e-05,1.460973206243e-13,-1.5903408479949e-15
3329,0,0,3329,2.2003388541952e-11,1.1201979765287e-05,1.4654319679509e-13,-1.5954265401094e-15
3330,0,0,3330,2.2004989056335e-11,1.1201167670973e-05,1.4698907088143e-13,-1.6005143828353e-15
3331,0,0,3331,2.2006594660718e-11,1.1200353113277e-05,1.4743494287535e-13,-1.6056043834913e-15
3332,0,0,3332,2.2008205357268e-11,1.1199536092212e-05,1.4788081277012e-13,-1.6106965494088e-15
3333,0,0,3333,2.2009821148155e-11,1.1198716607789e-05,1.4832668055836e-13,-1.6157908879162e-15
3334,0,0,3334,2.2011442035562e-11,1.119789466002e-05,1.4877254623304e-13,-1.6208874063612e-15
3335,0,0,3335,2.2013068021674e-11,1.1197070248916e-05,1.4921840978739e-13,-1.625986112085e-15
3336,0,0,3336,2.2014699108686e-11,1.119624337449e-05,1.4966427121345e-13,-1.6310870124482e-15
3337,0,0,3337,2.2016335298801e-11,1.1195414036752e-05,1.5011013050479e-13,-1.6361901148147e-15
3338,0,0,3338,2.2017976594228e-11,1.1194582235715e-05,1.5055598765342e-13,-1.6412954265514e-15
3339,0,0,3339,2.2019622997183e-11,1.1193747971391e-05,1.5100184265352e-13,-1.646402955045e-15
3340,0,0,3340,2.202127450989e-11,1.1192911243792e-05,1.5144769549652e-13,-1.6515127076754e-15
3341,0,0,3341,2.2022931134582e-11,1.1192072052929e-05,1.5189354617595e-13,-1.6566246918355e-15
3342,0,0,3342,2.2024592873497e-11,1.1191230398815e-05,1.5233939468448e-13,-1.6617389149312e-15
3343,0,0,3343,2.2026259728882e-11,1.1190386281461e-05,1.5278524101474e-13,-1.6668553843716e-15
3344,0,0,3344,2.2027931702989e-11,1.118953970088e-05,1.5323108515967e-13,-1.6719741075689e-15
3345,0,0,3345,2.2029608798081e-11,1.1188690657084e-05,1.5367692711192e-13,-1.6770950919517e-15
3346,0,0,3346,2.2031291016426e-11,1.1187839150085e-05,1.5412276686444e-13,-1.6822183449516e-15
3347,0,0,3347,2.20329783603e-11,1.1186985179894e-05,1.5456860440986e-13,-1.6873438740069e-15
3348,0,0,3348,2.2034670831987e-11,1.1186128746526e-05,1.5501443974114e-13,-1.6924716865685e-15
3349,0,0,3349,2.2036368433777e-11,1.1185269849991e-05,1.554602728506e-13,-1.6976017900909e-15
3350,0,0,3350,2.2038071167969e-11,1.1184408490302e-05,1.5590610373121e-13,-1.7027341920347e-15
3351,0,0,3351,2.2039779036869e-11,1.1183544667471e-05,1.563519323762e-13,-1.7078688998738e-15
3352,0,0,3352,2.204149204279e-11,1.1182678381511e-05,1.56797758777e-13,-1.7130059210914e-15
3353,0,0,3353,2.2043210188053e-11,1.1181809632434e-05,1.5724358292777e-13,-1.7181452631646e-15
3354,0,0,3354,2.2044933474986e-11,1.1180938420252e-05,1.5768940482025e-13,-1.7232869336026e-15
3355,0,0,3355,2.2046661905926e-11,1.1180064744979e-05,1.5813522444768e-13,-1.7284309398953e-15
3356,0,0,3356,2.2048395483216e-11,1.1179188606627e-05,1.585810418024e-13,-1.7335772895583e-15
3357,0,0,3357,2.2050134209206e-11,1.1178310005207e-05,1.5902685687735e-13,-1.7387259901203e-15
3358,0,0,3358,2.2051878086255e-11,1.1177428940734e-05,1.5947266966488e-13,-1.7438770490905e-15
3359,0,0,3359,2.2053627116729e-11,1.1176545413219e-05,1.5991848015762e-13,-1.7490304740235e-15
3360,0,0,3360,2.2055381303002e-11,1.1175659422676e-05,1.6036428834913e-13,-1.7541862724479e-15
3361,0,0,3361,2.2057140647454e-11,1.1174770969117e-05,1.6081009423083e-13,-1.7593444519246e-15
3362,0,0,3362,2.2058905152474e-11,1.1173880052554e-05,1.6125589779596e-13,-1.764505020008e-15
3363,0,0,3363,2.2060674820458e-11,1.1172986673002e-05,1.6170169903718e-13,-1.769667984269e-15
3364,0,0,3364,2.206244965381e-11,1.1172090830472e-05,1.6214749794713e-13,-1.7748333522877e-15
3365,0,0,3365,2.2064229654942e-11,1.1171192524977e-05,1.6259329451813e-13,-1.780001131638e-15
3366,0,0,3366,2.2066014826272e-11,1.1170291756531e-05,1.6303908874313e-13,-1.7851713299262e-15
3367,0,0,3367,2.2067805170226e-11,1.1169388525146e-05,1.6348488061479e-13,-1.7903439547455e-15
3368,0,0,3368,2.206960068924e-11,1.1168482830836e-05,1.6393067012511e-13,-1.7955190137085e-15
3369,0,0,3369,2.2071401385755e-11,1.1167574673614e-05,1.6437645726706e-13,-1.800696514428e-15
3370,0,0,3370,2.2073207262219e-11,1.1166664053492e-05,1.6482224203327e-13,-1.805876464539e-15
3371,0,0,3371,2.2075018321091e-11,1.1165750970484e-05,1.6526802441638e-13,-1.8110588716706e-15
3372,0,0,3372,2.2076834564834e-11,1.1164835424604e-05,1.6571380440904e-13,-1.8162437434707e-15
3373,0,0,3373,2.2078655995922e-11,1.1163917415863e-05,1.6615958200296e-13,-1.8214310875845e-15
3374,0,0,3374,2.2080482616833e-11,1.1162996944276e-05,1.666053571914e-13,-1.8266209116795e-15
3375,0,0,3375,2.2082314430057e-11,1.1162074009857e-05,1.6705112996731e-13,-1.83181322342e-15
3376,0,0,3376,2.2084151438087e-11,1.1161148612617e-05,1.674969003221e-13,-1.8370080304897e-15
3377,0,0,3377,2.2085993643428e-11,1.1160220752572e-05,1.6794266824903e-13,-1.842205340566e-15
3378,0,0,3378,2.2087841048589e-11,1.1159290429733e-05,1.6838843374073e-13,-1.8474051613551e-15
3379,0,0,3379,2.208969365609e-11,1.1158357644116e-05,1.6883419678893e-13,-1.8526075005474e-15
3380,0,0,3380,2.2091551468456e-11,1.1157422395733e-05,1.6927995738688e-13,-1.8578123658652e-15
3381,0,0,3381,2.2093414488221e-11,1.1156484684597e-05,1.6972571552662e-13,-1.8630197650311e-15
3382,0,0,3382,2.2095282717927e-11,1.1155544510723e-05,1.7017147120077e-13,-1.8682297057643e-15
3383,0,0,3383,2.2097156160122e-11,1.1154601874124e-05,1.7061722440199e-13,-1.8734421958133e-15
3384,0,0,3384,2.2099034817365e-11,1.1153656774814e-05,1.7106297512229e-13,-1.8786572429231e-15
3385,0,0,3385,2.210091869222e-11,1.1152709212807e-05,1.7150872335433e-13,-1.8838748548454e-15
3386,0,0,3386,2.2102807787259e-11,1.1151759188115e-05,1.7195446909105e-13,-1.8890950393542e-15
3387,0,0,3387,2.2104702105064e-11,1.1150806700755e-05,1.7240021232385e-13,-1.8943178042175e-15
3388,0,0,3388,2.2106601648221e-11,1.1149851750738e-05,1.728459530457e-13,-1.8995431572223e-15
3389,0,0,3389,2.2108506419327e-11,1.1148894338079e-05,1.7329169124923e-13,-1.9047711061557e-15
3390,0,0,3390,2.2110416420986e-11,1.1147934462792e-05,1.7373742692647e-13,-1.910001658821e-15
3391,0,0,3391,2.2112331655809e-11,1.1146972124891e-05,1.7418316007006e-13,-1.9152348230345e-15
3392,0,0,3392,2.2114252126415e-11,1.114600732439e-05,1.7462889067233e-13,-1.9204706066026e-15
3393,0,0,3393,2.2116177835433e-11,1.1145040061303e-05,1.7507461872531e-13,-1.9257090173706e-15
3394,0,0,3394,2.2118108785496e-11,1.1144070335644e-05,1.7552034422196e-13,-1.9309500631613e-15
3395,0,0,3395,2.2120044979248e-11,1.1143098147428e-05,1.7596606715398e-13,-1.9361937518296e-15
3396,0,0,3396,2.2121986419339e-11,1.1142123496668e-05,1.7641178751403e-13,-1.9414400912304e-15
3397,0,0,3397,2.2123933108428e-11,1.114114638338e-05,1.7685750529504e-13,-1.9466890892221e-15
3398,0,0,3398,2.2125885049182e-11,1.1140166807576e-05,1.7730322048814e-13,-1.9519407536918e-15
3399,0,0,3399,2.2127842244275e-11,1.1139184769271e-05,1.7774893308625e-13,-1.9571950925108e-15
3400,0,0,3400,2.2129804696388e-11,1.1138200268481e-05,1.7819464308204e-13,-1.9624521135825e-15
3401,0,0,3401,2.2131772408213e-11,1.1137213305219e-05,1.7864035046752e-13,-1.9677118248006e-15
3402,0,0,3402,2.2133745382447e-11,1.1136223879499e-05,1.7908605523441e-13,-1.9729742340848e-15
3403,0,0,3403,2.2135723621796e-11,1.1135231991337e-05,1.7953175737597e-13,-1.9782393493482e-15
3404,0,0,3404,2.2137707128975e-11,1.1134237640746e-05,1.7997745688361e-13,-1.9835071785266e-15
3405,0,0,3405,2.2139695906704e-11,1.1133240827742e-05,1.8042315374998e-13,-1.9887777295621e-15
3406,0,0,3406,2.2141689957715e-11,1.1132241552339e-05,1.8086884796802e-13,-1.9940510103971e-15
3407,0,0,3407,2.2143689284744e-11,1.1131239814552e-05,1.8131453952822e-13,-1.9993270289995e-15
3408,0,0,3408,2.2145693890537e-11,1.1130235614394e-05,1.8176022842477e-13,-2.0046057933311e-15
3409,0,0,3409,2.2147703777849e-11,1.1129228951883e-05,1.8220591464815e-13,-2.0098873113728e-15
3410,0,0,3410,2.214971894944e-11,1.1128219827031e-05,1.8265159819224e-13,-2.0151715911153e-15
3411,0,0,3411,2.215173940808e-11,1.1127208239854e-05,1.8309727904783e-13,-2.0204586405525e-15
3412,0,0,3412,2.2153765156548e-11,1.1126194190366e-05,1.8354295720787e-13,-2.0257484676912e-15
3413,0,0,3413,2.2155796197628e-11,1.1125177678584e-05,1.8398863266408e-13,-2.0310410805546e-15
3414,0,0,3414,2.2157832534116e-11,1.1124158704521e-05,1.8443430540941e-13,-2.0363364871623e-15
3415,0,0,3415,2.2159874168811e-11,1.1123137268192e-05,1.8487997543528e-13,-2.0416346955568e-15
3416,0,0,3416,2.2161921104525e-11,1.1122113369614e-05,1.8532564273432e-13,-2.0469357137772e-15
3417,0,0,3417,2.2163973344075e-11,1.11210870088e-05,1.8577130729796e-13,-2.0522395498917e-15
3418,0,0,3418,2.2166030890287e-11,1.1120058185766e-05,1.8621696911913e-13,-2.0575462119525e-15
3419,0,0,3419,2.2168093745995e-11,1.1119026900527e-05,1.8666262818925e-13,-2.0628557080504e-15
3420,0,0,3420,2.2170161914041e-11,1.1117993153099e-05,1.8710828450158e-13,-2.0681680462569e-15
3421,0,0,3421,2.2172235397276e-11,1.1116956943497e-05,1.8755393804692e-13,-2.0734832346757e-15
3422,0,0,3422,2.2174314198557e-11,1.1115918271735e-05,1.879995888179e-13,-2.0788012814171e-15
3423,0,0,3423,2.2176398320752e-11,1.111487713783e-05,1.8844523680687e-13,-2.0841221945882e-15
3424,0,0,3424,2.2178487766734e-11,1.1113833541797e-05,1.8889088200524e-13,-2.0894459823249e-15
3425,0,0,3425,2.2180582539387e-11,1.1112787483651e-05,1.8933652440595e-13,-2.0947726527506e-15
3426,0,0,3426,2.2182682641601e-11,1.1111738963408e-05,1.8978216400042e-13,-2.1001022140271e-15
3427,0,0,3427,2.2184788076275e-11,1.1110687981083e-05,1.9022780078098e-13,-2.105434674297e-15
3428,0,0,3428,2.2186898846317e-11,1.1109634536693e-05,1.9067343473906e-13,-2.1107700417416e-15
3429,0,0,3429,2.2189014954641e-11,1.1108578630251e-05,1.9111906586759e-13,-2.1161083245229e-15
3430,0,0,3430,2.2191136404172e-11,1.1107520261775e-05,1.9156469415798e-13,-2.1214495308384e-15
3431,0,0,3431,2.2193263197841e-11,1.110645943128e-05,1.9201031960228e-13,-2.1267936688855e-15
3432,0,0,3432,2.2195395338588e-11,1.1105396138782e-05,1.9245594219312e-13,-2.132140746865e-15
3433,0,0,3433,2.2197532829361e-11,1.1104330384296e-05,1.929015619216e-13,-2.1374907730067e-15
3434,0,0,3434,2.2199675673117e-11,1.1103262167839e-05,1.9334717877976e-13,-2.1428437555274e-15
3435,0,0,3435,2.2201823872819e-11,1.1102191489426e-05,1.9379279276054e-13,-2.1481997026763e-15
3436,0,0,3436,2.2203977431442e-11,1.1101118349073e-05,1.9423840385444e-13,-2.1535586226963e-15
3437,0,0,3437,2.2206136351966e-11,1.1100042746796e-05,1.9468401205501e-13,-2.1589205238557e-15
3438,0,0,3438,2.220830063738e-11,1.1098964682612e-05,1.9512961735276e-13,-2.1642854144136e-15
3439,0,0,3439,2.2210470290683e-11,1.1097884156536e-05,1.9557521974032e-13,-2.1696533026612e-15
3440,0,0,3440,2.221264531488e-11,1.1096801168585e-05,1.9602081920942e-13,-2.1750241968895e-15
3441,0,0,3441,2.2214825712985e-11,1.1095715718774e-05,1.9646641575207e-13,-2.180398105393e-15
3442,0,0,3442,2.2217011488022e-11,1.109462780712e-05,1.9691200936001e-13,-2.1857750364985e-15
3443,0,0,3443,2.221920264302e-11,1.1093537433639e-05,1.9735760002527e-13,-2.1911549985198e-15
3444,0,0,3444,2.222139918102e-11,1.1092444598348e-05,1.9780318773955e-13,-2.1965379997966e-15
3445,0,0,3445,2.2223601105069e-11,1.1091349301262e-05,1.9824877249489e-13,-2.2019240486684e-15
3446,0,0,3446,2.2225808418222e-11,1.1090251542399e-05,1.9869435428302e-13,-2.2073131535009e-15
3447,0,0,3447,2.2228021123545e-11,1.1089151321774e-05,1.9913993309595e-13,-2.212705322653e-15
3448,0,0,3448,2.2230239224109e-11,1.1088048639404e-05,1.995855089248e-13,-2.2181005645064e-15
3449,0,0,3449,2.2232462722997e-11,1.1086943495306e-05,2.0003108176251e-13,-2.2234988874525e-15
3450,0,0,3450,2.2234691623297e-11,1.1085835889496e-05,2.0047665159989e-13,-2.2289002998892e-15
3451,0,0,3451,2.2236925928107e-11,1.1084725821991e-05,2.0092221842927e-13,-2.2343048102238e-15
3452,0,0,3452,2.2239165640534e-11,1.1083613292807e-05,2.0136778224237e-13,-2.2397124268834e-15
3453,0,0,3453,2.2241410763692e-11,1.1082498301962e-05,2.0181334303061e-13,-2.2451231583045e-15
3454,0,0,3454,2.2243661300705e-11,1.1081380849471e-05,2.0225890078662e-13,-2.2505370129173e-15
3455,0,0,3455,2.2245917254704e-11,1.1080260935353e-05,2.0270445550059e-13,-2.2559539991906e-15
3456,0,0,3456,2.224817862883e-11,1.1079138559622e-05,2.0315000716609e-13,-2.2613741255901e-15
3457,0,0,3457,2.225044542623e-11,1.1078013722298e-05,2.035955557733e-13,-2.2667974005816e-15
3458,0,0,3458,2.2252717650063e-11,1.1076886423395e-05,2.0404110131487e-13,-2.2722238326695e-15
3459,0,0,3459,2.2254995303493e-11,1.1075756662933e-05,2.0448664378221e-13,-2.277653430342e-15
3460,0,0,3460,2.2257278389695e-11,1.1074624440926e-05,2.0493218316703e-13,-2.2830862021165e-15
3461,0,0,3461,2.2259566911852e-11,1.1073489757393e-05,2.0537771946076e-13,-2.2885221565137e-15
3462,0,0,3462,2.2261860873154e-11,1.1072352612351e-05,2.0582325265542e-13,-2.293961302067e-15
3463,0,0,3463,2.2264160276801e-11,1.1071213005816e-05,2.0626878274274e-13,-2.2994036473262e-15
3464,0,0,3464,2.2266465126002e-11,1.1070070937807e-05,2.0671430971381e-13,-2.3048492008442e-15
3465,0,0,3465,2.2268775423973e-11,1.106892640834e-05,2.0715983356067e-13,-2.3102979711901e-15
3466,0,0,3466,2.227109117394e-11,1.1067779417432e-05,2.0760535427505e-13,-2.3157499669426e-15
3467,0,0,3467,2.2273412379137e-11,1.1066629965101e-05,2.0805087184834e-13,-2.3212051966998e-15
3468,0,0,3468,2.2275739042806e-11,1.1065478051365e-05,2.0849638627198e-13,-2.3266636690535e-15
3469,0,0,3469,2.2278071168199e-11,1.1064323676241e-05,2.0894189753798e-13,-2.3321253926277e-15
3470,0,0,3470,2.2280408758575e-11,1.1063166839745e-05,2.0938740563776e-13,-2.3375903760496e-15
3471,0,0,3471,2.2282751817203e-11,1.1062007541897e-05,2.0983291056243e-13,-2.3430586279465e-15
3472,0,0,3472,2.228510034736e-11,1.1060845782713e-05,2.1027841230432e-13,-2.348530156981e-15
3473,0,0,3473,2.2287454352331e-11,1.1059681562211e-05,2.1072391085424e-13,-2.3540049718032e-15
3474,0,0,3474,2.2289813835413e-11,1.1058514880409e-05,2.1116940620421e-13,-2.3594830810951e-15
3475,0,0,3475,2.2292178799906e-11,1.1057345737324e-05,2.1161489834564e-13,-2.3649644935388e-15
3476,0,0,3476,2.2294549249124e-11,1.1056174132974e-05,2.1206038726996e-13,-2.3704492178296e-15
3477,0,0,3477,2.2296925186387e-11,1.1055000067378e-05,2.1250587296857e-13,-2.3759372626786e-15
3478,0,0,3478,2.2299306615023e-11,1.1053823540552e-05,2.1295135543289e-13,-2.3814286368036e-15
3479,0,0,3479,2.2301693538372e-11,1.1052644552516e-05,2.1339683465495e-13,-2.3869233489449e-15
3480,0,0,3480,2.230408595978e-11,1.1051463103286e-05,2.1384231062555e-13,-2.3924214078363e-15
3481,0,0,3481,2.2306483882602e-11,1.105027919288e-05,2.1428778333641e-13,-2.397922822244e-15
3482,0,0,3482,2.2308887310203e-11,1.1049092821318e-05,2.1473325277894e-13,-2.4034276009342e-15
3483,0,0,3483,2.2311296245956e-11,1.1047903988617e-05,2.1517871894456e-13,-2.4089357526827e-15
3484,0,0,3484,2.2313710693242e-11,1.1046712694795e-05,2.1562418182499e-13,-2.4144472862946e-15
3485,0,0,3485,2.2316130655453e-11,1.104551893987e-05,2.1606964141072e-13,-2.4199622105586e-15
3486,0,0,3486,2.2318556135987e-11,1.104432272386e-05,2.1651509769379e-13,-2.4254805343119e-15
3487,0,0,3487,2.2320987138254e-11,1.1043124046785e-05,2.1696055066591e-13,-2.431002266366e-15
3488,0,0,3488,2.2323423665669e-11,1.1041922908661e-05,2.1740600031788e-13,-2.4365274155776e-15
3489,0,0,3489,2.232586572166e-11,1.1040719309509e-05,2.1785144664112e-13,-2.4420559907903e-15
3490,0,0,3490,2.2328313309661e-11,1.1039513249345e-05,2.1829688962705e-13,-2.4475880008802e-15
3491,0,0,3491,2.2330766433116e-11,1.1038304728189e-05,2.1874232926677e-13,-2.45312345472e-15
3492,0,0,3492,2.2333225095477e-11,1.1037093746059e-05,2.191877655523e-13,-2.4586623612053e-15
3493,0,0,3493,2.2335689300206e-11,1.1035880302973e-05,2.1963319847385e-13,-2.4642047292379e-15
3494,0,0,3494,2.2338159050774e-11,1.1034664398951e-05,2.2007862802343e-13,-2.4697505677391e-15
3495,0,0,3495,2.2340634350659e-11,1.1033446034011e-05,2.2052405419245e-13,-2.4752998856333e-15
3496,0,0,3496,2.2343115203351e-11,1.1032225208171e-05,2.2096947697173e-13,-2.4808526918613e-15
3497,0,0,3497,2.2345601612347e-11,1.1031001921451e-05,2.2141489635237e-13,-2.4864089953895e-15
3498,0,0,3498,2.2348093581152e-11,1.1029776173869e-05,2.2186031232639e-13,-2.4919688051683e-15
3499,0,0,3499,2.2350591113282e-11,1.1028547965444e-05,2.2230572488429e-13,-2.4975321301901e-15
3500,0,0,3500,2.2353094212261e-11,1.1027317296196e-05,2.2275113401718e-13,-2.5030989794471e-15
3501,0,0,3501,2.2355602881623e-11,1.1026084166142e-05,2.2319653971709e-13,-2.5086693619351e-15
3502,0,0,3502,2.235811712491e-11,1.1024848575302e-05,2.2364194197451e-13,-2.5142432866884e-15
3503,0,0,3503,2.2360636945673e-11,1.1023610523696e-05,2.2408734078054e-13,-2.5198207627218e-15
3504,0,0,3504,2.2363162347472e-11,1.1022370011341e-05,2.2453273612692e-13,-2.5254017990925e-15
3505,0,0,3505,2.2365693333877e-11,1.1021127038259e-05,2.2497812800444e-13,-2.530986404851e-15
3506,0,0,3506,2.2368229908466e-11,1.1019881604466e-05,2.2542351640389e-13,-2.5365745890703e-15
3507,0,0,3507,2.2370772074827e-11,1.1018633709984e-05,2.2586890131702e-13,-2.5421663608333e-15
3508,0,0,3508,2.2373319836556e-11,1.1017383354831e-05,2.263142827346e-13,-2.5477617292326e-15
3509,0,0,3509,2.2375873197259e-11,1.1016130539026e-05,2.2675966064746e-13,-2.5533607033832e-15
3510,0,0,3510,2.2378432160552e-11,1.1014875262589e-05,2.272050350476e-13,-2.5589632924069e-15
3511,0,0,3511,2.2380996730057e-11,1.101361752554e-05,2.2765040592523e-13,-2.564569505438e-15
3512,0,0,3512,2.2383566909409e-11,1.1012357327897e-05,2.2809577327114e-13,-2.5701793516209e-15
3513,0,0,3513,2.2386142702249e-11,1.1011094669682e-05,2.2854113707766e-13,-2.575792840132e-15
3514,0,0,3514,2.2388724112229e-11,1.1009829550912e-05,2.2898649733438e-13,-2.5814099801285e-15
3515,0,0,3515,2.239131114301e-11,1.1008561971608e-05,2.2943185403363e-13,-2.5870307808129e-15
3516,0,0,3516,2.2393903798261e-11,1.1007291931789e-05,2.2987720716497e-13,-2.5926552513842e-15
3517,0,0,3517,2.2396502081662e-11,1.1006019431476e-05,2.3032255672044e-13,-2.5982834010578e-15
3518,0,0,3518,2.2399105996901e-11,1.1004744470687e-05,2.3076790269115e-13,-2.6039152390586e-15
3519,0,0,3519,2.2401715547676e-11,1.1003467049444e-05,2.3121324506698e-13,-2.6095507746375e-15
3520,0,0,3520,2.2404330737693e-11,1.1002187167765e-05,2.3165858383965e-13,-2.6151900170455e-15
3521,0,0,3521,2.2406951570669e-11,1.1000904825671e-05,2.3210391900026e-13,-2.6208329755526e-15
3522,0,0,3522,2.2409578050328e-11,1.0999620023182e-05,2.3254925053931e-13,-2.6264796594453e-15
3523,0,0,3523,2.2412210180406e-11,1.0998332760318e-05,2.3299457844761e-13,-2.6321300780165e-15
3524,0,0,3524,2.2414847964647e-11,1.0997043037098e-05,2.3343990271656e-13,-2.6377842405849e-15
3525,0,0,3525,2.2417491406803e-11,1.0995750853544e-05,2.3388522333667e-13,-2.6434421564626e-15
3526,0,0,3526,2.2420140510638e-11,1.0994456209675e-05,2.3433054029842e-13,-2.6491038350008e-15
3527,0,0,3527,2.2422795279924e-11,1.0993159105512e-05,2.3477585359354e-13,-2.654769285544e-15
3528,0,0,3528,2.2425455718441e-11,1.0991859541074e-05,2.3522116321221e-13,-2.6604385174594e-15
3529,0,0,3529,2.2428121829981e-11,1.0990557516382e-05,2.3566646914585e-13,-2.6661115401334e-15
3530,0,0,3530,2.2430793618344e-11,1.0989253031458e-05,2.3611177138434e-13,-2.6717883629528e-15
3531,0,0,3531,2.2433471087339e-11,1.098794608632e-05,2.3655706991941e-13,-2.6774689953266e-15
3532,0,0,3532,2.2436154240786e-11,1.098663668099e-05,2.3700236474124e-13,-2.6831534466802e-15
3533,0,0,3533,2.2438843082513e-11,1.0985324815488e-05,2.3744765584062e-13,-2.6888417264454e-15
3534,0,0,3534,2.2441537616357e-11,1.0984010489835e-05,2.3789294320868e-13,-2.6945338440766e-15
3535,0,0,3535,2.2444237846166e-11,1.0982693704051e-05,2.383382268362e-13,-2.700229809038e-15
3536,0,0,3536,2.2446943775796e-11,1.0981374458158e-05,2.3878350671308e-13,-2.7059296308032e-15
3537,0,0,3537,2.2449655409115e-11,1.0980052752175e-05,2.3922878283103e-13,-2.711633318872e-15
3538,0,0,3538,2.2452372749998e-11,1.0978728586125e-05,2.3967405518024e-13,-2.7173408827473e-15
3539,0,0,3539,2.245509580233e-11,1.0977401960027e-05,2.4011932375121e-13,-2.7230523319513e-15
3540,0,0,3540,2.2457824570006e-11,1.0976072873902e-05,2.4056458853504e-13,-2.7287676760193e-15
3541,0,0,3541,2.2460559056931e-11,1.0974741327772e-05,2.4100984952223e-13,-2.7344869245025e-15
3542,0,0,3542,2.2463299267018e-11,1.0973407321658e-05,2.4145510670327e-13,-2.7402100869685e-15
3543,0,0,3543,2.2466045204191e-11,1.097207085558e-05,2.4190036006865e-13,-2.745937172988e-15
3544,0,0,3544,2.2468796872383e-11,1.097073192956e-05,2.423456096098e-13,-2.7516681921674e-15
3545,0,0,3545,2.2471554275537e-11,1.0969390543619e-05,2.4279085531598e-13,-2.7574031541031e-15
3546,0,0,3546,2.2474317417605e-11,1.0968046697778e-05,2.4323609717922e-13,-2.7631420684241e-15
3547,0,0,3547,2.247708630255e-11,1.0966700392059e-05,2.4368133518878e-13,-2.768884944769e-15
3548,0,0,3548,2.2479860934343e-11,1.0965351626483e-05,2.4412656933638e-13,-2.774631792786e-15
3549,0,0,3549,2.2482641316965e-11,1.096400040107e-05,2.445717996113e-13,-2.7803826221429e-15
3550,0,0,3550,2.2485427454407e-11,1.0962646715844e-05,2.4501702600526e-13,-2.78613744253e-15
3551,0,0,3551,2.2488219350671e-11,1.0961290570825e-05,2.4546224850783e-13,-2.7918962636309e-15
3552,0,0,3552,2.2491017009766e-11,1.0959931966034e-05,2.4590746711011e-13,-2.7976590951653e-15
3553,0,0,3553,2.2493820435713e-11,1.0958570901494e-05,2.4635268180261e-13,-2.8034259468588e-15
3554,0,0,3554,2.2496629632542e-11,1.0957207377225e-05,2.467978925749e-13,-2.8091968284534e-15
3555,0,0,3555,2.2499444604291e-11,1.095584139325e-05,2.4724309941869e-13,-2.8149717497009e-15
3556,0,0,3556,2.2502265355012e-11,1.0954472949591e-05,2.4768830232327e-13,-2.8207507203788e-15
3557,0,0,3557,2.2505091888762e-11,1.0953102046269e-05,2.4813350128003e-13,-2.8265337502743e-15
3558,0,0,3558,2.2507924209611e-11,1.0951728683306e-05,2.4857869627825e-13,-2.8323208491843e-15
3559,0,0,3559,2.2510762321638e-11,1.0950352860725e-05,2.4902388730965e-13,-2.8381120269251e-15
3560,0,0,3560,2.2513606228931e-11,1.0948974578546e-05,2.4946907436381e-13,-2.8439072933357e-15
3561,0,0,3561,2.251645593559e-11,1.0947593836792e-05,2.499142574306e-13,-2.8497066582615e-15
3562,0,0,3562,2.2519311445721e-11,1.0946210635485e-05,2.5035943650175e-13,-2.8555101315607e-15
3563,0,0,3563,2.2522172763444e-11,1.0944824974648e-05,2.5080461156592e-13,-2.8613177231175e-15
3564,0,0,3564,2.2525039892887e-11,1.0943436854302e-05,2.5124978261482e-13,-2.8671294428193e-15
3565,0,0,3565,2.2527912838188e-11,1.094204627447e-05,2.5169494963833e-13,-2.8729453005826e-15
3566,0,0,3566,2.2530791603494e-11,1.0940653235173e-05,2.5214011262603e-13,-2.8787653063271e-15
3567,0,0,3567,2.2533676192964e-11,1.0939257736436e-05,2.5258527156903e-13,-2.8845894699952e-15
3568,0,0,3568,2.2536566610766e-11,1.0937859778278e-05,2.5303042645721e-13,-2.8904178015419e-15
3569,0,0,3569,2.2539462861077e-11,1.0936459360724e-05,2.5347557728106e-13,-2.8962503109389e-15
3570,0,0,3570,2.2542364948085e-11,1.0935056483796e-05,2.5392072403016e-13,-2.9020870081704e-15
3571,0,0,3571,2.2545272875988e-11,1.0933651147516e-05,2.5436586669561e-13,-2.9079279032432e-15
3572,0,0,3572,2.2548186648994e-11,1.0932243351907e-05,2.54811005267e-13,-2.9137730061775e-15
3573,0,0,3573,2.2551106271321e-11,1.0930833096991e-05,2.5525613973419e-13,-2.9196223270025e-15
3574,0,0,3574,2.2554031747197e-11,1.0929420382792e-05,2.5570127008831e-13,-2.9254758757675e-15
3575,0,0,3575,2.2556963080859e-11,1.0928005209331e-05,2.5614639631892e-13,-2.9313336625502e-15
3576,0,0,3576,2.2559900276557e-11,1.0926587576633e-05,2.565915184156e-13,-2.9371956974192e-15
3577,0,0,3577,2.2562843338547e-11,1.0925167484719e-05,2.5703663636977e-13,-2.9430619904783e-15
3578,0,0,3578,2.2565792271099e-11,1.0923744933613e-05,2.5748175017007e-13,-2.9489325518442e-15
3579,0,0,3579,2.2568747078491e-11,1.0922319923338e-05,2.5792685980762e-13,-2.9548073916436e-15
3580,0,0,3580,2.2571707765011e-11,1.0920892453917e-05,2.5837196527199e-13,-2.9606865200254e-15
3581,0,0,3581,2.2574674334958e-11,1.0919462525372e-05,2.5881706655337e-13,-2.9665699471486e-15
3582,0,0,3582,2.2577646792641e-11,1.0918030137728e-05,2.5926216364164e-13,-2.9724576831978e-15
3583,0,0,3583,2.258062514238e-11,1.0916595291007e-05,2.597072565273e-13,-2.9783497383608e-15
3584,0,0,3584,2.2583609388502e-11,1.0915157985232e-05,2.601523451993e-13,-2.9842461228579e-15
3585,0,0,3585,2.2586599535349e-11,1.0913718220427e-05,2.6059742964876e-13,-2.9901468469093e-15
3586,0,0,3586,2.258959558727e-11,1.0912275996616e-05,2.6104250986494e-13,-2.9960519207643e-15
3587,0,0,3587,2.2592597548625e-11,1.0910831313821e-05,2.6148758583833e-13,-3.0019613546818e-15
3588,0,0,3588,2.2595605423784e-11,1.0909384172067e-05,2.6193265755791e-13,-3.007875158937e-15
3589,0,0,3589,2.2598619217128e-11,1.0907934571376e-05,2.6237772501446e-13,-3.0137933438309e-15
3590,0,0,3590,2.2601638933047e-11,1.0906482511773e-05,2.6282278819757e-13,-3.0197159196644e-15
3591,0,0,3591,2.2604664575944e-11,1.0905027993281e-05,2.6326784709712e-13,-3.0256428967741e-15
3592,0,0,3592,2.2607696150229e-11,1.0903571015923e-05,2.6371290170298e-13,-3.0315742854932e-15
3593,0,0,3593,2.2610733660326e-11,1.0902111579724e-05,2.6415795200504e-13,-3.0375100961971e-15
3594,0,0,3594,2.2613777110665e-11,1.0900649684708e-05,2.6460299799287e-13,-3.0434503392482e-15
3595,0,0,3595,2.261682650569e-11,1.0899185330897e-05,2.6504803965667e-13,-3.0493950250475e-15
3596,0,0,3596,2.2619881849854e-11,1.0897718518317e-05,2.6549307698569e-13,-3.0553441640093e-15
3597,0,0,3597,2.2622943147621e-11,1.0896249246992e-05,2.6593810997044e-13,-3.0612977665539e-15
3598,0,0,3598,2.2626010403464e-11,1.0894777516944e-05,2.6638313860018e-13,-3.0672558431375e-15
3599,0,0,3599,2.2629083621868e-11,1.0893303328199e-05,2.6682816286448e-13,-3.073218404213e-15
3600,0,0,3600,2.2632162807328e-11,1.089182668078e-05,2.6727318275385e-13,-3.0791854602622e-15
3601,0,0,3601,2.263524796435e-11,1.0890347574713e-05,2.6771819825663e-13,-3.0851570217801e-15
3602,0,0,3602,2.2638339097449e-11,1.088886601002e-05,2.6816320936423e-13,-3.0911330992873e-15
3603,0,0,3603,2.2641436211153e-11,1.0887381986727e-05,2.686082160647e-13,-3.0971137033077e-15
3604,0,0,3604,2.2644539309997e-11,1.0885895504858e-05,2.6905321834883e-13,-3.1030988443912e-15
3605,0,0,3605,2.264764839853e-11,1.0884406564437e-05,2.694982162059e-13,-3.1090885331036e-15
3606,0,0,3606,2.265076348131e-11,1.0882915165488e-05,2.6994320962517e-13,-3.1150827800271e-15
3607,0,0,3607,2.2653884562906e-11,1.0881421308037e-05,2.7038819859652e-13,-3.1210815957665e-15
3608,0,0,3608,2.2657011647897e-11,1.0879924992109e-05,2.7083318310985e-13,-3.127084990936e-15
3609,0,0,3609,2.2660144740873e-11,1.0878426217727e-05,2.7127816315409e-13,-3.1330929761695e-15
3610,0,0,3610,2.2663283846435e-11,1.0876924984916e-05,2.7172313871946e-13,-3.1391055621234e-15
3611,0,0,3611,2.2666428969194e-11,1.0875421293702e-05,2.721681097949e-13,-3.1451227594671e-15
3612,0,0,3612,2.2669580113773e-11,1.0873915144109e-05,2.726130763703e-13,-3.151144578886e-15
3613,0,0,3613,2.2672737284804e-11,1.0872406536161e-05,2.7305803843523e-13,-3.1571710310947e-15
3614,0,0,3614,2.2675900486931e-11,1.0870895469885e-05,2.7350299597834e-13,-3.1632021268078e-15
3615,0,0,3615,2.2679069724808e-11,1.0869381945305e-05,2.7394794899014e-13,-3.1692378767721e-15
3616,0,0,3616,2.26822450031e-11,1.0867865962446e-05,2.7439289745959e-13,-3.1752782917476e-15
3617,0,0,3617,2.2685426326482e-11,1.0866347521334e-05,2.7483784137625e-13,-3.1813233825101e-15
3618,0,0,3618,2.2688613699642e-11,1.0864826621993e-05,2.7528278072909e-13,-3.1873731598549e-15
3619,0,0,3619,2.2691807127277e-11,1.0863303264448e-05,2.757277155083e-13,-3.193427634597e-15
3620,0,0,3620,2.2695006614094e-11,1.0861777448726e-05,2.7617264570253e-13,-3.199486817567e-15
3621,0,0,3621,2.2698212164814e-11,1.0860249174852e-05,2.7661757130136e-13,-3.2055507196154e-15
3622,0,0,3622,2.2701423784166e-11,1.085871844285e-05,2.7706249229405e-13,-3.211619351615e-15
3623,0,0,3623,2.270464147689e-11,1.0857185252747e-05,2.7750740867019e-13,-3.217692724442e-15
3624,0,0,3624,2.2707865247739e-11,1.0855649604568e-05,2.7795232041903e-13,-3.2237708490144e-15
3625,0,0,3625,2.2711095101475e-11,1.0854111498338e-05,2.7839722752924e-13,-3.2298537362408e-15
3626,0,0,3626,2.2714331042872e-11,1.0852570934084e-05,2.788421299913e-13,-3.2359413970748e-15
3627,0,0,3627,2.2717573076715e-11,1.0851027911831e-05,2.7928702779295e-13,-3.2420338424701e-15
3628,0,0,3628,2.2720821207798e-11,1.0849482431605e-05,2.7973192092439e-13,-3.2481310834095e-15
3629,0,0,3629,2.2724075440929e-11,1.0847934493432e-05,2.8017680937487e-13,-3.2542331308821e-15
3630,0,0,3630,2.2727335780925e-11,1.0846384097337e-05,2.8062169313306e-13,-3.2603399959128e-15
3631,0,0,3631,2.2730602232615e-11,1.0844831243347e-05,2.8106657218822e-13,-3.2664516895328e-15
3632,0,0,3632,2.2733874800837e-11,1.0843275931488e-05,2.8151144652993e-13,-3.2725682227959e-15
3633,0,0,3633,2.2737153490444e-11,1.0841718161785e-05,2.8195631614714e-13,-3.2786896067689e-15
3634,0,0,3634,2.2740438306297e-11,1.0840157934266e-05,2.8240118102852e-13,-3.2848158525508e-15
3635,0,0,3635,2.2743729253268e-11,1.0838595248956e-05,2.8284604116332e-13,-3.2909469712441e-15
3636,0,0,3636,2.2747026336242e-11,1.0837030105881e-05,2.8329089654114e-13,-3.2970829739833e-15
3637,0,0,3637,2.2750329560114e-11,1.0835462505068e-05,2.8373574715061e-13,-3.3032238719127e-15
3638,0,0,3638,2.275363892979e-11,1.0833892446543e-05,2.8418059298101e-13,-3.3093696761993e-15
3639,0,0,3639,2.2756954450188e-11,1.0832319930333e-05,2.8462543402069e-13,-3.3155203980294e-15
3640,0,0,3640,2.2760276126237e-11,1.0830744956464e-05,2.8507027025952e-13,-3.3216760486087e-15
3641,0,0,3641,2.2763603962876e-11,1.0829167524963e-05,2.8551510168556e-13,-3.3278366391591e-15
3642,0,0,3642,2.2766937965057e-11,1.0827587635857e-05,2.8595992828898e-13,-3.3340021809284e-15
3643,0,0,3643,2.2770278137742e-11,1.0826005289171e-05,2.8640475005783e-13,-3.3401726851738e-15
3644,0,0,3644,2.2773624485905e-11,1.0824420484934e-05,2.8684956698076e-13,-3.3463481631852e-15
3645,0,0,3645,2.2776977014531e-11,1.0822833223171e-05,2.8729437904736e-13,-3.3525286262554e-15
3646,0,0,3646,2.2780335728617e-11,1.082124350391e-05,2.8773918624657e-13,-3.3587140857098e-15
3647,0,0,3647,2.278370063317e-11,1.0819651327178e-05,2.8818398856675e-13,-3.3649045528931e-15
3648,0,0,3648,2.2787071733209e-11,1.0818056693001e-05,2.8862878599686e-13,-3.3711000391562e-15
3649,0,0,3649,2.2790449033765e-11,1.0816459601407e-05,2.8907357852586e-13,-3.3773005558892e-15
3650,0,0,3650,2.2793832539879e-11,1.0814860052423e-05,2.8951836614241e-13,-3.3835061144883e-15
3651,0,0,3651,2.2797222256606e-11,1.0813258046075e-05,2.8996314883547e-13,-3.3897167263661e-15
3652,0,0,3652,2.2800618189009e-11,1.0811653582393e-05,2.9040792659399e-13,-3.3959324029707e-15
3653,0,0,3653,2.2804020342165e-11,1.0810046661401e-05,2.9085269940572e-13,-3.4021531557597e-15
3654,0,0,3654,2.2807428721161e-11,1.0808437283129e-05,2.9129746726084e-13,-3.408378996207e-15
3655,0,0,3655,2.2810843331097e-11,1.0806825447604e-05,2.9174223014648e-13,-3.4146099358222e-15
3656,0,0,3656,2.2814264177083e-11,1.0805211154852e-05,2.9218698805281e-13,-3.4208459861114e-15
3657,0,0,3657,2.2817691264241e-11,1.0803594404902e-05,2.9263174096789e-13,-3.4270871586229e-15
3658,0,0,3658,2.2821124597706e-11,1.0801975197781e-05,2.9307648887945e-13,-3.4333334649144e-15
3659,0,0,3659,2.2824564182623e-11,1.0800353533517e-05,2.9352123177798e-13,-3.4395849165667e-15
3660,0,0,3660,2.2828010024148e-11,1.0798729412138e-05,2.939659696503e-13,-3.4458415251731e-15
3661,0,0,3661,2.283146212745e-11,1.0797102833671e-05,2.9441070248598e-13,-3.4521033023626e-15
3662,0,0,3662,2.283492049771e-11,1.0795473798144e-05,2.9485543027337e-13,-3.458370259774e-15
3663,0,0,3663,2.2838385140119e-11,1.0793842305586e-05,2.9530015300082e-13,-3.464642409062e-15
3664,0,0,3664,2.2841856059881e-11,1.0792208356025e-05,2.9574487065698e-13,-3.4709197619171e-15
3665,0,0,3665,2.2845333262211e-11,1.0790571949488e-05,2.9618958323082e-13,-3.477202330036e-15
3666,0,0,3666,2.2848816752336e-11,1.0788933086003e-05,2.9663429070976e-13,-3.4834901251448e-15
3667,0,0,3667,2.2852306535495e-11,1.0787291765599e-05,2.9707899308338e-13,-3.4897831589855e-15
3668,0,0,3668,2.2855802616939e-11,1.0785647988305e-05,2.9752369033911e-13,-3.4960814433196e-15
3669,0,0,3669,2.2859305001929e-11,1.0784001754147e-05,2.9796838246621e-13,-3.5023849899409e-15
3670,0,0,3670,2.2862813695739e-11,1.0782353063156e-05,2.9841306945273e-13,-3.5086938106464e-15
3671,0,0,3671,2.2866328703656e-11,1.0780701915359e-05,2.9885775128671e-13,-3.5150079172654e-15
3672,0,0,3672,2.2869850030978e-11,1.0779048310784e-05,2.9930242795711e-13,-3.5213273216532e-15
3673,0,0,3673,2.2873377683014e-11,1.0777392249461e-05,2.9974709945166e-13,-3.5276520356648e-15
3674,0,0,3674,2.2876911665085e-11,1.0775733731419e-05,3.0019176575932e-13,-3.5339820712071e-15
3675,0,0,3675,2.2880451982525e-11,1.0774072756684e-05,3.0063642686784e-13,-3.5403174401742e-15
3676,0,0,3676,2.288399864068e-11,1.0772409325288e-05,3.0108108276556e-13,-3.5466581545149e-15
3677,0,0,3677,2.2887551644906e-11,1.0770743437258e-05,3.0152573344113e-13,-3.5530042261716e-15
3678,0,0,3678,2.2891111000573e-11,1.0769075092623e-05,3.0197037888259e-13,-3.5593556671223e-15
3679,0,0,3679,2.2894676713062e-11,1.0767404291413e-05,3.0241501907738e-13,-3.5657124893643e-15
3680,0,0,3680,2.2898248787767e-11,1.0765731033656e-05,3.0285965401507e-13,-3.5720747049208e-15
3681,0,0,3681,2.2901827230093e-11,1.0764055319381e-05,3.0330428368277e-13,-3.5784423258216e-15
3682,0,0,3682,2.2905412045457e-11,1.0762377148619e-05,3.0374890806916e-13,-3.5848153641317e-15
3683,0,0,3683,2.2909003239289e-11,1.0760696521397e-05,3.0419352716164e-13,-3.591193831939e-15
3684,0,0,3684,2.291260081703e-11,1.0759013437745e-05,3.046381409495e-13,-3.5975777413443e-15
3685,0,0,3685,2.2916204784135e-11,1.0757327897693e-05,3.0508274941954e-13,-3.6039671044677e-15
3686,0,0,3686,2.2919815146068e-11,1.075563990127e-05,3.0552735256074e-13,-3.6103619334714e-15
3687,0,0,3687,2.2923431908309e-11,1.0753949448506e-05,3.0597195036051e-13,-3.6167622405109e-15
3688,0,0,3688,2.2927055076347e-11,1.0752256539429e-05,3.064165428075e-13,-3.6231680377841e-15
3689,0,0,3689,2.2930684655684e-11,1.0750561174071e-05,3.0686112988886e-13,-3.6295793375112e-15
3690,0,0,3690,2.2934320651836e-11,1.074886335246e-05,3.0730571159352e-13,-3.6359961519189e-15
3691,0,0,3691,2.2937963070329e-11,1.0747163074626e-05,3.0775028790832e-13,-3.6424184932696e-15
3692,0,0,3692,2.2941611916703e-11,1.0745460340599e-05,3.0819485882251e-13,-3.648846373845e-15
3693,0,0,3693,2.2945267196509e-11,1.074375515041e-05,3.0863942432261e-13,-3.6552798059429e-15
3694,0,0,3694,2.2948928915311e-11,1.0742047504087e-05,3.0908398439758e-13,-3.6617188018967e-15
3695,0,0,3695,2.2952597078685e-11,1.0740337401661e-05,3.0952853903454e-13,-3.668163374043e-15
3696,0,0,3696,2.295627169222e-11,1.0738624843163e-05,3.0997308822183e-13,-3.6746135347605e-15
3697,0,0,3697,2.2959952761516e-11,1.0736909828622e-05,3.1041763194689e-13,-3.6810692964407e-15
3698,0,0,3698,2.2963640292188e-11,1.0735192358068e-05,3.1086217019776e-13,-3.6875306714913e-15
3699,0,0,3699,2.296733428986e-11,1.0733472431533e-05,3.1130670296186e-13,-3.6939976723621e-15
3700,0,0,3700,2.2971034760172e-11,1.0731750049045e-05,3.1175123022755e-13,-3.7004703114994e-15
3701,0,0,3701,2.2974741708773e-11,1.0730025210636e-05,3.1219575198194e-13,-3.7069486014016e-15
3702,0,0,3702,2.2978455141328e-11,1.0728297916337e-05,3.1264026821308e-13,-3.7134325545635e-15
3703,0,0,3703,2.2982175063511e-11,1.0726568166177e-05,3.1308477890809e-13,-3.7199221835157e-15
3704,0,0,3704,2.2985901481012e-11,1.0724835960188e-05,3.1352928405562e-13,-3.7264175008112e-15
3705,0,0,3705,2.2989634399531e-11,1.07231012984e-05,3.1397378364249e-13,-3.7329185190323e-15
3706,0,0,3706,2.2993373824782e-11,1.0721364180844e-05,3.1441827765644e-13,-3.7394252507644e-15
3707,0,0,3707,2.299711976249e-11,1.071962460755e-05,3.1486276608488e-13,-3.7459377086348e-15
3708,0,0,3708,2.3000872218396e-11,1.0717882578551e-05,3.1530724891618e-13,-3.7524559052937e-15
3709,0,0,3709,2.3004631198249e-11,1.0716138093876e-05,3.1575172613683e-13,-3.7589798533976e-15
3710,0,0,3710,2.3008396707815e-11,1.0714391153557e-05,3.161961977352e-13,-3.765509565645e-15
3711,0,0,3711,2.3012168752869e-11,1.0712641757625e-05,3.1664066369808e-13,-3.7720450547505e-15
3712,0,0,3712,2.3015947339203e-11,1.0710889906111e-05,3.1708512401353e-13,-3.7785863334481e-15
3713,0,0,3713,2.3019732472617e-11,1.0709135599047e-05,3.1752957866836e-13,-3.7851334145044e-15
3714,0,0,3714,2.3023524158928e-11,1.0707378836463e-05,3.1797402765061e-13,-3.7916863106985e-15
3715,0,0,3715,2.3027322403963e-11,1.0705619618392e-05,3.1841847094709e-13,-3.7982450348454e-15
3716,0,0,3716,2.3031127213563e-11,1.0703857944864e-05,3.1886290854585e-13,-3.8048095997759e-15
3717,0,0,3717,2.3034938593581e-11,1.0702093815911e-05,3.193073404337e-13,-3.811380018347e-15
3718,0,0,3718,2.3038756549885e-11,1.0700327231565e-05,3.1975176659777e-13,-3.8179563034348e-15
3719,0,0,3719,2.3042581088352e-11,1.0698558191858e-05,3.201961870264e-13,-3.8245384679512e-15
3720,0,0,3720,2.3046412214877e-11,1.0696786696821e-05,3.2064060170548e-13,-3.8311265248209e-15
3721,0,0,3721,2.3050249935364e-11,1.0695012746486e-05,3.2108501062307e-13,-3.8377204869943e-15
3722,0,0,3722,2.3054094255732e-11,1.0693236340885e-05,3.2152941376627e-13,-3.8443203674511e-15
3723,0,0,3723,2.3057945181911e-11,1.069145748005e-05,3.2197381112252e-13,-3.8509261791903e-15
3724,0,0,3724,2.3061802719846e-11,1.0689676164013e-05,3.2241820267864e-13,-3.8575379352401e-15
3725,0,0,3725,2.3065666875495e-11,1.0687892392806e-05,3.2286258842174e-13,-3.8641556486511e-15
3726,0,0,3726,2.3069537654827e-11,1.0686106166462e-05,3.2330696833896e-13,-3.8707793324902e-15
3727,0,0,3727,2.3073415063827e-11,1.0684317485012e-05,3.2375134241801e-13,-3.8774089998663e-15
3728,0,0,3728,2.3077299108491e-11,1.0682526348489e-05,3.241957106448e-13,-3.8840446638915e-15
3729,0,0,3729,2.3081189794829e-11,1.0680732756926e-05,3.2464007300768e-13,-3.8906863377263e-15
3730,0,0,3730,2.3085087128863e-11,1.0678936710354e-05,3.2508442949284e-13,-3.8973340345314e-15
3731,0,0,3731,2.3088991116631e-11,1.0677138208806e-05,3.2552878008711e-13,-3.9039877675092e-15
3732,0,0,3732,2.3092901764181e-11,1.0675337252316e-05,3.2597312477852e-13,-3.9106475498883e-15
3733,0,0,3733,2.3096819077576e-11,1.0673533840915e-05,3.2641746355297e-13,-3.9173133949035e-15
3734,0,0,3734,2.3100743062891e-11,1.0671727974637e-05,3.2686179639789e-13,-3.923985315835e-15
3735,0,0,3735,2.3104673726217e-11,1.0669919653513e-05,3.2730612329978e-13,-3.9306633259822e-15
3736,0,0,3736,2.3108611073656e-11,1.0668108877578e-05,3.2775044424608e-13,-3.9373474386641e-15
3737,0,0,3737,2.3112555111323e-11,1.0666295646864e-05,3.281947592236e-13,-3.9440376672254e-15
3738,0,0,3738,2.3116505845348e-11,1.0664479961405e-05,3.2863906821854e-13,-3.9507340250431e-15
3739,0,0,3739,2.3120463281874e-11,1.0662661821232e-05,3.2908337121833e-13,-3.9574365255138e-15
3740,0,0,3740,2.3124427427056e-11,1.066084122638e-05,3.2952766820917e-13,-3.964145182063e-15
3741,0,0,3741,2.3128398287064e-11,1.0659018176882e-05,3.2997195917849e-13,-3.970860008142e-15
3742,0,0,3742,2.3132375868081e-11,1.0657192672771e-05,3.304162441125e-13,-3.9775810172215e-15
3743,0,0,3743,2.3136360176304e-11,1.065536471408e-05,3.308605229983e-13,-3.9843082228015e-15
3744,0,0,3744,2.3140351217943e-11,1.0653534300844e-05,3.3130479582212e-13,-3.9910416384109e-15
3745,0,0,3745,2.314434899922e-11,1.0651701433095e-05,3.3174906257075e-13,-3.9977812776044e-15
3746,0,0,3746,2.3148353526374e-11,1.0649866110867e-05,3.3219332323133e-13,-4.004527153953e-15
3747,0,0,3747,2.3152364805655e-11,1.0648028334194e-05,3.3263757778943e-13,-4.0112792810632e-15
3748,0,0,3748,2.3156382843328e-11,1.064618810311e-05,3.330818262328e-13,-4.0180376725737e-15
3749,0,0,3749,2.316040764567e-11,1.0644345417648e-05,3.3352606854672e-13,-4.0248023421265e-15
3750,0,0,3750,2.3164439218973e-11,1.0642500277843e-05,3.3397030471893e-13,-4.031573303409e-15
3751,0,0,3751,2.3168477569543e-11,1.0640652683729e-05,3.3441453473531e-13,-4.0383505701374e-15
3752,0,0,3752,2.3172522703699e-11,1.0638802635339e-05,3.3485875858207e-13,-4.0451341560345e-15
3753,0,0,3753,2.3176574627774e-11,1.0636950132707e-05,3.3530297624602e-13,-4.0519240748684e-15
3754,0,0,3754,2.3180633348115e-11,1.0635095175869e-05,3.3574718771368e-13,-4.0587203404265e-15
3755,0,0,3755,2.3184698871081e-11,1.0633237764858e-05,3.3619139297124e-13,-4.0655229665189e-15
3756,0,0,3756,2.3188771203048e-11,1.0631377899709e-05,3.3663559200522e-13,-4.072331966991e-15
3757,0,0,3757,2.3192850350404e-11,1.0629515580456e-05,3.3707978480151e-13,-4.079147355708e-15
3758,0,0,3758,2.3196936319551e-11,1.0627650807134e-05,3.3752397134661e-13,-4.085969146567e-15
3759,0,0,3759,2.3201029116904e-11,1.0625783579777e-05,3.3796815162765e-13,-4.0927973534783e-15
3760,0,0,3760,2.3205128748894e-11,1.062391389842e-05,3.384123256293e-13,-4.099631990407e-15
3761,0,0,3761,2.3209235221966e-11,1.0622041763097e-05,3.3885649333899e-13,-4.1064730713117e-15
3762,0,0,3762,2.3213348542576e-11,1.0620167173845e-05,3.3930065474291e-13,-4.1133206102062e-15
3763,0,0,3763,2.3217468717197e-11,1.0618290130696e-05,3.3974480982635e-13,-4.1201746211136e-15
3764,0,0,3764,2.3221595752315e-11,1.0616410633688e-05,3.4018895857613e-13,-4.1270351180961e-15
3765,0,0,3765,2.322572965443e-11,1.0614528682854e-05,3.4063310097814e-13,-4.1339021152254e-15
3766,0,0,3766,2.3229870430057e-11,1.0612644278229e-05,3.4107723701858e-13,-4.1407756266249e-15
3767,0,0,3767,2.3234018085723e-11,1.061075741985e-05,3.4152136668396e-13,-4.1476556664311e-15
3768,0,0,3768,2.3238172627972e-11,1.060886810775e-05,3.4196548995895e-13,-4.154542248803e-15
3769,0,0,3769,2.324233406336e-11,1.0606976341967e-05,3.4240960683128e-13,-4.1614353879384e-15
3770,0,0,3770,2.3246502398458e-11,1.0605082122534e-05,3.4285371728563e-13,-4.168335098064e-15
3771,0,0,3771,2.3250677639852e-11,1.0603185449488e-05,3.4329782130819e-13,-4.1752413934198e-15
3772,0,0,3772,2.325485979414e-11,1.0601286322865e-05,3.4374191888578e-13,-4.1821542882906e-15
3773,0,0,3773,2.3259048867937e-11,1.0599384742699e-05,3.4418601000307e-13,-4.1890737969745e-15
3774,0,0,3774,2.3263244867871e-11,1.0597480709027e-05,3.4463009464656e-13,-4.1959999338082e-15
3775,0,0,3775,2.3267447800584e-11,1.0595574221884e-05,3.4507417280216e-13,-4.2029327131575e-15
3776,0,0,3776,2.3271657672733e-11,1.0593665281307e-05,3.4551824445514e-13,-4.2098721493978e-15
3777,0,0,3777,2.327587449099e-11,1.0591753887332e-05,3.4596230959232e-13,-4.2168182569597e-15
3778,0,0,3778,2.3280098262041e-11,1.0589840039993e-05,3.4640636819837e-13,-4.2237710502864e-15
3779,0,0,3779,2.3284328992584e-11,1.0587923739329e-05,3.4685042025918e-13,-4.2307305438472e-15
3780,0,0,3780,2.3288566689337e-11,1.0586004985375e-05,3.4729446576127e-13,-4.2376967521467e-15
3781,0,0,3781,2.3292811359026e-11,1.0584083778166e-05,3.4773850468959e-13,-4.2446696897188e-15
3782,0,0,3782,2.3297063008397e-11,1.0582160117741e-05,3.4818253702945e-13,-4.25164937112e-15
3783,0,0,3783,2.3301321644208e-11,1.0580234004134e-05,3.4862656276765e-13,-4.2586358109423e-15
3784,0,0,3784,2.3305587273232e-11,1.0578305437384e-05,3.4907058188856e-13,-4.2656290238034e-15
3785,0,0,3785,2.3309859902256e-11,1.0576374417525e-05,3.4951459437868e-13,-4.2726290243406e-15
3786,0,0,3786,2.3314139538084e-11,1.0574440944596e-05,3.4995860022269e-13,-4.2796358272427e-15
3787,0,0,3787,2.3318426187531e-11,1.0572505018632e-05,3.5040259940678e-13,-4.2866494472021e-15
3788,0,0,3788,2.332271985743e-11,1.0570566639671e-05,3.5084659191562e-13,-4.2936698989624e-15
3789,0,0,3789,2.3327020554627e-11,1.056862580775e-05,3.5129057773604e-13,-4.3006971972805e-15
3790,0,0,3790,2.3331328285984e-11,1.0566682522906e-05,3.5173455685177e-13,-4.3077313569455e-15
3791,0,0,3791,2.3335643058377e-11,1.0564736785175e-05,3.5217852924932e-13,-4.3147723927884e-15
3792,0,0,3792,2.3339964878697e-11,1.0562788594595e-05,3.5262249491368e-13,-4.3218203196533e-15
3793,0,0,3793,2.3344293753849e-11,1.0560837951204e-05,3.5306645383012e-13,-4.3288751524197e-15
3794,0,0,3794,2.3348629690755e-11,1.0558884855038e-05,3.5351040598392e-13,-4.3359369059995e-15
3795,0,0,3795,2.335297269635e-11,1.0556929306136e-05,3.5395435136068e-13,-4.3430055953337e-15
3796,0,0,3796,2.3357322777586e-11,1.0554971304534e-05,3.5439828994537e-13,-4.3500812353954e-15
3797,0,0,3797,2.3361679941427e-11,1.055301085027e-05,3.5484222172296e-13,-4.3571638411742e-15
3798,0,0,3798,2.3366044194855e-11,1.0551047943382e-05,3.5528614667874e-13,-4.3642534277078e-15
3799,0,0,3799,2.3370415544865e-11,1.0549082583908e-05,3.557300647983e-13,-4.3713500100504e-15
3800,0,0,3800,2.3374793998468e-11,1.0547114771886e-05,3.5617397606629e-13,-4.3784536033013e-15
3801,0,0,3801,2.337917956269e-11,1.0545144507353e-05,3.5661788046802e-13,-4.3855642225693e-15
3802,0,0,3802,2.3383572244573e-11,1.0543171790348e-05,3.5706177798813e-13,-4.3926818830087e-15
3803,0,0,3803,2.3387972051173e-11,1.0541196620908e-05,3.5750566861193e-13,-4.3998065998061e-15
3804,0,0,3804,2.3392378989561e-11,1.0539218999072e-05,3.5794955232499e-13,-4.4069383881608e-15
3805,0,0,3805,2.3396793066825e-11,1.0537238924878e-05,3.5839342911106e-13,-4.4140772633272e-15
3806,0,0,3806,2.3401214290065e-11,1.0535256398364e-05,3.5883729895573e-13,-4.4212232405662e-15
3807,0,0,3807,2.3405642666401e-11,1.0533271419569e-05,3.5928116184429e-13,-4.4283763351904e-15
3808,0,0,3808,2.3410078202963e-11,1.0531283988532e-05,3.597250177611e-13,-4.4355365625315e-15
3809,0,0,3809,2.3414520906901e-11,1.0529294105291e-05,3.6016886669082e-13,-4.4427039379507e-15
3810,0,0,3810,2.3418970785378e-11,1.0527301769884e-05,3.6061270861843e-13,-4.4498784768477e-15
3811,0,0,3811,2.3423427845572e-11,1.0525306982351e-05,3.6105654352921e-13,-4.4570601946481e-15
3812,0,0,3812,2.3427892094679e-11,1.052330974273e-05,3.6150037140722e-13,-4.4642491068132e-15
3813,0,0,3813,2.3432363539908e-11,1.052131005106e-05,3.6194419223744e-13,-4.4714452288298e-15
3814,0,0,3814,2.3436842188484e-11,1.051930790738e-05,3.6238800600452e-13,-4.4786485762174e-15
3815,0,0,3815,2.3441328047649e-11,1.051730331173e-05,3.6283181269315e-13,-4.4858591645341e-15
3816,0,0,3816,2.3445821124658e-11,1.0515296264148e-05,3.6327561228798e-13,-4.4930770093573e-15
3817,0,0,3817,2.3450321426785e-11,1.0513286764674e-05,3.6371940477339e-13,-4.5003021263098e-15
3818,0,0,3818,2.3454828961316e-11,1.0511274813348e-05,3.6416319013403e-13,-4.5075345310336e-15
3819,0,0,3819,2.3459343735555e-11,1.0509260410208e-05,3.646069683549e-13,-4.5147742392066e-15
3820,0,0,3820,2.3463865756821e-11,1.0507243555294e-05,3.6505073941941e-13,-4.5220212665482e-15
3821,0,0,3821,2.346839503245e-11,1.0505224248645e-05,3.6549450331318e-13,-4.5292756287976e-15
3822,0,0,3822,2.3472931569792e-11,1.0503202490303e-05,3.6593826001994e-13,-4.5365373417261e-15
3823,0,0,3823,2.3477475376213e-11,1.0501178280305e-05,3.6638200952406e-13,-4.5438064211439e-15
3824,0,0,3824,2.3482026459096e-11,1.0499151618693e-05,3.668257518102e-13,-4.5510828828966e-15
3825,0,0,3825,2.3486584825839e-11,1.0497122505506e-05,3.6726948686304e-13,-4.558366742846e-15
3826,0,0,3826,2.3491150483856e-11,1.0495090940784e-05,3.677132146657e-13,-4.5656580169058e-15
3827,0,0,3827,2.3495723440577e-11,1.0493056924568e-05,3.6815693520348e-13,-4.5729567210088e-15
3828,0,0,3828,2.3500303703448e-11,1.0491020456897e-05,3.6860064846043e-13,-4.5802628711235e-15
3829,0,0,3829,2.3504891279931e-11,1.0488981537811e-05,3.6904435442029e-13,-4.5875764832603e-15
3830,0,0,3830,2.3509486177504e-11,1.0486940167352e-05,3.6948805306774e-13,-4.594897573446e-15
3831,0,0,3831,2.3514088403662e-11,1.048489634556e-05,3.6993174438683e-13,-4.6022261577555e-15
3832,0,0,3832,2.3518697965915e-11,1.0482850072475e-05,3.703754283613e-13,-4.6095622522833e-15
3833,0,0,3833,2.3523314871788e-11,1.0480801348139e-05,3.7081910497553e-13,-4.6169058731724e-15
3834,0,0,3834,2.3527939128824e-11,1.047875017259e-05,3.7126277421357e-13,-4.6242570365852e-15
3835,0,0,3835,2.3532570744583e-11,1.0476696545872e-05,3.7170643605916e-13,-4.631615758726e-15
3836,0,0,3836,2.3537209726639e-11,1.0474640468024e-05,3.7215009049666e-13,-4.6389820558249e-15
3837,0,0,3837,2.3541856082583e-11,1.0472581939087e-05,3.7259373750953e-13,-4.6463559441573e-15
3838,0,0,3838,2.3546509820023e-11,1.0470520959103e-05,3.7303737708181e-13,-4.653737440015e-15
3839,0,0,3839,2.3551170946583e-11,1.0468457528113e-05,3.7348100919788e-13,-4.6611265597475e-15
3840,0,0,3840,2.3555839469902e-11,1.0466391646158e-05,3.7392463384085e-13,-4.668523319708e-15
3841,0,0,3841,2.3560515397639e-11,1.046432331328e-05,3.743682509951e-13,-4.6759277363139e-15
3842,0,0,3842,2.3565198737465e-11,1.046225252952e-05,3.7481186064376e-13,-4.6833398259958e-15
3843,0,0,3843,2.356988949707e-11,1.0460179294919e-05,3.7525546277119e-13,-4.6907596052197e-15
3844,0,0,3844,2.3574587684161e-11,1.0458103609519e-05,3.7569905736053e-13,-4.6981870905035e-15
3845,0,0,3845,2.3579293306459e-11,1.0456025473362e-05,3.7614264439583e-13,-4.7056222983746e-15
3846,0,0,3846,2.3584006371704e-11,1.045394488649e-05,3.7658622386085e-13,-4.7130652454185e-15
3847,0,0,3847,2.3588726887653e-11,1.0451861848944e-05,3.770297957384e-13,-4.7205159482372e-15
3848,0,0,3848,2.3593454862076e-11,1.0449776360767e-05,3.7747336001317e-13,-4.7279744234743e-15
3849,0,0,3849,2.3598190302764e-11,1.0447688422001e-05,3.7791691666767e-13,-4.7354406878091e-15
3850,0,0,3850,2.3602933217522e-11,1.0445598032688e-05,3.7836046568596e-13,-4.7429147579534e-15
3851,0,0,3851,2.3607683614172e-11,1.044350519287e-05,3.7880400705117e-13,-4.7503966506542e-15
3852,0,0,3852,2.3612441500555e-11,1.044140990259e-05,3.7924754074705e-13,-4.7578863826976e-15
3853,0,0,3853,2.3617206884526e-11,1.0439312161889e-05,3.7969106675674e-13,-4.7653839709017e-15
3854,0,0,3854,2.3621979773958e-11,1.0437211970812e-05,3.8013458506369e-13,-4.7728894321108e-15
3855,0,0,3855,2.3626760176741e-11,1.0435109329399e-05,3.8057809565132e-13,-4.7804027832238e-15
3856,0,0,3856,2.3631548100783e-11,1.0433004237695e-05,3.8102159850248e-13,-4.7879240411592e-15
3857,0,0,3857,2.3636343554005e-11,1.0430896695741e-05,3.8146509360059e-13,-4.7954532228741e-15
3858,0,0,3858,2.3641146544351e-11,1.0428786703581e-05,3.8190858092942e-13,-4.8029903453679e-15
3859,0,0,3859,2.3645957079776e-11,1.0426674261258e-05,3.8235206047118e-13,-4.8105354256687e-15
3860,0,0,3860,2.3650775168257e-11,1.0424559368815e-05,3.8279553220993e-13,-4.8180884808436e-15
3861,0,0,3861,2.3655600817785e-11,1.0422442026295e-05,3.8323899612817e-13,-4.8256495279953e-15
3862,0,0,3862,2.366043403637e-11,1.0420322233742e-05,3.8368245220937e-13,-4.8332185842554e-15
3863,0,0,3863,2.3665274832036e-11,1.0418199991198e-05,3.8412590043573e-13,-4.8407956668106e-15
3864,0,0,3864,2.3670123212829e-11,1.0416075298707e-05,3.84569340791e-13,-4.8483807928603e-15
3865,0,0,3865,2.3674979186809e-11,1.0413948156313e-05,3.8501277325832e-13,-4.8559739796591e-15
3866,0,0,3866,2.3679842762053e-11,1.041181856406e-05,3.8545619782021e-13,-4.8635752444808e-15
3867,0,0,3867,2.3684713946658e-11,1.0409686521991e-05,3.8589961445919e-13,-4.8711846046542e-15
3868,0,0,3868,2.3689592748736e-11,1.0407552030151e-05,3.8634302315871e-13,-4.878802077534e-15
3869,0,0,3869,2.3694479176416e-11,1.0405415088582e-05,3.8678642390159e-13,-4.8864276805102e-15
3870,0,0,3870,2.3699373237847e-11,1.040327569733e-05,3.8722981666975e-13,-4.8940614310152e-15
3871,0,0,3871,2.3704274941194e-11,1.0401133856438e-05,3.8767320144723e-13,-4.9017033465133e-15
3872,0,0,3872,2.3709184294638e-11,1.0398989565951e-05,3.8811657821564e-13,-4.9093534445144e-15
3873,0,0,3873,2.3714101306381e-11,1.0396842825912e-05,3.8855994695843e-13,-4.9170117425508e-15
3874,0,0,3874,2.3719025984639e-11,1.0394693636367e-05,3.8900330765719e-13,-4.924678258213e-15
3875,0,0,3875,2.3723958337648e-11,1.039254199736e-05,3.8944666029568e-13,-4.9323530091043e-15
3876,0,0,3876,2.3728898373661e-11,1.0390387908935e-05,3.898900048558e-13,-4.9400360128866e-15
3877,0,0,3877,2.3733846100948e-11,1.0388231371138e-05,3.9033334132008e-13,-4.9477272872503e-15
3878,0,0,3878,2.3738801527798e-11,1.0386072384013e-05,3.9077666967103e-13,-4.9554268499153e-15
3879,0,0,3879,2.3743764662517e-11,1.0383910947604e-05,3.9121998989118e-13,-4.9631347186628e-15
3880,0,0,3880,2.3748735513428e-11,1.0381747061958e-05,3.9166330196306e-13,-4.9708509112867e-15
3881,0,0,3881,2.3753714088874e-11,1.0379580727119e-05,3.9210660586857e-13,-4.9785754456297e-15
3882,0,0,3882,2.3758700397213e-11,1.0377411943133e-05,3.9254990159054e-13,-4.9863083395762e-15
3883,0,0,3883,2.3763694446824e-11,1.0375240710044e-05,3.9299318911057e-13,-4.9940496110497e-15
3884,0,0,3884,2.3768696246102e-11,1.0373067027898e-05,3.934364684121e-13,-5.0017992779928e-15
3885,0,0,3885,2.3773705803461e-11,1.037089089674e-05,3.9387973947614e-13,-5.0095573584161e-15
3886,0,0,3886,2.3778723127331e-11,1.0368712316617e-05,3.9432300228518e-13,-5.0173238703496e-15
3887,0,0,3887,2.3783748226163e-11,1.0366531287574e-05,3.9476625682146e-13,-5.0250988318619e-15
3888,0,0,3888,2.3788781108424e-11,1.0364347809656e-05,3.952095030675e-13,-5.0328822610703e-15
3889,0,0,3889,2.37938217826e-11,1.0362161882911e-05,3.9565274100459e-13,-5.0406741761242e-15
3890,0,0,3890,2.3798870257195e-11,1.0359973507382e-05,3.9609597061494e-13,-5.048474595212e-15
3891,0,0,3891,2.3803926540732e-11,1.0357782683118e-05,3.9653919188108e-13,-5.056283536564e-15
3892,0,0,3892,2.380899064175e-11,1.0355589410163e-05,3.96982404784e-13,-5.0641010184459e-15
3893,0,0,3893,2.3814062568809e-11,1.0353393688565e-05,3.9742560930652e-13,-5.0719270591753e-15
3894,0,0,3894,2.3819142330487e-11,1.0351195518369e-05,3.9786880542995e-13,-5.0797616770891e-15
3895,0,0,3895,2.3824229935377e-11,1.0348994899622e-05,3.9831199313619e-13,-5.0876048905727e-15
3896,0,0,3896,2.3829325392095e-11,1.0346791832372e-05,3.9875517240685e-13,-5.0954567180663e-15
3897,0,0,3897,2.3834428709273e-11,1.0344586316663e-05,3.9919834322444e-13,-5.1033171780201e-15
3898,0,0,3898,2.3839539895562e-11,1.0342378352544e-05,3.9964150556934e-13,-5.1111862889551e-15
3899,0,0,3899,2.3844658959632e-11,1.0340167940061e-05,4.0008465942469e-13,-5.1190640694053e-15
3900,0,0,3900,2.384978591017e-11,1.0337955079261e-05,4.0052780477087e-13,-5.1269505379661e-15
3901,0,0,3901,2.3854920755883e-11,1.0335739770192e-05,4.0097094158977e-13,-5.1348457132621e-15
3902,0,0,3902,2.3860063505497e-11,1.0333522012899e-05,4.0141406986363e-13,-5.1427496139596e-15
3903,0,0,3903,2.3865214167755e-11,1.0331301807432e-05,4.0185718957312e-13,-5.1506622587672e-15
3904,0,0,3904,2.3870372751422e-11,1.0329079153837e-05,4.0230030069984e-13,-5.1585836664354e-15
3905,0,0,3905,2.3875539265278e-11,1.0326854052162e-05,4.027434032257e-13,-5.1665138557535e-15
3906,0,0,3906,2.3880713718123e-11,1.0324626502454e-05,4.0318649713139e-13,-5.1744528455496e-15
3907,0,0,3907,2.3885896118778e-11,1.0322396504761e-05,4.0362958239851e-13,-5.1824006546969e-15
3908,0,0,3908,2.389108647608e-11,1.0320164059131e-05,4.0407265900866e-13,-5.1903573021074e-15
3909,0,0,3909,2.3896284798887e-11,1.0317929165612e-05,4.0451572694252e-13,-5.1983228067353e-15
3910,0,0,3910,2.3901491096074e-11,1.0315691824252e-05,4.04958786182e-13,-5.2062971875766e-15
3911,0,0,3911,2.3906705376538e-11,1.0313452035099e-05,4.0540183670748e-13,-5.2142804636695e-15
3912,0,0,3912,2.3911927649192e-11,1.0311209798201e-05,4.0584487850056e-13,-5.2222726540875e-15
3913,0,0,3913,2.391715792297e-11,1.0308965113607e-05,4.0628791154192e-13,-5.2302737779559e-15
3914,0,0,3914,2.3922396206824e-11,1.0306717981365e-05,4.0673093581348e-13,-5.2382838544356e-15
3915,0,0,3915,2.3927642509727e-11,1.0304468401524e-05,4.0717395129529e-13,-5.2463029027263e-15
3916,0,0,3916,2.3932896840669e-11,1.0302216374132e-05,4.0761695796867e-13,-5.2543309420825e-15
3917,0,0,3917,2.3938159208661e-11,1.0299961899238e-05,4.0805995581459e-13,-5.2623679917879e-15
3918,0,0,3918,2.3943429622732e-11,1.0297704976891e-05,4.0850294481373e-13,-5.2704140711713e-15
3919,0,0,3919,2.3948708091932e-11,1.0295445607139e-05,4.089459249471e-13,-5.2784691996133e-15
3920,0,0,3920,2.3953994625328e-11,1.0293183790033e-05,4.0938889619537e-13,-5.2865333965172e-15
3921,0,0,3921,2.395928923201e-11,1.0290919525622e-05,4.0983185853952e-13,-5.294606681354e-15
3922,0,0,3922,2.3964591921083e-11,1.0288652813953e-05,4.1027481195994e-13,-5.3026890736238e-15
3923,0,0,3923,2.3969902701676e-11,1.0286383655078e-05,4.1071775643731e-13,-5.3107805928655e-15
3924,0,0,3924,2.3975221582935e-11,1.0284112049045e-05,4.1116069195232e-13,-5.3188812586698e-15
3925,0,0,3925,2.3980548574026e-11,1.0281837995904e-05,4.1160361848594e-13,-5.326991090666e-15
3926,0,0,3926,2.3985883684134e-11,1.0279561495705e-05,4.1204653601763e-13,-5.3351101085321e-15
3927,0,0,3927,2.3991226922466e-11,1.0277282548498e-05,4.1248944452901e-13,-5.3432383319845e-15
3928,0,0,3928,2.3996578298247e-11,1.0275001154332e-05,4.1293234400013e-13,-5.3513757807851e-15
3929,0,0,3929,2.4001937820722e-11,1.0272717313258e-05,4.1337523441107e-13,-5.3595224747347e-15
3930,0,0,3930,2.4007305499155e-11,1.0270431025326e-05,4.1381811574251e-13,-5.3676784336888e-15
3931,0,0,3931,2.4012681342833e-11,1.0268142290586e-05,4.1426098797452e-13,-5.3758436775352e-15
3932,0,0,3932,2.4018065361059e-11,1.0265851109088e-05,4.1470385108778e-13,-5.3840182262168e-15
3933,0,0,3933,2.4023457563159e-11,1.0263557480883e-05,4.1514670506205e-13,-5.3922020997119e-15
3934,0,0,3934,2.4028857958477e-11,1.0261261406022e-05,4.1558954987772e-13,-5.400395318044e-15
3935,0,0,3935,2.4034266556378e-11,1.0258962884555e-05,4.1603238551484e-13,-5.4085979012918e-15
3936,0,0,3936,2.4039683366248e-11,1.0256661916533e-05,4.164752119538e-13,-5.4168098695596e-15
3937,0,0,3937,2.4045108397491e-11,1.0254358502007e-05,4.1691802917405e-13,-5.4250312430131e-15
3938,0,0,3938,2.4050541659533e-11,1.0252052641029e-05,4.1736083715628e-13,-5.4332620418633e-15
3939,0,0,3939,2.4055983161819e-11,1.0249744333648e-05,4.1780363587994e-13,-5.4415022863471e-15
3940,0,0,3940,2.4061432913816e-11,1.0247433579917e-05,4.1824642532478e-13,-5.4497519967692e-15
3941,0,0,3941,2.4066890925009e-11,1.0245120379887e-05,4.186892054712e-13,-5.4580111934698e-15
3942,0,0,3942,2.4072357204906e-11,1.0242804733609e-05,4.1913197629895e-13,-5.4662798968311e-15
3943,0,0,3943,2.4077831763033e-11,1.0240486641135e-05,4.1957473778718e-13,-5.4745581272872e-15
3944,0,0,3944,2.4083314608939e-11,1.0238166102517e-05,4.2001748991657e-13,-5.4828459053139e-15
3945,0,0,3945,2.408880575219e-11,1.0235843117806e-05,4.2046023266597e-13,-5.491143251439e-15
3946,0,0,3946,2.4094305202376e-11,1.0233517687054e-05,4.2090296601514e-13,-5.499450186219e-15
3947,0,0,3947,2.4099812969106e-11,1.0231189810314e-05,4.2134568994414e-13,-5.5077667302885e-15
3948,0,0,3948,2.4105329062011e-11,1.0228859487638e-05,4.2178840443214e-13,-5.5160929042944e-15
3949,0,0,3949,2.411085349074e-11,1.0226526719077e-05,4.2223110945858e-13,-5.5244287289487e-15
3950,0,0,3950,2.4116386264965e-11,1.0224191504685e-05,4.2267380500322e-13,-5.5327742250084e-15
3951,0,0,3951,2.4121927394378e-11,1.0221853844513e-05,4.2311649104491e-13,-5.5411294132726e-15
3952,0,0,3952,2.4127476888693e-11,1.0219513738615e-05,4.2355916756403e-13,-5.5494943145888e-15
3953,0,0,3953,2.4133034757642e-11,1.0217171187043e-05,4.240018345385e-13,-5.5578689498562e-15
3954,0,0,3954,2.4138601010982e-11,1.021482618985e-05,4.2444449194838e-13,-5.5662533400129e-15
3955,0,0,3955,2.4144175658489e-11,1.0212478747089e-05,4.2488713977345e-13,-5.5746475060486e-15
3956,0,0,3956,2.4149758709958e-11,1.0210128858813e-05,4.2532977799131e-13,-5.5830514690047e-15
3957,0,0,3957,2.4155350175207e-11,1.0207776525075e-05,4.2577240658265e-13,-5.5914652499581e-15
3958,0,0,3958,2.4160950064078e-11,1.0205421745928e-05,4.2621502552539e-13,-5.5998888700504e-15
3959,0,0,3959,2.4166558386428e-11,1.0203064521427e-05,4.266576347993e-13,-5.6083223504523e-15
3960,0,0,3960,2.417217515214e-11,1.0200704851623e-05,4.2710023438321e-13,-5.6167657123958e-15
3961,0,0,3961,2.4177800371118e-11,1.0198342736572e-05,4.2754282425567e-13,-5.6252189771549e-15
3962,0,0,3962,2.4183434053284e-11,1.0195978176327e-05,4.2798540439552e-13,-5.6336821660619e-15
3963,0,0,3963,2.4189076208584e-11,1.0193611170941e-05,4.2842797478251e-13,-5.6421553004748e-15
3964,0,0,3964,2.4194726846986e-11,1.019124172047e-05,4.2887053539427e-13,-5.6506384018293e-15
3965,0,0,3965,2.4200385978477e-11,1.0188869824966e-05,4.2931308621025e-13,-5.6591314915867e-15
3966,0,0,3966,2.4206053613069e-11,1.0186495484484e-05,4.2975562720868e-13,-5.6676345912668e-15
3967,0,0,3967,2.4211729760791e-11,1.0184118699078e-05,4.3019815836871e-13,-5.6761477224376e-15
3968,0,0,3968,2.4217414431698e-11,1.0181739468804e-05,4.3064067966857e-13,-5.6846709067189e-15
3969,0,0,3969,2.4223107635864e-11,1.0179357793715e-05,4.310831910868e-13,-5.6932041657724e-15
3970,0,0,3970,2.4228809383385e-11,1.0176973673867e-05,4.3152569260193e-13,-5.701747521315e-15
3971,0,0,3971,2.423451968438e-11,1.0174587109313e-05,4.319681841925e-13,-5.7103009951085e-15
3972,0,0,3972,2.4240238548989e-11,1.017219810011e-05,4.3241066583643e-13,-5.7188646089764e-15
3973,0,0,3973,2.4245965987374e-11,1.0169806646311e-05,4.3285313751318e-13,-5.727438384771e-15
3974,0,0,3974,2.4251702009718e-11,1.0167412747973e-05,4.3329559919944e-13,-5.7360223444159e-15
3975,0,0,3975,2.4257446626228e-11,1.016501640515e-05,4.3373805087498e-13,-5.7446165098733e-15
3976,0,0,3976,2.4263199847131e-11,1.0162617617899e-05,4.341804925168e-13,-5.7532209031573e-15
3977,0,0,3977,2.4268961682678e-11,1.0160216386274e-05,4.3462292410374e-13,-5.7618355463303e-15
3978,0,0,3978,2.4274732143139e-11,1.0157812710331e-05,4.3506534561373e-13,-5.7704604615129e-15
3979,0,0,3979,2.428051123881e-11,1.0155406590127e-05,4.3550775702438e-13,-5.779095670871e-15
3980,0,0,3980,2.4286298980007e-11,1.0152998025716e-05,4.3595015831453e-13,-5.7877411966189e-15
3981,0,0,3981,2.4292095377068e-11,1.0150587017156e-05,4.363925494615e-13,-5.7963970610291e-15
3982,0,0,3982,2.4297900440354e-11,1.0148173564501e-05,4.3683493044321e-13,-5.805063286416e-15
3983,0,0,3983,2.4303714180249e-11,1.0145757667809e-05,4.3727730123757e-13,-5.8137398951589e-15
3984,0,0,3984,2.4309536607159e-11,1.0143339327136e-05,4.3771966182221e-13,-5.8224269096723e-15
3985,0,0,3985,2.4315367731511e-11,1.0140918542539e-05,4.3816201217536e-13,-5.8311243524355e-15
3986,0,0,3986,2.4321207563757e-11,1.0138495314073e-05,4.3860435227402e-13,-5.8398322459699e-15
3987,0,0,3987,2.432705611437e-11,1.0136069641796e-05,4.3904668209611e-13,-5.8485506128613e-15
3988,0,0,3988,2.4332913393846e-11,1.0133641525765e-05,4.3948900161925e-13,-5.8572794757343e-15
3989,0,0,3989,2.4338779412703e-11,1.0131210966037e-05,4.3993131082105e-13,-5.8660188572687e-15
3990,0,0,3990,2.4344654181483e-11,1.0128777962669e-05,4.4037360967882e-13,-5.8747687802054e-15
3991,0,0,3991,2.4350537710751e-11,1.0126342515717e-05,4.4081589817019e-13,-5.8835292673307e-15
3992,0,0,3992,2.4356430011092e-11,1.0123904625241e-05,4.4125817627185e-13,-5.8923003414792e-15
3993,0,0,3993,2.4362331093118e-11,1.0121464291296e-05,4.4170044396202e-13,-5.9010820255568e-15
3994,0,0,3994,2.436824096746e-11,1.0119021513941e-05,4.4214270121709e-13,-5.9098743424918e-15
3995,0,0,3995,2.4374159644776e-11,1.0116576293234e-05,4.42584948015e-13,-5.9186773153033e-15
3996,0,0,3996,2.4380087135743e-11,1.0114128629232e-05,4.4302718433274e-13,-5.9274909670261e-15
3997,0,0,3997,2.4386023451063e-11,1.0111678521994e-05,4.434694101467e-13,-5.9363153207794e-15
3998,0,0,3998,2.4391968601463e-11,1.0109225971577e-05,4.4391162543512e-13,-5.9451503997177e-15
3999,0,0,3999,2.439792259769e-11,1.010677097804e-05,4.4435383017376e-13,-5.9539962270603e-15
4000,0,0,4000,2.4403885450516e-11,1.0104313541442e-05,4.4479602434055e-13,-5.9628528260619e-15
4001,0,0,4001,2.4409857170736e-11,1.010185366184e-05,4.4523820791188e-13,-5.9717202200645e-15
4002,0,0,4002,2.4415837769169e-11,1.0099391339294e-05,4.4568038086415e-13,-5.9805984324296e-15
4003,0,0,4003,2.4421827256655e-11,1.0096926573862e-05,4.4612254317527e-13,-5.9894874865928e-15
4004,0,0,4004,2.4427825644061e-11,1.0094459365603e-05,4.4656469482102e-13,-5.9983874060415e-15
4005,0,0,4005,2.4433832942276e-11,1.0091989714577e-05,4.4700683577809e-13,-6.0072982143181e-15
4006,0,0,4006,2.4439849162211e-11,1.0089517620842e-05,4.4744896602381e-13,-6.0162199350102e-15
4007,0,0,4007,2.4445874314802e-11,1.0087043084458e-05,4.4789108553393e-13,-6.0251525917796e-15
4008,0,0,4008,2.4451908411011e-11,1.0084566105484e-05,4.4833319428547e-13,-6.0340962083269e-15
4009,0,0,4009,2.4457951461819e-11,1.008208668398e-05,4.4877529225452e-13,-6.0430508084111e-15
4010,0,0,4010,2.4464003478235e-11,1.0079604820005e-05,4.4921737941745e-13,-6.0520164158523e-15
4011,0,0,4011,2.447006447129e-11,1.007712051362e-05,4.4965945575096e-13,-6.0609930545322e-15
4012,0,0,4012,2.4476134452038e-11,1.0074633764884e-05,4.5010152123115e-13,-6.0699807483646e-15
4013,0,0,4013,2.4482213431559e-11,1.0072144573857e-05,4.5054357583408e-13,-6.0789795213475e-15
4014,0,0,4014,2.4488301420957e-11,1.00696529406e-05,4.5098561953616e-13,-6.0879893975209e-15
4015,0,0,4015,2.4494398431358e-11,1.0067158865173e-05,4.5142765231285e-13,-6.0970104009763e-15
4016,0,0,4016,2.4500504473914e-11,1.0064662347636e-05,4.5186967414146e-13,-6.1060425558798e-15
4017,0,0,4017,2.45066195598e-11,1.006216338805e-05,4.5231168499654e-13,-6.1150858864327e-15
4018,0,0,4018,2.4512743700217e-11,1.0059661986476e-05,4.5275368485479e-13,-6.124140416911e-15
4019,0,0,4019,2.4518876906389e-11,1.0057158142975e-05,4.5319567369229e-13,-6.1332061716389e-15
4020,0,0,4020,2.4525019189564e-11,1.0054651857608e-05,4.5363765148421e-13,-6.1422831750053e-15
4021,0,0,4021,2.4531170561015e-11,1.0052143130436e-05,4.5407961820693e-13,-6.1513714514411e-15
4022,0,0,4022,2.4537331032041e-11,1.0049631961519e-05,4.5452157383592e-13,-6.1604710254548e-15
4023,0,0,4023,2.4543500613962e-11,1.0047118350921e-05,4.5496351834635e-13,-6.1695819216033e-15
4024,0,0,4024,2.4549679318127e-11,1.0044602298701e-05,4.5540545171461e-13,-6.1787041644953e-15
4025,0,0,4025,2.4555867155905e-11,1.0042083804923e-05,4.5584737391555e-13,-6.1878377788071e-15
4026,0,0,4026,2.4562064138695e-11,1.0039562869647e-05,4.5628928492495e-13,-6.1969827892767e-15
4027,0,0,4027,2.4568270277915e-11,1.0037039492936e-05,4.5673118471859e-13,-6.2061392206872e-15
4028,0,0,4028,2.4574485585013e-11,1.0034513674852e-05,4.5717307327101e-13,-6.2153070978862e-15
4029,0,0,4029,2.4580710071459e-11,1.0031985415456e-05,4.57614950558e-13,-6.224486445796e-15
4030,0,0,4030,2.4586943748748e-11,1.0029454714812e-05,4.5805681655472e-13,-6.2336772893675e-15
4031,0,0,4031,2.4593186628402e-11,1.0026921572982e-05,4.5849867123632e-13,-6.2428796536392e-15
4032,0,0,4032,2.4599438721966e-11,1.0024385990029e-05,4.5894051457798e-13,-6.2520935636914e-15
4033,0,0,4033,2.460570004101e-11,1.0021847966015e-05,4.5938234655455e-13,-6.2613190446724e-15
4034,0,0,4034,2.4611970597132e-11,1.0019307501003e-05,4.598241671415e-13,-6.2705561217885e-15
4035,0,0,4035,2.4618250401953e-11,1.0016764595056e-05,4.6026597631307e-13,-6.2798048203107e-15
4036,0,0,4036,2.4624539467118e-11,1.0014219248238e-05,4.6070777404443e-13,-6.2890651655554e-15
4037,0,0,4037,2.4630837804301e-11,1.0011671460612e-05,4.6114956031104e-13,-6.2983371829163e-15
4038,0,0,4038,2.4637145425199e-11,1.0009121232242e-05,4.6159133508655e-13,-6.3076208978389e-15
4039,0,0,4039,2.4643462341535e-11,1.000656856319e-05,4.620330983464e-13,-6.3169163358366e-15
4040,0,0,4040,2.4649788565057e-11,1.0004013453521e-05,4.6247485006486e-13,-6.3262235224711e-15
4041,0,0,4041,2.4656124107541e-11,1.0001455903299e-05,4.6291659021678e-13,-6.3355424833787e-15
4042,0,0,4042,2.4662468980785e-11,9.9988959125876e-06,4.6335831877639e-13,-6.3448732442471e-15
4043,0,0,4043,2.4668823196616e-11,9.996333481451e-06,4.6380003571826e-13,-6.3542158308353e-15
4044,0,0,4044,2.4675186766885e-11,9.9937686099537e-06,4.6424174101662e-13,-6.3635702689538e-15
4045,0,0,4045,2.4681559703469e-11,9.99120129816e-06,4.6468343464633e-13,-6.3729365844845e-15
4046,0,0,4046,2.4687942018272e-11,9.9886315461347e-06,4.6512511658133e-13,-6.3823148033607e-15
4047,0,0,4047,2.4694333723224e-11,9.9860593539425e-06,4.6556678679524e-13,-6.3917049515901e-15
4048,0,0,4048,2.4700734830279e-11,9.9834847216482e-06,4.6600844526293e-13,-6.4011070552354e-15
4049,0,0,4049,2.470714535142e-11,9.980907649317e-06,4.6645009195864e-13,-6.4105211404206e-15
4050,0,0,4050,2.4713565298653e-11,9.9783281370139e-06,4.6689172685538e-13,-6.4199472333376e-15
4051,0,0,4051,2.4719994684013e-11,9.9757461848043e-06,4.6733334992801e-13,-6.4293853602429e-15
4052,0,0,4052,2.4726433519561e-11,9.9731617927538e-06,4.6777496115047e-13,-6.4388355474481e-15
4053,0,0,4053,2.4732881817382e-11,9.9705749609279e-06,4.6821656049546e-13,-6.4482978213356e-15
4054,0,0,4054,2.473933958959e-11,9.9679856893923e-06,4.6865814793816e-13,-6.4577722083493e-15
4055,0,0,4055,2.4745806848325e-11,9.965393978213e-06,4.6909972345158e-13,-6.4672587349947e-15
4056,0,0,4056,2.4752283605753e-11,9.962799827456e-06,4.6954128700873e-13,-6.4767574278415e-15
4057,0,0,4057,2.4758769874067e-11,9.9602032371876e-06,4.6998283858448e-13,-6.4862683135309e-15
4058,0,0,4058,2.4765265665486e-11,9.9576042074741e-06,4.7042437815152e-13,-6.4957914187589e-15
4059,0,0,4059,2.4771770992256e-11,9.9550027383819e-06,4.7086590568319e-13,-6.5053267702924e-15
4060,0,0,4060,2.4778285866651e-11,9.9523988299777e-06,4.7130742115343e-13,-6.5148743949632e-15
4061,0,0,4061,2.478481030097e-11,9.9497924823284e-06,4.7174892453494e-13,-6.5244343196578e-15
4062,0,0,4062,2.4791344307542e-11,9.9471836955007e-06,4.7219041580135e-13,-6.53400657135e-15
4063,0,0,4063,2.4797887898719e-11,9.9445724695619e-06,4.7263189492598e-13,-6.5435911770526e-15
4064,0,0,4064,2.4804441086883e-11,9.9419588045792e-06,4.7307336188125e-13,-6.5531881638622e-15
4065,0,0,4065,2.4811003884442e-11,9.9393427006198e-06,4.7351481664078e-13,-6.5627975589366e-15
4066,0,0,4066,2.4817576303831e-11,9.9367241577514e-06,4.7395625917728e-13,-6.5724193894987e-15
4067,0,0,4067,2.4824158357514e-11,9.9341031760417e-06,4.7439768946407e-13,-6.5820536828388e-15
4068,0,0,4068,2.483075005798e-11,9.9314797555584e-06,4.7483910747356e-13,-6.5917004663122e-15
4069,0,0,4069,2.4837351417748e-11,9.9288538963696e-06,4.7528051317876e-13,-6.6013597673353e-15
4070,0,0,4070,2.4843962449361e-11,9.9262255985433e-06,4.7572190655209e-13,-6.6110316134119e-15
4071,0,0,4071,2.4850583165393e-11,9.9235948621479e-06,4.7616328756624e-13,-6.6207160320845e-15
4072,0,0,4072,2.4857213578444e-11,9.9209616872518e-06,4.7660465619454e-13,-6.6304130509893e-15
4073,0,0,4073,2.4863853701142e-11,9.9183260739236e-06,4.7704601240849e-13,-6.6401226978079e-15
4074,0,0,4074,2.4870503546142e-11,9.915688022232e-06,4.7748735618077e-13,-6.6498450003024e-15
4075,0,0,4075,2.4877163126129e-11,9.9130475322459e-06,4.7792868748442e-13,-6.6595799863062e-15
4076,0,0,4076,2.4883832453812e-11,9.9104046040343e-06,4.7837000629092e-13,-6.6693276837076e-15
4077,0,0,4077,2.4890511541933e-11,9.9077592376665e-06,4.7881131257298e-13,-6.6790881204755e-15
4078,0,0,4078,2.4897200403257e-11,9.9051114332118e-06,4.7925260630207e-13,-6.6888613246373e-15
4079,0,0,4079,2.4903899050582e-11,9.9024611907397e-06,4.7969388745184e-13,-6.6986473242977e-15
4080,0,0,4080,2.4910607496729e-11,9.8998085103199e-06,4.8013515599223e-13,-6.708446147626e-15
4081,0,0,4081,2.4917325754552e-11,9.8971533920221e-06,4.8057641189718e-13,-6.718257822866e-15
4082,0,0,4082,2.492405383693e-11,9.8944958359164e-06,4.8101765513725e-13,-6.7280823783162e-15
4083,0,0,4083,2.4930791756773e-11,9.8918358420728e-06,4.8145888568454e-13,-6.737919842369e-15
4084,0,0,4084,2.4937539527016e-11,9.8891734105617e-06,4.8190010351115e-13,-6.7477702434619e-15
4085,0,0,4085,2.4944297160626e-11,9.8865085414535e-06,4.8234130858886e-13,-6.7576336101166e-15
4086,0,0,4086,2.4951064670597e-11,9.8838412348187e-06,4.8278250088855e-13,-6.7675099709257e-15
4087,0,0,4087,2.4957842069952e-11,9.8811714907282e-06,4.8322368038232e-13,-6.7773993545465e-15
4088,0,0,4088,2.4964629371742e-11,9.8784993092528e-06,4.8366484704165e-13,-6.7873017897041e-15
4089,0,0,4089,2.4971426589047e-11,9.8758246904637e-06,4.8410600083771e-13,-6.7972173052044e-15
4090,0,0,4090,2.4978233734977e-11,9.873147634432e-06,4.8454714174199e-13,-6.8071459299277e-15
4091,0,0,4091,2.498505082267e-11,9.8704681412291e-06,4.8498826972567e-13,-6.8170876927994e-15
4092,0,0,4092,2.4991877865292e-11,9.8677862109265e-06,4.8542938475961e-13,-6.8270426228549e-15
4093,0,0,4093,2.4998714876042e-11,9.865101843596e-06,4.8587048681561e-13,-6.8370107491651e-15
4094,0,0,4094,2.5005561868142e-11,9.8624150393095e-06,4.8631157586455e-13,-6.8469921008977e-15
4095,0,0,4095,2.501241885485e-11,9.8597257981389e-06,4.8675265187666e-13,-6.8569867072885e-15
4096,0,0,4096,2.5019285849447e-11,9.8570341201565e-06,4.8719371482375e-13,-6.8669945976279e-15
4097,0,0,4097,2.5026162865249e-11,9.8543400054345e-06,4.8763476467639e-13,-6.8770158013101e-15
4098,0,0,4098,2.5033049915596e-11,9.8516434540455e-06,4.8807580140482e-13,-6.8870503477742e-15
4099,0,0,4099,2.5039947013863e-11,9.8489444660622e-06,4.8851682498022e-13,-6.8970982665435e-15
4100,0,0,4100,2.504685417345e-11,9.8462430415574e-06,4.8895783537347e-13,-6.9071595872188e-15
4101,0,0,4101,2.505377140779e-11,9.843539180604e-06,4.893988325542e-13,-6.9172343394719e-15
4102,0,0,4102,2.5060698730343e-11,9.8408328832753e-06,4.898398164933e-13,-6.9273225530426e-15
4103,0,0,4103,2.50676361546e-11,9.8381241496446e-06,4.9028078716193e-13,-6.9374242577513e-15
4104,0,0,4104,2.5074583694084e-11,9.8354129797853e-06,4.9072174452913e-13,-6.947539483493e-15
4105,0,0,4105,2.5081541362344e-11,9.8326993737712e-06,4.9116268856577e-13,-6.9576682602302e-15
4106,0,0,4106,2.5088509172962e-11,9.8299833316759e-06,4.916036192421e-13,-6.9678106180129e-15
4107,0,0,4107,2.5095487139549e-11,9.8272648535735e-06,4.9204453652778e-13,-6.9779665869525e-15
4108,0,0,4108,2.5102475275746e-11,9.8245439395382e-06,4.9248544039335e-13,-6.9881361972441e-15
4109,0,0,4109,2.5109473595226e-11,9.8218205896442e-06,4.9292633080817e-13,-6.9983194791576e-15
4110,0,0,4110,2.5116482111689e-11,9.8190948039661e-06,4.9336720774279e-13,-7.0085164630336e-15
4111,0,0,4111,2.5123500838868e-11,9.8163665825784e-06,4.9380807116624e-13,-7.0187271792968e-15
4112,0,0,4112,2.5130529790526e-11,9.8136359255561e-06,4.9424892104879e-13,-7.0289516584398e-15
4113,0,0,4113,2.5137568980457e-11,9.810902832974e-06,4.9468975735977e-13,-7.0391899310393e-15
4114,0,0,4114,2.5144618422485e-11,9.8081673049073e-06,4.9513058006851e-13,-7.0494420277429e-15
4115,0,0,4115,2.5151678130464e-11,9.8054293414314e-06,4.9557138914528e-13,-7.0597079792758e-15
4116,0,0,4116,2.5158748118281e-11,9.8026889426216e-06,4.960121845588e-13,-7.0699878164474e-15
4117,0,0,4117,2.5165828399851e-11,9.7999461085538e-06,4.964529662784e-13,-7.0802815701378e-15
4118,0,0,4118,2.5172918989122e-11,9.7972008393037e-06,4.9689373427343e-13,-7.0905892713019e-15
4119,0,0,4119,2.5180019900073e-11,9.7944531349473e-06,4.9733448851353e-13,-7.1009109509847e-15
4120,0,0,4120,2.5187131146714e-11,9.7917029955607e-06,4.9777522896711e-13,-7.1112466402927e-15
4121,0,0,4121,2.5194252743084e-11,9.7889504212203e-06,4.982159556032e-13,-7.1215963704294e-15
4122,0,0,4122,2.5201384703257e-11,9.7861954120027e-06,4.9865666839146e-13,-7.1319601726628e-15
4123,0,0,4123,2.5208527041335e-11,9.7834379679845e-06,4.9909736729968e-13,-7.1423380783451e-15
4124,0,0,4124,2.5215679771454e-11,9.7806780892425e-06,4.9953805229751e-13,-7.1527301189058e-15
4125,0,0,4125,2.522284290778e-11,9.7779157758538e-06,4.9997872335336e-13,-7.1631363258587e-15
4126,0,0,4126,2.5230016464511e-11,9.7751510278956e-06,5.0041938043566e-13,-7.1735567307948e-15
4127,0,0,4127,2.5237200455876e-11,9.7723838454453e-06,5.0086002351312e-13,-7.1839913653797e-15
4128,0,0,4128,2.5244394896137e-11,9.7696142285803e-06,5.0130065255387e-13,-7.1944402613727e-15
4129,0,0,4129,2.5251599799588e-11,9.7668421773785e-06,5.0174126752692e-13,-7.2049034505942e-15
4130,0,0,4130,2.5258815180553e-11,9.7640676919177e-06,5.0218186840008e-13,-7.215380964962e-15
4131,0,0,4131,2.5266041053389e-11,9.7612907722761e-06,5.0262245514147e-13,-7.2258728364709e-15
4132,0,0,4132,2.5273277432487e-11,9.7585114185318e-06,5.030630277195e-13,-7.2363790971906e-15
4133,0,0,4133,2.5280524332266e-11,9.7557296307632e-06,5.035035861026e-13,-7.2468997792775e-15
4134,0,0,4134,2.5287781767181e-11,9.7529454090491e-06,5.0394413025732e-13,-7.2574349149724e-15
4135,0,0,4135,2.5295049751717e-11,9.7501587534682e-06,5.0438466015333e-13,-7.2679845365934e-15
4136,0,0,4136,2.5302328300394e-11,9.7473696640993e-06,5.0482517575689e-13,-7.2785486765396e-15
4137,0,0,4137,2.5309617427761e-11,9.7445781410218e-06,5.0526567703704e-13,-7.2891273673004e-15
4138,0,0,4138,2.5316917148403e-11,9.7417841843148e-06,5.0570616396004e-13,-7.2997206414396e-15
4139,0,0,4139,2.5324227476934e-11,9.7389877940579e-06,5.0614663649492e-13,-7.3103285316081e-15
4140,0,0,4140,2.5331548428005e-11,9.7361889703308e-06,5.0658709460796e-13,-7.3209510705411e-15
4141,0,0,4141,2.5338880016296e-11,9.7333877132133e-06,5.0702753826696e-13,-7.3315882910543e-15
4142,0,0,4142,2.5346222256522e-11,9.7305840227855e-06,5.0746796743942e-13,-7.3422402260508e-15
4143,0,0,4143,2.535357516343e-11,9.7277778991275e-06,5.0790838209222e-13,-7.3529069085176e-15
4144,0,0,4144,2.5360938751802e-11,9.7249693423198e-06,5.0834878219256e-13,-7.3635883715193e-15
4145,0,0,4145,2.536831303645e-11,9.722158352443e-06,5.0878916770792e-13,-7.3742846482143e-15
4146,0,0,4146,2.5375698032222e-11,9.7193449295778e-06,5.0922953860459e-13,-7.3849957718449e-15
4147,0,0,4147,2.5383093753998e-11,9.7165290738051e-06,5.0966989484975e-13,-7.3957217757309e-15
4148,0,0,4148,2.5390500216691e-11,9.7137107852062e-06,5.1011023641029e-13,-7.4064626932826e-15
4149,0,0,4149,2.5397917435249e-11,9.7108900638622e-06,5.1055056325309e-13,-7.4172185580075e-15
4150,0,0,4150,2.5405345424652e-11,9.7080669098548e-06,5.1099087534381e-13,-7.4279894034708e-15
4151,0,0,4151,2.5412784199916e-11,9.7052413232656e-06,5.1143117265026e-13,-7.4387752633544e-15
4152,0,0,4152,2.5420233776087e-11,9.7024133041764e-06,5.1187145513809e-13,-7.449576171411e-15
4153,0,0,4153,2.5427694168249e-11,9.6995828526694e-06,5.1231172277387e-13,-7.4603921614777e-15
4154,0,0,4154,2.5435165391516e-11,9.6967499688267e-06,5.1275197552389e-13,-7.4712232674913e-15
4155,0,0,4155,2.544264746104e-11,9.6939146527308e-06,5.1319221335441e-13,-7.48206952346e-15
4156,0,0,4156,2.5450140392003e-11,9.6910769044643e-06,5.1363243623109e-13,-7.4929309635018e-15
4157,0,0,4157,2.5457644199625e-11,9.6882367241101e-06,5.1407264412051e-13,-7.5038076217959e-15
4158,0,0,4158,2.5465158899158e-11,9.685394111751e-06,5.1451283698802e-13,-7.514699532635e-15
4159,0,0,4159,2.5472684505888e-11,9.6825490674704e-06,5.149530148005e-13,-7.5256067303792e-15
4160,0,0,4160,2.5480221035137e-11,9.6797015913515e-06,5.1539317752208e-13,-7.5365292494924e-15
4161,0,0,4161,2.5487768502262e-11,9.6768516834779e-06,5.1583332511995e-13,-7.5474671245221e-15
4162,0,0,4162,2.5495326922652e-11,9.6739993439334e-06,5.1627345755885e-13,-7.5584203901098e-15
4163,0,0,4163,2.5502896311733e-11,9.6711445728018e-06,5.1671357480413e-13,-7.5693890809713e-15
4164,0,0,4164,2.5510476684965e-11,9.6682873701675e-06,5.1715367682175e-13,-7.5803732319354e-15
4165,0,0,4165,2.5518068057843e-11,9.6654277361146e-06,5.1759376357675e-13,-7.5913728779053e-15
4166,0,0,4166,2.5525670445897e-11,9.6625656707276e-06,5.1803383503389e-13,-7.6023880538809e-15
4167,0,0,4167,2.5533283864692e-11,9.6597011740914e-06,5.1847389115911e-13,-7.6134187949432e-15
4168,0,0,4168,2.5540908329828e-11,9.6568342462907e-06,5.1891393191685e-13,-7.6244651362861e-15
4169,0,0,4169,2.5548543856941e-11,9.6539648874108e-06,5.1935395727247e-13,-7.6355271131746e-15
4170,0,0,4170,2.5556190461702e-11,9.6510930975368e-06,5.1979396719009e-13,-7.6466047609676e-15
4171,0,0,4171,2.5563848159817e-11,9.6482188767543e-06,5.2023396163505e-13,-7.6576981151303e-15
4172,0,0,4172,2.5571516967029e-11,9.6453422251489e-06,5.206739405718e-13,-7.6688072112089e-15
4173,0,0,4173,2.5579196899113e-11,9.6424631428066e-06,5.2111390396506e-13,-7.6799320848369e-15
4174,0,0,4174,2.5586887971885e-11,9.6395816298133e-06,5.2155385177928e-13,-7.6910727717573e-15
4175,0,0,4175,2.5594590201193e-11,9.6366976862554e-06,5.2199378397857e-13,-7.7022293077944e-15
4176,0,0,4176,2.5602303602922e-11,9.6338113122194e-06,5.2243370052705e-13,-7.7134017288658e-15
4177,0,0,4177,2.5610028192993e-11,9.6309225077918e-06,5.2287360138979e-13,-7.7245900709958e-15
4178,0,0,4178,2.5617763987363e-11,9.6280312730596e-06,5.2331348652997e-13,-7.7357943702832e-15
4179,0,0,4179,2.5625511002026e-11,9.6251376081098e-06,5.2375335591234e-13,-7.7470146629397e-15
4180,0,0,4180,2.5633269253011e-11,9.6222415130297e-06,5.2419320949979e-13,-7.7582509852547e-15
4181,0,0,4181,2.5641038756385e-11,9.6193429879067e-06,5.2463304725707e-13,-7.7695033736369e-15
4182,0,0,4182,2.5648819528249e-11,9.6164420328286e-06,5.2507286914737e-13,-7.7807718645568e-15
4183,0,0,4183,2.5656611584744e-11,9.6135386478831e-06,5.2551267513483e-13,-7.7920564946169e-15
4184,0,0,4184,2.5664414942045e-11,9.6106328331583e-06,5.2595246518234e-13,-7.803357300488e-15
4185,0,0,4185,2.5672229616363e-11,9.6077245887425e-06,5.2639223925341e-13,-7.8146743189505e-15
4186,0,0,4186,2.568005562395e-11,9.6048139147242e-06,5.2683199731217e-13,-7.8260075868785e-15
4187,0,0,4187,2.5687892981092e-11,9.6019008111921e-06,5.2727173932059e-13,-7.8373571412463e-15
4188,0,0,4188,2.5695741704111e-11,9.5989852782349e-06,5.2771146524281e-13,-7.8487230191156e-15
4189,0,0,4189,2.5703601809368e-11,9.5960673159419e-06,5.2815117504171e-13,-7.8601052576609e-15
4190,0,0,4190,2.5711473313263e-11,9.5931469244022e-06,5.2859086867929e-13,-7.8715038941443e-15
4191,0,0,4191,2.5719356232228e-11,9.5902241037054e-06,5.2903054611996e-13,-7.8829189659245e-15
4192,0,0,4192,2.5727250582739e-11,9.5872988539412e-06,5.2947020732478e-13,-7.8943505104669e-15
4193,0,0,4193,2.5735156381304e-11,9.5843711751994e-06,5.2990985225789e-13,-7.9057985653309e-15
4194,0,0,4194,2.5743073644472e-11,9.5814410675703e-06,5.3034948088096e-13,-7.9172631681756e-15
4195,0,0,4195,2.5751002388829e-11,9.578508531144e-06,5.3078909315626e-13,-7.9287443567606e-15
4196,0,0,4196,2.5758942630998e-11,9.5755735660111e-06,5.31228689047e-13,-7.9402421689489e-15
4197,0,0,4197,2.5766894387641e-11,9.5726361722624e-06,5.3166826851486e-13,-7.9517566426937e-15
4198,0,0,4198,2.5774857675457e-11,9.5696963499888e-06,5.3210783152182e-13,-7.9632878160615e-15
4199,0,0,4199,2.5782832511184e-11,9.5667540992815e-06,5.3254737803046e-13,-7.9748357272061e-15
4200,0,0,4200,2.5790818911598e-11,9.5638094202317e-06,5.3298690800184e-13,-7.9864004143975e-15
4201,0,0,4201,2.5798816893514e-11,9.5608623129312e-06,5.3342642139887e-13,-7.9979819159929e-15
4202,0,0,4202,2.5806826473785e-11,9.5579127774716e-06,5.338659181826e-13,-8.0095802704659e-15
4203,0,0,4203,2.5814847669301e-11,9.554960813945e-06,5.343053983147e-13,-8.0211955163774e-15
4204,0,0,4204,2.5822880496994e-11,9.5520064224436e-06,5.3474486175684e-13,-8.0328276924013e-15
4205,0,0,4205,2.5830924973831e-11,9.5490496030598e-06,5.351843084707e-13,-8.0444768373149e-15
4206,0,0,4206,2.5838981116821e-11,9.5460903558862e-06,5.3562373841733e-13,-8.0561429899893e-15
4207,0,0,4207,2.584704894301e-11,9.5431286810157e-06,5.3606315155749e-13,-8.0678261894085e-15
4208,0,0,4208,2.5855128469485e-11,9.5401645785414e-06,5.3650254785316e-13,-8.0795264746569e-15
4209,0,0,4209,2.586321971337e-11,9.5371980485565e-06,5.3694192726508e-13,-8.0912438849221e-15
4210,0,0,4210,2.587132269183e-11,9.5342290911546e-06,5.3738128975339e-13,-8.1029784595016e-15
4211,0,0,4211,2.5879437422067e-11,9.5312577064293e-06,5.3782063528008e-13,-8.11473023779e-15
4212,0,0,4212,2.5887563921327e-11,9.5282838944745e-06,5.3825996380529e-13,-8.1264992592948e-15
4213,0,0,4213,2.589570220689e-11,9.5253076553845e-06,5.3869927528945e-13,-8.1382855636205e-15
4214,0,0,4214,2.5903852296081e-11,9.5223289892536e-06,5.3913856969301e-13,-8.1500891904912e-15
4215,0,0,4215,2.591201420626e-11,9.5193478961764e-06,5.3957784697703e-13,-8.1619101797214e-15
4216,0,0,4216,2.5920187954832e-11,9.5163643762477e-06,5.4001710710074e-13,-8.1737485712483e-15
4217,0,0,4217,2.5928373559237e-11,9.5133784295625e-06,5.4045635002518e-13,-8.1856044050967e-15
4218,0,0,4218,2.5936571036958e-11,9.510390056216e-06,5.4089557571019e-13,-8.1974777214202e-15
4219,0,0,4219,2.5944780405519e-11,9.5073992563038e-06,5.413347841153e-13,-8.2093685604697e-15
4220,0,0,4220,2.5953001682481e-11,9.5044060299214e-06,5.4177397520095e-13,-8.2212769625992e-15
4221,0,0,4221,2.596123488545e-11,9.5014103771649e-06,5.4221314892636e-13,-8.2332029682824e-15
4222,0,0,4222,2.5969480032068e-11,9.4984122981304e-06,5.4265230525167e-13,-8.2451466180932e-15
4223,0,0,4223,2.597773714002e-11,9.4954117929142e-06,5.4309144413579e-13,-8.2571079527185e-15
4224,0,0,4224,2.5986006227033e-11,9.4924088616129e-06,5.4353056553824e-13,-8.2690870129552e-15
4225,0,0,4225,2.5994287310873e-11,9.4894035043232e-06,5.4396966941917e-13,-8.2810838397131e-15
4226,0,0,4226,2.6002580409347e-11,9.4863957211424e-06,5.4440875573657e-13,-8.2930984740024e-15
4227,0,0,4227,2.6010885540304e-11,9.4833855121675e-06,5.4484782445026e-13,-8.3051309569557e-15
4228,0,0,4228,2.6019202721634e-11,9.4803728774961e-06,5.4528687551886e-13,-8.317181329803e-15
4229,0,0,4229,2.6027531971268e-11,9.477357817226e-06,5.4572590890159e-13,-8.3292496339098e-15
4230,0,0,4230,2.6035873307178e-11,9.4743403314549e-06,5.4616492455642e-13,-8.341335910719e-15
4231,0,0,4231,2.604422674738e-11,9.4713204202812e-06,5.4660392244321e-13,-8.3534402018191e-15
4232,0,0,4232,2.6052592309929e-11,9.4682980838032e-06,5.4704290251932e-13,-8.3655625488923e-15
4233,0,0,4233,2.6060970012923e-11,9.4652733221195e-06,5.4748186474337e-13,-8.377702993737e-15
4234,0,0,4234,2.6069359874501e-11,9.4622461353291e-06,5.4792080907426e-13,-8.3898615782648e-15
4235,0,0,4235,2.6077761912846e-11,9.4592165235309e-06,5.4835973546998e-13,-8.4020383445036e-15
4236,0,0,4236,2.608617614618e-11,9.4561844868243e-06,5.4879864388761e-13,-8.4142333346007e-15
4237,0,0,4237,2.6094602592771e-11,9.4531500253089e-06,5.4923753428668e-13,-8.4264465908007e-15
4238,0,0,4238,2.6103041270927e-11,9.4501131390845e-06,5.4967640662364e-13,-8.4386781554836e-15
4239,0,0,4239,2.6111492198998e-11,9.447073828251e-06,5.5011526085679e-13,-8.4509280711295e-15
4240,0,0,4240,2.6119955395378e-11,9.4440320929088e-06,5.5055409694413e-13,-8.4631963803384e-15
4241,0,0,4241,2.6128430878504e-11,9.4409879331583e-06,5.5099291484242e-13,-8.4754831258328e-15
4242,0,0,4242,2.6136918666854e-11,9.4379413491002e-06,5.5143171450934e-13,-8.4877883504419e-15
4243,0,0,4243,2.6145418778951e-11,9.4348923408356e-06,5.5187049590197e-13,-8.5001120971209e-15
4244,0,0,4244,2.615393123336e-11,9.4318409084655e-06,5.5230925897799e-13,-8.512454408935e-15
4245,0,0,4245,2.6162456048689e-11,9.4287870520915e-06,5.5274800369356e-13,-8.5248153290655e-15
4246,0,0,4246,2.617099324359e-11,9.4257307718153e-06,5.5318673000667e-13,-8.5371949008264e-15
4247,0,0,4247,2.6179542836758e-11,9.4226720677386e-06,5.5362543787255e-13,-8.5495931676317e-15
4248,0,0,4248,2.6188104846931e-11,9.4196109399638e-06,5.540641272495e-13,-8.5620101730247e-15
4249,0,0,4249,2.6196679292892e-11,9.4165473885931e-06,5.5450279809336e-13,-8.5744459606618e-15
4250,0,0,4250,2.6205266193466e-11,9.4134814137292e-06,5.5494145035999e-13,-8.5869005743286e-15
4251,0,0,4251,2.6213865567524e-11,9.410413015475e-06,5.5538008400645e-13,-8.5993740579239e-15
4252,0,0,4252,2.6222477433979e-11,9.4073421939337e-06,5.558186989889e-13,-8.6118664554627e-15
4253,0,0,4253,2.623110181179e-11,9.4042689492084e-06,5.5625729526287e-13,-8.6243778110894e-15
4254,0,0,4254,2.6239738719959e-11,9.401193281403e-06,5.5669587278483e-13,-8.636908169071e-15
4255,0,0,4255,2.6248388177533e-11,9.3981151906212e-06,5.5713443151031e-13,-8.6494575737845e-15
4256,0,0,4256,2.6257050203603e-11,9.3950346769671e-06,5.5757297139516e-13,-8.6620260697393e-15
4257,0,0,4257,2.6265724817304e-11,9.391951740545e-06,5.5801149239462e-13,-8.6746137015611e-15
4258,0,0,4258,2.6274412037819e-11,9.3888663814596e-06,5.5844999446482e-13,-8.6872205140049e-15
4259,0,0,4259,2.628311188437e-11,9.3857785998156e-06,5.588884775601e-13,-8.6998465519421e-15
4260,0,0,4260,2.6291824376231e-11,9.3826883957181e-06,5.593269416366e-13,-8.7124918603797e-15
4261,0,0,4261,2.6300549532715e-11,9.3795957692726e-06,5.5976538664893e-13,-8.7251564844281e-15
4262,0,0,4262,2.6309287373185e-11,9.3765007205844e-06,5.6020381255204e-13,-8.7378404693431e-15
4263,0,0,4263,2.6318037917045e-11,9.3734032497596e-06,5.6064221930083e-13,-8.7505438604937e-15
4264,0,0,4264,2.6326801183748e-11,9.370303356904e-06,5.6108060685024e-13,-8.7632667033812e-15
4265,0,0,4265,2.6335577192792e-11,9.3672010421242e-06,5.6151897515428e-13,-8.7760090436266e-15
4266,0,0,4266,2.6344365963719e-11,9.3640963055266e-06,5.6195732416817e-13,-8.7887709269801e-15
4267,0,0,4267,2.6353167516118e-11,9.360989147218e-06,5.6239565384531e-13,-8.801552399318e-15
4268,0,0,4268,2.6361981869625e-11,9.3578795673056e-06,5.6283396414063e-13,-8.8143535066423e-15
4269,0,0,4269,2.637080904392e-11,9.3547675658968e-06,5.6327225500782e-13,-8.8271742950944e-15
4270,0,0,4270,2.6379649058731e-11,9.351653143099e-06,5.6371052640119e-13,-8.8400148109219e-15
4271,0,0,4271,2.6388501933832e-11,9.3485362990201e-06,5.6414877827415e-13,-8.8528751005214e-15
4272,0,0,4272,2.6397367689042e-11,9.3454170337683e-06,5.6458701058039e-13,-8.8657552104023e-15
4273,0,0,4273,2.6406246344229e-11,9.3422953474518e-06,5.6502522327391e-13,-8.8786551872164e-15
4274,0,0,4274,2.6415137919307e-11,9.3391712401794e-06,5.6546341630781e-13,-8.8915750777381e-15
4275,0,0,4275,2.6424042434236e-11,9.3360447120599e-06,5.6590158963516e-13,-8.9045149288776e-15
4276,0,0,4276,2.6432959909023e-11,9.3329157632024e-06,5.6633974320967e-13,-8.9174747876679e-15
4277,0,0,4277,2.6441890363725e-11,9.3297843937163e-06,5.6677787698412e-13,-8.9304547012744e-15
4278,0,0,4278,2.6450833818442e-11,9.3266506037113e-06,5.6721599091098e-13,-8.9434547170016e-15
4279,0,0,4279,2.6459790293324e-11,9.3235143932972e-06,5.6765408494365e-13,-8.9564748822863e-15
4280,0,0,4280,2.6468759808569e-11,9.3203757625843e-06,5.6809215903458e-13,-8.9695152446784e-15
4281,0,0,4281,2.6477742384421e-11,9.317234711683e-06,5.6853021313627e-13,-8.9825758518927e-15
4282,0,0,4282,2.6486738041172e-11,9.314091240704e-06,5.6896824720088e-13,-8.9956567517442e-15
4283,0,0,4283,2.6495746799165e-11,9.3109453497582e-06,5.6940626118056e-13,-9.0087579922092e-15
4284,0,0,4284,2.6504768678786e-11,9.307797038957e-06,5.6984425502811e-13,-9.0218796213775e-15
4285,0,0,4285,2.6513803700473e-11,9.3046463084117e-06,5.7028222869507e-13,-9.0350216874935e-15
4286,0,0,4286,2.6522851884712e-11,9.3014931582342e-06,5.7072018213269e-13,-9.0481842389152e-15
4287,0,0,4287,2.6531913252037e-11,9.2983375885364e-06,5.7115811529376e-13,-9.061367324152e-15
4288,0,0,4288,2.6540987823028e-11,9.2951795994307e-06,5.715960281289e-13,-9.0745709918494e-15
4289,0,0,4289,2.6550075618319e-11,9.2920191910297e-06,5.7203392059027e-13,-9.0877952907786e-15
4290,0,0,4290,2.6559176658589e-11,9.2888563634461e-06,5.7247179262852e-13,-9.1010402698597e-15
4291,0,0,4291,2.6568290964567e-11,9.2856911167931e-06,5.729096441952e-13,-9.1143059781355e-15
4292,0,0,4292,2.6577418557032e-11,9.282523451184e-06,5.7334747524125e-13,-9.1275924648101e-15
4293,0,0,4293,2.6586559456811e-11,9.2793533667325e-06,5.7378528571729e-13,-9.1408997792012e-15
4294,0,0,4294,2.6595713684782e-11,9.2761808635526e-06,5.7422307557458e-13,-9.154227970781e-15
4295,0,0,4295,2.6604881261871e-11,9.2730059417583e-06,5.7466084476314e-13,-9.167577089158e-15
4296,0,0,4296,2.6614062209055e-11,9.2698286014642e-06,5.750985932339e-13,-9.1809471840824e-15
4297,0,0,4297,2.6623256547361e-11,9.266648842785e-06,5.7553632093658e-13,-9.194338305434e-15
4298,0,0,4298,2.6632464297864e-11,9.2634666658357e-06,5.7597402782212e-13,-9.2077505032506e-15
4299,0,0,4299,2.6641685481692e-11,9.2602820707316e-06,5.7641171383993e-13,-9.2211838276995e-15
4300,0,0,4300,2.6650920120021e-11,9.2570950575883e-06,5.7684937894002e-13,-9.23463832909e-15
4301,0,0,4301,2.6660168234079e-11,9.2539056265216e-06,5.7728702307242e-13,-9.2481140578835e-15
4302,0,0,4302,2.6669429845143e-11,9.2507137776476e-06,5.7772464618653e-13,-9.2616110646704e-15
4303,0,0,4303,2.6678704974543e-11,9.2475195110828e-06,5.7816224823176e-13,-9.2751294001995e-15
4304,0,0,4304,2.6687993643659e-11,9.2443228269438e-06,5.7859982915721e-13,-9.2886691153522e-15
4305,0,0,4305,2.669729587392e-11,9.2411237253476e-06,5.790373889126e-13,-9.3022302611616e-15
4306,0,0,4306,2.6706611686809e-11,9.2379222064114e-06,5.7947492744701e-13,-9.3158128887933e-15
4307,0,0,4307,2.6715941103858e-11,9.2347182702528e-06,5.7991244470833e-13,-9.329417049581e-15
4308,0,0,4308,2.6725284146653e-11,9.2315119169896e-06,5.8034994064628e-13,-9.3430427949844e-15
4309,0,0,4309,2.673464083683e-11,9.2283031467398e-06,5.8078741520902e-13,-9.3566901766118e-15
4310,0,0,4310,2.6744011196076e-11,9.2250919596219e-06,5.8122486834505e-13,-9.3703592462299e-15
4311,0,0,4311,2.6753395246132e-11,9.2218783557545e-06,5.8166230000285e-13,-9.3840500557442e-15
4312,0,0,4312,2.6762793008789e-11,9.2186623352565e-06,5.820997101303e-13,-9.3977626572058e-15
4313,0,0,4313,2.6772204505892e-11,9.2154438982473e-06,5.8253709867558e-13,-9.4114971028239e-15
4314,0,0,4314,2.6781629759337e-11,9.2122230448462e-06,5.8297446558655e-13,-9.4252534449499e-15
4315,0,0,4315,2.6791068791073e-11,9.2089997751732e-06,5.8341181081049e-13,-9.4390317360874e-15
4316,0,0,4316,2.6800521623102e-11,9.2057740893484e-06,5.8384913429557e-13,-9.4528320288818e-15
4317,0,0,4317,2.6809988277478e-11,9.2025459874921e-06,5.8428643598906e-13,-9.4666543761466e-15
4318,0,0,4318,2.6819468776309e-11,9.1993154697251e-06,5.8472371583728e-13,-9.4804988308311e-15
4319,0,0,4319,2.6828963141755e-11,9.1960825361682e-06,5.8516097378905e-13,-9.4943654460396e-15
4320,0,0,4320,2.683847139603e-11,9.1928471869429e-06,5.8559820978976e-13,-9.5082542750348e-15
4321,0,0,4321,2.6847993561401e-11,9.1896094221706e-06,5.860354237867e-13,-9.5221653712216e-15
4322,0,0,4322,2.6857529660189e-11,9.1863692419732e-06,5.8647261572711e-13,-9.5360987881696e-15
4323,0,0,4323,2.6867079714769e-11,9.1831266464729e-06,5.8690978555642e-13,-9.5500545796004e-15
4324,0,0,4324,2.6876643747568e-11,9.1798816357921e-06,5.8734693322158e-13,-9.5640327993742e-15
4325,0,0,4325,2.688622178107e-11,9.1766342100536e-06,5.8778405866894e-13,-9.5780335015326e-15
4326,0,0,4326,2.689581383781e-11,9.1733843693804e-06,5.8822116184421e-13,-9.5920567402494e-15
4327,0,0,4327,2.690541994038e-11,9.1701321138959e-06,5.8865824269313e-13,-9.6061025698666e-15
4328,0,0,4328,2.6915040111425e-11,9.1668774437237e-06,5.8909530116173e-13,-9.6201710448809e-15
4329,0,0,4329,2.6924674373645e-11,9.1636203589879e-06,5.8953233719512e-13,-9.6342622199447e-15
4330,0,0,4330,2.6934322749795e-11,9.1603608598125e-06,5.8996935073904e-13,-9.648376149865e-15
4331,0,0,4331,2.6943985262684e-11,9.1570989463222e-06,5.9040634173889e-13,-9.6625128896138e-15
4332,0,0,4332,2.6953661935178e-11,9.1538346186419e-06,5.9084331013919e-13,-9.6766724943182e-15
4333,0,0,4333,2.6963352790198e-11,9.1505678768967e-06,5.9128025588536e-13,-9.6908550192635e-15
4334,0,0,4334,2.6973057850718e-11,9.147298721212e-06,5.9171717892188e-13,-9.7050605199032e-15
4335,0,0,4335,2.6982777139769e-11,9.1440271517137e-06,5.9215407919327e-13,-9.7192890518329e-15
4336,0,0,4336,2.699251068044e-11,9.1407531685278e-06,5.9259095664403e-13,-9.7335406708291e-15
4337,0,0,4337,2.7002258495873e-11,9.1374767717808e-06,5.9302781121896e-13,-9.7478154328201e-15
4338,0,0,4338,2.7012020609267e-11,9.1341979615992e-06,5.9346464286134e-13,-9.7621133938993e-15
4339,0,0,4339,2.7021797043877e-11,9.1309167381102e-06,5.9390145151566e-13,-9.7764346103212e-15
4340,0,0,4340,2.7031587823016e-11,9.127633101441e-06,5.9433823712551e-13,-9.7907791384991e-15
4341,0,0,4341,2.7041392970051e-11,9.1243470517193e-06,5.9477499963448e-13,-9.8051470350236e-15
4342,0,0,4342,2.7051212508408e-11,9.1210585890729e-06,5.9521173898582e-13,-9.8195383566342e-15
4343,0,0,4343,2.7061046461568e-11,9.1177677136302e-06,5.9564845512344e-13,-9.833953160248e-15
4344,0,0,4344,2.7070894853071e-11,9.1144744255198e-06,5.9608514798999e-13,-9.8483915029373e-15
4345,0,0,4345,2.7080757706513e-11,9.1111787248705e-06,5.9652181752813e-13,-9.8628534419552e-15
4346,0,0,4346,2.7090635045547e-11,9.1078806118115e-06,5.9695846368175e-13,-9.8773390347068e-15
4347,0,0,4347,2.7100526893886e-11,9.1045800864723e-06,5.9739508639229e-13,-9.8918483387652e-15
4348,0,0,4348,2.7110433275298e-11,9.1012771489828e-06,5.978316856024e-13,-9.9063814118843e-15
4349,0,0,4349,2.712035421361e-11,9.0979717994731e-06,5.9826826125536e-13,-9.9209383119797e-15
4350,0,0,4350,2.7130289732707e-11,9.0946640380737e-06,5.987048132923e-13,-9.9355190971318e-15
4351,0,0,4351,2.7140239856533e-11,9.0913538649153e-06,5.9914134165496e-13,-9.9501238255954e-15
4352,0,0,4352,2.7150204609089e-11,9.0880412801292e-06,5.995778462863e-13,-9.9647525557999e-15
4353,0,0,4353,2.7160184014435e-11,9.0847262838468e-06,6.0001432712685e-13,-9.9794053463328e-15
4354,0,0,4354,2.7170178096691e-11,9.0814088761997e-06,6.0045078411803e-13,-9.9940822559693e-15
4355,0,0,4355,2.7180186880034e-11,9.0780890573201e-06,6.008872172022e-13,-1.0008783343646e-14
4356,0,0,4356,2.7190210388703e-11,9.0747668273405e-06,6.0132362631926e-13,-1.0023508668474e-14
4357,0,0,4357,2.7200248646993e-11,9.0714421863935e-06,6.0176001141065e-13,-1.0038258289748e-14
4358,0,0,4358,2.721030167926e-11,9.0681151346121e-06,6.0219637241718e-13,-1.0053032266923e-14
4359,0,0,4359,2.7220369509919e-11,9.0647856721299e-06,6.0263270927938e-13,-1.0067830659629e-14
4360,0,0,4360,2.7230452163447e-11,9.0614537990806e-06,6.0306902193683e-13,-1.0082653527689e-14
4361,0,0,4361,2.7240549664378e-11,9.0581195155981e-06,6.0350531033128e-13,-1.0097500931082e-14
4362,0,0,4362,2.7250662037308e-11,9.0547828218168e-06,6.0394157440171e-13,-1.0112372929974e-14
4363,0,0,4363,2.7260789306893e-11,9.0514437178716e-06,6.0437781408771e-13,-1.0127269584706e-14
4364,0,0,4364,2.7270931497848e-11,9.0481022038974e-06,6.048140293301e-13,-1.0142190955798e-14
4365,0,0,4365,2.7281088634952e-11,9.0447582800296e-06,6.0525022006726e-13,-1.0157137103944e-14
4366,0,0,4366,2.7291260743042e-11,9.041411946404e-06,6.0568638623908e-13,-1.0172108090031e-14
4367,0,0,4367,2.7301447847018e-11,9.0380632031566e-06,6.0612252778485e-13,-1.018710397511e-14
4368,0,0,4368,2.7311649971838e-11,9.0347120504237e-06,6.0655864464325e-13,-1.0202124820413e-14
4369,0,0,4369,2.7321867142525e-11,9.0313584883422e-06,6.0699473675295e-13,-1.021717068737e-14
4370,0,0,4370,2.7332099384163e-11,9.0280025170491e-06,6.0743080405263e-13,-1.0232241637574e-14
4371,0,0,4371,2.7342346721896e-11,9.0246441366818e-06,6.0786684648096e-13,-1.0247337732809e-14
4372,0,0,4372,2.7352609180931e-11,9.0212833473781e-06,6.0830286397569e-13,-1.0262459035051e-14
4373,0,0,4373,2.7362886786537e-11,9.017920149276e-06,6.0873885647551e-13,-1.0277605606437e-14
4374,0,0,4374,2.7373179564047e-11,9.014554542514e-06,6.0917482391785e-13,-1.0292777509311e-14
4375,0,0,4375,2.7383487538853e-11,9.0111865272309e-06,6.0961076624048e-13,-1.030797480619e-14
4376,0,0,4376,2.7393810736413e-11,9.0078161035659e-06,6.1004668338054e-13,-1.0323197559783e-14
4377,0,0,4377,2.7404149182245e-11,9.0044432716582e-06,6.1048257527638e-13,-1.0338445832982e-14
4378,0,0,4378,2.7414502901934e-11,9.001068031648e-06,6.1091844186394e-13,-1.0353719688866e-14
4379,0,0,4379,2.7424871921125e-11,8.9976903836751e-06,6.1135428308066e-13,-1.0369019190698e-14
4380,0,0,4380,2.7435256265527e-11,8.9943103278803e-06,6.1179009886337e-13,-1.0384344401948e-14
4381,0,0,4381,2.7445655960913e-11,8.9909278644043e-06,6.122258891486e-13,-1.0399695386248e-14
4382,0,0,4382,2.7456071033121e-11,8.9875429933885e-06,6.1266165387226e-13,-1.0415072207441e-14
4383,0,0,4383,2.746650150805e-11,8.9841557149743e-06,6.1309739297151e-13,-1.0430474929556e-14
4384,0,0,4384,2.7476947411667e-11,8.9807660293037e-06,6.1353310638132e-13,-1.0445903616803e-14
4385,0,0,4385,2.7487408770001e-11,8.9773739365189e-06,6.1396879403763e-13,-1.0461358333601e-14
4386,0,0,4386,2.7497885609145e-11,8.9739794367627e-06,6.1440445587695e-13,-1.0476839144548e-14
4387,0,0,4387,2.750837795526e-11,8.970582530178e-06,6.1484009183336e-13,-1.0492346114439e-14
4388,0,0,4388,2.7518885834568e-11,8.9671832169081e-06,6.152757018434e-13,-1.0507879308265e-14
4389,0,0,4389,2.7529409273359e-11,8.9637814970968e-06,6.1571128584082e-13,-1.0523438791217e-14
4390,0,0,4390,2.7539948297988e-11,8.9603773708882e-06,6.1614684376125e-13,-1.0539024628672e-14
4391,0,0,4391,2.7550502934874e-11,8.9569708384267e-06,6.1658237553905e-13,-1.0554636886205e-14
4392,0,0,4392,2.7561073210504e-11,8.953561899857e-06,6.1701788110861e-13,-1.0570275629597e-14
4393,0,0,4393,2.7571659151428e-11,8.9501505553244e-06,6.1745336040432e-13,-1.0585940924816e-14
4394,0,0,4394,2.7582260784266e-11,8.9467368049743e-06,6.1788881336025e-13,-1.060163283803e-14
4395,0,0,4395,2.7592878135702e-11,8.9433206489527e-06,6.1832423991017e-13,-1.0617351435618e-14
4396,0,0,4396,2.7603511232486e-11,8.9399020874058e-06,6.1875963998723e-13,-1.0633096784137e-14
4397,0,0,4397,2.7614160101437e-11,8.9364811204803e-06,6.1919501352582e-13,-1.0648868950375e-14
4398,0,0,4398,2.7624824769438e-11,8.9330577483231e-06,6.1963036045786e-13,-1.0664668001288e-14
4399,0,0,4399,2.7635505263442e-11,8.9296319710815e-06,6.2006568071805e-13,-1.0680494004062e-14
4400,0,0,4400,2.7646201610468e-11,8.9262037889034e-06,6.2050097423738e-13,-1.0696347026064e-14
4401,0,0,4401,2.7656913837603e-11,8.9227732019368e-06,6.2093624095026e-13,-1.0712227134884e-14
4402,0,0,4402,2.7667641972001e-11,8.9193402103303e-06,6.2137148078768e-13,-1.0728134398301e-14
4403,0,0,4403,2.7678386040885e-11,8.9159048142326e-06,6.2180669368218e-13,-1.0744068884314e-14
4404,0,0,4404,2.7689146071547e-11,8.912467013793e-06,6.2224187956662e-13,-1.0760030661111e-14
4405,0,0,4405,2.7699922091344e-11,8.9090268091611e-06,6.22677038372e-13,-1.0776019797095e-14
4406,0,0,4406,2.7710714127705e-11,8.9055842004869e-06,6.2311217002965e-13,-1.0792036360889e-14
4407,0,0,4407,2.7721522208126e-11,8.9021391879208e-06,6.2354727447179e-13,-1.0808080421297e-14
4408,0,0,4408,2.7732346360173e-11,8.8986917716134e-06,6.2398235162882e-13,-1.0824152047354e-14
4409,0,0,4409,2.7743186611482e-11,8.895241951716e-06,6.2441740143267e-13,-1.08402513083e-14
4410,0,0,4410,2.7754042989755e-11,8.89178972838e-06,6.2485242381283e-13,-1.085637827358e-14
4411,0,0,4411,2.7764915522768e-11,8.8883351017574e-06,6.2528741870059e-13,-1.0872533012854e-14
4412,0,0,4412,2.7775804238364e-11,8.8848780720003e-06,6.2572238602636e-13,-1.0888715595994e-14
4413,0,0,4413,2.7786709164457e-11,8.8814186392615e-06,6.2615732571992e-13,-1.0904926093087e-14
4414,0,0,4414,2.7797630329031e-11,8.8779568036941e-06,6.2659223771167e-13,-1.0921164574427e-14
4415,0,0,4415,2.7808567760142e-11,8.8744925654514e-06,6.2702712193047e-13,-1.0937431110531e-14
4416,0,0,4416,2.7819521485914e-11,8.8710259246872e-06,6.2746197830641e-13,-1.095372577213e-14
4417,0,0,4417,2.7830491534544e-11,8.8675568815559e-06,6.2789680676866e-13,-1.0970048630161e-14
4418,0,0,4418,2.78414779343e-11,8.864085436212e-06,6.2833160724639e-13,-1.098639975579e-14
4419,0,0,4419,2.785248071352e-11,8.8606115888105e-06,6.2876637966784e-13,-1.1002779220398e-14
4420,0,0,4420,2.7863499900616e-11,8.8571353395069e-06,6.2920112396219e-13,-1.1019187095577e-14
4421,0,0,4421,2.7874535524069e-11,8.8536566884568e-06,6.2963584005769e-13,-1.1035623453147e-14
4422,0,0,4422,2.7885587612434e-11,8.8501756358166e-06,6.3007052788259e-13,-1.1052088365147e-14
4423,0,0,4423,2.7896656194338e-11,8.8466921817428e-06,6.3050518736421e-13,-1.1068581903833e-14
4424,0,0,4424,2.790774129848e-11,8.8432063263923e-06,6.3093981843111e-13,-1.1085104141688e-14
4425,0,0,4425,2.7918842953631e-11,8.8397180699226e-06,6.3137442101032e-13,-1.1101655151409e-14
4426,0,0,4426,2.7929961188637e-11,8.8362274124915e-06,6.3180899502946e-13,-1.1118235005923e-14
4427,0,0,4427,2.7941096032416e-11,8.8327343542572e-06,6.3224354041466e-13,-1.1134843778389e-14
4428,0,0,4428,2.7952247513958e-11,8.8292388953782e-06,6.3267805709414e-13,-1.1151481542173e-14
4429,0,0,4429,2.7963415662329e-11,8.8257410360136e-06,6.3311254499372e-13,-1.1168148370883e-14
4430,0,0,4430,2.7974600506667e-11,8.8222407763228e-06,6.3354700403919e-13,-1.1184844338342e-14
4431,0,0,4431,2.7985802076186e-11,8.8187381164656e-06,6.3398143415817e-13,-1.1201569518608e-14
4432,0,0,4432,2.7997020400172e-11,8.8152330566022e-06,6.3441583527525e-13,-1.121832398597e-14
4433,0,0,4433,2.8008255507987e-11,8.8117255968932e-06,6.3485020731653e-13,-1.1235107814941e-14
4434,0,0,4434,2.8019507429067e-11,8.8082157374998e-06,6.352845502078e-13,-1.1251921080256e-14
4435,0,0,4435,2.8030776192924e-11,8.8047034785834e-06,6.3571886387394e-13,-1.1268763856909e-14
4436,0,0,4436,2.8042061829144e-11,8.8011888203058e-06,6.3615314823983e-13,-1.1285636220088e-14
4437,0,0,4437,2.8053364367389e-11,8.7976717628294e-06,6.3658740323095e-13,-1.1302538245249e-14
4438,0,0,4438,2.8064683837397e-11,8.7941523063169e-06,6.3702162877065e-13,-1.1319470008057e-14
4439,0,0,4439,2.8076020268981e-11,8.7906304509313e-06,6.3745582478442e-13,-1.1336431584426e-14
4440,0,0,4440,2.8087373692032e-11,8.7871061968363e-06,6.3788999119561e-13,-1.1353423050497e-14
4441,0,0,4441,2.8098744136515e-11,8.7835795441958e-06,6.3832412792786e-13,-1.137044448266e-14
4442,0,0,4442,2.8110131632472e-11,8.7800504931743e-06,6.3875823490543e-13,-1.1387495957518e-14
4443,0,0,4443,2.8121536210024e-11,8.7765190439364e-06,6.3919231205106e-13,-1.1404577551942e-14
4444,0,0,4444,2.8132957899367e-11,8.7729851966475e-06,6.396263592884e-13,-1.1421689343024e-14
4445,0,0,4445,2.8144396730775e-11,8.7694489514733e-06,6.4006037654018e-13,-1.1438831408092e-14
4446,0,0,4446,2.81558527346e-11,8.7659103085797e-06,6.404943637282e-13,-1.1456003824737e-14
4447,0,0,4447,2.8167325941271e-11,8.7623692681335e-06,6.4092832077613e-13,-1.1473206670762e-14
4448,0,0,4448,2.8178816381295e-11,8.7588258303014e-06,6.4136224760514e-13,-1.1490440024245e-14
4449,0,0,4449,2.8190324085258e-11,8.7552799952509e-06,6.4179614413768e-13,-1.1507703963474e-14
4450,0,0,4450,2.8201849083825e-11,8.7517317631498e-06,6.4223001029524e-13,-1.1524998567016e-14
4451,0,0,4451,2.8213391407739e-11,8.7481811341664e-06,6.4266384599902e-13,-1.1542323913656e-14
4452,0,0,4452,2.8224951087822e-11,8.7446281084693e-06,6.4309765117021e-13,-1.1559680082438e-14
4453,0,0,4453,2.8236528154974e-11,8.7410726862277e-06,6.4353142573002e-13,-1.1577067152649e-14
4454,0,0,4454,2.8248122640178e-11,8.7375148676112e-06,6.4396516959902e-13,-1.1594485203837e-14
4455,0,0,4455,2.8259734574494e-11,8.7339546527896e-06,6.443988826972e-13,-1.1611934315774e-14
4456,0,0,4456,2.8271363989062e-11,8.7303920419336e-06,6.4483256494543e-13,-1.1629414568511e-14
4457,0,0,4457,2.8283010915105e-11,8.7268270352139e-06,6.4526621626339e-13,-1.1646926042333e-14
4458,0,0,4458,2.8294675383922e-11,8.7232596328019e-06,6.4569983657012e-13,-1.1664468817772e-14
4459,0,0,4459,2.8306357426898e-11,8.7196898348694e-06,6.4613342578559e-13,-1.1682042975636e-14
4460,0,0,4460,2.8318057075495e-11,8.7161176415886e-06,6.4656698382917e-13,-1.1699648596965e-14
4461,0,0,4461,2.8329774361258e-11,8.7125430531321e-06,6.4700051061928e-13,-1.1717285763066e-14
4462,0,0,4462,2.8341509315814e-11,8.7089660696731e-06,6.4743400607468e-13,-1.1734954555494e-14
4463,0,0,4463,2.835326197087e-11,8.7053866913852e-06,6.478674701138e-13,-1.1752655056071e-14
4464,0,0,4464,2.8365032358217e-11,8.7018049184424e-06,6.4830090265508e-13,-1.177038734687e-14
4465,0,0,4465,2.8376820509727e-11,8.6982207510191e-06,6.4873430361542e-13,-1.178815151022e-14
4466,0,0,4466,2.8388626457355e-11,8.6946341892903e-06,6.4916767291387e-13,-1.1805947628721e-14
4467,0,0,4467,2.8400450233141e-11,8.6910452334313e-06,6.4960101046673e-13,-1.1823775785226e-14
4468,0,0,4468,2.8412291869204e-11,8.6874538836181e-06,6.5003431619089e-13,-1.1841636062853e-14
4469,0,0,4469,2.8424151397749e-11,8.6838601400269e-06,6.5046759000419e-13,-1.1859528544981e-14
4470,0,0,4470,2.8436028851064e-11,8.6802640028345e-06,6.509008318223e-13,-1.1877453315248e-14
4471,0,0,4471,2.8447924261521e-11,8.6766654722182e-06,6.5133404156213e-13,-1.1895410457577e-14
4472,0,0,4472,2.8459837661577e-11,8.6730645483555e-06,6.5176721913904e-13,-1.191340005613e-14
4473,0,0,4473,2.8471769083773e-11,8.6694612314248e-06,6.5220036446933e-13,-1.1931422195355e-14
4474,0,0,4474,2.8483718560733e-11,8.6658555216045e-06,6.5263347746807e-13,-1.1949476959963e-14
4475,0,0,4475,2.8495686125168e-11,8.6622474190738e-06,6.5306655805123e-13,-1.1967564434934e-14
4476,0,0,4476,2.8507671809873e-11,8.6586369240123e-06,6.5349960613296e-13,-1.1985684705515e-14
4477,0,0,4477,2.851967564773e-11,8.6550240366e-06,6.5393262162833e-13,-1.2003837857234e-14
4478,0,0,4478,2.8531697671706e-11,8.6514087570174e-06,6.5436560445117e-13,-1.2022023975875e-14
4479,0,0,4479,2.8543737914854e-11,8.6477910854455e-06,6.5479855451685e-13,-1.2040243147515e-14
4480,0,0,4480,2.8555796410312e-11,8.6441710220657e-06,6.55231471738e-13,-1.2058495458492e-14
4481,0,0,4481,2.8567873191308e-11,8.64054856706e-06,6.5566435602844e-13,-1.2076780995414e-14
4482,0,0,4482,2.8579968291153e-11,8.6369237206109e-06,6.5609720730232e-13,-1.2095099845194e-14
4483,0,0,4483,2.8592081743248e-11,8.6332964829011e-06,6.5653002547164e-13,-1.2113452094986e-14
4484,0,0,4484,2.860421358108e-11,8.6296668541141e-06,6.5696281044993e-13,-1.213183783225e-14
4485,0,0,4485,2.8616363838225e-11,8.6260348344337e-06,6.5739556214857e-13,-1.2150257144712e-14
4486,0,0,4486,2.8628532548345e-11,8.6224004240443e-06,6.578282804811e-13,-1.2168710120384e-14
4487,0,0,4487,2.8640719745193e-11,8.6187636231307e-06,6.582609653589e-13,-1.2187196847561e-14
4488,0,0,4488,2.8652925462608e-11,8.6151244318782e-06,6.5869361669275e-13,-1.2205717414813e-14
4489,0,0,4489,2.8665149734519e-11,8.6114828504727e-06,6.5912623439556e-13,-1.2224271911008e-14
4490,0,0,4490,2.8677392594944e-11,8.6078388791005e-06,6.5955881837687e-13,-1.2242860425289e-14
4491,0,0,4491,2.8689654077991e-11,8.6041925179483e-06,6.5999136854869e-13,-1.2261483047087e-14
4492,0,0,4492,2.8701934217857e-11,8.6005437672034e-06,6.6042388482056e-13,-1.2280139866121e-14
4493,0,0,4493,2.871423304883e-11,8.5968926270537e-06,6.6085636710325e-13,-1.2298830972402e-14
4494,0,0,4494,2.8726550605286e-11,8.5932390976874e-06,6.6128881530662e-13,-1.2317556456229e-14
4495,0,0,4495,2.8738886921694e-11,8.5895831792932e-06,6.6172122933959e-13,-1.2336316408187e-14
4496,0,0,4496,2.8751242032613e-11,8.5859248720605e-06,6.6215360911233e-13,-1.235511091916e-14
4497,0,0,4497,2.8763615972693e-11,8.5822641761791e-06,6.6258595453346e-13,-1.2373940080325e-14
4498,0,0,4498,2.8776008776677e-11,8.5786010918393e-06,6.6301826551222e-13,-1.2392803983146e-14
4499,0,0,4499,2.8788420479396e-11,8.5749356192318e-06,6.6345054195601e-13,-1.2411702719393e-14
4500,0,0,4500,2.8800851115777e-11,8.571267758548e-06,6.6388278377407e-13,-1.2430636381125e-14
4501,0,0,4501,2.8813300720838e-11,8.5675975099796e-06,6.6431499087348e-13,-1.2449605060695e-14
4502,0,0,4502,2.8825769329689e-11,8.563924873719e-06,6.6474716316196e-13,-1.2468608850773e-14
4503,0,0,4503,2.8838256977533e-11,8.5602498499591e-06,6.6517930054721e-13,-1.2487647844311e-14
4504,0,0,4504,2.8850763699667e-11,8.5565724388932e-06,6.6561140293541e-13,-1.2506722134566e-14
4505,0,0,4505,2.8863289531483e-11,8.5528926407151e-06,6.6604347023364e-13,-1.2525831815107e-14
4506,0,0,4506,2.8875834508462e-11,8.5492104556192e-06,6.6647550234869e-13,-1.2544976979797e-14
4507,0,0,4507,2.8888398666185e-11,8.5455258838005e-06,6.6690749918551e-13,-1.2564157722804e-14
4508,0,0,4508,2.8900982040324e-11,8.5418389254544e-06,6.6733946065057e-13,-1.2583374138615e-14
4509,0,0,4509,2.8913584666646e-11,8.5381495807768e-06,6.6777138664944e-13,-1.2602626322007e-14
4510,0,0,4510,2.8926206581014e-11,8.5344578499642e-06,6.6820327708614e-13,-1.2621914368072e-14
4511,0,0,4511,2.8938847819386e-11,8.5307637332135e-06,6.6863513186716e-13,-1.2641238372222e-14
4512,0,0,4512,2.8951508417816e-11,8.5270672307224e-06,6.6906695089528e-13,-1.2660598430163e-14
4513,0,0,4513,2.8964188412454e-11,8.5233683426888e-06,6.6949873407576e-13,-1.2679994637929e-14
4514,0,0,4514,2.8976887839546e-11,8.5196670693114e-06,6.6993048131203e-13,-1.2699427091851e-14
4515,0,0,4515,2.8989606735435e-11,8.5159634107892e-06,6.7036219250809e-13,-1.2718895888597e-14
4516,0,0,4516,2.900234513656e-11,8.512257367322e-06,6.7079386756645e-13,-1.2738401125123e-14
4517,0,0,4517,2.9015103079459e-11,8.5085489391099e-06,6.7122550639051e-13,-1.2757942898731e-14
4518,0,0,4518,2.9027880600766e-11,8.5048381263537e-06,6.7165710888278e-13,-1.2777521307018e-14
4519,0,0,4519,2.9040677737213e-11,8.5011249292545e-06,6.7208867494543e-13,-1.2797136447921e-14
4520,0,0,4520,2.9053494525633e-11,8.4974093480143e-06,6.7252020448066e-13,-1.2816788419678e-14
4521,0,0,4521,2.9066331002954e-11,8.4936913828353e-06,6.7295169738942e-13,-1.2836477320867e-14
4522,0,0,4522,2.9079187206204e-11,8.4899710339206e-06,6.733831535742e-13,-1.2856203250373e-14
4523,0,0,4523,2.9092063172512e-11,8.4862483014734e-06,6.7381457293505e-13,-1.2875966307426e-14
4524,0,0,4524,2.9104958939103e-11,8.4825231856979e-06,6.7424595537262e-13,-1.2895766591564e-14
4525,0,0,4525,2.9117874543306e-11,8.4787956867985e-06,6.7467730078787e-13,-1.2915604202657e-14
4526,0,0,4526,2.9130810022547e-11,8.4750658049804e-06,6.7510860908023e-13,-1.2935479240914e-14
4527,0,0,4527,2.9143765414354e-11,8.4713335404492e-06,6.7553988014942e-13,-1.2955391806868e-14
4528,0,0,4528,2.9156740756355e-11,8.4675988934111e-06,6.7597111389519e-13,-1.2975342001372e-14
4529,0,0,4529,2.9169736086281e-11,8.4638618640729e-06,6.7640231021603e-13,-1.2995329925626e-14
4530,0,0,4530,2.9182751441962e-11,8.4601224526419e-06,6.7683346901108e-13,-1.3015355681173e-14
4531,0,0,4531,2.9195786861332e-11,8.456380659326e-06,6.7726459017821e-13,-1.3035419369858e-14
4532,0,0,4532,2.9208842382426e-11,8.4526364843336e-06,6.7769567361564e-13,-1.3055521093899e-14
4533,0,0,4533,2.9221918043382e-11,8.4488899278738e-06,6.7812671922126e-13,-1.3075660955831e-14
4534,0,0,4534,2.923501388244e-11,8.4451409901562e-06,6.7855772689204e-13,-1.3095839058537e-14
4535,0,0,4535,2.9248129937945e-11,8.4413896713908e-06,6.7898869652525e-13,-1.3116055505225e-14
4536,0,0,4536,2.9261266248345e-11,8.4376359717885e-06,6.7941962801727e-13,-1.3136310399482e-14
4537,0,0,4537,2.927442285219e-11,8.4338798915606e-06,6.7985052126415e-13,-1.3156603845196e-14
4538,0,0,4538,2.9287599788137e-11,8.4301214309188e-06,6.8028137616254e-13,-1.3176935946636e-14
4539,0,0,4539,2.9300797094945e-11,8.4263605900756e-06,6.8071219260759e-13,-1.3197306808377e-14
4540,0,0,4540,2.931401481148e-11,8.4225973692442e-06,6.8114297049474e-13,-1.3217716535387e-14
4541,0,0,4541,2.9327252976713e-11,8.418831768638e-06,6.8157370971881e-13,-1.3238165232956e-14
4542,0,0,4542,2.934051162972e-11,8.4150637884713e-06,6.8200441017402e-13,-1.3258653006731e-14
4543,0,0,4543,2.9353790809683e-11,8.4112934289588e-06,6.8243507175488e-13,-1.3279179962701e-14
4544,0,0,4544,2.936709055589e-11,8.407520690316e-06,6.8286569435562e-13,-1.329974620723e-14
4545,0,0,4545,2.9380410907737e-11,8.4037455727587e-06,6.8329627786922e-13,-1.3320351847018e-14
4546,0,0,4546,2.9393751904726e-11,8.3999680765035e-06,6.8372682218867e-13,-1.3340996989138e-14
4547,0,0,4547,2.9407113586467e-11,8.3961882017676e-06,6.8415732720756e-13,-1.3361681740997e-14
4548,0,0,4548,2.9420495992678e-11,8.3924059487686e-06,6.8458779281736e-13,-1.3382406210384e-14
4549,0,0,4549,2.9433899163183e-11,8.3886213177249e-06,6.8501821891043e-13,-1.3403170505436e-14
4550,0,0,4550,2.9447323137918e-11,8.3848343088554e-06,6.8544860537916e-13,-1.3423974734667e-14
4551,0,0,4551,2.9460767956925e-11,8.3810449223796e-06,6.8587895211377e-13,-1.3444819006937e-14
4552,0,0,4552,2.9474233660356e-11,8.3772531585177e-06,6.8630925900601e-13,-1.3465703431464e-14
4553,0,0,4553,2.9487720288474e-11,8.3734590174904e-06,6.8673952594612e-13,-1.3486628117877e-14
4554,0,0,4554,2.950122788165e-11,8.369662499519e-06,6.8716975282464e-13,-1.3507593176113e-14
4555,0,0,4555,2.9514756480367e-11,8.3658636048254e-06,6.8759993953087e-13,-1.3528598716529e-14
4556,0,0,4556,2.9528306125216e-11,8.3620623336323e-06,6.8803008595503e-13,-1.3549644849819e-14
4557,0,0,4557,2.9541876856903e-11,8.3582586861628e-06,6.8846019198583e-13,-1.3570731687077e-14
4558,0,0,4558,2.9555468716243e-11,8.3544526626406e-06,6.8889025751196e-13,-1.3591859339747e-14
4559,0,0,4559,2.9569081744163e-11,8.3506442632902e-06,6.8932028242211e-13,-1.3613027919666e-14
4560,0,0,4560,2.9582715981702e-11,8.3468334883366e-06,6.8975026660376e-13,-1.3634237539026e-14
4561,0,0,4561,2.9596371470012e-11,8.3430203380054e-06,6.9018020994466e-13,-1.3655488310434e-14
4562,0,0,4562,2.9610048250359e-11,8.3392048125229e-06,6.9061011233292e-13,-1.3676780346846e-14
4563,0,0,4563,2.9623746364121e-11,8.335386912116e-06,6.9103997365415e-13,-1.3698113761604e-14
4564,0,0,4564,2.9637465852789e-11,8.3315666370121e-06,6.9146979379552e-13,-1.3719488668459e-14
4565,0,0,4565,2.9651206757971e-11,8.3277439874395e-06,6.9189957264266e-13,-1.3740905181504e-14
4566,0,0,4566,2.9664969121386e-11,8.3239189636269e-06,6.9232931008211e-13,-1.3762363415264e-14
4567,0,0,4567,2.9678752984871e-11,8.3200915658037e-06,6.9275900599798e-13,-1.3783863484615e-14
4568,0,0,4568,2.9692558390375e-11,8.3162617942e-06,6.9318866027618e-13,-1.3805405504843e-14
4569,0,0,4569,2.9706385379967e-11,8.3124296490464e-06,6.9361827280083e-13,-1.3826989591626e-14
4570,0,0,4570,2.9720233995828e-11,8.3085951305742e-06,6.9404784345633e-13,-1.3848615861021e-14
4571,0,0,4571,2.9734104280258e-11,8.3047582390155e-06,6.9447737212584e-13,-1.3870284429491e-14
4572,0,0,4572,2.9747996275672e-11,8.3009189746029e-06,6.9490685869315e-13,-1.3891995413897e-14
4573,0,0,4573,2.9761910024603e-11,8.2970773375695e-06,6.9533630304115e-13,-1.391374893149e-14
4574,0,0,4574,2.9775845569703e-11,8.2932333281493e-06,6.9576570505238e-13,-1.3935545099925e-14
4575,0,0,4575,2.978980295374e-11,8.2893869465769e-06,6.961950646088e-13,-1.3957384037255e-14
4576,0,0,4576,2.9803782219602e-11,8.2855381930874e-06,6.9662438159297e-13,-1.3979265861941e-14
4577,0,0,4577,2.9817783410295e-11,8.2816870679168e-06,6.9705365588469e-13,-1.4001190692833e-14
4578,0,0,4578,2.9831806568944e-11,8.2778335713015e-06,6.9748288736622e-13,-1.4023158649226e-14
4579,0,0,4579,2.9845851738795e-11,8.2739777034788e-06,6.9791207591767e-13,-1.4045169850763e-14
4580,0,0,4580,2.9859918963213e-11,8.2701194646864e-06,6.9834122141914e-13,-1.4067224417561e-14
4581,0,0,4581,2.9874008285683e-11,8.2662588551629e-06,6.9877032375014e-13,-1.408932247009e-14
4582,0,0,4582,2.9888119749812e-11,8.2623958751475e-06,6.9919938279015e-13,-1.4111464129287e-14
4583,0,0,4583,2.9902253399328e-11,8.25853052488e-06,6.9962839841807e-13,-1.413364951645e-14
4584,0,0,4584,2.9916409278082e-11,8.2546628046009e-06,7.0005737051246e-13,-1.4155878753336e-14
4585,0,0,4585,2.9930587430044e-11,8.2507927145515e-06,7.0048629895099e-13,-1.4178151962103e-14
4586,0,0,4586,2.9944787899309e-11,8.2469202549735e-06,7.0091518361161e-13,-1.4200469265322e-14
4587,0,0,4587,2.9959010730095e-11,8.2430454261096e-06,7.0134402437168e-13,-1.4222830786005e-14
4588,0,0,4588,2.9973255966743e-11,8.2391682282029e-06,7.0177282110732e-13,-1.4245236647562e-14
4589,0,0,4589,2.9987523653717e-11,8.2352886614974e-06,7.0220157369526e-13,-1.4267686973857e-14
4590,0,0,4590,3.0001813835606e-11,8.2314067262377e-06,7.0263028201164e-13,-1.4290181889155e-14
4591,0,0,4591,3.0016126557124e-11,8.227522422669e-06,7.0305894593195e-13,-1.431272151816e-14
4592,0,0,4592,3.003046186311e-11,8.2236357510373e-06,7.0348756533048e-13,-1.4335305986016e-14
4593,0,0,4593,3.0044819798528e-11,8.2197467115893e-06,7.0391614008305e-13,-1.4357935418278e-14
4594,0,0,4594,3.0059200408469e-11,8.2158553045724e-06,7.0434467006303e-13,-1.4380609940957e-14
4595,0,0,4595,3.007360373815e-11,8.2119615302346e-06,7.0477315514438e-13,-1.4403329680488e-14
4596,0,0,4596,3.0088029832913e-11,8.2080653888247e-06,7.0520159520017e-13,-1.4426094763741e-14
4597,0,0,4597,3.0102478738231e-11,8.204166880592e-06,7.0562999010406e-13,-1.4448905318036e-14
4598,0,0,4598,3.0116950499702e-11,8.2002660057869e-06,7.0605833972759e-13,-1.4471761471127e-14
4599,0,0,4599,3.0131445163054e-11,8.1963627646602e-06,7.0648664394349e-13,-1.4494663351209e-14
4600,0,0,4600,3.0145962774141e-11,8.1924571574633e-06,7.0691490262299e-13,-1.4517611086927e-14
4601,0,0,4601,3.0160503378948e-11,8.1885491844488e-06,7.07343115637e-13,-1.4540604807379e-14
4602,0,0,4602,3.017506702359e-11,8.1846388458695e-06,7.0777128285612e-13,-1.4563644642091e-14
4603,0,0,4603,3.0189653754311e-11,8.1807261419791e-06,7.0819940415157e-13,-1.4586730721071e-14
4604,0,0,4604,3.0204263617486e-11,8.1768110730322e-06,7.086274793918e-13,-1.460986317475e-14
4605,0,0,4605,3.021889665962e-11,8.1728936392839e-06,7.0905550844681e-13,-1.4633042134022e-14
4606,0,0,4606,3.023355292735e-11,8.16897384099e-06,7.0948349118536e-13,-1.4656267730254e-14
4607,0,0,4607,3.0248232467445e-11,8.1650516784073e-06,7.0991142747591e-13,-1.4679540095246e-14
4608,0,0,4608,3.0262935326807e-11,8.161127151793e-06,7.1033931718599e-13,-1.4702859361281e-14
4609,0,0,4609,3.0277661552468e-11,8.1572002614053e-06,7.1076716018346e-13,-1.4726225661078e-14
4610,0,0,4610,3.0292411191596e-11,8.1532710075029e-06,7.1119495633522e-13,-1.4749639127863e-14
4611,0,0,4611,3.0307184291491e-11,8.1493393903454e-06,7.1162270550791e-13,-1.4773099895272e-14
4612,0,0,4612,3.0321980899588e-11,8.145405410193e-06,7.1205040756692e-13,-1.479660809745e-14
4613,0,0,4613,3.0336801063457e-11,8.141469067307e-06,7.1247806237916e-13,-1.4820163869008e-14
4614,0,0,4614,3.0351644830802e-11,8.1375303619489e-06,7.1290566980849e-13,-1.4843767345016e-14
4615,0,0,4615,3.0366512249463e-11,8.1335892943814e-06,7.1333322972031e-13,-1.4867418661014e-14
4616,0,0,4616,3.0381403367416e-11,8.1296458648677e-06,7.1376074197848e-13,-1.4891117953042e-14
4617,0,0,4617,3.0396318232774e-11,8.1257000736719e-06,7.1418820644685e-13,-1.4914865357597e-14
4618,0,0,4618,3.0411256893786e-11,8.1217519210587e-06,7.1461562298805e-13,-1.4938661011662e-14
4619,0,0,4619,3.0426219398838e-11,8.1178014072937e-06,7.1504299146595e-13,-1.4962505052704e-14
4620,0,0,4620,3.0441205796457e-11,8.1138485326432e-06,7.1547031174195e-13,-1.4986397618674e-14
4621,0,0,4621,3.0456216135305e-11,8.1098932973742e-06,7.1589758367806e-13,-1.5010338848016e-14
4622,0,0,4622,3.0471250464185e-11,8.1059357017547e-06,7.1632480713508e-13,-1.5034328879638e-14
4623,0,0,4623,3.0486308832038e-11,8.1019757460532e-06,7.1675198197502e-13,-1.5058367852964e-14
4624,0,0,4624,3.0501391287946e-11,8.098013430539e-06,7.1717910805684e-13,-1.5082455907918e-14
4625,0,0,4625,3.0516497881131e-11,8.0940487554825e-06,7.1760618524072e-13,-1.5106593184875e-14
4626,0,0,4626,3.0531628660955e-11,8.0900817211544e-06,7.1803321338684e-13,-1.5130779824746e-14
4627,0,0,4627,3.0546783676924e-11,8.0861123278264e-06,7.1846019235261e-13,-1.5155015968946e-14
4628,0,0,4628,3.0561962978684e-11,8.0821405757712e-06,7.1888712199729e-13,-1.5179301759345e-14
4629,0,0,4629,3.0577166616022e-11,8.0781664652619e-06,7.193140021783e-13,-1.5203637338365e-14
4630,0,0,4630,3.0592394638871e-11,8.0741899965727e-06,7.1974083275307e-13,-1.5228022848915e-14
4631,0,0,4631,3.0607647097305e-11,8.0702111699783e-06,7.2016761357839e-13,-1.5252458434394e-14
4632,0,0,4632,3.0622924041544e-11,8.0662299857545e-06,7.2059434451046e-13,-1.5276944238745e-14
4633,0,0,4633,3.063822552195e-11,8.0622464441777e-06,7.2102102540486e-13,-1.5301480406394e-14
4634,0,0,4634,3.0653551589033e-11,8.0582605455251e-06,7.2144765611748e-13,-1.5326067082299e-14
4635,0,0,4635,3.0668902293445e-11,8.0542722900748e-06,7.2187423650204e-13,-1.5350704411921e-14
4636,0,0,4636,3.0684277685986e-11,8.0502816781057e-06,7.2230076641384e-13,-1.5375392541251e-14
4637,0,0,4637,3.0699677817603e-11,8.0462887098974e-06,7.2272724570598e-13,-1.5400131616789e-14
4638,0,0,4638,3.0715102739388e-11,8.0422933857304e-06,7.231536742316e-13,-1.5424921785568e-14
4639,0,0,4639,3.0730552502583e-11,8.0382957058859e-06,7.2358005184353e-13,-1.5449763195149e-14
4640,0,0,4640,3.0746027158577e-11,8.0342956706462e-06,7.2400637839364e-13,-1.5474655993602e-14
4641,0,0,4641,3.0761526758906e-11,8.0302932802941e-06,7.2443265373355e-13,-1.5499600329544e-14
4642,0,0,4642,3.0777051355259e-11,8.0262885351133e-06,7.2485887771515e-13,-1.5524596352113e-14
4643,0,0,4643,3.079260099947e-11,8.0222814353885e-06,7.2528505018759e-13,-1.5549644211007e-14
4644,0,0,4644,3.0808175743526e-11,8.0182719814051e-06,7.2571117100213e-13,-1.557474405642e-14
4645,0,0,4645,3.0823775639565e-11,8.0142601734492e-06,7.2613724000702e-13,-1.559989603911e-14
4646,0,0,4646,3.0839400739876e-11,8.0102460118081e-06,7.2656325705199e-13,-1.5625100310369e-14
4647,0,0,4647,3.0855051096898e-11,8.0062294967695e-06,7.2698922198528e-13,-1.5650357022054e-14
4648,0,0,4648,3.0870726763224e-11,8.0022106286222e-06,7.2741513465479e-13,-1.5675666326523e-14
4649,0,0,4649,3.0886427791601e-11,7.9981894076559e-06,7.2784099490721e-13,-1.5701028376725e-14
4650,0,0,4650,3.0902154234927e-11,7.9941658341609e-06,7.2826680258984e-13,-1.5726443326142e-14
4651,0,0,4651,3.0917906146256e-11,7.9901399084286e-06,7.2869255754875e-13,-1.5751911328804e-14
4652,0,0,4652,3.0933683578795e-11,7.9861116307511e-06,7.2911825962911e-13,-1.5777432539317e-14
4653,0,0,4653,3.0949486585908e-11,7.9820810014214e-06,7.2954390867667e-13,-1.5803007112807e-14
4654,0,0,4654,3.0965315221113e-11,7.9780480207333e-06,7.2996950453567e-13,-1.5828635205007e-14
4655,0,0,4655,3.0981169538085e-11,7.9740126889817e-06,7.3039504704943e-13,-1.5854316972181e-14
4656,0,0,4656,3.0997049590656e-11,7.969975006462e-06,7.3082053606218e-13,-1.5880052571163e-14
4657,0,0,4657,3.1012955432816e-11,7.9659349734707e-06,7.31245971416e-13,-1.5905842159366e-14
4658,0,0,4658,3.102888711871e-11,7.9618925903053e-06,7.316713529539e-13,-1.5931685894765e-14
4659,0,0,4659,3.1044844702646e-11,7.9578478572637e-06,7.3209668051675e-13,-1.5957583935903e-14
4660,0,0,4660,3.1060828239088e-11,7.9538007746452e-06,7.3252195394633e-13,-1.5983536441909e-14
4661,0,0,4661,3.1076837782661e-11,7.9497513427497e-06,7.3294717308257e-13,-1.6009543572486e-14
4662,0,0,4662,3.1092873388149e-11,7.9456995618781e-06,7.3337233776511e-13,-1.6035605487913e-14
4663,0,0,4663,3.1108935110498e-11,7.9416454323321e-06,7.3379744783451e-13,-1.6061722349052e-14
4664,0,0,4664,3.1125023004815e-11,7.9375889544142e-06,7.3422250312856e-13,-1.6087894317357e-14
4665,0,0,4665,3.114113712637e-11,7.9335301284281e-06,7.3464750348567e-13,-1.6114121554859e-14
4666,0,0,4666,3.1157277530594e-11,7.9294689546782e-06,7.3507244874302e-13,-1.614040422419e-14
4667,0,0,4667,3.1173444273083e-11,7.9254054334697e-06,7.354973387381e-13,-1.6166742488576e-14
4668,0,0,4668,3.1189637409594e-11,7.9213395651089e-06,7.3592217330748e-13,-1.6193136511823e-14
4669,0,0,4669,3.1205856996053e-11,7.9172713499028e-06,7.363469522865e-13,-1.6219586458355e-14
4670,0,0,4670,3.1222103088546e-11,7.9132007881597e-06,7.3677167551019e-13,-1.6246092493179e-14
4671,0,0,4671,3.1238375743328e-11,7.9091278801884e-06,7.3719634281328e-13,-1.627265478192e-14
4672,0,0,4672,3.1254675016819e-11,7.9050526262987e-06,7.3762095403051e-13,-1.6299273490797e-14
4673,0,0,4673,3.1271000965605e-11,7.9009750268015e-06,7.3804550899384e-13,-1.6325948786653e-14
4674,0,0,4674,3.1287353646442e-11,7.8968950820085e-06,7.3847000753738e-13,-1.6352680836922e-14
4675,0,0,4675,3.1303733116252e-11,7.8928127922323e-06,7.3889444949249e-13,-1.6379469809676e-14
4676,0,0,4676,3.1320139432125e-11,7.8887281577864e-06,7.3931883469084e-13,-1.640631587357e-14
4677,0,0,4677,3.1336572651323e-11,7.8846411789855e-06,7.3974316296317e-13,-1.6433219197925e-14
4678,0,0,4678,3.1353032831276e-11,7.880551856145e-06,7.4016743414022e-13,-1.646017995264e-14
4679,0,0,4679,3.1369520029584e-11,7.8764601895812e-06,7.4059164805119e-13,-1.6487198308265e-14
4680,0,0,4680,3.138603430402e-11,7.8723661796114e-06,7.4101580452561e-13,-1.6514274435981e-14
4681,0,0,4681,3.1402575712528e-11,7.868269826554e-06,7.4143990339115e-13,-1.6541408507569e-14
4682,0,0,4682,3.1419144313223e-11,7.8641711307282e-06,7.4186394447641e-13,-1.6568600695472e-14
4683,0,0,4683,3.1435740164396e-11,7.8600700924541e-06,7.4228792760783e-13,-1.6595851172775e-14
4684,0,0,4684,3.1452363324509e-11,7.8559667120529e-06,7.4271185261248e-13,-1.6623160113163e-14
4685,0,0,4685,3.14690138522e-11,7.8518609898468e-06,7.4313571931559e-13,-1.6650527691007e-14
4686,0,0,4686,3.1485691806282e-11,7.8477529261587e-06,7.4355952754268e-13,-1.667795408129e-14
4687,0,0,4687,3.1502397245741e-11,7.8436425213127e-06,7.4398327711867e-13,-1.670543945967e-14
4688,0,0,4688,3.1519130229744e-11,7.8395297756339e-06,7.4440696786663e-13,-1.6732984002429e-14
4689,0,0,4689,3.153589081763e-11,7.8354146894482e-06,7.4483059961087e-13,-1.6760587886516e-14
4690,0,0,4690,3.155267906892e-11,7.8312972630826e-06,7.4525417217263e-13,-1.6788251289545e-14
4691,0,0,4691,3.156949504331e-11,7.8271774968651e-06,7.4567768537529e-13,-1.6815974389772e-14
4692,0,0,4692,3.1586338800676e-11,7.8230553911245e-06,7.4610113903917e-13,-1.6843757366114e-14
4693,0,0,4693,3.1603210401074e-11,7.8189309461909e-06,7.465245329852e-13,-1.6871600398165e-14
4694,0,0,4694,3.162010990474e-11,7.8148041623951e-06,7.4694786703307e-13,-1.6899503666194e-14
4695,0,0,4695,3.1637037372091e-11,7.8106750400692e-06,7.4737114100251e-13,-1.692746735112e-14
4696,0,0,4696,3.1653992863726e-11,7.8065435795459e-06,7.4779435471197e-13,-1.6955491634542e-14
4697,0,0,4697,3.1670976440424e-11,7.8024097811593e-06,7.4821750797934e-13,-1.6983576698749e-14
4698,0,0,4698,3.1687988163151e-11,7.7982736452442e-06,7.4864060062123e-13,-1.7011722726685e-14
4699,0,0,4699,3.1705028093053e-11,7.7941351721367e-06,7.4906363245522e-13,-1.7039929902015e-14
4700,0,0,4700,3.1722096291462e-11,7.7899943621738e-06,7.4948660329672e-13,-1.7068198409045e-14
4701,0,0,4701,3.1739192819895e-11,7.7858512156933e-06,7.4990951296082e-13,-1.7096528432806e-14
4702,0,0,4702,3.1756317740054e-11,7.7817057330344e-06,7.5033236126202e-13,-1.7124920159e-14
4703,0,0,4703,3.1773471113828e-11,7.7775579145371e-06,7.5075514801451e-13,-1.7153373774034e-14
4704,0,0,4704,3.1790653003293e-11,7.7734077605425e-06,7.5117787303063e-13,-1.7181889465017e-14
4705,0,0,4705,3.1807863470713e-11,7.7692552713926e-06,7.5160053612364e-13,-1.7210467419739e-14
4706,0,0,4706,3.1825102578539e-11,7.7651004474307e-06,7.5202313710435e-13,-1.7239107826728e-14
4707,0,0,4707,3.1842370389415e-11,7.7609432890009e-06,7.5244567578481e-13,-1.7267810875186e-14
4708,0,0,4708,3.185966696617e-11,7.7567837964486e-06,7.5286815197429e-13,-1.7296576755049e-14
4709,0,0,4709,3.1876992371827e-11,7.75262197012e-06,7.5329056548269e-13,-1.732540565695e-14
4710,0,0,4710,3.1894346669599e-11,7.7484578103624e-06,7.5371291611898e-13,-1.7354297772259e-14
4711,0,0,4711,3.1911729922892e-11,7.7442913175243e-06,7.5413520369151e-13,-1.7383253293048e-14
4712,0,0,4712,3.1929142195304e-11,7.7401224919552e-06,7.5455742800711e-13,-1.741227241213e-14
4713,0,0,4713,3.1946583550627e-11,7.7359513340057e-06,7.5497958887261e-13,-1.7441355323025e-14
4714,0,0,4714,3.1964054052847e-11,7.7317778440272e-06,7.5540168609452e-13,-1.7470502219998e-14
4715,0,0,4715,3.1981553766145e-11,7.7276020223727e-06,7.5582371947692e-13,-1.7499713298051e-14
4716,0,0,4716,3.1999082754898e-11,7.7234238693957e-06,7.5624568882509e-13,-1.7528988752902e-14
4717,0,0,4717,3.2016641083679e-11,7.7192433854513e-06,7.566675939431e-13,-1.7558328781038e-14
4718,0,0,4718,3.2034228817259e-11,7.7150605708953e-06,7.5708943463318e-13,-1.7587733579666e-14
4719,0,0,4719,3.2051846020606e-11,7.7108754260848e-06,7.5751121069755e-13,-1.7617203346745e-14
4720,0,0,4720,3.2069492758887e-11,7.706687951378e-06,7.5793292193813e-13,-1.7646738281e-14
4721,0,0,4721,3.2087169097468e-11,7.702498147134e-06,7.5835456815532e-13,-1.7676338581891e-14
4722,0,0,4722,3.2104875101918e-11,7.6983060137133e-06,7.5877614914979e-13,-1.7706004449635e-14
4723,0,0,4723,3.2122610838003e-11,7.6941115514773e-06,7.591976647198e-13,-1.7735736085236e-14
4724,0,0,4724,3.2140376371694e-11,7.6899147607885e-06,7.596191146645e-13,-1.7765533690417e-14
4725,0,0,4725,3.2158171769161e-11,7.6857156420107e-06,7.6004049878121e-13,-1.7795397467713e-14
4726,0,0,4726,3.2175997096782e-11,7.6815141955087e-06,7.6046181686665e-13,-1.7825327620399e-14
4727,0,0,4727,3.2193852421134e-11,7.6773104216484e-06,7.6088306871751e-13,-1.7855324352549e-14
4728,0,0,4728,3.2211737809003e-11,7.6731043207969e-06,7.6130425412897e-13,-1.7885387868993e-14
4729,0,0,4729,3.2229653327379e-11,7.6688958933223e-06,7.6172537289559e-13,-1.7915518375351e-14
4730,0,0,4730,3.2247599043457e-11,7.6646851395941e-06,7.6214642481071e-13,-1.7945716078036e-14
4731,0,0,4731,3.2265575024641e-11,7.6604720599826e-06,7.6256740966797e-13,-1.7975981184231e-14
4732,0,0,4732,3.2283581338543e-11,7.6562566548597e-06,7.6298832725947e-13,-1.8006313901933e-14
4733,0,0,4733,3.2301618052983e-11,7.6520389245979e-06,7.634091773764e-13,-1.8036714439915e-14
4734,0,0,4734,3.2319685235991e-11,7.6478188695713e-06,7.6382995980933e-13,-1.8067183007777e-14
4735,0,0,4735,3.2337782955806e-11,7.6435964901551e-06,7.6425067434854e-13,-1.8097719815875e-14
4736,0,0,4736,3.2355911280882e-11,7.6393717867253e-06,7.6467132078246e-13,-1.8128325075417e-14
4737,0,0,4737,3.237407027988e-11,7.6351447596596e-06,7.650918988995e-13,-1.8158998998414e-14
4738,0,0,4738,3.2392260021678e-11,7.6309154093364e-06,7.6551240848749e-13,-1.8189741797658e-14
4739,0,0,4739,3.2410480575365e-11,7.6266837361357e-06,7.6593284933209e-13,-1.8220553686808e-14
4740,0,0,4740,3.2428732010245e-11,7.6224497404384e-06,7.6635322121989e-13,-1.8251434880289e-14
4741,0,0,4741,3.2447014395838e-11,7.6182134226266e-06,7.6677352393549e-13,-1.828238559341e-14
4742,0,0,4742,3.2465327801881e-11,7.6139747830837e-06,7.6719375726272e-13,-1.8313406042256e-14
4743,0,0,4743,3.2483672298325e-11,7.6097338221943e-06,7.6761392098525e-13,-1.8344496443797e-14
4744,0,0,4744,3.250204795534e-11,7.6054905403441e-06,7.6803401488553e-13,-1.8375657015779e-14
4745,0,0,4745,3.2520454843317e-11,7.6012449379201e-06,7.6845403874447e-13,-1.8406887976838e-14
4746,0,0,4746,3.2538893032864e-11,7.5969970153104e-06,7.6887399234376e-13,-1.8438189546441e-14
4747,0,0,4747,3.2557362594808e-11,7.5927467729045e-06,7.6929387546263e-13,-1.8469561944896e-14
4748,0,0,4748,3.2575863600202e-11,7.5884942110931e-06,7.6971368788016e-13,-1.8501005393351e-14
4749,0,0,4749,3.2594396120316e-11,7.5842393302678e-06,7.701334293748e-13,-1.853252011384e-14
4750,0,0,4750,3.2612960226645e-11,7.5799821308218e-06,7.7055309972394e-13,-1.8564106329242e-14
4751,0,0,4751,3.2631555990908e-11,7.5757226131494e-06,7.7097269870345e-13,-1.8595764263297e-14
4752,0,0,4752,3.2650183485049e-11,7.5714607776461e-06,7.7139222608949e-13,-1.8627494140611e-14
4753,0,0,4753,3.2668842781235e-11,7.5671966247088e-06,7.7181168165683e-13,-1.8659296186673e-14
4754,0,0,4754,3.2687533951863e-11,7.5629301547354e-06,7.7223106517873e-13,-1.8691170627829e-14
4755,0,0,4755,3.2706257069555e-11,7.5586613681253e-06,7.726503764286e-13,-1.8723117691325e-14
4756,0,0,4756,3.272501220716e-11,7.5543902652791e-06,7.7306961517845e-13,-1.8755137605284e-14
4757,0,0,4757,3.2743799437759e-11,7.5501168465984e-06,7.7348878119954e-13,-1.8787230598705e-14
4758,0,0,4758,3.276261883466e-11,7.5458411124864e-06,7.7390787426207e-13,-1.8819396901498e-14
4759,0,0,4759,3.2781470471405e-11,7.5415630633476e-06,7.7432689413528e-13,-1.8851636744461e-14
4760,0,0,4760,3.2800354421764e-11,7.5372826995874e-06,7.7474584058798e-13,-1.8883950359268e-14
4761,0,0,4761,3.2819270759742e-11,7.5330000216129e-06,7.7516471338746e-13,-1.8916337978552e-14
4762,0,0,4762,3.2838219559578e-11,7.5287150298322e-06,7.7558351230081e-13,-1.8948799835802e-14
4763,0,0,4763,3.2857200895744e-11,7.5244277246549e-06,7.7600223709333e-13,-1.8981336165448e-14
4764,0,0,4764,3.2876214842946e-11,7.5201381064918e-06,7.7642088753044e-13,-1.9013947202822e-14
4765,0,0,4765,3.2895261476131e-11,7.5158461757549e-06,7.7683946337558e-13,-1.9046633184182e-14
4766,0,0,4766,3.2914340870477e-11,7.5115519328577e-06,7.7725796439188e-13,-1.9079394346727e-14
4767,0,0,4767,3.2933453101406e-11,7.5072553782149e-06,7.7767639034156e-13,-1.9112230928556e-14
4768,0,0,4768,3.2952598244575e-11,7.5029565122426e-06,7.780947409859e-13,-1.9145143168725e-14
4769,0,0,4769,3.2971776375882e-11,7.4986553353582e-06,7.7851301608467e-13,-1.9178131307213e-14
4770,0,0,4770,3.2990987571467e-11,7.4943518479803e-06,7.7893121539746e-13,-1.9211195584956e-14
4771,0,0,4771,3.3010231907711e-11,7.490046050529e-06,7.7934933868267e-13,-1.9244336243833e-14
4772,0,0,4772,3.3029509461237e-11,7.4857379434257e-06,7.7976738569728e-13,-1.9277553526654e-14
4773,0,0,4773,3.3048820308915e-11,7.4814275270931e-06,7.801853561983e-13,-1.9310847677223e-14
4774,0,0,4774,3.3068164527855e-11,7.4771148019553e-06,7.8060324994057e-13,-1.9344218940258e-14
4775,0,0,4775,3.3087542195416e-11,7.4727997684378e-06,7.8102106667896e-13,-1.9377667561482e-14
4776,0,0,4776,3.3106953389204e-11,7.4684824269672e-06,7.8143880616677e-13,-1.9411193787576e-14
4777,0,0,4777,3.312639818707e-11,7.4641627779719e-06,7.8185646815703e-13,-1.9444797866165e-14
4778,0,0,4778,3.3145876667116e-11,7.4598408218813e-06,7.822740524006e-13,-1.9478480045893e-14
4779,0,0,4779,3.3165388907692e-11,7.4555165591263e-06,7.826915586485e-13,-1.9512240576369e-14
4780,0,0,4780,3.31849349874e-11,7.4511899901393e-06,7.8310898665052e-13,-1.9546079708184e-14
4781,0,0,4781,3.3204514985093e-11,7.4468611153539e-06,7.8352633615478e-13,-1.9579997692929e-14
4782,0,0,4782,3.3224128979877e-11,7.4425299352052e-06,7.8394360690906e-13,-1.9613994783179e-14
4783,0,0,4783,3.3243777051109e-11,7.4381964501298e-06,7.843607986604e-13,-1.964807123253e-14
4784,0,0,4784,3.3263459278405e-11,7.4338606605654e-06,7.847779111537e-13,-1.9682227295559e-14
4785,0,0,4785,3.3283175741633e-11,7.4295225669514e-06,7.8519494413414e-13,-1.9716463227878e-14
4786,0,0,4786,3.3302926520919e-11,7.4251821697285e-06,7.8561189734492e-13,-1.9750779286087e-14
4787,0,0,4787,3.3322711696646e-11,7.4208394693388e-06,7.8602877052895e-13,-1.9785175727841e-14
4788,0,0,4788,3.3342531349458e-11,7.416494466226e-06,7.8644556342742e-13,-1.9819652811782e-14
4789,0,0,4789,3.3362385560256e-11,7.4121471608349e-06,7.8686227578124e-13,-1.9854210797593e-14
4790,0,0,4790,3.3382274410202e-11,7.4077975536121e-06,7.8727890732947e-13,-1.9888849946003e-14
4791,0,0,4791,3.3402197980721e-11,7.4034456450054e-06,7.8769545781086e-13,-1.9923570518771e-14
4792,0,0,4792,3.3422156353499e-11,7.3990914354642e-06,7.8811192696264e-13,-1.99583727787e-14
4793,0,0,4793,3.3442149610489e-11,7.3947349254392e-06,7.8852831452126e-13,-1.9993256989629e-14
4794,0,0,4794,3.3462177833905e-11,7.3903761153827e-06,7.889446202218e-13,-2.0028223416482e-14
4795,0,0,4795,3.3482241106231e-11,7.3860150057485e-06,7.8936084379902e-13,-2.0063272325197e-14
4796,0,0,4796,3.3502339510213e-11,7.3816515969916e-06,7.8977698498539e-13,-2.0098403982819e-14
4797,0,0,4797,3.3522473128871e-11,7.3772858895689e-06,7.9019304351354e-13,-2.013361865743e-14
4798,0,0,4798,3.3542642045489e-11,7.3729178839385e-06,7.906090191144e-13,-2.0168916618189e-14
4799,0,0,4799,3.3562846343624e-11,7.3685475805599e-06,7.9102491151784e-13,-2.0204298135343e-14
4800,0,0,4800,3.3583086107105e-11,7.3641749798944e-06,7.9144072045264e-13,-2.0239763480228e-14
4801,0,0,4801,3.360336142003e-11,7.3598000824047e-06,7.9185644564667e-13,-2.0275312925244e-14
4802,0,0,4802,3.3623672366774e-11,7.3554228885548e-06,7.9227208682688e-13,-2.0310946743904e-14
4803,0,0,4803,3.3644019031985e-11,7.3510433988105e-06,7.9268764371854e-13,-2.0346665210806e-14
4804,0,0,4804,3.3664401500586e-11,7.346661613639e-06,7.931031160463e-13,-2.038246860166e-14
4805,0,0,4805,3.368481985778e-11,7.3422775335089e-06,7.9351850353342e-13,-2.0418357193286e-14
4806,0,0,4806,3.3705274189043e-11,7.3378911588907e-06,7.9393380590226e-13,-2.0454331263606e-14
4807,0,0,4807,3.3725764580135e-11,7.333502490256e-06,7.9434902287393e-13,-2.0490391091661e-14
4808,0,0,4808,3.3746291117092e-11,7.3291115280783e-06,7.9476415416865e-13,-2.0526536957648e-14
4809,0,0,4809,3.3766853886235e-11,7.3247182728324e-06,7.9517919950493e-13,-2.0562769142834e-14
4810,0,0,4810,3.3787452974165e-11,7.3203227249948e-06,7.9559415860099e-13,-2.0599087929681e-14
4811,0,0,4811,3.3808088467767e-11,7.3159248850436e-06,7.9600903117287e-13,-2.0635493601744e-14
4812,0,0,4812,3.382876045421e-11,7.3115247534583e-06,7.9642381693682e-13,-2.0671986443748e-14
4813,0,0,4813,3.3849469020952e-11,7.3071223307202e-06,7.9683851560658e-13,-2.0708566741574e-14
4814,0,0,4814,3.3870214255734e-11,7.3027176173119e-06,7.9725312689546e-13,-2.0745234782228e-14
4815,0,0,4815,3.3890996246588e-11,7.2983106137179e-06,7.9766765051555e-13,-2.0781990853899e-14
4816,0,0,4816,3.3911815081834e-11,7.2939013204241e-06,7.9808208617784e-13,-2.0818835245957e-14
4817,0,0,4817,3.3932670850083e-11,7.2894897379181e-06,7.984964335915e-13,-2.0855768248905e-14
4818,0,0,4818,3.3953563640237e-11,7.285075866689e-06,7.9891069246555e-13,-2.0892790154459e-14
4819,0,0,4819,3.3974493541493e-11,7.2806597072276e-06,7.9932486250715e-13,-2.0929901255499e-14
4820,0,0,4820,3.3995460643339e-11,7.2762412600264e-06,7.9973894342226e-13,-2.0967101846089e-14
4821,0,0,4821,3.4016465035561e-11,7.2718205255793e-06,8.001529349162e-13,-2.1004392221505e-14
4822,0,0,4822,3.4037506808239e-11,7.2673975043821e-06,8.0056683669216e-13,-2.1041772678215e-14
4823,0,0,4823,3.4058586051753e-11,7.2629721969321e-06,8.0098064845301e-13,-2.1079243513888e-14
4824,0,0,4824,3.407970285678e-11,7.2585446037283e-06,8.0139436990012e-13,-2.1116805027399e-14
4825,0,0,4825,3.4100857314299e-11,7.2541147252712e-06,8.0180800073344e-13,-2.1154457518861e-14
4826,0,0,4826,3.4122049515589e-11,7.2496825620631e-06,8.0222154065202e-13,-2.1192201289581e-14
4827,0,0,4827,3.4143279552231e-11,7.2452481146082e-06,8.0263498935306e-13,-2.1230036642107e-14
4828,0,0,4828,3.4164547516111e-11,7.2408113834118e-06,8.0304834653362e-13,-2.126796388024e-14
4829,0,0,4829,3.418585349942e-11,7.2363723689815e-06,8.0346161188846e-13,-2.130598330897e-14
4830,0,0,4830,3.4207197594654e-11,7.2319310718262e-06,8.0387478511156e-13,-2.13440952346e-14
4831,0,0,4831,3.4228579894619e-11,7.2274874924566e-06,8.0428786589583e-13,-2.1382299964609e-14
4832,0,0,4832,3.4250000492427e-11,7.2230416313852e-06,8.047008539322e-13,-2.1420597807806e-14
4833,0,0,4833,3.4271459481501e-11,7.218593489126e-06,8.0511374891159e-13,-2.1458989074197e-14
4834,0,0,4834,3.4292956955576e-11,7.2141430661949e-06,8.05526550522e-13,-2.1497474075112e-14
4835,0,0,4835,3.4314493008699e-11,7.2096903631095e-06,8.0593925845191e-13,-2.1536053123114e-14
4836,0,0,4836,3.4336067735231e-11,7.2052353803892e-06,8.0635187238717e-13,-2.1574726532068e-14
4837,0,0,4837,3.4357681229848e-11,7.2007781185549e-06,8.0676439201273e-13,-2.1613494617123e-14
4838,0,0,4838,3.4379333587543e-11,7.1963185781294e-06,8.0717681701276e-13,-2.1652357694715e-14
4839,0,0,4839,3.4401024903626e-11,7.1918567596373e-06,8.0758914706929e-13,-2.1691316082583e-14
4840,0,0,4840,3.4422755273726e-11,7.1873926636049e-06,8.0800138186405e-13,-2.1730370099755e-14
4841,0,0,4841,3.4444524793792e-11,7.1829262905603e-06,8.0841352107615e-13,-2.1769520066608e-14
4842,0,0,4842,3.4466333560097e-11,7.1784576410333e-06,8.0882556438485e-13,-2.1808766304792e-14
4843,0,0,4843,3.4488181669234e-11,7.1739867155556e-06,8.0923751146683e-13,-2.1848109137303e-14
4844,0,0,4844,3.4510069218123e-11,7.1695135146605e-06,8.0964936199812e-13,-2.1887548888466e-14
4845,0,0,4845,3.4531996304007e-11,7.1650380388834e-06,8.1006111565341e-13,-2.1927085883931e-14
4846,0,0,4846,3.4553963024457e-11,7.1605602887613e-06,8.1047277210568e-13,-2.1966720450695e-14
4847,0,0,4847,3.4575969477374e-11,7.156080264833e-06,8.1088433102713e-13,-2.2006452917108e-14
4848,0,0,4848,3.4598015760987e-11,7.1515979676391e-06,8.112957920877e-13,-2.204628361286e-14
4849,0,0,4849,3.4620101973856e-11,7.1471133977222e-06,8.1170715495713e-13,-2.208621286903e-14
4850,0,0,4850,3.4642228214874e-11,7.1426265556266e-06,8.1211841930276e-13,-2.2126241018029e-14
4851,0,0,4851,3.4664394583268e-11,7.1381374418985e-06,8.1252958479126e-13,-2.2166368393642e-14
4852,0,0,4852,3.4686601178599e-11,7.1336460570859e-06,8.129406510875e-13,-2.2206595331087e-14
4853,0,0,4853,3.4708848100766e-11,7.1291524017386e-06,8.1335161785511e-13,-2.2246922166888e-14
4854,0,0,4854,3.4731135450005e-11,7.1246564764085e-06,8.137624847565e-13,-2.2287349239027e-14
4855,0,0,4855,3.4753463326892e-11,7.1201582816491e-06,8.1417325145223e-13,-2.2327876886848e-14
4856,0,0,4856,3.4775831832343e-11,7.1156578180159e-06,8.1458391760209e-13,-2.2368505451118e-14
4857,0,0,4857,3.4798241067617e-11,7.1111550860664e-06,8.1499448286375e-13,-2.2409235274011e-14
4858,0,0,4858,3.4820691134316e-11,7.1066500863598e-06,8.1540494689424e-13,-2.245006669911e-14
4859,0,0,4859,3.4843182134388e-11,7.1021428194573e-06,8.1581530934814e-13,-2.2491000071442e-14
4860,0,0,4860,3.4865714170125e-11,7.0976332859221e-06,8.162255698799e-13,-2.2532035737451e-14
4861,0,0,4861,3.488828734417e-11,7.0931214863191e-06,8.1663572814132e-13,-2.257317404502e-14
4862,0,0,4862,3.4910901759513e-11,7.0886074212153e-06,8.1704578378333e-13,-2.261441534349e-14
4863,0,0,4863,3.4933557519497e-11,7.0840910911796e-06,8.174557364556e-13,-2.2655759983631e-14
4864,0,0,4864,3.4956254727815e-11,7.0795724967829e-06,8.1786558580597e-13,-2.2697208317698e-14
4865,0,0,4865,3.4978993488514e-11,7.0750516385979e-06,8.182753314809e-13,-2.2738760699397e-14
4866,0,0,4866,3.5001773905998e-11,7.0705285171994e-06,8.1868497312532e-13,-2.2780417483903e-14
4867,0,0,4867,3.5024596085026e-11,7.0660031331642e-06,8.1909451038278e-13,-2.282217902788e-14
4868,0,0,4868,3.5047460130715e-11,7.0614754870708e-06,8.1950394289559e-13,-2.2864045689466e-14
4869,0,0,4869,3.5070366148544e-11,7.0569455795001e-06,8.1991327030425e-13,-2.2906017828309e-14
4870,0,0,4870,3.5093314244349e-11,7.0524134110346e-06,8.2032249224738e-13,-2.2948095805538e-14
4871,0,0,4871,3.5116304524333e-11,7.0478789822592e-06,8.2073160836301e-13,-2.2990279983794e-14
4872,0,0,4872,3.513933709506e-11,7.0433422937603e-06,8.211406182872e-13,-2.3032570727251e-14
4873,0,0,4873,3.5162412063462e-11,7.0388033461269e-06,8.2154952165411e-13,-2.3074968401566e-14
4874,0,0,4874,3.5185529536836e-11,7.0342621399495e-06,8.2195831809689e-13,-2.3117473373971e-14
4875,0,0,4875,3.5208689622849e-11,7.0297186758211e-06,8.2236700724727e-13,-2.3160086013186e-14
4876,0,0,4876,3.5231892429539e-11,7.0251729543364e-06,8.2277558873485e-13,-2.3202806689491e-14
4877,0,0,4877,3.5255138065313e-11,7.0206249760923e-06,8.23184062188e-13,-2.324563577475e-14
4878,0,0,4878,3.5278426638956e-11,7.0160747416877e-06,8.2359242723354e-13,-2.3288573642312e-14
4879,0,0,4879,3.5301758259623e-11,7.0115222517236e-06,8.2400068349711e-13,-2.3331620667154e-14
4880,0,0,4880,3.5325133036849e-11,7.0069675068031e-06,8.2440883060184e-13,-2.3374777225792e-14
4881,0,0,4881,3.5348551080545e-11,7.0024105075315e-06,8.2481686817013e-13,-2.3418043696332e-14
4882,0,0,4882,3.5372012501003e-11,6.9978512545159e-06,8.2522479582238e-13,-2.346142045845e-14
4883,0,0,4883,3.5395517408897e-11,6.9932897483657e-06,8.2563261317745e-13,-2.3504907893424e-14
4884,0,0,4884,3.5419065915281e-11,6.9887259896925e-06,8.2604031985314e-13,-2.3548506384148e-14
4885,0,0,4885,3.5442658131596e-11,6.9841599791098e-06,8.2644791546446e-13,-2.35922163151e-14
4886,0,0,4886,3.5466294169668e-11,6.9795917172334e-06,8.2685539962585e-13,-2.3636038072366e-14
4887,0,0,4887,3.5489974141712e-11,6.9750212046812e-06,8.2726277194988e-13,-2.3679972043695e-14
4888,0,0,4888,3.551369816033e-11,6.9704484420732e-06,8.2767003204728e-13,-2.3724018618415e-14
4889,0,0,4889,3.5537466338518e-11,6.9658734300316e-06,8.2807717952742e-13,-2.3768178187533e-14
4890,0,0,4890,3.5561278789662e-11,6.9612961691808e-06,8.2848421399736e-13,-2.381245114368e-14
4891,0,0,4891,3.5585135627543e-11,6.9567166601473e-06,8.2889113506369e-13,-2.3856837881137e-14
4892,0,0,4892,3.5609036966339e-11,6.9521349035599e-06,8.2929794233025e-13,-2.3901338795853e-14
4893,0,0,4893,3.5632982920624e-11,6.9475509000494e-06,8.2970463539966e-13,-2.3945954285437e-14
4894,0,0,4894,3.5656973605373e-11,6.942964650249e-06,8.3011121387299e-13,-2.399068474919e-14
4895,0,0,4895,3.5681009135961e-11,6.938376154794e-06,8.3051767734934e-13,-2.4035530588076e-14
4896,0,0,4896,3.5705089628166e-11,6.933785414322e-06,8.3092402542625e-13,-2.4080492204757e-14
4897,0,0,4897,3.572921519817e-11,6.9291924294729e-06,8.3133025769944e-13,-2.4125570003588e-14
4898,0,0,4898,3.575338596256e-11,6.9245972008885e-06,8.3173637376356e-13,-2.4170764390657e-14
4899,0,0,4899,3.5777602038334e-11,6.9199997292133e-06,8.3214237321047e-13,-2.4216075773719e-14
4900,0,0,4900,3.5801863542896e-11,6.9154000150938e-06,8.3254825563099e-13,-2.4261504562287e-14
4901,0,0,4901,3.5826170594064e-11,6.9107980591788e-06,8.3295402061409e-13,-2.4307051167592e-14
4902,0,0,4902,3.5850523310067e-11,6.9061938621195e-06,8.3335966774735e-13,-2.4352716002609e-14
4903,0,0,4903,3.5874921809549e-11,6.9015874245691e-06,8.3376519661576e-13,-2.4398499482049e-14
4904,0,0,4904,3.5899366211571e-11,6.8969787471834e-06,8.3417060680338e-13,-2.4444402022363e-14
4905,0,0,4905,3.5923856635613e-11,6.8923678306205e-06,8.3457589789197e-13,-2.4490424041808e-14
4906,0,0,4906,3.5948393201573e-11,6.8877546755406e-06,8.3498106946176e-13,-2.4536565960366e-14
4907,0,0,4907,3.5972976029773e-11,6.8831392826064e-06,8.3538612109145e-13,-2.4582828199814e-14
4908,0,0,4908,3.5997605240957e-11,6.8785216524829e-06,8.3579105235742e-13,-2.4629211183708e-14
4909,0,0,4909,3.6022280956294e-11,6.8739017858374e-06,8.3619586283456e-13,-2.467571533742e-14
4910,0,0,4910,3.6047003297382e-11,6.8692796833396e-06,8.3660055209571e-13,-2.4722341088083e-14
4911,0,0,4911,3.6071772386247e-11,6.8646553456616e-06,8.3700511971254e-13,-2.4769088864689e-14
4912,0,0,4912,3.6096588345345e-11,6.8600287734779e-06,8.3740956525423e-13,-2.4815959097998e-14
4913,0,0,4913,3.6121451297566e-11,6.8553999674653e-06,8.3781388828828e-13,-2.4862952220626e-14
4914,0,0,4914,3.6146361366233e-11,6.850768928303e-06,8.3821808838066e-13,-2.4910068667029e-14
4915,0,0,4915,3.6171318675106e-11,6.8461356566726e-06,8.3862216509505e-13,-2.4957308873489e-14
4916,0,0,4916,3.6196323348384e-11,6.8415001532583e-06,8.3902611799374e-13,-2.5004673278138e-14
4917,0,0,4917,3.6221375510705e-11,6.8368624187465e-06,8.3942994663671e-13,-2.5052162320972e-14
4918,0,0,4918,3.6246475287149e-11,6.8322224538261e-06,8.3983365058244e-13,-2.5099776443868e-14
4919,0,0,4919,3.627162280324e-11,6.8275802591886e-06,8.4023722938738e-13,-2.5147516090568e-14
4920,0,0,4920,3.6296818184946e-11,6.8229358355278e-06,8.40640682606e-13,-2.5195381706679e-14
4921,0,0,4921,3.6322061558686e-11,6.81828918354e-06,8.4104400979125e-13,-2.5243373739742e-14
4922,0,0,4922,3.6347353051325e-11,6.813640303924e-06,8.4144721049361e-13,-2.5291492639164e-14
4923,0,0,4923,3.6372692790181e-11,6.8089891973811e-06,8.4185028426204e-13,-2.5339738856286e-14
4924,0,0,4924,3.6398080903026e-11,6.8043358646152e-06,8.4225323064334e-13,-2.5388112844347e-14
4925,0,0,4925,3.6423517518084e-11,6.7996803063324e-06,8.4265604918309e-13,-2.5436615058527e-14
4926,0,0,4926,3.644900276404e-11,6.7950225232416e-06,8.4305873942365e-13,-2.5485245955942e-14
4927,0,0,4927,3.6474536770036e-11,6.7903625160543e-06,8.4346130090662e-13,-2.5534005995643e-14
4928,0,0,4928,3.6500119665675e-11,6.7857002854843e-06,8.4386373317099e-13,-2.5582895638637e-14
4929,0,0,4929,3.6525751581022e-11,6.7810358322481e-06,8.4426603575436e-13,-2.5631915347904e-14
4930,0,0,4930,3.6551432646611e-11,6.7763691570647e-06,8.4466820819127e-13,-2.5681065588385e-14
4931,0,0,4931,3.6577162993438e-11,6.7717002606558e-06,8.4507025001581e-13,-2.5730346826978e-14
4932,0,0,4932,3.660294275297e-11,6.7670291437455e-06,8.4547216075869e-13,-2.5779759532624e-14
4933,0,0,4933,3.6628772057147e-11,6.7623558070607e-06,8.4587393994939e-13,-2.5829304176201e-14
4934,0,0,4934,3.6654651038377e-11,6.7576802513308e-06,8.4627558711539e-13,-2.5878981230637e-14
4935,0,0,4935,3.6680579829548e-11,6.7530024772878e-06,8.4667710178174e-13,-2.5928791170843e-14
4936,0,0,4936,3.6706558564022e-11,6.7483224856664e-06,8.4707848347148e-13,-2.5978734473774e-14
4937,0,0,4937,3.673258737564e-11,6.7436402772039e-06,8.4747973170642e-13,-2.6028811618411e-14
4938,0,0,4938,3.6758666398726e-11,6.7389558526404e-06,8.4788084600532e-13,-2.6079023085762e-14
4939,0,0,4939,3.6784795768085e-11,6.7342692127184e-06,8.4828182588539e-13,-2.6129369358911e-14
4940,0,0,4940,3.6810975619008e-11,6.7295803581832e-06,8.486826708617e-13,-2.6179850922974e-14
4941,0,0,4941,3.6837206087273e-11,6.724889289783e-06,8.4908338044734e-13,-2.6230468265168e-14
4942,0,0,4942,3.6863487309148e-11,6.7201960082683e-06,8.4948395415307e-13,-2.6281221874737e-14
4943,0,0,4943,3.6889819421391e-11,6.7155005143927e-06,8.4988439148785e-13,-2.6332112243072e-14
4944,0,0,4944,3.6916202561255e-11,6.7108028089122e-06,8.5028469195846e-13,-2.6383139863599e-14
4945,0,0,4945,3.6942636866486e-11,6.7061028925859e-06,8.5068485506939e-13,-2.6434305231897e-14
4946,0,0,4946,3.6969122475332e-11,6.7014007661753e-06,8.5108488032329e-13,-2.6485608845623e-14
4947,0,0,4947,3.6995659526537e-11,6.6966964304448e-06,8.5148476722068e-13,-2.653705120459e-14
4948,0,0,4948,3.7022248159347e-11,6.6919898861616e-06,8.5188451525945e-13,-2.6588632810695e-14
4949,0,0,4949,3.7048888513515e-11,6.6872811340956e-06,8.5228412393628e-13,-2.6640354168027e-14
4950,0,0,4950,3.7075580729298e-11,6.6825701750197e-06,8.5268359274447e-13,-2.6692215782796e-14
4951,0,0,4951,3.7102324947462e-11,6.6778570097093e-06,8.5308292117654e-13,-2.6744218163368e-14
4952,0,0,4952,3.7129121309282e-11,6.6731416389429e-06,8.5348210872167e-13,-2.67963618203e-14
4953,0,0,4953,3.7155969956548e-11,6.6684240635016e-06,8.5388115486763e-13,-2.6848647266298e-14
4954,0,0,4954,3.7182871031564e-11,6.6637042841696e-06,8.5428005909945e-13,-2.6901075016286e-14
4955,0,0,4955,3.7209824677152e-11,6.6589823017337e-06,8.5467882090046e-13,-2.695364558735e-14
4956,0,0,4956,3.7236831036651e-11,6.6542581169837e-06,8.5507743975138e-13,-2.7006359498816e-14
4957,0,0,4957,3.7263890253923e-11,6.6495317307122e-06,8.5547591513112e-13,-2.7059217272198e-14
4958,0,0,4958,3.7291002473354e-11,6.6448031437149e-06,8.5587424651564e-13,-2.7112219431241e-14
4959,0,0,4959,3.7318167839856e-11,6.6400723567902e-06,8.562724333797e-13,-2.7165366501942e-14
4960,0,0,4960,3.7345386498868e-11,6.6353393707394e-06,8.5667047519513e-13,-2.7218659012521e-14
4961,0,0,4961,3.7372658596362e-11,6.6306041863668e-06,8.5706837143146e-13,-2.7272097493447e-14
4962,0,0,4962,3.7399984278839e-11,6.6258668044798e-06,8.5746612155625e-13,-2.7325682477468e-14
4963,0,0,4963,3.7427363693339e-11,6.6211272258884e-06,8.578637250349e-13,-2.7379414499602e-14
4964,0,0,4964,3.7454796987436e-11,6.6163854514059e-06,8.5826118132987e-13,-2.743329409713e-14
4965,0,0,4965,3.7482284309246e-11,6.6116414818484e-06,8.5865848990198e-13,-2.7487321809637e-14
4966,0,0,4966,3.7509825807425e-11,6.6068953180351e-06,8.5905565021003e-13,-2.7541498179018e-14
4967,0,0,4967,3.7537421631174e-11,6.6021469607881e-06,8.5945266170915e-13,-2.7595823749454e-14
4968,0,0,4968,3.7565071930242e-11,6.5973964109326e-06,8.5984952385369e-13,-2.7650299067467e-14
4969,0,0,4969,3.7592776854924e-11,6.5926436692967e-06,8.6024623609463e-13,-2.7704924681895e-14
4970,0,0,4970,3.7620536556068e-11,6.5878887367117e-06,8.6064279788145e-13,-2.7759701143908e-14
4971,0,0,4971,3.7648351185075e-11,6.5831316140119e-06,8.610392086602e-13,-2.7814629007057e-14
4972,0,0,4972,3.7676220893902e-11,6.5783723020347e-06,8.614354678756e-13,-2.7869708827206e-14
4973,0,0,4973,3.7704145835064e-11,6.5736108016205e-06,8.6183157496959e-13,-2.792494116262e-14
4974,0,0,4974,3.7732126161638e-11,6.5688471136129e-06,8.6222752938164e-13,-2.798032657392e-14
4975,0,0,4975,3.7760162027262e-11,6.5640812388585e-06,8.6262333054896e-13,-2.8035865624144e-14
4976,0,0,4976,3.7788253586141e-11,6.5593131782071e-06,8.6301897790628e-13,-2.809155887867e-14
4977,0,0,4977,3.7816400993046e-11,6.5545429325116e-06,8.6341447088602e-13,-2.8147406905358e-14
4978,0,0,4978,3.7844604403321e-11,6.549770502628e-06,8.6380980891818e-13,-2.8203410274413e-14
4979,0,0,4979,3.7872863972879e-11,6.5449958894157e-06,8.6420499143028e-13,-2.8259569558502e-14
4980,0,0,4980,3.7901179858212e-11,6.540219093737e-06,8.646000178474e-13,-2.8315885332743e-14
4981,0,0,4981,3.7929552216387e-11,6.5354401164575e-06,8.6499488759217e-13,-2.8372358174649e-14
4982,0,0,4982,3.7957981205051e-11,6.530658958446e-06,8.6538960008505e-13,-2.842898866423e-14
4983,0,0,4983,3.7986466982435e-11,6.5258756205744e-06,8.6578415474316e-13,-2.8485777383949e-14
4984,0,0,4984,3.8015009707354e-11,6.5210901037182e-06,8.6617855098268e-13,-2.8542724918739e-14
4985,0,0,4985,3.804360953921e-11,6.5163024087557e-06,8.6657278821534e-13,-2.8599831856016e-14
4986,0,0,4986,3.8072266637995e-11,6.5115125365686e-06,8.6696686585243e-13,-2.8657098785695e-14
4987,0,0,4987,3.8100981164296e-11,6.5067204880421e-06,8.6736078330108e-13,-2.8714526300198e-14
4988,0,0,4988,3.812975327929e-11,6.5019262640644e-06,8.677545399666e-13,-2.8772114994456e-14
4989,0,0,4989,3.8158583144756e-11,6.4971298655271e-06,8.6814813525212e-13,-2.8829865465919e-14
4990,0,0,4990,3.8187470923071e-11,6.4923312933251e-06,8.6854156855745e-13,-2.8887778314578e-14
4991,0,0,4991,3.8216416777214e-11,6.4875305483567e-06,8.6893483928066e-13,-2.8945854142969e-14
4992,0,0,4992,3.824542087077e-11,6.4827276315235e-06,8.6932794681633e-13,-2.9004093556156e-14
4993,0,0,4993,3.8274483367932e-11,6.4779225437303e-06,8.6972089055748e-13,-2.9062497161818e-14
4994,0,0,4994,3.8303604433502e-11,6.4731152858856e-06,8.7011366989379e-13,-2.9121065570144e-14
4995,0,0,4995,3.8332784232896e-11,6.468305858901e-06,8.7050628421291e-13,-2.9179799393958e-14
4996,0,0,4996,3.8362022932144e-11,6.4634942636916e-06,8.7089873289946e-13,-2.9238699248638e-14
4997,0,0,4997,3.8391320697896e-11,6.458680501176e-06,8.7129101533588e-13,-2.9297765752196e-14
4998,0,0,4998,3.8420677697422e-11,6.453864572276e-06,8.7168313090141e-13,-2.9356999525227e-14
4999,0,0,4999,3.8450094098613e-11,6.449046477917e-06,8.7207507897314e-13,-2.9416401190977e-14
5000,0,0,5000,3.8479570069988e-11,6.4442262190279e-06,8.7246685892555e-13,-2.9475971375286e-14
5001,0,0,5001,3.8509105780695e-11,6.439403796541e-06,8.7285847013038e-13,-2.9535710706682e-14
5002,0,0,5002,3.8538701400511e-11,6.4345792113921e-06,8.7324991195642e-13,-2.9595619816299e-14
5003,0,0,5003,3.8568357099849e-11,6.4297524645204e-06,8.7364118377019e-13,-2.9655699337968e-14
5004,0,0,5004,3.8598073049757e-11,6.4249235568688e-06,8.7403228493528e-13,-2.9715949908168e-14
5005,0,0,5005,3.8627849421923e-11,6.4200924893837e-06,8.74423214813e-13,-2.9776372166082e-14
5006,0,0,5006,3.8657686388677e-11,6.4152592630148e-06,8.7481397276158e-13,-2.9836966753538e-14
5007,0,0,5007,3.8687584122992e-11,6.4104238787157e-06,8.7520455813633e-13,-2.9897734315137e-14
5008,0,0,5008,3.871754279849e-11,6.4055863374434e-06,8.7559497029074e-13,-2.9958675498113e-14
5009,0,0,5009,3.8747562589442e-11,6.4007466401585e-06,8.759852085746e-13,-3.001979095247e-14
5010,0,0,5010,3.8777643670773e-11,6.3959047878251e-06,8.7637527233542e-13,-3.0081081330931e-14
5011,0,0,5011,3.8807786218062e-11,6.3910607814112e-06,8.7676516091824e-13,-3.0142547288953e-14
5012,0,0,5012,3.8837990407547e-11,6.3862146218882e-06,8.7715487366489e-13,-3.0204189484745e-14
5013,0,0,5013,3.8868256416126e-11,6.3813663102312e-06,8.7754440991428e-13,-3.0266008579263e-14
5014,0,0,5014,3.8898584421363e-11,6.376515847419e-06,8.7793376900349e-13,-3.0328005236267e-14
5015,0,0,5015,3.8928974601485e-11,6.3716632344341e-06,8.7832295026576e-13,-3.039018012226e-14
5016,0,0,5016,3.8959427135391e-11,6.3668084722627e-06,8.7871195303188e-13,-3.0452533906532e-14
5017,0,0,5017,3.8989942202653e-11,6.3619515618946e-06,8.7910077663049e-13,-3.0515067261202e-14
5018,0,0,5018,3.9020519983514e-11,6.3570925043234e-06,8.794894203864e-13,-3.0577780861182e-14
5019,0,0,5019,3.9051160658898e-11,6.3522313005465e-06,8.7987788362228e-13,-3.0640675384188e-14
5020,0,0,5020,3.9081864410409e-11,6.3473679515649e-06,8.8026616565787e-13,-3.0703751510767e-14
5021,0,0,5021,3.9112631420333e-11,6.3425024583837e-06,8.8065426580955e-13,-3.0767009924328e-14
5022,0,0,5022,3.9143461871644e-11,6.3376348220113e-06,8.8104218339187e-13,-3.0830451311093e-14
5023,0,0,5023,3.9174355948004e-11,6.3327650434604e-06,8.8142991771552e-13,-3.0894076360155e-14
5024,0,0,5024,3.9205313833768e-11,6.3278931237472e-06,8.8181746808891e-13,-3.0957885763471e-14
5025,0,0,5025,3.9236335713984e-11,6.3230190638919e-06,8.8220483381738e-13,-3.1021880215873e-14
5026,0,0,5026,3.9267421774399e-11,6.3181428649184e-06,8.8259201420336e-13,-3.108606041508e-14
5027,0,0,5027,3.929857220146e-11,6.3132645278546e-06,8.829790085465e-13,-3.1150427061683e-14
5028,0,0,5028,3.932978718232e-11,6.3083840537322e-06,8.8336581614358e-13,-3.1214980859224e-14
5029,0,0,5029,3.9361066904834e-11,6.303501443587e-06,8.8375243628826e-13,-3.127972251409e-14
5030,0,0,5030,3.9392411557569e-11,6.2986166984584e-06,8.8413886827133e-13,-3.1344652735652e-14
5031,0,0,5031,3.9423821329806e-11,6.29372981939e-06,8.8452511138081e-13,-3.1409772236185e-14
5032,0,0,5032,3.9455296411536e-11,6.2888408074292e-06,8.8491116490178e-13,-3.1475081730896e-14
5033,0,0,5033,3.9486836993474e-11,6.2839496636275e-06,8.8529702811614e-13,-3.1540581937952e-14
5034,0,0,5034,3.9518443267053e-11,6.2790563890402e-06,8.8568270030286e-13,-3.160627357848e-14
5035,0,0,5035,3.9550115424429e-11,6.2741609847267e-06,8.8606818073814e-13,-3.1672157376573e-14
5036,0,0,5036,3.9581853658489e-11,6.2692634517505e-06,8.8645346869543e-13,-3.1738234059298e-14
5037,0,0,5037,3.9613658162845e-11,6.264363791179e-06,8.8683856344435e-13,-3.1804504356712e-14
5038,0,0,5038,3.9645529131847e-11,6.2594620040837e-06,8.8722346425238e-13,-3.1870969001872e-14
5039,0,0,5039,3.9677466760578e-11,6.2545580915401e-06,8.876081703836e-13,-3.1937628730819e-14
5040,0,0,5040,3.9709471244861e-11,6.249652054628e-06,8.8799268109906e-13,-3.2004484282627e-14
5041,0,0,5041,3.974154278126e-11,6.244743894431e-06,8.8837699565686e-13,-3.2071536399381e-14
5042,0,0,5042,3.9773681567086e-11,6.239833612037e-06,8.8876111331237e-13,-3.2138785826214e-14
5043,0,0,5043,3.9805887800398e-11,6.234921208538e-06,8.8914503331727e-13,-3.2206233311273e-14
5044,0,0,5044,3.9838161680003e-11,6.2300066850301e-06,8.8952875492063e-13,-3.2273879605761e-14
5045,0,0,5045,3.9870503405467e-11,6.2250900426137e-06,8.8991227736861e-13,-3.2341725463964e-14
5046,0,0,5046,3.9902913177111e-11,6.2201712823933e-06,8.9029559990384e-13,-3.2409771643189e-14
5047,0,0,5047,3.9935391196014e-11,6.2152504054774e-06,8.9067872176621e-13,-3.247801890385e-14
5048,0,0,5048,3.9967937664024e-11,6.2103274129791e-06,8.9106164219235e-13,-3.2546468009435e-14
5049,0,0,5049,4.000055278375e-11,6.2054023060155e-06,8.9144436041603e-13,-3.2615119726525e-14
5050,0,0,5050,4.0033236758575e-11,6.2004750857079e-06,8.9182687566759e-13,-3.2683974824781e-14
5051,0,0,5051,4.0065989792652e-11,6.1955457531821e-06,8.9220918717466e-13,-3.2753034077003e-14
5052,0,0,5052,4.0098812090911e-11,6.190614309568e-06,8.9259129416132e-13,-3.2822298259091e-14
5053,0,0,5053,4.0131703859061e-11,6.1856807559997e-06,8.9297319584889e-13,-3.2891768150064e-14
5054,0,0,5054,4.0164665303593e-11,6.180745093616e-06,8.9335489145547e-13,-3.2961444532085e-14
5055,0,0,5055,4.0197696631784e-11,6.1758073235597e-06,8.937363801958e-13,-3.3031328190432e-14
5056,0,0,5056,4.0230798051697e-11,6.170867446978e-06,8.9411766128169e-13,-3.3101419913584e-14
5057,0,0,5057,4.0263969772191e-11,6.1659254650226e-06,8.9449873392174e-13,-3.3171720493119e-14
5058,0,0,5058,4.0297212002914e-11,6.1609813788496e-06,8.9487959732149e-13,-3.3242230723804e-14
5059,0,0,5059,4.0330524954318e-11,6.1560351896193e-06,8.9526025068294e-13,-3.3312951403577e-14
5060,0,0,5060,4.0363908837651e-11,6.1510868984966e-06,8.9564069320548e-13,-3.3383883333568e-14
5061,0,0,5061,4.039736386497e-11,6.1461365066509e-06,8.960209240847e-13,-3.3455027318063e-14
5062,0,0,5062,4.0430890249134e-11,6.1411840152557e-06,8.9640094251369e-13,-3.3526384164563e-14
5063,0,0,5063,4.0464488203818e-11,6.1362294254896e-06,8.9678074768159e-13,-3.3597954683771e-14
5064,0,0,5064,4.0498157943507e-11,6.131272738535e-06,8.9716033877492e-13,-3.3669739689594e-14
5065,0,0,5065,4.0531899683507e-11,6.1263139555793e-06,8.9753971497653e-13,-3.3741739999156e-14
5066,0,0,5066,4.0565713639939e-11,6.1213530778143e-06,8.9791887546648e-13,-3.3813956432795e-14
5067,0,0,5067,4.0599600029753e-11,6.1163901064363e-06,8.9829781942135e-13,-3.3886389814091e-14
5068,0,0,5068,4.0633559070723e-11,6.1114250426462e-06,8.9867654601462e-13,-3.3959040969871e-14
5069,0,0,5069,4.0667590981454e-11,6.1064578876494e-06,8.9905505441609e-13,-3.4031910730184e-14
5070,0,0,5070,4.0701695981382e-11,6.1014886426561e-06,8.9943334379298e-13,-3.4104999928323e-14
5071,0,0,5071,4.0735874290783e-11,6.0965173088809e-06,8.9981141330881e-13,-3.4178309400879e-14
5072,0,0,5072,4.077012613077e-11,6.0915438875432e-06,9.0018926212404e-13,-3.4251839987666e-14
5073,0,0,5073,4.0804451723302e-11,6.0865683798669e-06,9.0056688939559e-13,-3.4325592531775e-14
5074,0,0,5074,4.0838851291182e-11,6.0815907870809e-06,9.0094429427749e-13,-3.43995678796e-14
5075,0,0,5075,4.0873325058063e-11,6.0766111104183e-06,9.0132147591993e-13,-3.4473766880777e-14
5076,0,0,5076,4.0907873248451e-11,6.0716293511174e-06,9.0169843347079e-13,-3.4548190388265e-14
5077,0,0,5077,4.0942496087709e-11,6.0666455104209e-06,9.020751660735e-13,-3.4622839258294e-14
5078,0,0,5078,4.097719380206e-11,6.0616595895763e-06,9.0245167286876e-13,-3.4697714350407e-14
5079,0,0,5079,4.1011966618587e-11,6.056671589836e-06,9.0282795299418e-13,-3.4772816527438e-14
5080,0,0,5080,4.1046814765243e-11,6.0516815124571e-06,9.0320400558368e-13,-3.4848146655555e-14
5081,0,0,5081,4.1081738470847e-11,6.0466893587014e-06,9.0357982976784e-13,-3.4923705604221e-14
5082,0,0,5082,4.1116737965093e-11,6.0416951298358e-06,9.0395542467446e-13,-3.4999494246222e-14
5083,0,0,5083,4.1151813478551e-11,6.0366988271318e-06,9.043307894272e-13,-3.5075513457677e-14
5084,0,0,5084,4.1186965242669e-11,6.0317004518658e-06,9.0470592314696e-13,-3.5151764118043e-14
5085,0,0,5085,4.1222193489779e-11,6.0267000053191e-06,9.0508082495127e-13,-3.5228247110106e-14
5086,0,0,5086,4.1257498453099e-11,6.0216974887779e-06,9.0545549395414e-13,-3.5304963319973e-14
5087,0,0,5087,4.1292880366736e-11,6.0166929035334e-06,9.0582992926635e-13,-3.5381913637139e-14
5088,0,0,5088,4.132833946569e-11,6.0116862508815e-06,9.0620412999501e-13,-3.5459098954405e-14
5089,0,0,5089,4.1363875985858e-11,6.0066775321232e-06,9.0657809524431e-13,-3.5536520167955e-14
5090,0,0,5090,4.1399490164036e-11,6.0016667485646e-06,9.0695182411523e-13,-3.5614178177317e-14
5091,0,0,5091,4.1435182237921e-11,5.9966539015165e-06,9.0732531570443e-13,-3.5692073885383e-14
5092,0,0,5092,4.1470952446119e-11,5.9916389922949e-06,9.0769856910662e-13,-3.5770208198402e-14
5093,0,0,5093,4.1506801028145e-11,5.9866220222208e-06,9.0807158341172e-13,-3.5848582026026e-14
5094,0,0,5094,4.1542728224427e-11,5.9816029926202e-06,9.0844435770722e-13,-3.5927196281224e-14
5095,0,0,5095,4.1578734276307e-11,5.9765819048242e-06,9.0881689107691e-13,-3.6006051880382e-14
5096,0,0,5096,4.161481942605e-11,5.9715587601689e-06,9.0918918260123e-13,-3.6085149743249e-14
5097,0,0,5097,4.1650983916843e-11,5.9665335599957e-06,9.0956123135739e-13,-3.6164490792956e-14
5098,0,0,5098,4.1687227992799e-11,5.9615063056508e-06,9.0993303641891e-13,-3.6244075956025e-14
5099,0,0,5099,4.1723551898962e-11,5.9564769984859e-06,9.1030459685595e-13,-3.6323906162335e-14
5100,0,0,5100,4.1759955881307e-11,5.9514456398575e-06,9.1067591173576e-13,-3.6403982345193e-14
5101,0,0,5101,4.1796440186748e-11,5.9464122311276e-06,9.1104698012159e-13,-3.6484305441282e-14
5102,0,0,5102,4.1833005063139e-11,5.9413767736631e-06,9.1141780107394e-13,-3.6564876390642e-14
5103,0,0,5103,4.1869650759275e-11,5.9363392688363e-06,9.1178837364887e-13,-3.6645696136763e-14
5104,0,0,5104,4.1906377524902e-11,5.9312997180247e-06,9.1215869690058e-13,-3.6726765626488e-14
5105,0,0,5105,4.1943185610712e-11,5.926258122611e-06,9.1252876987824e-13,-3.6808085810075e-14
5106,0,0,5106,4.1980075268353e-11,5.9212144839832e-06,9.1289859162899e-13,-3.6889657641165e-14
5107,0,0,5107,4.201704675043e-11,5.9161688035346e-06,9.1326816119555e-13,-3.6971482076819e-14
5108,0,0,5108,4.2054100310507e-11,5.9111210826638e-06,9.1363747761789e-13,-3.7053560077465e-14
5109,0,0,5109,4.2091236203114e-11,5.9060713227747e-06,9.1400653993241e-13,-3.7135892606949e-14
5110,0,0,5110,4.2128454683747e-11,5.9010195252765e-06,9.1437534717204e-13,-3.721848063251e-14
5111,0,0,5111,4.2165756008872e-11,5.8959656915838e-06,9.1474389836614e-13,-3.7301325124794e-14
5112,0,0,5112,4.220314043593e-11,5.8909098231168e-06,9.1511219254132e-13,-3.7384427057817e-14
5113,0,0,5113,4.2240608223339e-11,5.8858519213006e-06,9.1548022871977e-13,-3.7467787409031e-14
5114,0,0,5114,4.2278159630498e-11,5.8807919875663e-06,9.1584800592119e-13,-3.7551407159251e-14
5115,0,0,5115,4.2315794917791e-11,5.8757300233499e-06,9.1621552316177e-13,-3.7635287292692e-14
5116,0,0,5116,4.2353514346587e-11,5.8706660300932e-06,9.1658277945358e-13,-3.7719428796984e-14
5117,0,0,5117,4.2391318179251e-11,5.8656000092435e-06,9.169497738062e-13,-3.7803832663113e-14
5118,0,0,5118,4.2429206679136e-11,5.8605319622533e-06,9.173165052254e-13,-3.7888499885487e-14
5119,0,0,5119,4.2467180110598e-11,5.8554618905808e-06,9.1768297271358e-13,-3.797343146188e-14
5120,0,0,5120,4.2505238738991e-11,5.8503897956898e-06,9.1804917526944e-13,-3.8058628393451e-14
5121,0,0,5121,4.2543382830676e-11,5.8453156790496e-06,9.1841511188925e-13,-3.8144091684753e-14
5122,0,0,5122,4.258161265302e-11,5.8402395421349e-06,9.1878078156466e-13,-3.8229822343706e-14
5123,0,0,5123,4.2619928474401e-11,5.8351613864261e-06,9.191461832852e-13,-3.8315821381608e-14
5124,0,0,5124,4.2658330564215e-11,5.8300812134093e-06,9.1951131603578e-13,-3.8402089813141e-14
5125,0,0,5125,4.2696819192871e-11,5.8249990245762e-06,9.1987617879885e-13,-3.8488628656316e-14
5126,0,0,5126,4.2735394631803e-11,5.8199148214239e-06,9.2024077055336e-13,-3.8575438932541e-14
5127,0,0,5127,4.277405715347e-11,5.8148286054556e-06,9.2060509027471e-13,-3.8662521666588e-14
5128,0,0,5128,4.2812807031357e-11,5.8097403781797e-06,9.2096913693463e-13,-3.8749877886534e-14
5129,0,0,5129,4.285164453998e-11,5.8046501411106e-06,9.2133290950225e-13,-3.8837508623873e-14
5130,0,0,5130,4.2890569954894e-11,5.7995578957684e-06,9.2169640694271e-13,-3.8925414913363e-14
5131,0,0,5131,4.2929583552687e-11,5.7944636436788e-06,9.2205962821853e-13,-3.9013597793166e-14
5132,0,0,5132,4.2968685610992e-11,5.7893673863733e-06,9.224225722878e-13,-3.9102058304729e-14
5133,0,0,5133,4.3007876408485e-11,5.7842691253893e-06,9.2278523810647e-13,-3.9190797492847e-14
5134,0,0,5134,4.304715622489e-11,5.7791688622698e-06,9.2314762462632e-13,-3.927981640562e-14
5135,0,0,5135,4.3086525340985e-11,5.7740665985638e-06,9.235097307964e-13,-3.9369116094442e-14
5136,0,0,5136,4.3125984038599e-11,5.7689623358259e-06,9.2387155556176e-13,-3.9458697614044e-14
5137,0,0,5137,4.3165532600621e-11,5.7638560756167e-06,9.2423309786531e-13,-3.9548562022411e-14
5138,0,0,5138,4.3205171311002e-11,5.7587478195026e-06,9.2459435664521e-13,-3.9638710380841e-14
5139,0,0,5139,4.3244900454756e-11,5.753637569056e-06,9.2495533083746e-13,-3.9729143753883e-14
5140,0,0,5140,4.3284720317965e-11,5.748525325855e-06,9.2531601937469e-13,-3.9819863209375e-14
5141,0,0,5141,4.3324631187784e-11,5.7434110914838e-06,9.2567642118541e-13,-3.9910869818394e-14
5142,0,0,5142,4.3364633352439e-11,5.7382948675325e-06,9.2603653519611e-13,-4.0002164655266e-14
5143,0,0,5143,4.3404727101236e-11,5.733176655597e-06,9.2639636032885e-13,-4.0093748797549e-14
5144,0,0,5144,4.3444912724562e-11,5.7280564572793e-06,9.2675589550339e-13,-4.0185623326052e-14
5145,0,0,5145,4.3485190513887e-11,5.7229342741874e-06,9.2711513963612e-13,-4.0277789324755e-14
5146,0,0,5146,4.3525560761768e-11,5.7178101079352e-06,9.2747409163957e-13,-4.0370247880866e-14
5147,0,0,5147,4.3566023761853e-11,5.7126839601428e-06,9.2783275042371e-13,-4.0463000084789e-14
5148,0,0,5148,4.3606579808883e-11,5.7075558324362e-06,9.2819111489525e-13,-4.0556047030076e-14
5149,0,0,5149,4.3647229198696e-11,5.7024257264475e-06,9.2854918395785e-13,-4.0649389813465e-14
5150,0,0,5150,4.3687972228231e-11,5.6972936438148e-06,9.2890695651135e-13,-4.0743029534855e-14
5151,0,0,5151,4.3728809195528e-11,5.6921595861825e-06,9.2926443145325e-13,-4.0836967297233e-14
5152,0,0,5152,4.3769740399735e-11,5.6870235552008e-06,9.2962160767758e-13,-4.0931204206771e-14
5153,0,0,5153,4.3810766141108e-11,5.6818855525264e-06,9.2997848407525e-13,-4.1025741372706e-14
5154,0,0,5154,4.3851886721015e-11,5.6767455798218e-06,9.3033505953414e-13,-4.1120579907358e-14
5155,0,0,5155,4.3893102441942e-11,5.6716036387558e-06,9.3069133293905e-13,-4.1215720926178e-14
5156,0,0,5156,4.3934413607489e-11,5.6664597310035e-06,9.3104730317156e-13,-4.1311165547599e-14
5157,0,0,5157,4.3975820522382e-11,5.661313858246e-06,9.3140296911064e-13,-4.1406914893175e-14
5158,0,0,5158,4.401732349247e-11,5.6561660221707e-06,9.317583296316e-13,-4.1502970087426e-14
5159,0,0,5159,4.4058922824728e-11,5.6510162244712e-06,9.3211338360743e-13,-4.1599332257908e-14
5160,0,0,5160,4.4100618827263e-11,5.6458644668474e-06,9.324681299076e-13,-4.1696002535144e-14
5161,0,0,5161,4.4142411809315e-11,5.6407107510054e-06,9.3282256739866e-13,-4.1792982052664e-14
5162,0,0,5162,4.4184302081262e-11,5.6355550786576e-06,9.3317669494488e-13,-4.1890271946903e-14
5163,0,0,5163,4.422628995462e-11,5.6303974515228e-06,9.3353051140637e-13,-4.1987873357263e-14
5164,0,0,5164,4.4268375742046e-11,5.6252378713259e-06,9.3388401564172e-13,-4.2085787426037e-14
5165,0,0,5165,4.4310559757344e-11,5.6200763397982e-06,9.3423720650521e-13,-4.2184015298403e-14
5166,0,0,5166,4.4352842315466e-11,5.6149128586775e-06,9.3459008284977e-13,-4.2282558122424e-14
5167,0,0,5167,4.4395223732515e-11,5.6097474297078e-06,9.3494264352416e-13,-4.2381417048993e-14
5168,0,0,5168,4.4437704325747e-11,5.6045800546394e-06,9.3529488737502e-13,-4.2480593231812e-14
5169,0,0,5169,4.4480284413575e-11,5.5994107352292e-06,9.356468132462e-13,-4.2580087827424e-14
5170,0,0,5170,4.452296431557e-11,5.5942394732404e-06,9.3599841997821e-13,-4.2679901995101e-14
5171,0,0,5171,4.4565744352467e-11,5.5890662704425e-06,9.3634970640953e-13,-4.2780036896885e-14
5172,0,0,5172,4.4608624846164e-11,5.5838911286117e-06,9.3670067137547e-13,-4.2880493697529e-14
5173,0,0,5173,4.4651606119729e-11,5.5787140495304e-06,9.3705131370899e-13,-4.2981273564516e-14
5174,0,0,5174,4.4694688497397e-11,5.5735350349877e-06,9.3740163224001e-13,-4.3082377667962e-14
5175,0,0,5175,4.4737872304577e-11,5.5683540867789e-06,9.3775162579569e-13,-4.3183807180635e-14
5176,0,0,5176,4.4781157867855e-11,5.5631712067059e-06,9.3810129320119e-13,-4.3285563277934e-14
5177,0,0,5177,4.4824545514993e-11,5.5579863965773e-06,9.3845063327876e-13,-4.3387647137848e-14
5178,0,0,5178,4.4868035574934e-11,5.552799658208e-06,9.3879964484774e-13,-4.3490059940899e-14
5179,0,0,5179,4.4911628377804e-11,5.5476109934195e-06,9.3914832672546e-13,-4.3592802870149e-14
5180,0,0,5180,4.4955324254915e-11,5.5424204040398e-06,9.3949667772668e-13,-4.3695877111174e-14
5181,0,0,5181,4.4999123538767e-11,5.5372278919035e-06,9.3984469666336e-13,-4.3799283851993e-14
5182,0,0,5182,4.504302656305e-11,5.5320334588519e-06,9.401923823455e-13,-4.3903024283068e-14
5183,0,0,5183,4.5087033662648e-11,5.5268371067326e-06,9.4053973357985e-13,-4.4007099597263e-14
5184,0,0,5184,4.5131145173637e-11,5.5216388374002e-06,9.4088674917226e-13,-4.4111510989804e-14
5185,0,0,5185,4.5175361433296e-11,5.5164386527155e-06,9.4123342792444e-13,-4.4216259658261e-14
5186,0,0,5186,4.5219682780098e-11,5.5112365545463e-06,9.4157976863763e-13,-4.432134680249e-14
5187,0,0,5187,4.5264109553723e-11,5.5060325447666e-06,9.419257701091e-13,-4.4426773624626e-14
5188,0,0,5188,4.5308642095052e-11,5.5008266252576e-06,9.4227143113533e-13,-4.4532541329003e-14
5189,0,0,5189,4.5353280746174e-11,5.4956187979067e-06,9.4261675050945e-13,-4.4638651122162e-14
5190,0,0,5190,4.5398025850387e-11,5.4904090646083e-06,9.4296172702335e-13,-4.4745104212802e-14
5191,0,0,5191,4.5442877752199e-11,5.4851974272631e-06,9.4330635946647e-13,-4.4851901811713e-14
5192,0,0,5192,4.548783679733e-11,5.479983887779e-06,9.436506466258e-13,-4.495904513177e-14
5193,0,0,5193,4.5532903332718e-11,5.4747684480703e-06,9.439945872868e-13,-4.506653538786e-14
5194,0,0,5194,4.5578077706515e-11,5.4695511100579e-06,9.4433818023292e-13,-4.5174373796891e-14
5195,0,0,5195,4.5623360268093e-11,5.4643318756698e-06,9.4468142424533e-13,-4.5282561577693e-14
5196,0,0,5196,4.5668751368044e-11,5.4591107468405e-06,9.4502431810365e-13,-4.5391099950997e-14
5197,0,0,5197,4.5714251358183e-11,5.4538877255113e-06,9.4536686058523e-13,-4.5499990139422e-14
5198,0,0,5198,4.575986059155e-11,5.4486628136303e-06,9.4570905046614e-13,-4.5609233367349e-14
5199,0,0,5199,4.5805579422411e-11,5.4434360131523e-06,9.4605088652037e-13,-4.5718830860997e-14
5200,0,0,5200,4.585140820626e-11,5.4382073260389e-06,9.4639236752001e-13,-4.5828783848237e-14
5201,0,0,5201,4.5897347299818e-11,5.4329767542586e-06,9.4673349223581e-13,-4.5939093558674e-14
5202,0,0,5202,4.5943397061042e-11,5.4277442997866e-06,9.4707425943667e-13,-4.6049761223482e-14
5203,0,0,5203,4.5989557849117e-11,5.4225099646049e-06,9.474146678904e-13,-4.6160788075464e-14
5204,0,0,5204,4.6035830024466e-11,5.4172737507023e-06,9.4775471636223e-13,-4.6272175348909e-14
5205,0,0,5205,4.6082213948746e-11,5.4120356600746e-06,9.4809440361722e-13,-4.6383924279585e-14
5206,0,0,5206,4.6128709984851e-11,5.4067956947242e-06,9.4843372841798e-13,-4.6496036104711e-14
5207,0,0,5207,4.6175318496913e-11,5.4015538566605e-06,9.4877268952636e-13,-4.6608512062833e-14
5208,0,0,5208,4.6222039850307e-11,5.3963101478997e-06,9.4911128570251e-13,-4.672135339383e-14
5209,0,0,5209,4.6268874411646e-11,5.3910645704649e-06,9.4944951570567e-13,-4.6834561338836e-14
5210,0,0,5210,4.6315822548786e-11,5.3858171263859e-06,9.4978737829339e-13,-4.6948137140191e-14
5211,0,0,5211,4.6362884630828e-11,5.3805678176996e-06,9.5012487222292e-13,-4.7062082041362e-14
5212,0,0,5212,4.6410061028115e-11,5.3753166464496e-06,9.5046199624951e-13,-4.7176397286907e-14
5213,0,0,5213,4.6457352112237e-11,5.3700636146865e-06,9.5079874912796e-13,-4.7291084122416e-14
5214,0,0,5214,4.6504758256031e-11,5.3648087244676e-06,9.5113512961151e-13,-4.7406143794445e-14
5215,0,0,5215,4.6552279833582e-11,5.3595519778574e-06,9.5147113645359e-13,-4.7521577550421e-14
5216,0,0,5216,4.659991722022e-11,5.354293376927e-06,9.5180676840562e-13,-4.7637386638638e-14
5217,0,0,5217,4.6647670792529e-11,5.3490329237545e-06,9.5214202421885e-13,-4.7753572308163e-14
5218,0,0,5218,4.6695540928337e-11,5.343770620425e-06,9.5247690264363e-13,-4.7870135808756e-14
5219,0,0,5219,4.6743528006728e-11,5.3385064690303e-06,9.5281140243017e-13,-4.7987078390818e-14
5220,0,0,5220,4.6791632408034e-11,5.3332404716694e-06,9.5314552232726e-13,-4.8104401305349e-14
5221,0,0,5221,4.6839854513837e-11,5.327972630448e-06,9.5347926108358e-13,-4.8222105803816e-14
5222,0,0,5222,4.6888194706975e-11,5.3227029474786e-06,9.5381261744777e-13,-4.8340193138156e-14
5223,0,0,5223,4.6936653371536e-11,5.317431424881e-06,9.5414559016743e-13,-4.8458664560637e-14
5224,0,0,5224,4.698523089286e-11,5.3121580647816e-06,9.544781779903e-13,-4.8577521323849e-14
5225,0,0,5225,4.7033927657541e-11,5.3068828693139e-06,9.5481037966381e-13,-4.8696764680564e-14
5226,0,0,5226,4.7082744053424e-11,5.3016058406181e-06,9.5514219393523e-13,-4.8816395883734e-14
5227,0,0,5227,4.7131680469611e-11,5.2963269808416e-06,9.554736195517e-13,-4.8936416186331e-14
5228,0,0,5228,4.7180737296452e-11,5.2910462921385e-06,9.5580465526049e-13,-4.9056826841352e-14
5229,0,0,5229,4.7229914925554e-11,5.2857637766699e-06,9.5613529980889e-13,-4.917762910168e-14
5230,0,0,5230,4.7279213749774e-11,5.2804794366039e-06,9.5646555194448e-13,-4.9298824220034e-14
5231,0,0,5231,4.7328634163223e-11,5.2751932741154e-06,9.56795410415e-13,-4.9420413448881e-14
5232,0,0,5232,4.7378176561263e-11,5.2699052913863e-06,9.5712487396804e-13,-4.9542398040328e-14
5233,0,0,5233,4.7427841340509e-11,5.2646154906054e-06,9.5745394135287e-13,-4.9664779246093e-14
5234,0,0,5234,4.7477628898826e-11,5.2593238739683e-06,9.5778261131815e-13,-4.9787558317363e-14
5235,0,0,5235,4.7527539635331e-11,5.2540304436776e-06,9.5811088261315e-13,-4.9910736504727e-14
5236,0,0,5236,4.7577573950389e-11,5.2487352019428e-06,9.5843875398868e-13,-5.0034315058099e-14
5237,0,0,5237,4.7627732245616e-11,5.2434381509804e-06,9.5876622419554e-13,-5.0158295226632e-14
5238,0,0,5238,4.7678014923874e-11,5.2381392930137e-06,9.5909329198577e-13,-5.0282678258567e-14
5239,0,0,5239,4.7728422389276e-11,5.2328386302727e-06,9.5941995611202e-13,-5.0407465401234e-14
5240,0,0,5240,4.7778955047176e-11,5.2275361649946e-06,9.5974621532876e-13,-5.0532657900872e-14
5241,0,0,5241,4.7829613304179e-11,5.2222318994234e-06,9.6007206839033e-13,-5.0658257002607e-14
5242,0,0,5242,4.7880397568129e-11,5.2169258358099e-06,9.6039751405383e-13,-5.0784263950266e-14
5243,0,0,5243,4.7931308248116e-11,5.2116179764117e-06,9.6072255107649e-13,-5.0910679986367e-14
5244,0,0,5244,4.7982345754468e-11,5.2063083234933e-06,9.6104717821771e-13,-5.1037506351969e-14
5245,0,0,5245,4.8033510498754e-11,5.2009968793263e-06,9.613713942378e-13,-5.1164744286571e-14
5246,0,0,5246,4.8084802893782e-11,5.1956836461887e-06,9.6169519789952e-13,-5.129239502801e-14
5247,0,0,5247,4.8136223353595e-11,5.1903686263657e-06,9.6201858796672e-13,-5.1420459812385e-14
5248,0,0,5248,4.8187772293469e-11,5.1850518221491e-06,9.6234156320583e-13,-5.1548939873913e-14
5249,0,0,5249,4.8239450129913e-11,5.1797332358376e-06,9.6266412238407e-13,-5.167783644481e-14
5250,0,0,5250,4.8291257280669e-11,5.1744128697366e-06,9.6298626427217e-13,-5.1807150755249e-14
5251,0,0,5251,4.8343194164702e-11,5.1690907261585e-06,9.633079876421e-13,-5.1936884033152e-14
5252,0,0,5252,4.8395261202206e-11,5.1637668074222e-06,9.6362929126843e-13,-5.2067037504149e-14
5253,0,0,5253,4.8447458814597e-11,5.1584411158535e-06,9.6395017392802e-13,-5.2197612391448e-14
5254,0,0,5254,4.8499787424513e-11,5.153113653785e-06,9.6427063440096e-13,-5.2328609915681e-14
5255,0,0,5255,4.8552247455808e-11,5.1477844235559e-06,9.6459067146873e-13,-5.2460031294815e-14
5256,0,0,5256,4.8604839333552e-11,5.1424534275122e-06,9.6491028391708e-13,-5.2591877744049e-14
5257,0,0,5257,4.8657563484028e-11,5.1371206680065e-06,9.652294705333e-13,-5.2724150475629e-14
5258,0,0,5258,4.8710420334726e-11,5.1317861473981e-06,9.65548230109e-13,-5.2856850698795e-14
5259,0,0,5259,4.8763410314346e-11,5.1264498680532e-06,9.6586656143758e-13,-5.2989979619591e-14
5260,0,0,5260,4.8816533852787e-11,5.1211118323442e-06,9.6618446331724e-13,-5.3123538440782e-14
5261,0,0,5261,4.8869791381148e-11,5.1157720426506e-06,9.6650193454844e-13,-5.3257528361709e-14
5262,0,0,5262,4.8923183331727e-11,5.1104305013581e-06,9.6681897393552e-13,-5.3391950578126e-14
5263,0,0,5263,4.8976710138009e-11,5.1050872108593e-06,9.6713558028675e-13,-5.3526806282129e-14
5264,0,0,5264,4.9030372234671e-11,5.0997421735531e-06,9.6745175241428e-13,-5.3662096661951e-14
5265,0,0,5265,4.9084170057572e-11,5.0943953918452e-06,9.677674891336e-13,-5.3797822901869e-14
5266,0,0,5266,4.9138104043755e-11,5.0890468681476e-06,9.6808278926513e-13,-5.3933986182043e-14
5267,0,0,5267,4.9192174631433e-11,5.0836966048789e-06,9.6839765163311e-13,-5.4070587678376e-14
5268,0,0,5268,4.9246382259995e-11,5.0783446044642e-06,9.6871207506592e-13,-5.420762856238e-14
5269,0,0,5269,4.9300727369996e-11,5.0729908693349e-06,9.6902605839716e-13,-5.4345110001014e-14
5270,0,0,5270,4.9355210403153e-11,5.0676354019291e-06,9.6933960046457e-13,-5.4483033156532e-14
5271,0,0,5271,4.9409831802339e-11,5.0622782046909e-06,9.6965270011123e-13,-5.4621399186353e-14
5272,0,0,5272,4.9464592011582e-11,5.0569192800711e-06,9.6996535618439e-13,-5.4760209242894e-14
5273,0,0,5273,4.9519491476055e-11,5.0515586305267e-06,9.7027756753728e-13,-5.4899464473404e-14
5274,0,0,5274,4.9574530642075e-11,5.046196258521e-06,9.7058933302847e-13,-5.5039166019811e-14
5275,0,0,5275,4.9629709957094e-11,5.0408321665236e-06,9.7090065152131e-13,-5.5179315018605e-14
5276,0,0,5276,4.9685029869694e-11,5.0354663570105e-06,9.7121152188526e-13,-5.5319912600585e-14
5277,0,0,5277,4.9740490829585e-11,5.0300988324635e-06,9.7152194299547e-13,-5.5460959890782e-14
5278,0,0,5278,4.9796093287594e-11,5.0247295953711e-06,9.7183191373321e-13,-5.5602458008249e-14
5279,0,0,5279,4.9851837695659e-11,5.0193586482275e-06,9.7214143298558e-13,-5.5744408065874e-14
5280,0,0,5280,4.990772450683e-11,5.0139859935333e-06,9.7245049964643e-13,-5.5886811170287e-14
5281,0,0,5281,4.9963754175251e-11,5.0086116337951e-06,9.7275911261559e-13,-5.6029668421563e-14
5282,0,0,5282,5.0019927156164e-11,5.0032355715255e-06,9.7306727080024e-13,-5.6172980913161e-14
5283,0,0,5283,5.0076243905896e-11,4.9978578092431e-06,9.7337497311339e-13,-5.6316749731689e-14
5284,0,0,5284,5.0132704881853e-11,4.9924783494725e-06,9.7368221847603e-13,-5.6460975956713e-14
5285,0,0,5285,5.0189310542513e-11,4.9870971947443e-06,9.7398900581588e-13,-5.6605660660608e-14
5286,0,0,5286,5.0246061347422e-11,4.9817143475947e-06,9.742953340685e-13,-5.6750804908324e-14
5287,0,0,5287,5.0302957757179e-11,4.9763298105661e-06,9.7460120217602e-13,-5.689640975727e-14
5288,0,0,5288,5.0360000233436e-11,4.9709435862065e-06,9.7490660908978e-13,-5.7042476257034e-14
5289,0,0,5289,5.0417189238885e-11,4.9655556770697e-06,9.7521155376772e-13,-5.7189005449263e-14
5290,0,0,5290,5.0474525237253e-11,4.9601660857151e-06,9.7551603517712e-13,-5.7335998367402e-14
5291,0,0,5291,5.0532008693289e-11,4.9547748147079e-06,9.7582005229277e-13,-5.7483456036561e-14
5292,0,0,5292,5.0589640072763e-11,4.949381866619e-06,9.7612360409821e-13,-5.7631379473249e-14
5293,0,0,5293,5.0647419842448e-11,4.9439872440246e-06,9.7642668958633e-13,-5.7779769685209e-14
5294,0,0,5294,5.0705348470119e-11,4.9385909495066e-06,9.7672930775814e-13,-5.7928627671192e-14
5295,0,0,5295,5.076342642454e-11,4.9331929856523e-06,9.7703145762477e-13,-5.8077954420765e-14
5296,0,0,5296,5.0821654175454e-11,4.9277933550545e-06,9.7733313820563e-13,-5.8227750914051e-14
5297,0,0,5297,5.0880032193575e-11,4.9223920603112e-06,9.7763434853117e-13,-5.8378018121587e-14
5298,0,0,5298,5.0938560950579e-11,4.9169891040259e-06,9.7793508764012e-13,-5.8528757004026e-14
5299,0,0,5299,5.0997240919091e-11,4.9115844888072e-06,9.7823535458286e-13,-5.8679968511966e-14
5300,0,0,5300,5.1056072572677e-11,4.906178217269e-06,9.7853514841865e-13,-5.8831653585705e-14
5301,0,0,5301,5.1115056385832e-11,4.9007702920302e-06,9.7883446821828e-13,-5.8983813155027e-14
5302,0,0,5302,5.1174192833971e-11,4.895360715715e-06,9.7913331306293e-13,-5.9136448138923e-14
5303,0,0,5303,5.1233482393416e-11,4.8899494909523e-06,9.7943168204453e-13,-5.9289559445443e-14
5304,0,0,5304,5.1292925541388e-11,4.8845366203762e-06,9.7972957426667e-13,-5.9443147971366e-14
5305,0,0,5305,5.135252275599e-11,4.8791221066257e-06,9.8002698884426e-13,-5.959721460203e-14
5306,0,0,5306,5.1412274516201e-11,4.8737059523445e-06,9.8032392490388e-13,-5.9751760211039e-14
5307,0,0,5307,5.1472181301861e-11,4.868288160181e-06,9.8062038158376e-13,-5.9906785660031e-14
5308,0,0,5308,5.1532243593659e-11,4.8628687327886e-06,9.8091635803531e-13,-6.006229179847e-14
5309,0,0,5309,5.1592461873123e-11,4.8574476728249e-06,9.8121185342098e-13,-6.02182794633e-14
5310,0,0,5310,5.1652836622601e-11,4.8520249829525e-06,9.8150686691749e-13,-6.0374749478795e-14
5311,0,0,5311,5.1713368325258e-11,4.846600665838e-06,9.8180139771304e-13,-6.0531702656197e-14
5312,0,0,5312,5.1774057465051e-11,4.8411747241529e-06,9.820954450104e-13,-6.0689139793551e-14
5313,0,0,5313,5.1834904526727e-11,4.8357471605726e-06,9.8238900802507e-13,-6.0847061675351e-14
5314,0,0,5314,5.1895909995799e-11,4.8303179777771e-06,9.8268208598635e-13,-6.1005469072324e-14
5315,0,0,5315,5.195707435854e-11,4.8248871784504e-06,9.8297467813779e-13,-6.1164362741133e-14
5316,0,0,5316,5.2018398101964e-11,4.8194547652806e-06,9.8326678373766e-13,-6.1323743424109e-14
5317,0,0,5317,5.2079881713813e-11,4.8140207409598e-06,9.8355840205804e-13,-6.1483611848982e-14
5318,0,0,5318,5.2141525682542e-11,4.8085851081842e-06,9.8384953238632e-13,-6.1643968728544e-14
5319,0,0,5319,5.2203330497302e-11,4.8031478696537e-06,9.8414017402538e-13,-6.1804814760443e-14
5320,0,0,5320,5.2265296647929e-11,4.7977090280719e-06,9.84430326293e-13,-6.1966150626819e-14
5321,0,0,5321,5.2327424624923e-11,4.7922685861464e-06,9.8471998852301e-13,-6.2127976994044e-14
5322,0,0,5322,5.2389714919435e-11,4.786826546588e-06,9.8500916006554e-13,-6.2290294512405e-14
5323,0,0,5323,5.2452168023251e-11,4.7813829121113e-06,9.8529784028662e-13,-6.2453103815851e-14
5324,0,0,5324,5.2514784428773e-11,4.7759376854341e-06,9.8558602856933e-13,-6.2616405521588e-14
5325,0,0,5325,5.2577564629003e-11,4.7704908692777e-06,9.8587372431345e-13,-6.2780200229885e-14
5326,0,0,5326,5.2640509117526e-11,4.7650424663664e-06,9.8616092693669e-13,-6.2944488523665e-14
5327,0,0,5327,5.2703618388495e-11,4.7595924794279e-06,9.8644763587349e-13,-6.3109270968241e-14
5328,0,0,5328,5.2766892936606e-11,4.7541409111927e-06,9.8673385057698e-13,-6.3274548110961e-14
5329,0,0,5329,5.2830333257086e-11,4.7486877643942e-06,9.8701957051791e-13,-6.3440320480937e-14
5330,0,0,5330,5.2893939845675e-11,4.7432330417689e-06,9.8730479518637e-13,-6.3606588588629e-14
5331,0,0,5331,5.2957713198601e-11,4.7377767460557e-06,9.8758952409085e-13,-6.3773352925589e-14
5332,0,0,5332,5.3021653812565e-11,4.7323188799963e-06,9.8787375675943e-13,-6.394061396408e-14
5333,0,0,5333,5.3085762184722e-11,4.7268594463347e-06,9.8815749273925e-13,-6.4108372156756e-14
5334,0,0,5334,5.3150038812658e-11,4.7213984478176e-06,9.8844073159855e-13,-6.4276627936291e-14
5335,0,0,5335,5.3214484194373e-11,4.7159358871937e-06,9.8872347292433e-13,-6.4445381715048e-14
5336,0,0,5336,5.3279098828258e-11,4.710471767214e-06,9.8900571632579e-13,-6.4614633884736e-14
5337,0,0,5337,5.3343883213074e-11,4.7050060906315e-06,9.8928746143191e-13,-6.4784384815995e-14
5338,0,0,5338,5.3408837847932e-11,4.6995388602011e-06,9.895687078942e-13,-6.4954634858123e-14
5339,0,0,5339,5.347396323227e-11,4.6940700786797e-06,9.8984945538474e-13,-6.5125384338592e-14
5340,0,0,5340,5.3539259865833e-11,4.6885997488255e-06,9.9012970359888e-13,-6.5296633562807e-14
5341,0,0,5341,5.3604728248647e-11,4.6831278733987e-06,9.9040945225378e-13,-6.5468382813611e-14
5342,0,0,5342,5.3670368880998e-11,4.6776544551607e-06,9.906887010894e-13,-6.5640632350972e-14
5343,0,0,5343,5.3736182263409e-11,4.6721794968741e-06,9.9096744986965e-13,-6.5813382411574e-14
5344,0,0,5344,5.3802168896618e-11,4.6667030013029e-06,9.9124569838157e-13,-6.5986633208454e-14
5345,0,0,5345,5.3868329281548e-11,4.6612249712121e-06,9.9152344643613e-13,-6.6160384930546e-14
5346,0,0,5346,5.3934663919291e-11,4.6557454093675e-06,9.9180069386975e-13,-6.6334637742348e-14
5347,0,0,5347,5.4001173311074e-11,4.6502643185358e-06,9.9207744054214e-13,-6.6509391783486e-14
5348,0,0,5348,5.4067857958242e-11,4.6447817014842e-06,9.923536863397e-13,-6.6684647168293e-14
5349,0,0,5349,5.4134718362228e-11,4.6392975609805e-06,9.9262943117381e-13,-6.6860403985424e-14
5350,0,0,5350,5.4201755024525e-11,4.6338118997927e-06,9.9290467498239e-13,-6.703666229741e-14
5351,0,0,5351,5.4268968446665e-11,4.6283247206893e-06,9.9317941772909e-13,-6.7213422140258e-14
5352,0,0,5352,5.4336359130188e-11,4.6228360264384e-06,9.9345365940564e-13,-6.739068352301e-14
5353,0,0,5353,5.4403927576616e-11,4.6173458198084e-06,9.9372740003028e-13,-6.7568446427287e-14
5354,0,0,5354,5.4471674287423e-11,4.6118541035672e-06,9.9400063964962e-13,-6.7746710806909e-14
5355,0,0,5355,5.453959976401e-11,4.6063608804825e-06,9.9427337833802e-13,-6.7925476587384e-14
5356,0,0,5356,5.4607704507676e-11,4.6008661533212e-06,9.9454561619911e-13,-6.8104743665502e-14
5357,0,0,5357,5.4675989019584e-11,4.5953699248495e-06,9.9481735336551e-13,-6.8284511908869e-14
5358,0,0,5358,5.474445380074e-11,4.589872197833e-06,9.9508858999959e-13,-6.8464781155435e-14
5359,0,0,5359,5.4813099351953e-11,4.5843729750358e-06,9.9535932629328e-13,-6.8645551213055e-14
5360,0,0,5360,5.4881926173812e-11,4.578872259221e-06,9.9562956246981e-13,-6.8826821858998e-14
5361,0,0,5361,5.4950934766651e-11,4.5733700531504e-06,9.9589929878323e-13,-6.9008592839475e-14
5362,0,0,5362,5.5020125630521e-11,4.567866359584e-06,9.9616853551899e-13,-6.9190863869146e-14
5363,0,0,5363,5.5089499265151e-11,4.5623611812802e-06,9.964372729943e-13,-6.9373634630679e-14
5364,0,0,5364,5.5159056169925e-11,4.5568545209953e-06,9.967055115598e-13,-6.9556904774201e-14
5365,0,0,5365,5.5228796843842e-11,4.5513463814837e-06,9.969732515983e-13,-6.9740673916839e-14
5366,0,0,5366,5.5298721785484e-11,4.5458367654974e-06,9.9724049352621e-13,-6.992494164219e-14
5367,0,0,5367,5.5368831492984e-11,4.5403256757858e-06,9.9750723779456e-13,-7.0109707499841e-14
5368,0,0,5368,5.5439126463989e-11,4.5348131150958e-06,9.9777348488813e-13,-7.029497100482e-14
5369,0,0,5369,5.5509607195626e-11,4.5292990861714e-06,9.9803923532727e-13,-7.0480731637102e-14
5370,0,0,5370,5.5580274184467e-11,4.5237835917533e-06,9.983044896679e-13,-7.0666988841098e-14
5371,0,0,5371,5.5651127926492e-11,4.5182666345793e-06,9.9856924850194e-13,-7.0853742025038e-14
5372,0,0,5372,5.5722168917053e-11,4.5127482173834e-06,9.9883351245768e-13,-7.104099056057e-14
5373,0,0,5373,5.5793397650835e-11,4.5072283428961e-06,9.9909728220142e-13,-7.1228733782077e-14
5374,0,0,5374,5.5864814621821e-11,4.5017070138439e-06,9.9936055843641e-13,-7.1416970986223e-14
5375,0,0,5375,5.5936420323253e-11,4.4961842329494e-06,9.9962334190436e-13,-7.1605701431338e-14
5376,0,0,5376,5.6008215247589e-11,4.4906600029307e-06,9.9988563338611e-13,-7.1794924336912e-14
5377,0,0,5377,5.6080199886472e-11,4.4851343265014e-06,1.0001474337022e-12,-7.1984638882957e-14
5378,0,0,5378,5.6152374730682e-11,4.4796072063704e-06,1.0004087437122e-12,-7.2174844209509e-14
5379,0,0,5379,5.6224740270098e-11,4.4740786452416e-06,1.0006695643175e-12,-7.2365539415962e-14
5380,0,0,5380,5.6297296993658e-11,4.4685486458136e-06,1.0009298964594e-12,-7.2556723560565e-14
5381,0,0,5381,5.6370045389318e-11,4.4630172107798e-06,1.0011897411222e-12,-7.2748395659754e-14
5382,0,0,5382,5.6442985944006e-11,4.4574843428277e-06,1.0014490993319e-12,-7.2940554687599e-14
5383,0,0,5383,5.6516119143581e-11,4.451950044639e-06,1.0017079721575e-12,-7.3133199575196e-14
5384,0,0,5384,5.6589445472791e-11,4.4464143188892e-06,1.0019663607119e-12,-7.3326329210013e-14
5385,0,0,5385,5.6662965415226e-11,4.4408771682475e-06,1.0022242661517e-12,-7.3519942435301e-14
5386,0,0,5386,5.6736679453276e-11,4.4353385953763e-06,1.0024816896792e-12,-7.3714038049479e-14
5387,0,0,5387,5.6810588068081e-11,4.4297986029313e-06,1.0027386325411e-12,-7.3908614805461e-14
5388,0,0,5388,5.6884691739491e-11,4.424257193561e-06,1.0029950960313e-12,-7.4103671410047e-14
5389,0,0,5389,5.6958990946015e-11,4.4187143699064e-06,1.0032510814896e-12,-7.4299206523256e-14
5390,0,0,5390,5.7033486164772e-11,4.4131701346008e-06,1.0035065903041e-12,-7.4495218757687e-14
5391,0,0,5391,5.710817787145e-11,4.4076244902698e-06,1.00376162391e-12,-7.4691706677839e-14
5392,0,0,5392,5.718306654025e-11,4.4020774395306e-06,1.0040161837919e-12,-7.4888668799459e-14
5393,0,0,5393,5.7258152643838e-11,4.3965289849921e-06,1.0042702714837e-12,-7.5086103588857e-14
5394,0,0,5394,5.7333436653301e-11,4.3909791292541e-06,1.0045238885695e-12,-7.5284009462235e-14
5395,0,0,5395,5.7408919038086e-11,4.3854278749078e-06,1.004777036684e-12,-7.5482384784954e-14
5396,0,0,5396,5.7484600265957e-11,4.3798752245348e-06,1.0050297175137e-12,-7.5681227870903e-14
5397,0,0,5397,5.7560480802938e-11,4.3743211807072e-06,1.0052819327969e-12,-7.5880536981738e-14
5398,0,0,5398,5.7636561113264e-11,4.3687657459871e-06,1.0055336843253e-12,-7.6080310326203e-14
5399,0,0,5399,5.7712841659324e-11,4.3632089229267e-06,1.0057849739438e-12,-7.6280546059377e-14
5400,0,0,5400,5.7789322901606e-11,4.3576507140673e-06,1.0060358035519e-12,-7.6481242281982e-14
5401,0,0,5401,5.7866005298645e-11,4.3520911219396e-06,1.0062861751045e-12,-7.6682397039636e-14
5402,0,0,5402,5.7942889306968e-11,4.3465301490633e-06,1.0065360906116e-12,-7.6884008322076e-14
5403,0,0,5403,5.801997538103e-11,4.3409677979465e-06,1.0067855521405e-12,-7.7086074062469e-14
5404,0,0,5404,5.8097263973167e-11,4.3354040710857e-06,1.0070345618154e-12,-7.7288592136601e-14
5405,0,0,5405,5.8174755533529e-11,4.3298389709651e-06,1.0072831218194e-12,-7.749156036212e-14
5406,0,0,5406,5.8252450510027e-11,4.3242725000569e-06,1.0075312343932e-12,-7.7694976497817e-14
5407,0,0,5407,5.8330349348269e-11,4.3187046608202e-06,1.0077789018385e-12,-7.7898838242721e-14
5408,0,0,5408,5.8408452491505e-11,4.3131354557013e-06,1.0080261265165e-12,-7.8103143235446e-14
5409,0,0,5409,5.8486760380558e-11,4.3075648871331e-06,1.0082729108504e-12,-7.8307889053334e-14
5410,0,0,5410,5.856527345377e-11,4.3019929575346e-06,1.0085192573251e-12,-7.8513073211574e-14
5411,0,0,5411,5.8643992146932e-11,4.2964196693109e-06,1.008765168488e-12,-7.871869316254e-14
5412,0,0,5412,5.8722916893227e-11,4.2908450248526e-06,1.0090106469516e-12,-7.8924746294809e-14
5413,0,0,5413,5.8802048123159e-11,4.2852690265355e-06,1.009255695391e-12,-7.9131229932478e-14
5414,0,0,5414,5.8881386264494e-11,4.2796916767203e-06,1.0095003165488e-12,-7.9338141334193e-14
5415,0,0,5415,5.8960931742186e-11,4.2741129777522e-06,1.0097445132318e-12,-7.9545477692374e-14
5416,0,0,5416,5.9040684978318e-11,4.2685329319604e-06,1.0099882883154e-12,-7.9753236132323e-14
5417,0,0,5417,5.912064639203e-11,4.262951541658e-06,1.0102316447425e-12,-7.9961413711409e-14
5418,0,0,5418,5.9200816399448e-11,4.2573688091413e-06,1.0104745855246e-12,-8.0170007418113e-14
5419,0,0,5419,5.9281195413619e-11,4.2517847366896e-06,1.0107171137433e-12,-8.0379014171239e-14
5420,0,0,5420,5.9361783844438e-11,4.246199326565e-06,1.0109592325505e-12,-8.0588430818893e-14
5421,0,0,5421,5.9442582098576e-11,4.2406125810116e-06,1.0112009451696e-12,-8.0798254137746e-14
5422,0,0,5422,5.9523590579408e-11,4.2350245022553e-06,1.0114422548972e-12,-8.1008480831949e-14
5423,0,0,5423,5.960480968694e-11,4.2294350925033e-06,1.0116831651021e-12,-8.1219107532369e-14
5424,0,0,5424,5.9686239817736e-11,4.2238443539441e-06,1.011923679228e-12,-8.143013079553e-14
5425,0,0,5425,5.9767881364838e-11,4.2182522887463e-06,1.0121638007943e-12,-8.1641547102788e-14
5426,0,0,5426,5.9849734717698e-11,4.212658899059e-06,1.0124035333954e-12,-8.1853352859279e-14
5427,0,0,5427,5.9931800262091e-11,4.207064187011e-06,1.0126428807039e-12,-8.2065544393021e-14
5428,0,0,5428,6.0014078380045e-11,4.20146815471e-06,1.0128818464696e-12,-8.2278117953963e-14
5429,0,0,5429,6.0096569449758e-11,4.195870804243e-06,1.0131204345224e-12,-8.2491069712945e-14
5430,0,0,5430,6.0179273845518e-11,4.1902721376752e-06,1.0133586487714e-12,-8.2704395760763e-14
5431,0,0,5431,6.0262191937626e-11,4.1846721570498e-06,1.0135964932072e-12,-8.2918092107187e-14
5432,0,0,5432,6.0345324092305e-11,4.1790708643874e-06,1.0138339719022e-12,-8.3132154679866e-14
5433,0,0,5433,6.0428670671629e-11,4.1734682616856e-06,1.0140710890119e-12,-8.3346579323432e-14
5434,0,0,5434,6.0512232033427e-11,4.1678643509189e-06,1.0143078487761e-12,-8.3561361798378e-14
5435,0,0,5435,6.0596008531207e-11,4.1622591340376e-06,1.0145442555198e-12,-8.3776497780087e-14
5436,0,0,5436,6.0680000514065e-11,4.1566526129677e-06,1.0147803136537e-12,-8.3991982857747e-14
5437,0,0,5437,6.0764208326598e-11,4.1510447896103e-06,1.0150160276764e-12,-8.4207812533292e-14
5438,0,0,5438,6.0848632308819e-11,4.1454356658414e-06,1.0152514021741e-12,-8.4423982220395e-14
5439,0,0,5439,6.0933272796062e-11,4.1398252435109e-06,1.0154864418228e-12,-8.4640487243312e-14
5440,0,0,5440,6.1018130118898e-11,4.1342135244425e-06,1.0157211513891e-12,-8.4857322835882e-14
5441,0,0,5441,6.1103204603038e-11,4.1286005104329e-06,1.0159555357308e-12,-8.5074484140304e-14
5442,0,0,5442,6.1188496569244e-11,4.1229862032517e-06,1.0161895997984e-12,-8.5291966206201e-14
5443,0,0,5443,6.1274006333234e-11,4.1173706046404e-06,1.0164233486367e-12,-8.5509763989321e-14
5444,0,0,5444,6.1359734205584e-11,4.1117537163124e-06,1.0166567873847e-12,-8.5727872350573e-14
5445,0,0,5445,6.1445680491639e-11,4.1061355399517e-06,1.0168899212778e-12,-8.5946286054755e-14
5446,0,0,5446,6.1531845491409e-11,4.1005160772133e-06,1.0171227556486e-12,-8.6164999769487e-14
5447,0,0,5447,6.1618229499473e-11,4.094895329722e-06,1.0173552959282e-12,-8.6384008064045e-14
5448,0,0,5448,6.1704832804881e-11,4.089273299072e-06,1.017587547647e-12,-8.6603305408091e-14
5449,0,0,5449,6.1791655691051e-11,4.0836499868265e-06,1.017819516436e-12,-8.6822886170646e-14
5450,0,0,5450,6.187869843567e-11,4.078025394517e-06,1.0180512080287e-12,-8.7042744618793e-14
5451,0,0,5451,6.1965961310587e-11,4.0723995236426e-06,1.0182826282612e-12,-8.7262874916475e-14
5452,0,0,5452,6.205344458171e-11,4.0667723756698e-06,1.0185137830738e-12,-8.7483271123294e-14
5453,0,0,5453,6.2141148508903e-11,4.0611439520316e-06,1.018744678513e-12,-8.7703927193323e-14
5454,0,0,5454,6.2229073345877e-11,4.055514254127e-06,1.0189753207318e-12,-8.7924836973811e-14
5455,0,0,5455,6.2317219340081e-11,4.0498832833204e-06,1.019205715991e-12,-8.8145994203932e-14
5456,0,0,5456,6.2405586732595e-11,4.0442510409411e-06,1.0194358706608e-12,-8.8367392513554e-14
5457,0,0,5457,6.2494175758016e-11,4.0386175282824e-06,1.0196657912224e-12,-8.8589025421977e-14
5458,0,0,5458,6.2582986644353e-11,4.0329827466014e-06,1.0198954842687e-12,-8.8810886336584e-14
5459,0,0,5459,6.2672019612905e-11,4.0273466971179e-06,1.0201249565053e-12,-8.9032968551576e-14
5460,0,0,5460,6.2761274878151e-11,4.0217093810143e-06,1.0203542147528e-12,-8.9255265246733e-14
5461,0,0,5461,6.2850752647637e-11,4.0160707994345e-06,1.0205832659477e-12,-8.9477769485926e-14
5462,0,0,5462,6.2940453121853e-11,4.0104309534834e-06,1.0208121171432e-12,-8.9700474215967e-14
5463,0,0,5463,6.3030376494118e-11,4.0047898442264e-06,1.0210407755112e-12,-8.992337226511e-14
5464,0,0,5464,6.312052295046e-11,3.9991474726886e-06,1.0212692483438e-12,-9.0146456341847e-14
5465,0,0,5465,6.3210892669494e-11,3.9935038398541e-06,1.0214975430533e-12,-9.0369719033335e-14
5466,0,0,5466,6.3301485822298e-11,3.9878589466653e-06,1.0217256671759e-12,-9.0593152804218e-14
5467,0,0,5467,6.3392302572293e-11,3.9822127940223e-06,1.0219536283712e-12,-9.0816749995125e-14
5468,0,0,5468,6.3483343075114e-11,3.9765653827824e-06,1.0221814344237e-12,-9.1040502821228e-14
5469,0,0,5469,6.3574607478485e-11,3.970916713759e-06,1.0224090932455e-12,-9.1264403370932e-14
5470,0,0,5470,6.3666095922089e-11,3.965266787721e-06,1.0226366128768e-12,-9.1488443604338e-14
5471,0,0,5471,6.3757808537441e-11,3.9596156053923e-06,1.0228640014873e-12,-9.1712615351861e-14
5472,0,0,5472,6.3849745447754e-11,3.953963167451e-06,1.0230912673778e-12,-9.1936910312732e-14
5473,0,0,5473,6.3941906767808e-11,3.9483094745285e-06,1.0233184189822e-12,-9.2161320053534e-14
5474,0,0,5474,6.4034292603814e-11,3.9426545272087e-06,1.023545464868e-12,-9.238583600673e-14
5475,0,0,5475,6.4126903053283e-11,3.9369983260279e-06,1.0237724137388e-12,-9.2610449469192e-14
5476,0,0,5476,6.4219738204884e-11,3.931340871473e-06,1.0239992744347e-12,-9.2835151600568e-14
5477,0,0,5477,6.4312798138306e-11,3.9256821639816e-06,1.0242260559353e-12,-9.3059933421918e-14
5478,0,0,5478,6.440608292412e-11,3.920022203941e-06,1.0244527673598e-12,-9.3284785814065e-14
5479,0,0,5479,6.4499592623636e-11,3.914360991687e-06,1.0246794179692e-12,-9.350969951609e-14
5480,0,0,5480,6.459332728876e-11,3.9086985275037e-06,1.0249060171683e-12,-9.3734665123697e-14
5481,0,0,5481,6.4687286961848e-11,3.9030348116225e-06,1.025132574506e-12,-9.3959673087799e-14
5482,0,0,5482,6.478147167556e-11,3.8973698442209e-06,1.0253590996785e-12,-9.4184713712663e-14
5483,0,0,5483,6.4875881452715e-11,3.8917036254224e-06,1.0255856025298e-12,-9.4409777154592e-14
5484,0,0,5484,6.4970516306135e-11,3.8860361552951e-06,1.0258120930532e-12,-9.4634853420083e-14
5485,0,0,5485,6.5065376238499e-11,3.8803674338509e-06,1.026038581394e-12,-9.4859932364282e-14
5486,0,0,5486,6.5160461242189e-11,3.8746974610451e-06,1.0262650778504e-12,-9.5085003689333e-14
5487,0,0,5487,6.5255771299131e-11,3.8690262367751e-06,1.0264915928747e-12,-9.5310056942711e-14
5488,0,0,5488,6.5351306380647e-11,3.8633537608796e-06,1.0267181370765e-12,-9.553508151554e-14
5489,0,0,5489,6.5447066447288e-11,3.8576800331381e-06,1.0269447212226e-12,-9.5760066640875e-14
5490,0,0,5490,6.554305144868e-11,3.8520050532693e-06,1.0271713562399e-12,-9.5985001392023e-14
5491,0,0,5491,6.5639261323361e-11,3.8463288209311e-06,1.0273980532168e-12,-9.6209874680846e-14
5492,0,0,5492,6.5735695998617e-11,3.8406513357189e-06,1.0276248234051e-12,-9.6434675255983e-14
5493,0,0,5493,6.5832355390318e-11,3.8349725971652e-06,1.0278516782209e-12,-9.6659391701074e-14
5494,0,0,5494,6.5929239402751e-11,3.8292926047385e-06,1.0280786292477e-12,-9.6884012433096e-14
5495,0,0,5495,6.6026347928451e-11,3.8236113578421e-06,1.0283056882373e-12,-9.7108525700463e-14
5496,0,0,5496,6.6123680848032e-11,3.8179288558139e-06,1.0285328671118e-12,-9.733291958133e-14
5497,0,0,5497,6.6221238030014e-11,3.8122450979246e-06,1.028760177965e-12,-9.7557181981722e-14
5498,0,0,5498,6.6319019330648e-11,3.8065600833772e-06,1.0289876330654e-12,-9.7781300633698e-14
5499,0,0,5499,6.6417024593742e-11,3.8008738113062e-06,1.0292152448569e-12,-9.8005263093593e-14
5500,0,0,5500,6.6515253650482e-11,3.795186280776e-06,1.0294430259607e-12,-9.8229056740051e-14
5501,0,0,5501,6.6613706319254e-11,3.7894974907806e-06,1.0296709891783e-12,-9.8452668772245e-14
5502,0,0,5502,6.6712382405462e-11,3.7838074402419e-06,1.0298991474918e-12,-9.8676086207965e-14
5503,0,0,5503,6.6811281701343e-11,3.7781161280095e-06,1.0301275140669e-12,-9.8899295881648e-14
5504,0,0,5504,6.6910403985786e-11,3.772423552859e-06,1.0303561022548e-12,-9.9122284442561e-14
5505,0,0,5505,6.7009749024139e-11,3.766729713491e-06,1.0305849255933e-12,-9.9345038352845e-14
5506,0,0,5506,6.7109316568024e-11,3.7610346085308e-06,1.0308139978097e-12,-9.9567543885477e-14
5507,0,0,5507,6.7209106355147e-11,3.7553382365262e-06,1.0310433328225e-12,-9.978978712242e-14
5508,0,0,5508,6.7309118109099e-11,3.7496405959475e-06,1.0312729447426e-12,-1.0001175395255e-13
5509,0,0,5509,6.7409351539169e-11,3.7439416851858e-06,1.0315028478766e-12,-1.0023343006979e-13
5510,0,0,5510,6.750980634014e-11,3.7382415025519e-06,1.0317330567277e-12,-1.0045480097087e-13
5511,0,0,5511,6.7610482192094e-11,3.7325400462757e-06,1.0319635859986e-12,-1.0067585195357e-13
5512,0,0,5512,6.7711378760208e-11,3.7268373145045e-06,1.0321944505928e-12,-1.0089656811444e-13
5513,0,0,5513,6.7812495694555e-11,3.7211333053022e-06,1.0324256656171e-12,-1.0111693434687e-13
5514,0,0,5514,6.7913832629894e-11,3.7154280166481e-06,1.0326572463836e-12,-1.0133693533898e-13
5515,0,0,5515,6.8015389185465e-11,3.7097214464359e-06,1.0328892084117e-12,-1.0155655557153e-13
5516,0,0,5516,6.8117164964781e-11,3.7040135924722e-06,1.0331215674305e-12,-1.0177577931577e-13
5517,0,0,5517,6.8219159555412e-11,3.6983044524756e-06,1.0333543393804e-12,-1.0199459063136e-13
5518,0,0,5518,6.8321372528777e-11,3.6925940240755e-06,1.0335875404158e-12,-1.0221297336419e-13
5519,0,0,5519,6.8423803439921e-11,3.6868823048108e-06,1.0338211869067e-12,-1.0243091114424e-13
5520,0,0,5520,6.8526451827304e-11,3.6811692921288e-06,1.0340552954417e-12,-1.0264838738338e-13
5521,0,0,5521,6.8629317212577e-11,3.6754549833839e-06,1.0342898828293e-12,-1.0286538527324e-13
5522,0,0,5522,6.873239910036e-11,3.6697393758364e-06,1.0345249661006e-12,-1.0308188778283e-13
5523,0,0,5523,6.8835696978017e-11,3.6640224666513e-06,1.0347605625115e-12,-1.0329787765653e-13
5524,0,0,5524,6.8939210315429e-11,3.6583042528969e-06,1.0349966895448e-12,-1.0351333741167e-13
5525,0,0,5525,6.9042938564765e-11,3.6525847315438e-06,1.0352333649126e-12,-1.0372824933635e-13
5526,0,0,5526,6.9146881160252e-11,3.6468638994633e-06,1.0354706065587e-12,-1.0394259548715e-13
5527,0,0,5527,6.9251037517939e-11,3.6411417534265e-06,1.0357084326605e-12,-1.0415635768675e-13
5528,0,0,5528,6.9355407035461e-11,3.6354182901026e-06,1.0359468616315e-12,-1.0436951752175e-13
5529,0,0,5529,6.9459989091801e-11,3.6296935060577e-06,1.0361859121239e-12,-1.0458205634024e-13
5530,0,0,5530,6.956478304705e-11,3.6239673977537e-06,1.0364256030306e-12,-1.0479395524944e-13
5531,0,0,5531,6.9669788242164e-11,3.6182399615466e-06,1.036665953488e-12,-1.0500519511339e-13
5532,0,0,5532,6.9775003998714e-11,3.6125111936854e-06,1.0369069828776e-12,-1.0521575655051e-13
5533,0,0,5533,6.9880429618645e-11,3.6067810903106e-06,1.0371487108294e-12,-1.054256199312e-13
5534,0,0,5534,6.9986064384021e-11,3.601049647453e-06,1.0373911572234e-12,-1.0563476537549e-13
5535,0,0,5535,7.0091907556771e-11,3.5953168610321e-06,1.0376343421929e-12,-1.0584317275043e-13
5536,0,0,5536,7.0197958378439e-11,3.5895827268546e-06,1.0378782861261e-12,-1.0605082166782e-13
5537,0,0,5537,7.0304216069921e-11,3.5838472406133e-06,1.0381230096695e-12,-1.0625769148162e-13
5538,0,0,5538,7.0410679831206e-11,3.5781103978855e-06,1.0383685337295e-12,-1.0646376128547e-13
5539,0,0,5539,7.0517348841116e-11,3.5723721941315e-06,1.0386148794755e-12,-1.0666900991019e-13
5540,0,0,5540,7.0624222257038e-11,3.5666326246932e-06,1.0388620683423e-12,-1.0687341592121e-13
5541,0,0,5541,7.0731299214654e-11,3.5608916847924e-06,1.0391101220326e-12,-1.0707695761609e-13
5542,0,0,5542,7.0838578827676e-11,3.5551493695299e-06,1.0393590625193e-12,-1.0727961302187e-13
5543,0,0,5543,7.0946060187568e-11,3.5494056738832e-06,1.039608912049e-12,-1.0748135989252e-13
5544,0,0,5544,7.1053742363274e-11,3.5436605927056e-06,1.0398596931432e-12,-1.0768217570635e-13
5545,0,0,5545,7.1161624400938e-11,3.5379141207244e-06,1.0401114286026e-12,-1.0788203766332e-13
5546,0,0,5546,7.126970532362e-11,3.5321662525393e-06,1.0403641415079e-12,-1.0808092268248e-13
5547,0,0,5547,7.1377984131019e-11,3.5264169826209e-06,1.0406178552242e-12,-1.0827880739922e-13
5548,0,0,5548,7.1486459799182e-11,3.5206663053093e-06,1.0408725934024e-12,-1.0847566816264e-13
5549,0,0,5549,7.1595131280215e-11,3.5149142148121e-06,1.0411283799828e-12,-1.0867148103284e-13
5550,0,0,5550,7.1703997501993e-11,3.5091607052033e-06,1.041385239197e-12,-1.0886622177818e-13
5551,0,0,5551,7.1813057367866e-11,3.5034057704212e-06,1.0416431955717e-12,-1.0905986587255e-13
5552,0,0,5552,7.1922309756358e-11,3.4976494042668e-06,1.0419022739299e-12,-1.0925238849262e-13
5553,0,0,5553,7.2031753520873e-11,3.4918916004028e-06,1.0421624993955e-12,-1.0944376451507e-13
5554,0,0,5554,7.2141387489387e-11,3.4861323523509e-06,1.0424238973949e-12,-1.0963396851377e-13
5555,0,0,5555,7.2251210464144e-11,3.4803716534909e-06,1.0426864936598e-12,-1.098229747569e-13
5556,0,0,5556,7.2361221221348e-11,3.4746094970587e-06,1.0429503142307e-12,-1.1001075720428e-13
5557,0,0,5557,7.2471418510853e-11,3.4688458761445e-06,1.0432153854594e-12,-1.1019728950439e-13
5558,0,0,5558,7.2581801055844e-11,3.4630807836914e-06,1.0434817340119e-12,-1.1038254499148e-13
5559,0,0,5559,7.2692367552527e-11,3.4573142124932e-06,1.0437493868709e-12,-1.1056649668274e-13
5560,0,0,5560,7.2803116669802e-11,3.451546155193e-06,1.0440183713398e-12,-1.1074911727539e-13
5561,0,0,5561,7.2914047048946e-11,3.4457766042812e-06,1.0442887150441e-12,-1.1093037914367e-13
5562,0,0,5562,7.3025157303282e-11,3.4400055520937e-06,1.0445604459361e-12,-1.1111025433597e-13
5563,0,0,5563,7.3136446017854e-11,3.4342329908103e-06,1.0448335922961e-12,-1.1128871457183e-13
5564,0,0,5564,7.3247911749093e-11,3.4284589124526e-06,1.0451081827368e-12,-1.1146573123891e-13
5565,0,0,5565,7.3359553024483e-11,3.4226833088824e-06,1.0453842462055e-12,-1.1164127539003e-13
5566,0,0,5566,7.3471368342223e-11,3.4169061717996e-06,1.0456618119876e-12,-1.1181531774011e-13
5567,0,0,5567,7.3583356170886e-11,3.4111274927404e-06,1.0459409097092e-12,-1.1198782866313e-13
5568,0,0,5568,7.3695514949075e-11,3.4053472630756e-06,1.0462215693406e-12,-1.1215877818906e-13
5569,0,0,5569,7.3807843085076e-11,3.3995654740082e-06,1.046503821199e-12,-1.1232813600075e-13
5570,0,0,5570,7.3920338956507e-11,3.393782116572e-06,1.0467876959522e-12,-1.1249587143086e-13
5571,0,0,5571,7.4033000909965e-11,3.3879971816293e-06,1.0470732246209e-12,-1.1266195345866e-13
5572,0,0,5572,7.4145827260672e-11,3.3822106598692e-06,1.0473604385826e-12,-1.1282635070698e-13
5573,0,0,5573,7.4258816292111e-11,3.3764225418053e-06,1.0476493695743e-12,-1.1298903143893e-13
5574,0,0,5574,7.4371966255666e-11,3.3706328177738e-06,1.047940049696e-12,-1.1314996355478e-13
5575,0,0,5575,7.4485275370255e-11,3.3648414779317e-06,1.0482325114137e-12,-1.1330911458879e-13
5576,0,0,5576,7.4598741821961e-11,3.3590485122546e-06,1.0485267875626e-12,-1.1346645170583e-13
5577,0,0,5577,7.4712363763659e-11,3.3532539105344e-06,1.0488229113506e-12,-1.1362194169829e-13
5578,0,0,5578,7.4826139314642e-11,3.3474576623777e-06,1.0491209163611e-12,-1.1377555098273e-13
5579,0,0,5579,7.4940066560238e-11,3.3416597572034e-06,1.0494208365572e-12,-1.1392724559659e-13
5580,0,0,5580,7.5054143551433e-11,3.3358601842405e-06,1.049722706284e-12,-1.1407699119493e-13
5581,0,0,5581,7.516836830448e-11,3.3300589325263e-06,1.0500265602722e-12,-1.1422475304705e-13
5582,0,0,5582,7.5282738800513e-11,3.3242559909039e-06,1.0503324336419e-12,-1.1437049603315e-13
5583,0,0,5583,7.5397252985154e-11,3.3184513480205e-06,1.0506403619054e-12,-1.14514184641e-13
5584,0,0,5584,7.5511908768117e-11,3.3126449923245e-06,1.0509503809714e-12,-1.146557829625e-13
5585,0,0,5585,7.5626704022807e-11,3.306836912064e-06,1.051262527147e-12,-1.1479525469029e-13
5586,0,0,5586,7.5741636585921e-11,3.3010270952842e-06,1.0515768371426e-12,-1.1493256311437e-13
5587,0,0,5587,7.585670425704e-11,3.2952155298253e-06,1.0518933480745e-12,-1.1506767111858e-13
5588,0,0,5588,7.5971904798217e-11,3.2894022033199e-06,1.0522120974689e-12,-1.1520054117713e-13
5589,0,0,5589,7.6087235933568e-11,3.2835871031914e-06,1.0525331232646e-12,-1.153311353512e-13
5590,0,0,5590,7.6202695348854e-11,3.2777702166509e-06,1.0528564638172e-12,-1.1545941528538e-13
5591,0,0,5591,7.6318280691058e-11,3.2719515306957e-06,1.0531821579026e-12,-1.1558534220408e-13
5592,0,0,5592,7.6433989567966e-11,3.2661310321061e-06,1.0535102447202e-12,-1.1570887690814e-13
5593,0,0,5593,7.6549819547737e-11,3.2603087074436e-06,1.0538407638964e-12,-1.1582997977106e-13
5594,0,0,5594,7.6665768158473e-11,3.2544845430487e-06,1.0541737554891e-12,-1.159486107356e-13
5595,0,0,5595,7.6781832887783e-11,3.2486585250377e-06,1.0545092599897e-12,-1.1606472931014e-13
5596,0,0,5596,7.6898011182348e-11,3.2428306393011e-06,1.0548473183284e-12,-1.1617829456488e-13
5597,0,0,5597,7.7014300447476e-11,3.2370008715006e-06,1.0551879718769e-12,-1.1628926512848e-13
5598,0,0,5598,7.713069804666e-11,3.2311692070672e-06,1.0555312624518e-12,-1.1639759918416e-13
5599,0,0,5599,7.7247201301126e-11,3.225335631198e-06,1.0558772323193e-12,-1.1650325446613e-13
5600,0,0,5600,7.7363807489382e-11,3.2195001288544e-06,1.0562259241981e-12,-1.1660618825592e-13
5601,0,0,5601,7.7480513846761e-11,3.213662684759e-06,1.0565773812634e-12,-1.1670635737852e-13
5602,0,0,5602,7.759731756496e-11,3.2078232833936e-06,1.0569316471504e-12,-1.168037181988e-13
5603,0,0,5603,7.7714215791577e-11,3.201981908996e-06,1.0572887659587e-12,-1.1689822661765e-13
5604,0,0,5604,7.7831205629646e-11,3.1961385455581e-06,1.0576487822549e-12,-1.1698983806826e-13
5605,0,0,5605,7.7948284137158e-11,3.1902931768229e-06,1.0580117410779e-12,-1.1707850751229e-13
5606,0,0,5606,7.8065448326594e-11,3.1844457862818e-06,1.0583776879413e-12,-1.1716418943604e-13
5607,0,0,5607,7.8182695164441e-11,3.1785963571722e-06,1.0587466688385e-12,-1.1724683784669e-13
5608,0,0,5608,7.8300021570709e-11,3.1727448724747e-06,1.0591187302452e-12,-1.1732640626839e-13
5609,0,0,5609,7.8417424418447e-11,3.1668913149105e-06,1.0594939191244e-12,-1.1740284773837e-13
5610,0,0,5610,7.853490053325e-11,3.1610356669385e-06,1.05987228293e-12,-1.1747611480314e-13
5611,0,0,5611,7.8652446692765e-11,3.1551779107528e-06,1.0602538696103e-12,-1.1754615951452e-13
5612,0,0,5612,7.8770059626191e-11,3.1493180282798e-06,1.0606387276122e-12,-1.1761293342569e-13
5613,0,0,5613,7.8887736013778e-11,3.1434560011754e-06,1.0610269058854e-12,-1.1767638758733e-13
5614,0,0,5614,7.9005472486322e-11,3.1375918108225e-06,1.0614184538858e-12,-1.177364725436e-13
5615,0,0,5615,7.912326562465e-11,3.1317254383276e-06,1.0618134215799e-12,-1.1779313832821e-13
5616,0,0,5616,7.924111195911e-11,3.1258568645185e-06,1.0622118594488e-12,-1.1784633446038e-13
5617,0,0,5617,7.9359007969051e-11,3.1199860699412e-06,1.0626138184917e-12,-1.1789600994083e-13
5618,0,0,5618,7.9476950082299e-11,3.114113034857e-06,1.0630193502309e-12,-1.1794211324782e-13
5619,0,0,5619,7.9594934674632e-11,3.1082377392398e-06,1.0634285067148e-12,-1.1798459233305e-13
5620,0,0,5620,7.9712958069249e-11,3.1023601627728e-06,1.0638413405223e-12,-1.1802339461756e-13
5621,0,0,5621,7.9831016536237e-11,3.0964802848459e-06,1.0642579047676e-12,-1.1805846698777e-13
5622,0,0,5622,7.9949106292028e-11,3.0905980845525e-06,1.0646782531029e-12,-1.1808975579127e-13
5623,0,0,5623,8.0067223498861e-11,3.0847135406867e-06,1.065102439724e-12,-1.1811720683276e-13
5624,0,0,5624,8.0185364264231e-11,3.0788266317398e-06,1.0655305193732e-12,-1.1814076536996e-13
5625,0,0,5625,8.0303524640341e-11,3.0729373358982e-06,1.0659625473443e-12,-1.181603761094e-13
5626,0,0,5626,8.0421700623543e-11,3.0670456310391e-06,1.0663985794861e-12,-1.181759832023e-13
5627,0,0,5627,8.0539888153783e-11,3.0611514947286e-06,1.0668386722072e-12,-1.1818753024039e-13
5628,0,0,5628,8.0658083114035e-11,3.0552549042177e-06,1.0672828824799e-12,-1.1819496025173e-13
5629,0,0,5629,8.0776281329732e-11,3.0493558364395e-06,1.0677312678439e-12,-1.1819821569655e-13
5630,0,0,5630,8.0894478568194e-11,3.0434542680063e-06,1.0681838864114e-12,-1.1819723846289e-13
5631,0,0,5631,8.1012670538057e-11,3.0375501752059e-06,1.0686407968708e-12,-1.1819196986256e-13
5632,0,0,5632,8.1130852888684e-11,3.0316435339988e-06,1.0691020584912e-12,-1.1818235062678e-13
5633,0,0,5633,8.1249021209586e-11,3.0257343200146e-06,1.0695677311265e-12,-1.1816832090196e-13
5634,0,0,5634,8.1367171029831e-11,3.0198225085493e-06,1.0700378752191e-12,-1.1814982024536e-13
5635,0,0,5635,8.1485297817452e-11,3.0139080745615e-06,1.0705125518058e-12,-1.1812678762094e-13
5636,0,0,5636,8.1603396978847e-11,3.0079909926691e-06,1.0709918225204e-12,-1.1809916139496e-13
5637,0,0,5637,8.1721463858179e-11,3.0020712371464e-06,1.0714757495986e-12,-1.1806687933167e-13
5638,0,0,5638,8.1839493736768e-11,2.9961487819206e-06,1.0719643958829e-12,-1.1802987858907e-13
5639,0,0,5639,8.1957481832482e-11,2.9902236005679e-06,1.0724578248261e-12,-1.1798809571449e-13
5640,0,0,5640,8.2075423299123e-11,2.9842956663111e-06,1.0729561004959e-12,-1.179414666403e-13
5641,0,0,5641,8.2193313225802e-11,2.978364952015e-06,1.0734592875796e-12,-1.1788992667949e-13
5642,0,0,5642,8.2311146636323e-11,2.9724314301842e-06,1.073967451388e-12,-1.1783341052142e-13
5643,0,0,5643,8.2428918488551e-11,2.9664950729584e-06,1.0744806578602e-12,-1.1777185222734e-13
5644,0,0,5644,8.2546623673777e-11,2.96055585211e-06,1.0749989735675e-12,-1.1770518522603e-13
5645,0,0,5645,8.2664257016086e-11,2.9546137390397e-06,1.0755224657181e-12,-1.1763334230938e-13
5646,0,0,5646,8.2781813271714e-11,2.9486687047736e-06,1.0760512021616e-12,-1.1755625562812e-13
5647,0,0,5647,8.2899287128402e-11,2.9427207199593e-06,1.0765852513933e-12,-1.1747385668717e-13
5648,0,0,5648,8.3016673204743e-11,2.9367697548623e-06,1.0771246825585e-12,-1.1738607634145e-13
5649,0,0,5649,8.3133966049534e-11,2.9308157793625e-06,1.0776695654569e-12,-1.1729284479131e-13
5650,0,0,5650,8.3251160141112e-11,2.9248587629507e-06,1.0782199705476e-12,-1.1719409157814e-13
5651,0,0,5651,8.3368249886692e-11,2.9188986747244e-06,1.0787759689524e-12,-1.1708974557989e-13
5652,0,0,5652,8.3485229621699e-11,2.9129354833848e-06,1.0793376324617e-12,-1.1697973500673e-13
5653,0,0,5653,8.3602093609095e-11,2.9069691572327e-06,1.0799050335379e-12,-1.1686398739637e-13
5654,0,0,5654,8.3718836038705e-11,2.9009996641646e-06,1.08047824532e-12,-1.1674242960991e-13
5655,0,0,5655,8.3835451027275e-11,2.8950269716736e-06,1.0812028559631e-12,-1.1658238719037e-13
5656,0,0,5656,8.3951932617065e-11,2.8890510468408e-06,1.0817894089111e-12,-1.1644748943082e-13
5657,0,0,5657,8.4068274774425e-11,2.8830718563285e-06,1.0823820149279e-12,-1.1630653913295e-13
5658,0,0,5658,8.4184471389811e-11,2.8770893663791e-06,1.0829807500782e-12,-1.1615946023239e-13
5659,0,0,5659,8.4300516277091e-11,2.8711035428124e-06,1.0835856911268e-12,-1.1600617596438e-13
5660,0,0,5660,8.4416403172839e-11,2.8651143510207e-06,1.0841969155435e-12,-1.1584660885951e-13
5661,0,0,5661,8.4532125735628e-11,2.8591217559657e-06,1.0848145015069e-12,-1.1568068073907e-13
5662,0,0,5662,8.464767754532e-11,2.8531257221739e-06,1.0857529811265e-12,-1.1541968888082e-13
5663,0,0,5663,8.4763052102342e-11,2.8471262137334e-06,1.0865465203964e-12,-1.1519072367626e-13
5664,0,0,5664,8.4878242826018e-11,2.8411231942837e-06,1.0865465203964e-12,-1.1519072367626e-13
5665,0,0,5665,8.4993243054769e-11,2.8351166270176e-06,1.0871886751596e-12,-1.1500022875051e-13
5666,0,0,5666,8.5108046047336e-11,2.8291064746877e-06,1.0880006448654e-12,-1.1475283457358e-13
5667,0,0,5667,8.5222644980142e-11,2.8230926995917e-06,1.0886580821508e-12,-1.1454705832345e-13
5668,0,0,5668,8.5337032945549e-11,2.8170752635629e-06,1.089322448471e-12,-1.1433435357095e-13
5669,0,0,5669,8.5451202952091e-11,2.8110541279715e-06,1.0899938278409e-12,-1.1411463630201e-13
5670,0,0,5670,8.5565147923725e-11,2.8050292537204e-06,1.0906723050237e-12,-1.13887821753e-13
5671,0,0,5671,8.567886069908e-11,2.799000601241e-06,1.0913579655377e-12,-1.136538244063e-13
5672,0,0,5672,8.5792334030699e-11,2.7929681304893e-06,1.092050895659e-12,-1.1341255798574e-13
5673,0,0,5673,8.5905560584277e-11,2.7869318009412e-06,1.092751182427e-12,-1.1316393545228e-13
5674,0,0,5674,8.6018532937893e-11,2.7808915715886e-06,1.0934589136483e-12,-1.1290786899942e-13
5675,0,0,5675,8.6131243581244e-11,2.7748474009354e-06,1.0945346628076e-12,-1.1250961799429e-13
5676,0,0,5676,8.6243684914864e-11,2.7687992469924e-06,1.0952613943925e-12,-1.1223455251389e-13
5677,0,0,5677,8.635584924935e-11,2.7627470672739e-06,1.0956276637025e-12,-1.1209411645648e-13
5678,0,0,5678,8.6467728804571e-11,2.7566908187928e-06,1.0967382225276e-12,-1.1166105819178e-13
5679,0,0,5679,8.657931570889e-11,2.7506304580564e-06,1.0971123640622e-12,-1.1151275044457e-13
5680,0,0,5680,8.6690601998359e-11,2.744565941062e-06,1.0978666494738e-12,-1.1121013300945e-13
5681,0,0,5681,8.6801579615933e-11,2.7384972232926e-06,1.098629015843e-12,-1.1089943515211e-13
5682,0,0,5682,8.6912240410662e-11,2.7324242597124e-06,1.0993995572741e-12,-1.1058056276833e-13
5683,0,0,5683,8.7022576136886e-11,2.7263470047622e-06,1.1001783686783e-12,-1.1025342094714e-13
5684,0,0,5684,8.7132578453427e-11,2.7202654123554e-06,1.1009655457781e-12,-1.0991791396637e-13
5685,0,0,5685,8.7242238922774e-11,2.7141794358728e-06,1.1017611851112e-12,-1.0957394528827e-13
5686,0,0,5686,8.7351549010262e-11,2.7080890281586e-06,1.1025653840355e-12,-1.092214175555e-13
5687,0,0,5687,8.7460500083252e-11,2.7019941415157e-06,1.1033782407322e-12,-1.0886023258665e-13
5688,0,0,5688,8.7569083410304e-11,2.6958947277011e-06,1.1041998542116e-12,-1.0849029137208e-13
5689,0,0,5689,8.7677290160341e-11,2.6897907379215e-06,1.1050303243155e-12,-1.081114940697e-13
5690,0,0,5690,8.778511140182e-11,2.6836821228282e-06,1.1062928561078e-12,-1.0752647248708e-13
5691,0,0,5691,8.7892538101886e-11,2.6775688325132e-06,1.1067182379541e-12,-1.07326927646e-13
5692,0,0,5692,8.7999561125534e-11,2.6714508165036e-06,1.1075758853729e-12,-1.0692095464076e-13
5693,0,0,5693,8.8106171234757e-11,2.6653280237579e-06,1.1084427971934e-12,-1.0650571777166e-13
5694,0,0,5694,8.8212359087693e-11,2.6592004026606e-06,1.1093190774823e-12,-1.0608111297213e-13
5695,0,0,5695,8.8318115237774e-11,2.6530679010177e-06,1.1102048311634e-12,-1.0564703531843e-13
5696,0,0,5696,8.8423430132861e-11,2.6469304660521e-06,1.111100164022e-12,-1.0520337902568e-13
5697,0,0,5697,8.852829411438e-11,2.6407880443983e-06,1.1120051827081e-12,-1.0475003744372e-13
5698,0,0,5698,8.8632697416459e-11,2.6346405820985e-06,1.1129199947414e-12,-1.042869030534e-13
5699,0,0,5699,8.8736630165048e-11,2.6284880245968e-06,1.1138447085143e-12,-1.0381386746248e-13
5700,0,0,5700,8.8840082377051e-11,2.622330316735e-06,1.1147794332959e-12,-1.0333082140178e-13
5701,0,0,5701,8.8943043959441e-11,2.6161674027476e-06,1.1157242792368e-12,-1.0283765472145e-13
5702,0,0,5702,8.9045504708377e-11,2.6099992262568e-06,1.117160768452e-12,-1.0207868540842e-13
5703,0,0,5703,8.9147454308319e-11,2.6038257302677e-06,1.117644779622e-12,-1.0182051447571e-13
5704,0,0,5704,8.9248882331135e-11,2.5976468571632e-06,1.1186206588046e-12,-1.0129631617273e-13
5705,0,0,5705,8.9349778235207e-11,2.5914625486995e-06,1.1196071086294e-12,-1.0076154776766e-13
5706,0,0,5706,8.945013136453e-11,2.5852727460005e-06,1.1206042437063e-12,-1.0021609465066e-13
5707,0,0,5707,8.9549930947816e-11,2.5790773895535e-06,1.1216121795486e-12,-9.965984130906e-14
5708,0,0,5708,8.9649166097582e-11,2.5728764192035e-06,1.1226310325752e-12,-9.9092671323782e-14
5709,0,0,5709,8.9747825809245e-11,2.5666697741489e-06,1.1236609201155e-12,-9.8514467365796e-14
5710,0,0,5710,8.9845898960208e-11,2.5604573929358e-06,1.1247019604119e-12,-9.7925111192787e-14
5711,0,0,5711,8.9943374308943e-11,2.5542392134533e-06,1.1257542726237e-12,-9.7324483645768e-14
5712,0,0,5712,9.0040240494075e-11,2.5480151729283e-06,1.1268179768299e-12,-9.6712464645826e-14
5713,0,0,5713,9.0136486033457e-11,2.5417852079208e-06,1.1278931940329e-12,-9.6088933190602e-14
5714,0,0,5714,9.0232099323246e-11,2.5355492543179e-06,1.1295278736806e-12,-9.5131783181317e-14
5715,0,0,5715,9.0327068636972e-11,2.5293072473296e-06,1.1300786560751e-12,-9.4806844270492e-14
5716,0,0,5716,9.0421382124608e-11,2.5230591214832e-06,1.1311891475636e-12,-9.4148040156504e-14
5717,0,0,5717,9.0515027811636e-11,2.516804810618e-06,1.1323116453539e-12,-9.3477230283212e-14
5718,0,0,5718,9.0607993598105e-11,2.5105442478806e-06,1.1334462751111e-12,-9.2794288985596e-14
5719,0,0,5719,9.0700267257696e-11,2.5042773657191e-06,1.134593163442e-12,-9.2099089657305e-14
5720,0,0,5720,9.0791836436775e-11,2.4980040958785e-06,1.1357524378974e-12,-9.1391504747734e-14
5721,0,0,5721,9.0882688653445e-11,2.4917243693951e-06,1.1369242269747e-12,-9.0671405759493e-14
5722,0,0,5722,9.0972811296603e-11,2.4854381165911e-06,1.1381086601213e-12,-8.9938663245512e-14
5723,0,0,5723,9.1062191624984e-11,2.4791452670699e-06,1.1393058677364e-12,-8.9193146806841e-14
5724,0,0,5724,9.1150816766206e-11,2.4728457497104e-06,1.1405159811737e-12,-8.8434725089785e-14
5725,0,0,5725,9.1238673715819e-11,2.4665394926617e-06,1.1417391327439e-12,-8.7663265783908e-14
5726,0,0,5726,9.1325749336342e-11,2.460226423338e-06,1.1435985983895e-12,-8.64813395556e-14
5727,0,0,5727,9.1412030356302e-11,2.4539064684134e-06,1.1442250843249e-12,-8.6080700365174e-14
5728,0,0,5728,9.1497503369275e-11,2.4475795538161e-06,1.1454881537616e-12,-8.5269324826407e-14
5729,0,0,5729,9.1582154832915e-11,2.4412456047236e-06,1.1467648001881e-12,-8.4444372842841e-14
5730,0,0,5730,9.1665971067993e-11,2.434904545557e-06,1.1480551607324e-12,-8.3605707286646e-14
5731,0,0,5731,9.1748938257424e-11,2.4285562999757e-06,1.1493593734919e-12,-8.2753190060663e-14
5732,0,0,5732,9.1831042445298e-11,2.4222007908724e-06,1.150677577535e-12,-8.188668209673e-14
5733,0,0,5733,9.1912269535907e-11,2.4158379403671e-06,1.1520099129024e-12,-8.1006043353971e-14
5734,0,0,5734,9.1992605292771e-11,2.4094676698023e-06,1.1533565206099e-12,-8.0111132817296e-14
5735,0,0,5735,9.2072035337665e-11,2.4030898997372e-06,1.1547175426479e-12,-7.9201808496088e-14
5736,0,0,5736,9.215054514964e-11,2.3967045499425e-06,1.1560931219843e-12,-7.8277927422852e-14
5737,0,0,5737,9.2228120064046e-11,2.3903115393951e-06,1.157483402565e-12,-7.7339345651956e-14
5738,0,0,5738,9.2304745271552e-11,2.3839107862725e-06,1.15959670556e-12,-7.590359189685e-14
5739,0,0,5739,9.238040581717e-11,2.3775022079474e-06,1.1603086481383e-12,-7.5417499338484e-14
5740,0,0,5740,9.2455086599269e-11,2.3710857209823e-06,1.1617439059219e-12,-7.4433942005663e-14
5741,0,0,5741,9.2528772368598e-11,2.3646612411242e-06,1.1631944505322e-12,-7.3435098393165e-14
5742,0,0,5742,9.2601447727301e-11,2.3582286832991e-06,1.164660430819e-12,-7.242081965188e-14
5743,0,0,5743,9.2673097127938e-11,2.3517879616064e-06,1.1661419966139e-12,-7.1390955950165e-14
5744,0,0,5744,9.2743704872499e-11,2.3453389893139e-06,1.1676392987314e-12,-7.0345356473709e-14
5745,0,0,5745,9.2813255111423e-11,2.3388816788518e-06,1.1691524889692e-12,-6.928386942523e-14
5746,0,0,5746,9.2881731842613e-11,2.3324159418078e-06,1.1706817201075e-12,-6.8206342024647e-14
5747,0,0,5747,9.2949118910458e-11,2.3259416889212e-06,1.1722271459093e-12,-6.7112620509142e-14
5748,0,0,5748,9.3015400004844e-11,2.319458830078e-06,1.1737889211197e-12,-6.6002550133616e-14
5749,0,0,5749,9.3080558660178e-11,2.3129672743049e-06,1.1761625799989e-12,-6.4306449536333e-14
5750,0,0,5750,9.3144578254402e-11,2.3064669297644e-06,1.1769621436575e-12,-6.3732738912693e-14
5751,0,0,5751,9.3207442008016e-11,2.299957703749e-06,1.1785739053826e-12,-6.257268367011e-14
5752,0,0,5752,9.3269132983096e-11,2.293439502676e-06,1.1802026453099e-12,-6.1395650774739e-14
5753,0,0,5753,9.3329634082314e-11,2.286912232082e-06,1.1818485230863e-12,-6.020148057992e-14
5754,0,0,5754,9.3388928048743e-11,2.2803757966218e-06,1.1835116982969e-12,-5.8990013501031e-14
5755,0,0,5755,9.3446997462803e-11,2.2738301000515e-06,1.1851923346196e-12,-5.7761085860098e-14
5756,0,0,5756,9.3503824742841e-11,2.267275045232e-06,1.1868905935887e-12,-5.6514536123144e-14
5757,0,0,5757,9.3559392144162e-11,2.2607105341232e-06,1.1886066387501e-12,-5.5250200744646e-14
5758,0,0,5758,9.36136817578e-11,2.2541364677775e-06,1.190340634619e-12,-5.3967915209159e-14
5759,0,0,5759,9.3666675509545e-11,2.2475527463344e-06,1.1920927466791e-12,-5.2667514033437e-14
5760,0,0,5760,9.3718355158981e-11,2.2409592690149e-06,1.1938631413793e-12,-5.1348830768863e-14
5761,0,0,5761,9.3768702298521e-11,2.2343559341168e-06,1.1965533798547e-12,-4.933616048071e-14
5762,0,0,5762,9.3817698352445e-11,2.2277426390086e-06,1.1974594493055e-12,-4.8655947368245e-14
5763,0,0,5763,9.3865324577097e-11,2.2211192801312e-06,1.1995151607903e-12,-4.7108413144068e-14
5764,0,0,5764,9.3911562058791e-11,2.2144857529861e-06,1.2013627478588e-12,-4.5712539786501e-14
5765,0,0,5765,9.3956391711708e-11,2.2078419521237e-06,1.2032294856291e-12,-4.429751627948e-14
5766,0,0,5766,9.3999794278087e-11,2.2011877711444e-06,1.2051155463966e-12,-4.2863170327538e-14
5767,0,0,5767,9.4041750327283e-11,2.1945231026936e-06,1.2070211033984e-12,-4.1409328693722e-14
5768,0,0,5768,9.408224025483e-11,2.1878478384563e-06,1.2089463308094e-12,-3.9935817203627e-14
5769,0,0,5769,9.4121244281501e-11,2.1811618691519e-06,1.2108914037369e-12,-3.8442460749579e-14
5770,0,0,5770,9.4158742452382e-11,2.1744650845293e-06,1.2128564982177e-12,-3.6929083295858e-14
5771,0,0,5771,9.4194714635945e-11,2.1677573733613e-06,1.2148417912107e-12,-3.5395507883201e-14
5772,0,0,5772,9.4229140523131e-11,2.1610386234404e-06,1.2173520826822e-12,-3.3449864165945e-14
5773,0,0,5773,9.4261999626431e-11,2.1543087215726e-06,1.219383474082e-12,-3.187019159251e-14
5774,0,0,5774,9.4293271278978e-11,2.1475675535734e-06,1.2209206445952e-12,-3.0671810562637e-14
5775,0,0,5775,9.4322934633647e-11,2.1408150042623e-06,1.2235087775288e-12,-2.8648327460998e-14
5776,0,0,5776,9.4350968662156e-11,2.1340509574577e-06,1.2250774913882e-12,-2.7418403916734e-14
5777,0,0,5777,9.4377352154174e-11,2.1272752959726e-06,1.2271877426134e-12,-2.5759873596651e-14
5778,0,0,5778,9.4402063716441e-11,2.120487901609e-06,1.2293194564454e-12,-2.4079881224768e-14
5779,0,0,5779,9.442508177189e-11,2.1136886551535e-06,1.231472817018e-12,-2.2378242666958e-14
5780,0,0,5780,9.4446384558776e-11,2.1068774363725e-06,1.2336480093329e-12,-2.0654772922779e-14
5781,0,0,5781,9.4465950129818e-11,2.1000541240072e-06,1.2358452192478e-12,-1.8909286133484e-14
5782,0,0,5782,9.4483756351344e-11,2.093218595769e-06,1.2380646334722e-12,-1.7141595590192e-14
5783,0,0,5783,9.4499780902447e-11,2.086370728335e-06,1.2408704118651e-12,-1.490047258053e-14
5784,0,0,5784,9.4514001274146e-11,2.079510397343e-06,1.2425708258872e-12,-1.35388522052e-14
5785,0,0,5785,9.4526394768561e-11,2.0726374773873e-06,1.2448579816696e-12,-1.1703421772146e-14
5786,0,0,5786,9.4536938498097e-11,2.0657518420141e-06,1.2471680969265e-12,-9.8450324207911e-15
5787,0,0,5787,9.454560938463e-11,2.0588533637168e-06,1.2495013624853e-12,-7.9634933244448e-15
5788,0,0,5788,9.4552384158715e-11,2.0519419139319e-06,1.2524507915429e-12,-5.5787231276005e-15
5789,0,0,5789,9.4557239358791e-11,2.0450173630344e-06,1.2542381117764e-12,-4.130198628392e-15
5790,0,0,5790,9.4560151330413e-11,2.0380795803337e-06,1.2566419810923e-12,-2.1780574455775e-15
5791,0,0,5791,9.4561096225478e-11,2.0311284340693e-06,1.259069771855e-12,-2.0199537357912e-16
5792,0,0,5792,9.4560050001472e-11,2.0241637914065e-06,1.2615216787545e-12,1.7981822775367e-15
5793,0,0,5793,9.4556988420733e-11,2.0171855184324e-06,1.2639978972189e-12,3.822670935807e-15
5794,0,0,5794,9.4551887049712e-11,2.0101934801521e-06,1.2671276573339e-12,6.3877680085546e-15
5795,0,0,5795,9.4544721258262e-11,2.0031875404842e-06,1.269024054171e-12,7.9453666017733e-15
5796,0,0,5796,9.4535466218932e-11,1.9961675622576e-06,1.2715743870922e-12,1.0043968042169e-14
5797,0,0,5797,9.4524096906272e-11,1.9891334072068e-06,1.2741498204176e-12,1.2167669328236e-14
5798,0,0,5798,9.4510588096162e-11,1.982084935969e-06,1.2767505530714e-12,1.4316669383883e-14
5799,0,0,5799,9.4494914365145e-11,1.9750220080802e-06,1.2793767846352e-12,1.649116779037e-14
5800,0,0,5800,9.447705008978e-11,1.9679444819711e-06,1.2820287153323e-12,1.8691364771054e-14
5801,0,0,5801,9.4456969446009e-11,1.9608522149644e-06,1.2847065460134e-12,2.0917461176504e-14
5802,0,0,5802,9.4434646408541e-11,1.9537450632709e-06,1.2874104781404e-12,2.3169658468213e-14
5803,0,0,5803,9.4410054750251e-11,1.9466228819861e-06,1.2901407137697e-12,2.544815870226e-14
5804,0,0,5804,9.4383168041595e-11,1.9394855250875e-06,1.2928974555352e-12,2.775316451277e-14
5805,0,0,5805,9.4353959650042e-11,1.9323328454308e-06,1.2963809666037e-12,3.0672004849268e-14
5806,0,0,5806,9.4322402739527e-11,1.9251646947475e-06,1.2991980909332e-12,3.3037391962804e-14
5807,0,0,5807,9.4288470269918e-11,1.9179809236414e-06,1.3013287522968e-12,3.4829250046167e-14
5808,0,0,5808,9.4252134996503e-11,1.9107813815862e-06,1.3041935558939e-12,3.7242315446029e-14
5809,0,0,5809,9.4213369469497e-11,1.9035659169225e-06,1.3070858868446e-12,3.9682907638653e-14
5810,0,0,5810,9.4172146033566e-11,1.8963343768553e-06,1.3100059508708e-12,4.2151232344993e-14
5811,0,0,5811,9.4128436827378e-11,1.8890866074514e-06,1.3129539541388e-12,4.464749573227e-14
5812,0,0,5812,9.4082213783162e-11,1.8818224536373e-06,1.3159301032422e-12,4.717190439277e-14
5813,0,0,5813,9.4033448626305e-11,1.8745417591965e-06,1.3189346051768e-12,4.9724665323065e-14
5814,0,0,5814,9.3982112874952e-11,1.8672443667675e-06,1.3227304197271e-12,5.2955802827532e-14
5815,0,0,5815,9.3928177839649e-11,1.859930117842e-06,1.3250294974139e-12,5.4916073864938e-14
5816,0,0,5816,9.3871614622988e-11,1.8525988527628e-06,1.3281203035277e-12,5.7555137287698e-14
5817,0,0,5817,9.3812394119293e-11,1.8452504107218e-06,1.3320248761914e-12,6.08950307963e-14
5818,0,0,5818,9.375048701432e-11,1.8378846297587e-06,1.3343896776528e-12,6.2921024342346e-14
5819,0,0,5819,9.3685863784982e-11,1.8305013467596e-06,1.3375686632752e-12,6.5648265585207e-14
5820,0,0,5820,9.3618494699108e-11,1.8231003974551e-06,1.3407774600914e-12,6.840531745859e-14
5821,0,0,5821,9.3548349815216e-11,1.8156816164196e-06,1.3440162774873e-12,7.119238934812e-14
5822,0,0,5822,9.3475398982322e-11,1.80824483707e-06,1.347285325033e-12,7.4009690823831e-14
5823,0,0,5823,9.3399611839772e-11,1.8007898916647e-06,1.3505848124558e-12,7.6857431612765e-14
5824,0,0,5824,9.3320957817102e-11,1.793316611303e-06,1.3539149496115e-12,7.9735821570541e-14
5825,0,0,5825,9.3239406133928e-11,1.7858248259244e-06,1.3572759464555e-12,8.2645070652814e-14
5826,0,0,5826,9.3154925799862e-11,1.7783143643083e-06,1.3606680130149e-12,8.5585388885498e-14
5827,0,0,5827,9.3067485614466e-11,1.7707850540732e-06,1.3649521080246e-12,8.9304797693131e-14
5828,0,0,5828,9.2977054167225e-11,1.7632367216775e-06,1.3675461955528e-12,9.1560073076152e-14
5829,0,0,5829,9.288359983756e-11,1.7556691924186e-06,1.3710327316605e-12,9.459485916293e-14
5830,0,0,5830,9.2787090794871e-11,1.7480822904338e-06,1.3745511776775e-12,9.7661554593677e-14
5831,0,0,5831,9.2687494998613e-11,1.7404758387002e-06,1.3781017435151e-12,1.0076036927928e-13
5832,0,0,5832,9.25847801984e-11,1.732849659036e-06,1.3816846389624e-12,1.0389151300928e-13
5833,0,0,5833,9.2478913934155e-11,1.7252035721005e-06,1.3853000736534e-12,1.07055195417e-13
5834,0,0,5834,9.2369863536281e-11,1.7175373973955e-06,1.3889482570304e-12,1.1025162594467e-13
5835,0,0,5835,9.225759612588e-11,1.7098509532666e-06,1.3926293983083e-12,1.1348101380683e-13
5836,0,0,5836,9.2142078615002e-11,1.7021440569043e-06,1.3963437064373e-12,1.1674356795382e-13
5837,0,0,5837,9.2023277706932e-11,1.6944165243458e-06,1.4000913900664e-12,1.2003949703404e-13
5838,0,0,5838,9.1901159896516e-11,1.6866681704764e-06,1.4048232462079e-12,1.2420665919254e-13
5839,0,0,5839,9.1775691470526e-11,1.6788988090322e-06,1.407687716676e-12,1.2673231284563e-13
5840,0,0,5840,9.1646838508068e-11,1.6711082526018e-06,1.4115367750935e-12,1.3012961501302e-13
5841,0,0,5841,9.151456688102e-11,1.663296312629e-06,1.4163962249288e-12,1.3442436873804e-13
5842,0,0,5842,9.1378842254529e-11,1.6554627994151e-06,1.4193377173478e-12,1.3702704306492e-13
5843,0,0,5843,9.1239630087531e-11,1.6476075221225e-06,1.4232900137283e-12,1.4052758149253e-13
5844,0,0,5844,9.1096895633332e-11,1.6397302887774e-06,1.4272771343542e-12,1.4406294359733e-13
5845,0,0,5845,9.0950603940216e-11,1.6318309062732e-06,1.4312992840015e-12,1.4763333415539e-13
5846,0,0,5846,9.0800719852116e-11,1.6239091803744e-06,1.4353566667676e-12,1.5123895726396e-13
5847,0,0,5847,9.0647208009315e-11,1.6159649157202e-06,1.439449486025e-12,1.5488001629481e-13
5848,0,0,5848,9.0490032849203e-11,1.6079979158291e-06,1.443577944373e-12,1.585567138474e-13
5849,0,0,5849,9.0329158607082e-11,1.6000079831028e-06,1.4487889420944e-12,1.6320300977438e-13
5850,0,0,5850,9.0164549317013e-11,1.5919949188314e-06,1.4529983248204e-12,1.6696063042434e-13
5851,0,0,5851,8.999616881272e-11,1.5839585231981e-06,1.4561791673499e-12,1.6980265102318e-13
5852,0,0,5852,8.982398072854e-11,1.5758985952843e-06,1.4604521908996e-12,1.7362391149993e-13
5853,0,0,5853,8.9647948500428e-11,1.5678149330758e-06,1.4647618532305e-12,1.7748181018792e-13
5854,0,0,5854,8.9468035367013e-11,1.5597073334678e-06,1.4691083512614e-12,1.813765440062e-13
5855,0,0,5855,8.9284204370706e-11,1.5515755922716e-06,1.4734918807817e-12,1.8530830874339e-13
5856,0,0,5856,8.9096418358865e-11,1.5434195042209e-06,1.4779126363953e-12,1.8927729900314e-13
5857,0,0,5857,8.8904639985019e-11,1.5352388629784e-06,1.4823708114641e-12,1.9328370814766e-13
5858,0,0,5858,8.8708831710138e-11,1.527033461143e-06,1.4868665980522e-12,1.9732772824074e-13
5859,0,0,5859,8.8508955803974e-11,1.5188030902571e-06,1.4925395128832e-12,2.0243593414949e-13
5860,0,0,5860,8.8304974346451e-11,1.5105475408144e-06,1.4959717671995e-12,2.0552936268395e-13
5861,0,0,5861,8.8096849229122e-11,1.5022666022678e-06,1.5005815268641e-12,2.0968735413941e-13
5862,0,0,5862,8.7884542156681e-11,1.4939600630379e-06,1.5052296521372e-12,2.1388371063194e-13
5863,0,0,5863,8.766801464854e-11,1.4856277105216e-06,1.5099163276956e-12,2.1811861683741e-13
5864,0,0,5864,8.7447228040472e-11,1.4772693311013e-06,1.5146417365504e-12,2.2239225576731e-13
5865,0,0,5865,8.7222143486314e-11,1.468884710154e-06,1.5194060599843e-12,2.2670480870405e-13
5866,0,0,5866,8.6992721959736e-11,1.4604736320616e-06,1.5242094774847e-12,2.3105645513478e-13
5867,0,0,5867,8.675892425608e-11,1.4520358802205e-06,1.5290521666765e-12,2.3544737268427e-13
5868,0,0,5868,8.6520710994266e-11,1.4435712370525e-06,1.5351610214523e-12,2.4099151210137e-13
5869,0,0,5869,8.6278042618762e-11,1.4350794840157e-06,1.5400927112782e-12,2.4547142899567e-13
5870,0,0,5870,8.6030879401634e-11,1.4265604016156e-06,1.5438176112719e-12,2.4885749891428e-13
5871,0,0,5871,8.5779181444657e-11,1.4180137694167e-06,1.5488191238155e-12,2.5340723752246e-13
5872,0,0,5872,8.5522908681504e-11,1.409439366055e-06,1.5538607658061e-12,2.5799710500423e-13
5873,0,0,5873,8.5262020880013e-11,1.4008369692501e-06,1.558942702218e-12,2.6262726633309e-13
5874,0,0,5874,8.4996477644518e-11,1.3922063558185e-06,1.5640650956584e-12,2.6729788411646e-13
5875,0,0,5875,8.4726238418268e-11,1.3835473016865e-06,1.5692281062922e-12,2.7200911851896e-13
5876,0,0,5876,8.4451262485917e-11,1.3748595819043e-06,1.5744318917632e-12,2.7676112718399e-13
5877,0,0,5877,8.4171508976094e-11,1.36614297066e-06,1.5809941991611e-12,2.8275871276626e-13
5878,0,0,5878,8.3886936864055e-11,1.3573972412944e-06,1.5849624047082e-12,2.8638808479254e-13
5879,0,0,5879,8.3597504974415e-11,1.348622166316e-06,1.5916276512379e-12,2.9248860806899e-13
5880,0,0,5880,8.330317198396e-11,1.3398175174165e-06,1.5956578421708e-12,2.9617996461842e-13
5881,0,0,5881,8.3003896424554e-11,1.3309830654872e-06,1.6010677726132e-12,3.011381153792e-13
5882,0,0,5882,8.2699636686116e-11,1.3221185806348e-06,1.606519366274e-12,3.0613792878265e-13
5883,0,0,5883,8.2390351019695e-11,1.3132238321989e-06,1.6120127608529e-12,3.1117954252808e-13
5884,0,0,5884,8.207599754063e-11,1.3042985887695e-06,1.617548090856e-12,3.1626309112178e-13
5885,0,0,5885,8.1756534231798e-11,1.2953426182045e-06,1.6231254875069e-12,3.2138870578669e-13
5886,0,0,5886,8.1431918946955e-11,1.2863556876486e-06,1.628745078654e-12,3.265565143716e-13
5887,0,0,5887,8.1102109414168e-11,1.277337563552e-06,1.6344069886794e-12,3.3176664125769e-13
5888,0,0,5888,8.0767063239342e-11,1.26828801169e-06,1.641544070848e-12,3.3833899369102e-13
5889,0,0,5889,8.042673790984e-11,1.2592067971829e-06,1.645858244987e-12,3.4231432955589e-13
5890,0,0,5890,8.00810907982e-11,1.2500936845168e-06,1.6516478218414e-12,3.4765212153973e-13
5891,0,0,5891,7.9730079165951e-11,1.2409484375642e-06,1.6574801785227e-12,3.5303269277281e-13
5892,0,0,5892,7.9373660167529e-11,1.2317708196063e-06,1.6633554206355e-12,3.5845614885945e-13
5893,0,0,5893,7.9011790854291e-11,1.2225605933543e-06,1.6692736497307e-12,3.639225913505e-13
5894,0,0,5894,7.8644428178631e-11,1.2133175209732e-06,1.6767320345145e-12,3.7081624206626e-13
5895,0,0,5895,7.8271528998204e-11,1.2040413641042e-06,1.6812394541876e-12,3.7498482086483e-13
5896,0,0,5896,7.7893050080252e-11,1.194731883889e-06,1.6872872114534e-12,3.8058078979133e-13
5897,0,0,5897,7.7508948106031e-11,1.1853888409945e-06,1.6949078792285e-12,3.8763672132857e-13
5898,0,0,5898,7.7119179675362e-11,1.1760119956374e-06,1.6995128574309e-12,3.9190285735416e-13
5899,0,0,5899,7.6723701311269e-11,1.1666011076102e-06,1.705690900881e-12,3.9762911072817e-13
5900,0,0,5900,7.6322469464751e-11,1.1571559363075e-06,1.7119125198671e-12,4.0339893905858e-13
5901,0,0,5901,7.5915440519645e-11,1.1476762407529e-06,1.7181777796937e-12,4.0921240765015e-13
5902,0,0,5902,7.5502570797624e-11,1.1381617796263e-06,1.7260708157457e-12,4.1654070384284e-13
5903,0,0,5903,7.5083816563288e-11,1.1286123112926e-06,1.7308394578215e-12,4.2097050156837e-13
5904,0,0,5904,7.4659134029392e-11,1.1190275938301e-06,1.7372359811168e-12,4.2691523188832e-13
5905,0,0,5905,7.4228479362182e-11,1.1094073850602e-06,1.7452933048209e-12,4.3440781355729e-13
5906,0,0,5906,7.3791808686848e-11,1.0997514425772e-06,1.750160618462e-12,4.3893628154194e-13
5907,0,0,5907,7.3349078093109e-11,1.0900595237799e-06,1.7566888048473e-12,4.4501267321022e-13
5908,0,0,5908,7.290024364091e-11,1.0803313859023e-06,1.7632609417662e-12,4.5113301483133e-13
5909,0,0,5909,7.2445261366251e-11,1.0705667860461e-06,1.7698770509533e-12,4.5729732813903e-13
5910,0,0,5910,7.1984087287138e-11,1.0607654812137e-06,1.7782090468274e-12,4.6506457834648e-13
5911,0,0,5911,7.1516677409663e-11,1.0509272283415e-06,1.7832412429409e-12,4.6975792662389e-13
5912,0,0,5912,7.1042987734209e-11,1.0410517843347e-06,1.7899893386992e-12,4.7605422475804e-13
5913,0,0,5913,7.0562974261793e-11,1.0311389061016e-06,1.7984863295002e-12,4.8398646771045e-13
5914,0,0,5914,7.0076593000535e-11,1.02118835059e-06,1.8036175144246e-12,4.8877880348904e-13
5915,0,0,5915,6.9583799972258e-11,1.0111998748233e-06,1.8104975686223e-12,4.9520705831606e-13
5916,0,0,5916,6.9084551219233e-11,1.0011732359379e-06,1.8174215719716e-12,5.0167926171203e-13
5917,0,0,5917,6.8578802811049e-11,9.9110819122112e-07,1.8261383333891e-12,5.0983127236792e-13
5918,0,0,5918,6.8066510851629e-11,9.8100449815001e-07,1.8314012993495e-12,5.1475538743415e-13
5919,0,0,5919,6.7547631486379e-11,9.7086191443076e-07,1.8384569421882e-12,5.2135922857035e-13
5920,0,0,5920,6.7022120909484e-11,9.6068019803907e-07,1.8473380637385e-12,5.2967559717187e-13
5921,0,0,5921,6.6489935371339e-11,9.5045910726119e-07,1.8526995283068e-12,5.3469820953328e-13
5922,0,0,5922,6.5951031186134e-11,9.4019840073582e-07,1.8598863458897e-12,5.4143322366263e-13
5923,0,0,5923,6.5405364739572e-11,9.2989783749678e-07,1.867116749823e-12,5.4821182355828e-13
5924,0,0,5924,6.4852892496744e-11,9.1955717701647e-07,1.8762159217931e-12,5.5674623965983e-13
5925,0,0,5925,6.4293571010143e-11,9.0917617925019e-07,1.8817079791877e-12,5.6189944309495e-13
5926,0,0,5926,6.3727356927836e-11,8.9875460468128e-07,1.889068615507e-12,5.6880827362314e-13
5927,0,0,5927,6.3154207001783e-11,8.8829221436705e-07,1.898330158555e-12,5.7750505860995e-13
5928,0,0,5928,6.2574078096305e-11,8.7778876998559e-07,1.9039193960461e-12,5.8275544082542e-13
5929,0,0,5929,6.1986927196709e-11,8.6724403388346e-07,1.9114093004384e-12,5.8979353767145e-13
5930,0,0,5930,6.1392711418071e-11,8.5665776912411e-07,1.9208319010611e-12,5.9865137803804e-13
5931,0,0,5931,6.0791388014169e-11,8.4602973953736e-07,1.9265174718463e-12,6.0399809223025e-13
5932,0,0,5932,6.0182914386578e-11,8.3535970976953e-07,1.9341354455332e-12,6.111642566138e-13
5933,0,0,5933,5.956724809392e-11,8.2464744533465e-07,1.9437174912394e-12,6.2018153986658e-13
5934,0,0,5934,5.8944346861279e-11,8.1389271266641e-07,1.9494983659465e-12,6.2562355666209e-13
5935,0,0,5935,5.8314168589775e-11,8.0309527917107e-07,1.9572429629858e-12,6.3291634263918e-13
5936,0,0,5936,5.76766713663e-11,7.9225491328126e-07,1.9669825262741e-12,6.4209114127457e-13
5937,0,0,5937,5.7031813473419e-11,7.8137138451066e-07,1.9728574832696e-12,6.4762723903829e-13
5938,0,0,5938,5.6379553399436e-11,7.7044446350965e-07,1.980726997543e-12,6.5504494048868e-13
5939,0,0,5939,5.5719849848625e-11,7.594739221218e-07,1.9906218194936e-12,6.6437499558469e-13
5940,0,0,5940,5.5052661751632e-11,7.4845953344136e-07,1.9965894349631e-12,6.700037505007e-13
5941,0,0,5941,5.437794827604e-11,7.3740107187161e-07,2.0045818868646e-12,6.7754438781678e-13
5942,0,0,5942,5.369566883711e-11,7.2629831318423e-07,2.0126148288413e-12,6.8512551462007e-13
5943,0,0,5943,5.3005783108684e-11,7.1515103457953e-07,2.0206879981811e-12,6.9274686819817e-13
5944,0,0,5944,5.2308251034272e-11,7.0395901474766e-07,2.0308356113061e-12,7.0232971079392e-13
5945,0,0,5945,5.1603032838299e-11,6.9272203393083e-07,2.036953912205e-12,7.0810914893382e-13
5946,0,0,5946,5.0890089037533e-11,6.8143987398638e-07,2.0451460750497e-12,7.158494942513e-13
5947,0,0,5947,5.0169380452684e-11,6.7011231845089e-07,2.0533773012294e-12,7.236289023149e-13
5948,0,0,5948,4.9440868220183e-11,6.5873915260525e-07,2.0616472705707e-12,7.3144705295093e-13
5949,0,0,5949,4.8704513804132e-11,6.473201635407e-07,2.0720387075866e-12,7.4127371575648e-13
5950,0,0,5950,4.7960279008432e-11,6.3585514022581e-07,2.0783020977765e-12,7.4719824097797e-13
5951,0,0,5951,4.7208125989092e-11,6.2434387357449e-07,2.0887881428324e-12,7.571195103493e-13
5952,0,0,5952,4.644801726671e-11,6.1278615651497e-07,2.0951077517215e-12,7.6310025338518e-13
5953,0,0,5953,4.5679915739143e-11,6.0118178405977e-07,2.1056865501036e-12,7.7311427460749e-13
5954,0,0,5954,4.4903784694343e-11,5.8953055337663e-07,2.1120612266252e-12,7.7915008439035e-13
5955,0,0,5955,4.4119587823386e-11,5.7783226386052e-07,2.1205924013016e-12,7.8722943623174e-13
5956,0,0,5956,4.3327289233675e-11,5.660867172065e-07,2.1291593101289e-12,7.9534452163321e-13
5957,0,0,5957,4.2526853462322e-11,5.5429371748378e-07,2.1399175336717e-12,8.0553796506267e-13
5958,0,0,5958,4.1718245489719e-11,5.4245307121058e-07,2.1463985775205e-12,8.1168014040006e-13
5959,0,0,5959,4.0901430753283e-11,5.3056458743014e-07,2.1572432051897e-12,8.2195998647764e-13
5960,0,0,5960,4.0076375161387e-11,5.1862807778766e-07,2.1637753859326e-12,8.281532978218e-13
5961,0,0,5961,3.9243045107473e-11,5.0664335660828e-07,2.1747040275683e-12,8.3851715638657e-13
5962,0,0,5962,3.8401407484345e-11,4.9461024097605e-07,2.1812858685219e-12,8.4476012705365e-13
5963,0,0,5963,3.7551429698648e-11,4.825285508139e-07,2.1900899665665e-12,8.5311239753118e-13
5964,0,0,5964,3.6693079685525e-11,4.7039810896467e-07,2.2011398339122e-12,8.6359747958514e-13
5965,0,0,5965,3.5826325923459e-11,4.5821874127304e-07,2.2077932057942e-12,8.699119798476e-13
5966,0,0,5966,3.4951137449298e-11,4.4599027666861e-07,2.2189204783461e-12,8.8047446562592e-13
5967,0,0,5967,3.4067483873457e-11,4.3371254724984e-07,2.2278561288911e-12,8.889582860847e-13
5968,0,0,5968,3.3175335395309e-11,4.2138538836911e-07,2.2345772108356e-12,8.9534049507529e-13
5969,0,0,5969,3.227466281875e-11,4.0900863871869e-07,2.2458150931687e-12,9.0601358841001e-13
5970,0,0,5970,3.1365437567949e-11,3.9658214041779e-07,2.254837162363e-12,9.1458382573779e-13
5971,0,0,5971,3.0447631703275e-11,3.8410573910052e-07,2.2616218200931e-12,9.210296091783e-13
5972,0,0,5972,2.9521217937409e-11,3.7157928400494e-07,2.2706916418009e-12,9.2964759798003e-13
5973,0,0,5973,2.8586169651628e-11,3.5900262806299e-07,2.2820659140792e-12,9.4045707829015e-13
5974,0,0,5974,2.7642460912271e-11,3.4637562799149e-07,2.291194082986e-12,9.4913341295356e-13
5975,0,0,5975,2.669006648738e-11,3.3369814438408e-07,2.300347038011e-12,9.5783453314061e-13
5976,0,0,5976,2.5728961863522e-11,3.2097004180414e-07,2.3072275822027e-12,9.6437620081338e-13
5977,0,0,5977,2.4759123262777e-11,3.0819118887865e-07,2.3187243728517e-12,9.7530819652024e-13
5978,0,0,5978,2.3780527659909e-11,2.9536145839309e-07,2.32563945403e-12,9.8188440028682e-13
5979,0,0,5979,2.2793152799702e-11,2.8248072738717e-07,2.3371918794164e-12,9.9287202924267e-13
5980,0,0,5980,2.1796977214475e-11,2.6954887725162e-07,2.3464574836738e-12,1.0016857956854e-12
5981,0,0,5981,2.0791980241757e-11,2.5656579382585e-07,2.3557432393886e-12,1.0105197129896e-12
5982,0,0,5982,1.9778142042137e-11,2.4353136749657e-07,2.3650483122684e-12,1.0193729468627e-12
5983,0,0,5983,1.8755443617278e-11,2.3044549329729e-07,2.3743718499034e-12,1.0282446448946e-12
5984,0,0,5984,1.7723866828095e-11,2.1730807100878e-07,2.3813760975428e-12,1.0349100124404e-12
5985,0,0,5985,1.6683394413097e-11,2.041190052604e-07,2.3930708182393e-12,1.0460399322346e-12
5986,0,0,5986,1.5634010006886e-11,1.9087820563226e-07,2.4024444520784e-12,1.0549617246805e-12
5987,0,0,5987,1.4575698158815e-11,1.7758558675841e-07,2.4118329566337e-12,1.0638983872453e-12
5988,0,0,5988,1.3508444351808e-11,1.6424106843067e-07,2.4212353865067e-12,1.0728489745305e-12
5989,0,0,5989,1.2432235021322e-11,1.5084457570355e-07,2.4306507772361e-12,1.0818125220745e-12
5990,0,0,5990,1.1347057574469e-11,1.3739603899975e-07,2.4400781451493e-12,1.0907880462046e-12
5991,0,0,5991,1.025290040928e-11,1.2389539421672e-07,2.4495164872158e-12,1.09977454389e-12
5992,0,0,5992,9.1497529341222e-12,1.1034258283382e-07,2.4589647809038e-12,1.1087709925987e-12
5993,0,0,5993,8.0376055872461e-12,9.6737552020415e-08,2.4684219840406e-12,1.1177763501577e-12
5994,0,0,5994,6.9164498564831e-12,8.3080254744641e-08,2.4778870346748e-12,1.1267895546157e-12
5995,0,0,5995,5.7862782990722e-12,6.9370649882962e-08,2.4873588509433e-12,1.1358095241092e-12
5996,0,0,5996,4.6470845616216e-12,5.5608702330458e-08,2.496836330941e-12,1.1448351567329e-12
5997,0,0,5997,3.4988634001983e-12,4.1794383111814e-08,2.5063183525943e-12,1.1538653304129e-12
5998,0,0,5998,2.3416107005428e-12,2.7927669493003e-08,2.5158037735382e-12,1.1628989027842e-12
5999,0,0,5999,1.1753234984056e-12,1.4008545093644e-08,2.5229193713195e-12,1.1696756137425e-12
6000,0,0,6000,0,3.7e-11,2.5324079307525e-12,1.1787123235534e-12
