x,y,z,id,xi,xv,jvx,jix
0,0,0,0,0,3.7e-11,-2.5324079307514e-12,-1.1787123235536e-12
1,0,0,1,1.1753234984059e-12,1.4008545093638e-08,-2.5252914309969e-12,-1.1719347110719e-12
2,0,0,2,2.3416107005434e-12,2.7927669492992e-08,-2.5158037735371e-12,-1.1628989027844e-12
3,0,0,3,3.4988634001991e-12,4.1794383111796e-08,-2.5063183525932e-12,-1.1538653304132e-12
4,0,0,4,4.6470845616226e-12,5.5608702330435e-08,-2.49683633094e-12,-1.1448351567331e-12
5,0,0,5,5.7862782990735e-12,6.9370649882933e-08,-2.4873588509422e-12,-1.1358095241094e-12
6,0,0,6,6.9164498564847e-12,8.3080254744606e-08,-2.4778870346737e-12,-1.1267895546159e-12
7,0,0,7,8.037605587248e-12,9.6737552020374e-08,-2.4684219840395e-12,-1.117776350158e-12
8,0,0,8,9.1497529341242e-12,1.1034258283377e-07,-2.4589647809028e-12,-1.108770992599e-12
9,0,0,9,1.0252900409283e-11,1.2389539421666e-07,-2.4495164872147e-12,-1.0997745438902e-12
10,0,0,10,1.1347057574471e-11,1.3739603899969e-07,-2.4400781451483e-12,-1.0907880462049e-12
11,0,0,11,1.2432235021325e-11,1.5084457570348e-07,-2.4306507772351e-12,-1.0818125220748e-12
12,0,0,12,1.3508444351811e-11,1.642410684306e-07,-2.4212353865056e-12,-1.0728489745307e-12
13,0,0,13,1.4575698158819e-11,1.7758558675833e-07,-2.4118329566327e-12,-1.0638983872456e-12
14,0,0,14,1.5634010006889e-11,1.9087820563218e-07,-2.4024444520774e-12,-1.0549617246807e-12
15,0,0,15,1.6683394413101e-11,2.0411900526031e-07,-2.3930708182382e-12,-1.0460399322349e-12
16,0,0,16,1.7723866828099e-11,2.1730807100869e-07,-2.3837129816029e-12,-1.0371339363959e-12
17,0,0,17,1.8755443617282e-11,2.3044549329719e-07,-2.3743718499023e-12,-1.0282446448949e-12
18,0,0,18,1.9778142042142e-11,2.4353136749646e-07,-2.3650483122673e-12,-1.0193729468629e-12
19,0,0,19,2.0791980241762e-11,2.5656579382574e-07,-2.3557432393876e-12,-1.0105197129899e-12
20,0,0,20,2.1796977214481e-11,2.695488772515e-07,-2.3464574836727e-12,-1.0016857956856e-12
21,0,0,21,2.2793152799708e-11,2.8248072738705e-07,-2.3371918794154e-12,-9.9287202924293e-13
22,0,0,22,2.3780527659914e-11,2.9536145839296e-07,-2.3279472429562e-12,-9.8407923000262e-13
23,0,0,23,2.4759123262783e-11,3.0819118887852e-07,-2.3187243728507e-12,-9.753081965205e-13
24,0,0,24,2.5728961863528e-11,3.20970041804e-07,-2.3095240500377e-12,-9.6655970973568e-13
25,0,0,25,2.6690066487387e-11,3.3369814438393e-07,-2.3003470380099e-12,-9.5783453314085e-13
26,0,0,26,2.7642460912277e-11,3.4637562799133e-07,-2.2911940829849e-12,-9.4913341295382e-13
27,0,0,27,2.8586169651635e-11,3.5900262806283e-07,-2.2820659140781e-12,-9.4045707829041e-13
28,0,0,28,2.9521217937417e-11,3.7157928400477e-07,-2.2729632434776e-12,-9.3180624133877e-13
29,0,0,29,3.0447631703283e-11,3.8410573910035e-07,-2.263886766619e-12,-9.2318159753468e-13
30,0,0,30,3.1365437567957e-11,3.9658214041761e-07,-2.2548371623619e-12,-9.1458382573808e-13
31,0,0,31,3.2274662818758e-11,4.0900863871851e-07,-2.2458150931676e-12,-9.0601358841027e-13
32,0,0,32,3.3175335395318e-11,4.2138538836892e-07,-2.236821205277e-12,-8.9747153179254e-13
33,0,0,33,3.4067483873466e-11,4.3371254724965e-07,-2.22785612889e-12,-8.8895828608495e-13
34,0,0,34,3.4951137449307e-11,4.4599027666841e-07,-2.2189204783451e-12,-8.8047446562615e-13
35,0,0,35,3.5826325923468e-11,4.5821874127284e-07,-2.2100148522997e-12,-8.720206690738e-13
36,0,0,36,3.6693079685535e-11,4.7039810896446e-07,-2.2011398339111e-12,-8.635974795854e-13
37,0,0,37,3.7551429698658e-11,4.8252855081369e-07,-2.1922959910178e-12,-8.5520546499966e-13
38,0,0,38,3.8401407484355e-11,4.9461024097582e-07,-2.1834838763212e-12,-8.4684517801801e-13
39,0,0,39,3.9243045107483e-11,5.0664335660805e-07,-2.1747040275672e-12,-8.3851715638683e-13
40,0,0,40,4.0076375161397e-11,5.1862807778743e-07,-2.1659569677289e-12,-8.3022192307931e-13
41,0,0,41,4.0901430753294e-11,5.305645874299e-07,-2.1572432051886e-12,-8.2195998647787e-13
42,0,0,42,4.171824548973e-11,5.4245307121034e-07,-2.14856323392e-12,-8.1373184055647e-13
43,0,0,43,4.2526853462333e-11,5.5429371748353e-07,-2.1399175336707e-12,-8.0553796506293e-13
44,0,0,44,4.3327289233686e-11,5.6608671720625e-07,-2.1313065701443e-12,-7.9737882570111e-13
45,0,0,45,4.4119587823398e-11,5.7783226386025e-07,-2.1227307951827e-12,-7.89254874313e-13
46,0,0,46,4.4903784694355e-11,5.8953055337637e-07,-2.1141906469476e-12,-7.8116654906068e-13
47,0,0,47,4.5679915739155e-11,6.0118178405949e-07,-2.1056865501026e-12,-7.7311427460772e-13
48,0,0,48,4.6448017266723e-11,6.1278615651469e-07,-2.0972189159939e-12,-7.6509846230061e-13
49,0,0,49,4.7208125989104e-11,6.243438735742e-07,-2.0887881428314e-12,-7.5711951034953e-13
50,0,0,50,4.7960279008445e-11,6.3585514022551e-07,-2.0803946158692e-12,-7.4917780400881e-13
51,0,0,51,4.8704513804145e-11,6.473201635404e-07,-2.0720387075855e-12,-7.4127371575674e-13
52,0,0,52,4.9440868220196e-11,6.5873915260495e-07,-2.0637207778618e-12,-7.3340760547503e-13
53,0,0,53,5.0169380452697e-11,6.7011231845058e-07,-2.0554411741617e-12,-7.2557982062748e-13
54,0,0,54,5.0890089037546e-11,6.8143987398606e-07,-2.0472002317089e-12,-7.1779069643808e-13
55,0,0,55,5.1603032838313e-11,6.9272203393051e-07,-2.0389982736648e-12,-7.1004055606838e-13
56,0,0,56,5.2308251034287e-11,7.0395901474734e-07,-2.030835611305e-12,-7.0232971079418e-13
57,0,0,57,5.3005783108699e-11,7.1515103457919e-07,-2.0227125441951e-12,-6.9465846018127e-13
58,0,0,58,5.3695668837125e-11,7.2629831318389e-07,-2.0146293603656e-12,-6.8702709226046e-13
59,0,0,59,5.4377948276055e-11,7.3740107187127e-07,-2.0065863364865e-12,-6.7943588370179e-13
60,0,0,60,5.5052661751647e-11,7.4845953344101e-07,-1.9985837380399e-12,-6.7188509998761e-13
61,0,0,61,5.5719849848641e-11,7.5947392212145e-07,-1.9906218194926e-12,-6.6437499558492e-13
62,0,0,62,5.6379553399451e-11,7.7044446350929e-07,-1.9827008244672e-12,-6.5690581411668e-13
63,0,0,63,5.7031813473435e-11,7.8137138451029e-07,-1.9748209859126e-12,-6.4947778853183e-13
64,0,0,64,5.7676671366316e-11,7.9225491328088e-07,-1.966982526273e-12,-6.4209114127481e-13
65,0,0,65,5.8314168589791e-11,8.0309527917069e-07,-1.959185657656e-12,-6.3474608445347e-13
66,0,0,66,5.8944346861295e-11,8.1389271266603e-07,-1.9514305819997e-12,-6.2744282000594e-13
67,0,0,67,5.9567248093937e-11,8.2464744533426e-07,-1.9437174912382e-12,-6.2018153986689e-13
68,0,0,68,6.0182914386595e-11,8.3535970976913e-07,-1.936046567467e-12,-6.1296242613156e-13
69,0,0,69,6.0791388014187e-11,8.4602973953695e-07,-1.9284179831055e-12,-6.0578565121986e-13
70,0,0,70,6.1392711418089e-11,8.566577691237e-07,-1.9208319010601e-12,-5.986513780383e-13
71,0,0,71,6.1986927196727e-11,8.6724403388304e-07,-1.9132884748845e-12,-5.915597601409e-13
72,0,0,72,6.2574078096323e-11,8.7778876998517e-07,-1.9057878489401e-12,-5.845109418891e-13
73,0,0,73,6.3154207001802e-11,8.8829221436662e-07,-1.898330158554e-12,-5.7750505861015e-13
74,0,0,74,6.3727356927855e-11,8.9875460468085e-07,-1.8909155301759e-12,-5.7054223675428e-13
75,0,0,75,6.4293571010162e-11,9.0917617924975e-07,-1.8835440815347e-12,-5.6362259405023e-13
76,0,0,76,6.4852892496763e-11,9.1955717701602e-07,-1.8762159217921e-12,-5.5674623966004e-13
77,0,0,77,6.5405364739592e-11,9.2989783749633e-07,-1.868931151696e-12,-5.4991327433198e-13
78,0,0,78,6.5951031186154e-11,9.4019840073536e-07,-1.8616898637326e-12,-5.4312379055218e-13
79,0,0,79,6.6489935371359e-11,9.5045910726072e-07,-1.8544921422759e-12,-5.3637787269504e-13
80,0,0,80,6.7022120909504e-11,9.606801980386e-07,-1.8473380637374e-12,-5.2967559717213e-13
81,0,0,81,6.75476314864e-11,9.7086191443029e-07,-1.8402276967128e-12,-5.2301703257959e-13
82,0,0,82,6.806651085165e-11,9.8100449814953e-07,-1.8331611021292e-12,-5.1640223984422e-13
83,0,0,83,6.8578802811071e-11,9.9110819122063e-07,-1.826138333388e-12,-5.0983127236823e-13
84,0,0,84,6.9084551219254e-11,1.0011732359374e-06,-1.81915943651e-12,-5.0330417617209e-13
85,0,0,85,6.9583799972279e-11,1.0111998748228e-06,-1.8122244502753e-12,-4.9682099003655e-13
86,0,0,86,7.0076593000556e-11,1.0211883505895e-06,-1.805333406365e-12,-4.9038174564273e-13
87,0,0,87,7.0562974261815e-11,1.0311389061011e-06,-1.7984863294992e-12,-4.8398646771071e-13
88,0,0,88,7.1042987734231e-11,1.0410517843342e-06,-1.7916832375738e-12,-4.7763517413713e-13
89,0,0,89,7.1516677409685e-11,1.050927228341e-06,-1.7849241417979e-12,-4.7132787613073e-13
90,0,0,90,7.1984087287161e-11,1.0607654812131e-06,-1.7782090468262e-12,-4.6506457834674e-13
91,0,0,91,7.2445261366274e-11,1.0705667860456e-06,-1.7715379508932e-12,-4.5884527901969e-13
92,0,0,92,7.2900243640933e-11,1.0803313859018e-06,-1.7649108459438e-12,-4.5266997009477e-13
93,0,0,93,7.3349078093132e-11,1.0900595237794e-06,-1.7583277177631e-12,-4.4653863735738e-13
94,0,0,94,7.3791808686872e-11,1.0997514425767e-06,-1.7517885461052e-12,-4.4045126056172e-13
95,0,0,95,7.4228479362206e-11,1.1094073850596e-06,-1.7452933048198e-12,-4.344078135575e-13
96,0,0,96,7.4659134029416e-11,1.1190275938296e-06,-1.7388419619767e-12,-4.2840826441519e-13
97,0,0,97,7.5083816563312e-11,1.1286123112921e-06,-1.7324344799911e-12,-4.2245257554977e-13
98,0,0,98,7.5502570797648e-11,1.1381617796257e-06,-1.7260708157444e-12,-4.165407038431e-13
99,0,0,99,7.591544051967e-11,1.1476762407523e-06,-1.7197509207062e-12,-4.1067260076466e-13
100,0,0,100,7.6322469464776e-11,1.1571559363069e-06,-1.7134747410523e-12,-4.0484821249094e-13
101,0,0,101,7.6723701311295e-11,1.1666011076096e-06,-1.707242217784e-12,-3.9906748002297e-13
102,0,0,102,7.7119179675387e-11,1.1760119956368e-06,-1.7010532868432e-12,-3.9333033930301e-13
103,0,0,103,7.7508948106057e-11,1.1853888409939e-06,-1.6949078792272e-12,-3.8763672132878e-13
104,0,0,104,7.7893050080278e-11,1.1947318838884e-06,-1.6888059211033e-12,-3.8198655226755e-13
105,0,0,105,7.8271528998231e-11,1.2040413641036e-06,-1.6827473339191e-12,-3.7637975356698e-13
106,0,0,106,7.8644428178658e-11,1.2133175209726e-06,-1.6767320345134e-12,-3.7081624206652e-13
107,0,0,107,7.9011790854318e-11,1.2225605933537e-06,-1.6707599352255e-12,-3.652959301054e-13
108,0,0,108,7.9373660167556e-11,1.2317708196056e-06,-1.6648309440022e-12,-3.5981872563072e-13
109,0,0,109,7.9730079165978e-11,1.2409484375636e-06,-1.6589449645039e-12,-3.5438453230277e-13
110,0,0,110,8.0081090798227e-11,1.2500936845161e-06,-1.6531018962084e-12,-3.4899324960013e-13
111,0,0,111,8.0426737909868e-11,1.2592067971823e-06,-1.6473016345156e-12,-3.4364477292225e-13
112,0,0,112,8.076706323937e-11,1.2682880116893e-06,-1.6415440708469e-12,-3.3833899369127e-13
113,0,0,113,8.1102109414196e-11,1.2773375635513e-06,-1.6358290927475e-12,-3.3307579945221e-13
114,0,0,114,8.1431918946983e-11,1.2863556876479e-06,-1.6301565839834e-12,-3.2785507397145e-13
115,0,0,115,8.1756534231826e-11,1.2953426182038e-06,-1.6245264246399e-12,-3.2267669733453e-13
116,0,0,116,8.2075997540659e-11,1.3042985887688e-06,-1.6189384912169e-12,-3.1754054604152e-13
117,0,0,117,8.2390351019724e-11,1.3132238321982e-06,-1.6133926567237e-12,-3.1244649310201e-13
118,0,0,118,8.2699636686146e-11,1.3221185806341e-06,-1.6078887907721e-12,-3.0739440812777e-13
119,0,0,119,8.3003896424584e-11,1.3309830654865e-06,-1.602426759668e-12,-3.0238415742495e-13
120,0,0,120,8.330317198399e-11,1.3398175174158e-06,-1.5970064265016e-12,-2.9741560408406e-13
121,0,0,121,8.3597504974445e-11,1.3486221663153e-06,-1.5916276512368e-12,-2.9248860806925e-13
122,0,0,122,8.3886936864086e-11,1.3573972412937e-06,-1.5862902907988e-12,-2.8760302630579e-13
123,0,0,123,8.4171508976125e-11,1.3661429706593e-06,-1.5809941991601e-12,-2.8275871276646e-13
124,0,0,124,8.4451262485948e-11,1.3748595819036e-06,-1.5757392274257e-12,-2.7795551855639e-13
125,0,0,125,8.4726238418299e-11,1.3835473016858e-06,-1.5705252239164e-12,-2.7319329199684e-13
126,0,0,126,8.4996477644549e-11,1.3922063558178e-06,-1.5653520342522e-12,-2.684718787076e-13
127,0,0,127,8.5262020880044e-11,1.4008369692494e-06,-1.5602195014317e-12,-2.6379112168776e-13
128,0,0,128,8.5522908681536e-11,1.4094393660542e-06,-1.5551274659132e-12,-2.5915086139564e-13
129,0,0,129,8.5779181444689e-11,1.4180137694159e-06,-1.5500757656924e-12,-2.5455093582725e-13
130,0,0,130,8.6030879401666e-11,1.4265604016148e-06,-1.54506423638e-12,-2.4999118059346e-13
131,0,0,131,8.6278042618794e-11,1.435079484015e-06,-1.5400927112771e-12,-2.4547142899588e-13
132,0,0,132,8.6520710994298e-11,1.4435712370518e-06,-1.5351610214512e-12,-2.4099151210162e-13
133,0,0,133,8.6758924256112e-11,1.4520358802197e-06,-1.5302689958077e-12,-2.3655125881672e-13
134,0,0,134,8.6992721959768e-11,1.4604736320608e-06,-1.5254164611638e-12,-2.3215049595839e-13
135,0,0,135,8.7222143486347e-11,1.4688847101532e-06,-1.5206032423186e-12,-2.2778904832611e-13
136,0,0,136,8.7447228040505e-11,1.4772693311005e-06,-1.5158291621236e-12,-2.2346673877118e-13
137,0,0,137,8.7668014648573e-11,1.4856277105208e-06,-1.5110940415502e-12,-2.1918338826578e-13
138,0,0,138,8.7884542156714e-11,1.4939600630371e-06,-1.5063976997589e-12,-2.1493881597013e-13
139,0,0,139,8.8096849229156e-11,1.502266602267e-06,-1.5017399541636e-12,-2.1073283929878e-13
140,0,0,140,8.8304974346485e-11,1.5105475408135e-06,-1.4971206204988e-12,-2.0656527398605e-13
141,0,0,141,8.8508955804008e-11,1.5188030902562e-06,-1.492539512882e-12,-2.0243593414964e-13
142,0,0,142,8.8708831710172e-11,1.5270334611421e-06,-1.4879964438773e-12,-1.9834463235402e-13
143,0,0,143,8.8904639985053e-11,1.5352388629776e-06,-1.4834912245568e-12,-1.9429117967159e-13
144,0,0,144,8.90964183589e-11,1.5434195042201e-06,-1.479023664562e-12,-1.902753857439e-13
145,0,0,145,8.9284204370741e-11,1.5515755922708e-06,-1.4745935721629e-12,-1.8629705884093e-13
146,0,0,146,8.9468035367048e-11,1.559707333467e-06,-1.470200754316e-12,-1.823560059196e-13
147,0,0,147,8.9647948500463e-11,1.5678149330749e-06,-1.4658450167223e-12,-1.7845203268155e-13
148,0,0,148,8.9823980728575e-11,1.5758985952835e-06,-1.4615261638845e-12,-1.745849436289e-13
149,0,0,149,8.9996168812755e-11,1.5839585231972e-06,-1.4572439991606e-12,-1.7075454212023e-13
150,0,0,150,9.0164549317049e-11,1.5919949188305e-06,-1.4529983248193e-12,-1.669606304245e-13
151,0,0,151,9.0329158607118e-11,1.6000079831019e-06,-1.4487889420934e-12,-1.6320300977464e-13
152,0,0,152,9.049003284924e-11,1.6079979158282e-06,-1.4446156512314e-12,-1.594814804194e-13
153,0,0,153,9.0647208009351e-11,1.6159649157193e-06,-1.4404782515497e-12,-1.5579584167536e-13
154,0,0,154,9.0800719852153e-11,1.6239091803734e-06,-1.4363765414823e-12,-1.521458919765e-13
155,0,0,155,9.0950603940253e-11,1.6318309062723e-06,-1.4323103186301e-12,-1.4853142892412e-13
156,0,0,156,9.1096895633369e-11,1.6397302887765e-06,-1.4282793798095e-12,-1.4495224933506e-13
157,0,0,157,9.1239630087569e-11,1.6476075221216e-06,-1.4242835211004e-12,-1.4140814928893e-13
158,0,0,158,9.1378842254566e-11,1.6554627994141e-06,-1.4203225378918e-12,-1.3789892417517e-13
159,0,0,159,9.1514566881058e-11,1.663296312628e-06,-1.4163962249279e-12,-1.3442436873825e-13
160,0,0,160,9.1646838508106e-11,1.6711082526009e-06,-1.4125043763527e-12,-1.3098427712239e-13
161,0,0,161,9.1775691470565e-11,1.6788988090313e-06,-1.4086467857542e-12,-1.2757844291568e-13
162,0,0,162,9.1901159896554e-11,1.6866681704754e-06,-1.4048232462066e-12,-1.242066591927e-13
163,0,0,163,9.2023277706971e-11,1.6944165243448e-06,-1.4010335503135e-12,-1.2086871855676e-13
164,0,0,164,9.2142078615041e-11,1.7021440569034e-06,-1.3972774902472e-12,-1.1756441318097e-13
165,0,0,165,9.2257596125919e-11,1.7098509532656e-06,-1.3935548577913e-12,-1.1429353484876e-13
166,0,0,166,9.236986353632e-11,1.7175373973945e-06,-1.3898654443787e-12,-1.1105587499331e-13
167,0,0,167,9.2478913934194e-11,1.7252035720995e-06,-1.3862090411307e-12,-1.0785122473623e-13
168,0,0,168,9.2584780198439e-11,1.732849659035e-06,-1.3825854388952e-12,-1.0467937492545e-13
169,0,0,169,9.2687494998652e-11,1.7404758386992e-06,-1.3789944282831e-12,-1.0154011617231e-13
170,0,0,170,9.2787090794911e-11,1.7480822904327e-06,-1.3754357997054e-12,-9.8433238887847e-14
171,0,0,171,9.28835998376e-11,1.7556691924176e-06,-1.3719093434082e-12,-9.5358533318393e-14
172,0,0,172,9.2977054167265e-11,1.7632367216765e-06,-1.3684148495077e-12,-9.2315789580157e-14
173,0,0,173,9.3067485614506e-11,1.7707850540722e-06,-1.3649521080237e-12,-8.9304797693286e-14
174,0,0,174,9.3154925799903e-11,1.7783143643072e-06,-1.3615209089132e-12,-8.6325347615222e-14
175,0,0,175,9.3239406133968e-11,1.7858248259234e-06,-1.3581210421033e-12,-8.3377229273003e-14
176,0,0,176,9.3320957817143e-11,1.793316611302e-06,-1.3547522975222e-12,-8.0460232595222e-14
177,0,0,177,9.3399611839813e-11,1.8007898916637e-06,-1.351414465131e-12,-7.7574147542884e-14
178,0,0,178,9.3475398982363e-11,1.808244837069e-06,-1.3481073349535e-12,-7.4718764140172e-14
179,0,0,179,9.3548349815257e-11,1.8156816164186e-06,-1.3448306971062e-12,-7.1893872503551e-14
180,0,0,180,9.3618494699149e-11,1.8231003974541e-06,-1.3415843418266e-12,-6.9099262871287e-14
181,0,0,181,9.3685863785024e-11,1.8305013467585e-06,-1.3383680595031e-12,-6.6334725631419e-14
182,0,0,182,9.3750487014362e-11,1.8378846297576e-06,-1.3351816407009e-12,-6.3600051349778e-14
183,0,0,183,9.3812394119335e-11,1.8452504107207e-06,-1.3320248761903e-12,-6.0895030796455e-14
184,0,0,184,9.387161462303e-11,1.8525988527617e-06,-1.3288975569722e-12,-5.8219454972792e-14
185,0,0,185,9.3928177839691e-11,1.8599301178409e-06,-1.3257994743041e-12,-5.557311513666e-14
186,0,0,186,9.3982112874995e-11,1.8672443667664e-06,-1.3227304197261e-12,-5.2955802827687e-14
187,0,0,187,9.4033448626347e-11,1.8745417591953e-06,-1.3196901850834e-12,-5.0367309892076e-14
188,0,0,188,9.4082213783205e-11,1.8818224536362e-06,-1.3166785625523e-12,-4.780742850592e-14
189,0,0,189,9.4128436827421e-11,1.8890866074503e-06,-1.3136953446624e-12,-4.5275951199086e-14
190,0,0,190,9.417214603361e-11,1.8963343768541e-06,-1.3107403243196e-12,-4.2772670877706e-14
191,0,0,191,9.421336946954e-11,1.9035659169213e-06,-1.3078132948283e-12,-4.0297380846301e-14
192,0,0,192,9.4252134996547e-11,1.9107813815851e-06,-1.304914049913e-12,-3.7849874829343e-14
193,0,0,193,9.4288470269962e-11,1.9179809236403e-06,-1.3020423837385e-12,-3.542994699245e-14
194,0,0,194,9.4322402739571e-11,1.9251646947464e-06,-1.2991980909319e-12,-3.3037391962959e-14
195,0,0,195,9.4353959650086e-11,1.9323328454297e-06,-1.2963809666025e-12,-3.0672004849423e-14
196,0,0,196,9.4383168041639e-11,1.9394855250863e-06,-1.2935908063591e-12,-2.8333581261716e-14
197,0,0,197,9.4410054750295e-11,1.9466228819849e-06,-1.2908274063318e-12,-2.602191732944e-14
198,0,0,198,9.4434646408585e-11,1.9537450632697e-06,-1.2880905631876e-12,-2.3736809720383e-14
199,0,0,199,9.4456969446053e-11,1.9608522149632e-06,-1.2853800741506e-12,-2.1478055658712e-14
200,0,0,200,9.4477050089824e-11,1.9679444819699e-06,-1.2826957370185e-12,-1.9245452942248e-14
201,0,0,201,9.449491436519e-11,1.975022008079e-06,-1.2800373501791e-12,-1.703879995921e-14
202,0,0,202,9.4510588096207e-11,1.9820849359678e-06,-1.2774047126279e-12,-1.4857895704863e-14
203,0,0,203,9.4524096906317e-11,1.9891334072055e-06,-1.2747976239829e-12,-1.2702539797651e-14
204,0,0,204,9.4535466218977e-11,1.9961675622563e-06,-1.2722158845004e-12,-1.0572532494187e-14
205,0,0,205,9.4544721258308e-11,2.003187540483e-06,-1.2696592950908e-12,-8.4676747049713e-15
206,0,0,206,9.4551887049757e-11,2.0101934801508e-06,-1.2671276573327e-12,-6.3877680087097e-15
207,0,0,207,9.4556988420779e-11,2.0171855184312e-06,-1.2646207734869e-12,-4.3326146663777e-15
208,0,0,208,9.4560050001518e-11,2.0241637914052e-06,-1.2621384465103e-12,-2.3020176353332e-15
209,0,0,209,9.4561096225524e-11,2.031128434068e-06,-1.2596804800695e-12,-2.9578058239668e-16
210,0,0,210,9.456015133046e-11,2.0380795803324e-06,-1.257246678554e-12,1.6862921031208e-15
211,0,0,211,9.4557239358838e-11,2.0450173630331e-06,-1.2548368470877e-12,3.6443952968549e-15
212,0,0,212,9.4552384158761e-11,2.0519419139306e-06,-1.2524507915417e-12,5.5787231273937e-15
213,0,0,213,9.4545609384677e-11,2.0588533637155e-06,-1.2500883185464e-12,7.4894689643354e-15
214,0,0,214,9.4536938498144e-11,2.0657518420128e-06,-1.2477492355023e-12,9.3768254068629e-15
215,0,0,215,9.4526394768608e-11,2.072637477386e-06,-1.2454333505914e-12,1.1240984273249e-14
216,0,0,216,9.4514001274193e-11,2.0795103973416e-06,-1.2431404727866e-12,1.308213658974e-14
217,0,0,217,9.4499780902494e-11,2.0863707283336e-06,-1.2408704118639e-12,1.4900472580427e-14
218,0,0,218,9.4483756351392e-11,2.0932185957677e-06,-1.2386229784106e-12,1.6696181657415e-14
219,0,0,219,9.4465950129865e-11,2.1000541240059e-06,-1.2363979838366e-12,1.8469452411371e-14
220,0,0,220,9.4446384558823e-11,2.1068774363712e-06,-1.2341952403813e-12,2.0220472602161e-14
221,0,0,221,9.4425081771937e-11,2.1136886551522e-06,-1.2320145611244e-12,2.1949429150011e-14
222,0,0,222,9.4402063716489e-11,2.1204879016076e-06,-1.2298557599936e-12,2.3656508126925e-14
223,0,0,223,9.4377352154222e-11,2.1272752959712e-06,-1.227718651773e-12,2.5341894748775e-14
224,0,0,224,9.4350968662204e-11,2.1340509574564e-06,-1.2256030521109e-12,2.7005773366822e-14
225,0,0,225,9.4322934633695e-11,2.1408150042609e-06,-1.2235087775275e-12,2.8648327460894e-14
226,0,0,226,9.4293271279026e-11,2.147567553572e-06,-1.2214356454224e-12,3.0269739631266e-14
227,0,0,227,9.4261999626479e-11,2.1543087215712e-06,-1.2193834740804e-12,3.1870191592355e-14
228,0,0,228,9.422914052318e-11,2.161038623439e-06,-1.2173520826806e-12,3.3449864165841e-14
229,0,0,229,9.4194714635994e-11,2.1677573733599e-06,-1.2153412913004e-12,3.5008937273952e-14
230,0,0,230,9.4158742452431e-11,2.1744650845279e-06,-1.2133509209215e-12,3.6547589933927e-14
231,0,0,231,9.412124428155e-11,2.1811618691505e-06,-1.2113807934389e-12,3.8066000251452e-14
232,0,0,232,9.4082240254879e-11,2.1878478384549e-06,-1.2094307316622e-12,3.9564345415904e-14
233,0,0,233,9.4041750327333e-11,2.1945231026922e-06,-1.2075005593249e-12,4.1042801694352e-14
234,0,0,234,9.3999794278136e-11,2.201187771143e-06,-1.2055901010861e-12,4.2501544426856e-14
235,0,0,235,9.3956391711757e-11,2.2078419521222e-06,-1.2036991825379e-12,4.3940748021554e-14
236,0,0,236,9.3911562058841e-11,2.2144857529847e-06,-1.2018276302079e-12,4.5360585950318e-14
237,0,0,237,9.3865324577147e-11,2.2211192801298e-06,-1.199975271565e-12,4.6761230744255e-14
238,0,0,238,9.3817698352495e-11,2.2277426390071e-06,-1.1974594493042e-12,4.8655947368115e-14
239,0,0,239,9.376870229857e-11,2.2343559341153e-06,-1.1965533798535e-12,4.9336160480607e-14
240,0,0,240,9.3718355159031e-11,2.2409592690135e-06,-1.1947552469968e-12,5.0682581074666e-14
241,0,0,241,9.3666675509595e-11,2.2475527463329e-06,-1.1929756482573e-12,5.2010468102826e-14
242,0,0,242,9.361368175785e-11,2.254136467776e-06,-1.1912144157435e-12,5.3319989456646e-14
243,0,0,243,9.3559392144213e-11,2.2607105341217e-06,-1.1894713825248e-12,5.461131206647e-14
244,0,0,244,9.3503824742891e-11,2.2672750452305e-06,-1.1877463826347e-12,5.588460189849e-14
245,0,0,245,9.3446997462853e-11,2.27383010005e-06,-1.1860392510735e-12,5.714002395236e-14
246,0,0,246,9.3388928048794e-11,2.2803757966203e-06,-1.18434982381e-12,5.8377742258824e-14
247,0,0,247,9.3329634082365e-11,2.2869122320805e-06,-1.1818485230852e-12,6.0201480579791e-14
248,0,0,248,9.3269132983147e-11,2.2934395026745e-06,-1.1810234319496e-12,6.080071785579e-14
249,0,0,249,9.3207442008068e-11,2.2999577037475e-06,-1.1793861431147e-12,6.1986299383929e-14
250,0,0,250,9.3144578254453e-11,2.3064669297629e-06,-1.1777659121833e-12,6.3154823558178e-14
251,0,0,251,9.3080558660229e-11,2.3129672743034e-06,-1.1761625799975e-12,6.4306449536204e-14
252,0,0,252,9.3015400004895e-11,2.3194588300764e-06,-1.1745759883786e-12,6.5441335496835e-14
253,0,0,253,9.2949118910509e-11,2.3259416889196e-06,-1.1730059801272e-12,6.6559638638741e-14
254,0,0,254,9.2881731842665e-11,2.3324159418062e-06,-1.1714523990257e-12,6.7661515179711e-14
255,0,0,255,9.2813255111474e-11,2.3388816788502e-06,-1.1699150898375e-12,6.8747120355981e-14
256,0,0,256,9.2743704872551e-11,2.3453389893123e-06,-1.1683938983085e-12,6.9816608421587e-14
257,0,0,257,9.267309712799e-11,2.3517879616049e-06,-1.1668886711667e-12,7.087013264798e-14
258,0,0,258,9.2601447727353e-11,2.3582286832975e-06,-1.1653992561237e-12,7.1907845323839e-14
259,0,0,259,9.252877236865e-11,2.3646612411226e-06,-1.1639255018734e-12,7.2929897755e-14
260,0,0,260,9.2455086599321e-11,2.3710857209807e-06,-1.1624672580923e-12,7.3936440264325e-14
261,0,0,261,9.2380405817222e-11,2.3775022079458e-06,-1.1610243754403e-12,7.4927622192268e-14
262,0,0,262,9.2304745271605e-11,2.3839107862709e-06,-1.1595967055587e-12,7.5903591896772e-14
263,0,0,263,9.2228120064098e-11,2.3903115393935e-06,-1.1581841010714e-12,7.6864496754102e-14
264,0,0,264,9.2150545149693e-11,2.3967045499409e-06,-1.1567864155832e-12,7.7810483159327e-14
265,0,0,265,9.2072035337718e-11,2.4030898997355e-06,-1.155403503679e-12,7.8741696527052e-14
266,0,0,266,9.1992605292824e-11,2.4094676698006e-06,-1.1540352209239e-12,7.9658281292239e-14
267,0,0,267,9.191226953596e-11,2.4158379403655e-06,-1.152681423861e-12,8.0560380911297e-14
268,0,0,268,9.1831042445351e-11,2.4222007908708e-06,-1.1513419700114e-12,8.1448137863191e-14
269,0,0,269,9.1748938257477e-11,2.4285562999741e-06,-1.1500167178721e-12,8.2321693650582e-14
270,0,0,270,9.1665971068046e-11,2.4349045455553e-06,-1.1487055269153e-12,8.3181188801269e-14
271,0,0,271,9.1582154832968e-11,2.4412456047219e-06,-1.1474082575862e-12,8.4026762869568e-14
272,0,0,272,9.1497503369328e-11,2.4475795538145e-06,-1.1461247713022e-12,8.485855443793e-14
273,0,0,273,9.1412030356356e-11,2.4539064684117e-06,-1.144854930451e-12,8.5676701118657e-14
274,0,0,274,9.1325749336395e-11,2.4602264233363e-06,-1.1435985983884e-12,8.6481339555523e-14
275,0,0,275,9.1238673715873e-11,2.46653949266e-06,-1.1423556394372e-12,8.7272605425793e-14
276,0,0,276,9.115081676626e-11,2.4728457497087e-06,-1.1411259188841e-12,8.8050633442216e-14
277,0,0,277,9.1062191625037e-11,2.4791452670682e-06,-1.1399093029791e-12,8.8815557354986e-14
278,0,0,278,9.0972811296657e-11,2.4854381165894e-06,-1.1387056589318e-12,8.9567509953887e-14
279,0,0,279,9.0882688653499e-11,2.4917243693933e-06,-1.1375148549106e-12,9.0306623070726e-14
280,0,0,280,9.0791836436828e-11,2.4980040958768e-06,-1.1363367600388e-12,9.1033027581528e-14
281,0,0,281,9.070026725775e-11,2.5042773657174e-06,-1.135171244394e-12,9.1746853408968e-14
282,0,0,282,9.0607993598159e-11,2.5105442478788e-06,-1.1340181790039e-12,9.2448229524953e-14
283,0,0,283,9.051502781169e-11,2.5168048106163e-06,-1.1328774358445e-12,9.3137283953156e-14
284,0,0,284,9.0421382124662e-11,2.5230591214814e-06,-1.1317488878376e-12,9.3814143771733e-14
285,0,0,285,9.0327068637026e-11,2.5293072473279e-06,-1.1306324088477e-12,9.4478935115982e-14
286,0,0,286,9.02320993233e-11,2.5355492543161e-06,-1.1295278736792e-12,9.5131783181265e-14
287,0,0,287,9.0136486033512e-11,2.541785207919e-06,-1.1284351580738e-12,9.5772812225827e-14
288,0,0,288,9.0040240494129e-11,2.5480151729266e-06,-1.1273541387068e-12,9.6402145573819e-14
289,0,0,289,8.9943374308997e-11,2.5542392134515e-06,-1.1262846931853e-12,9.7019905618321e-14
290,0,0,290,8.9845898960262e-11,2.560457392934e-06,-1.1252267000438e-12,9.7626213824319e-14
291,0,0,291,8.97478258093e-11,2.5666697741471e-06,-1.1241800387421e-12,9.8221190732009e-14
292,0,0,292,8.9649166097637e-11,2.5728764192017e-06,-1.1231445896612e-12,9.8804955960006e-14
293,0,0,293,8.9549930947871e-11,2.5790773895516e-06,-1.122120234101e-12,9.9377628208521e-14
294,0,0,294,8.9450131364585e-11,2.5852727459987e-06,-1.1211068542757e-12,9.9939325262773e-14
295,0,0,295,8.9349778235262e-11,2.5914625486976e-06,-1.1201043333117e-12,1.0049016399643e-13
296,0,0,296,8.924888233119e-11,2.5976468571613e-06,-1.1191125552435e-12,1.0103026037489e-13
297,0,0,297,8.9147454308375e-11,2.6038257302658e-06,-1.1181314050097e-12,1.0155972945897e-13
298,0,0,298,8.9045504708433e-11,2.609999226255e-06,-1.1171607684509e-12,1.0207868540835e-13
299,0,0,299,8.8943043959496e-11,2.6161674027458e-06,-1.1162005323041e-12,1.0258724148523e-13
300,0,0,300,8.8840082377107e-11,2.6223303167332e-06,-1.1152505842012e-12,1.0308551005789e-13
301,0,0,301,8.8736630165104e-11,2.6284880245949e-06,-1.1143108126641e-12,1.0357360260448e-13
302,0,0,302,8.8632697416514e-11,2.6346405820966e-06,-1.1133811071003e-12,1.0405162971667e-13
303,0,0,303,8.8528294114436e-11,2.6407880443965e-06,-1.1124613578011e-12,1.0451970110356e-13
304,0,0,304,8.8423430132916e-11,2.6469304660502e-06,-1.1115514559356e-12,1.0497792559531e-13
305,0,0,305,8.831811523783e-11,2.6530679010158e-06,-1.1106512935487e-12,1.0542641114717e-13
306,0,0,306,8.8212359087749e-11,2.6592004026587e-06,-1.1097607635561e-12,1.0586526484333e-13
307,0,0,307,8.8106171234813e-11,2.665328023756e-06,-1.1088797597405e-12,1.0629459290074e-13
308,0,0,308,8.799956112559e-11,2.6714508165017e-06,-1.1080081767475e-12,1.0671450067326e-13
309,0,0,309,8.7892538101942e-11,2.6775688325112e-06,-1.1071459100828e-12,1.071250926555e-13
310,0,0,310,8.7785111401876e-11,2.6836821228263e-06,-1.1062928561065e-12,1.0752647248703e-13
311,0,0,311,8.7677290160397e-11,2.6897907379195e-06,-1.1054489120298e-12,1.0791874295624e-13
312,0,0,312,8.756908341036e-11,2.6958947276992e-06,-1.1046139759115e-12,1.0830200600456e-13
313,0,0,313,8.7460500083309e-11,2.7019941415137e-06,-1.1037879466522e-12,1.0867636273056e-13
314,0,0,314,8.7351549010318e-11,2.7080890281566e-06,-1.1029707239923e-12,1.0904191339415e-13
315,0,0,315,8.724223892283e-11,2.7141794358708e-06,-1.1021622085062e-12,1.0939875742066e-13
316,0,0,316,8.7132578453484e-11,2.7202654123534e-06,-1.1013623015987e-12,1.09746993405e-13
317,0,0,317,8.7022576136942e-11,2.7263470047603e-06,-1.1005709055005e-12,1.1008671911611e-13
318,0,0,318,8.6912240410718e-11,2.7324242597104e-06,-1.0997879232646e-12,1.1041803150099e-13
319,0,0,319,8.680157961599e-11,2.7384972232906e-06,-1.0990132587615e-12,1.1074102668895e-13
320,0,0,320,8.6690601998416e-11,2.74456594106e-06,-1.0982468166748e-12,1.1105579999618e-13
321,0,0,321,8.6579315708946e-11,2.7506304580543e-06,-1.0974885024972e-12,1.1136244592962e-13
322,0,0,322,8.6467728804628e-11,2.7566908187908e-06,-1.0967382225262e-12,1.1166105819173e-13
323,0,0,323,8.6355849249406e-11,2.7627470672719e-06,-1.0959958838596e-12,1.1195172968446e-13
324,0,0,324,8.6243684914921e-11,2.7687992469904e-06,-1.0952613943913e-12,1.1223455251384e-13
325,0,0,325,8.6131243581301e-11,2.7748474009333e-06,-1.0945346628065e-12,1.1250961799424e-13
326,0,0,326,8.601853293795e-11,2.7808915715866e-06,-1.0938155985782e-12,1.1277701665278e-13
327,0,0,327,8.5905560584333e-11,2.7869318009391e-06,-1.0931041119617e-12,1.1303683823374e-13
328,0,0,328,8.5792334030756e-11,2.7929681304872e-06,-1.0924001139911e-12,1.1328917170294e-13
329,0,0,329,8.5678860699137e-11,2.799000601239e-06,-1.0917035164743e-12,1.1353410525222e-13
330,0,0,330,8.5565147923782e-11,2.8050292537183e-06,-1.0910142319887e-12,1.1377172630376e-13
331,0,0,331,8.5451202952148e-11,2.8110541279694e-06,-1.0903321738773e-12,1.140021215146e-13
332,0,0,332,8.5337032945607e-11,2.8170752635608e-06,-1.0896572562435e-12,1.1422537678109e-13
333,0,0,333,8.5222644980199e-11,2.8230926995896e-06,-1.0889893939469e-12,1.1444157724332e-13
334,0,0,334,8.5108046047393e-11,2.8291064746856e-06,-1.0880006448642e-12,1.1475283457353e-13
335,0,0,335,8.4993243054826e-11,2.8351166270155e-06,-1.0871886751583e-12,1.1500022875048e-13
336,0,0,336,8.4878242826075e-11,2.8411231942815e-06,-1.0871886751583e-12,1.1500022875048e-13
337,0,0,337,8.4763052102399e-11,2.8471262137312e-06,-1.0865465203951e-12,1.1519072367622e-13
338,0,0,338,8.4647677545377e-11,2.8531257221718e-06,-1.0857529811252e-12,1.1541968888079e-13
339,0,0,339,8.4532125735686e-11,2.8591217559635e-06,-1.0851257046934e-12,1.1559530667211e-13
340,0,0,340,8.4416403172896e-11,2.8651143510185e-06,-1.0845049084166e-12,1.1576444484021e-13
341,0,0,341,8.4300516277148e-11,2.8711035428102e-06,-1.0838905130435e-12,1.1592718263603e-13
342,0,0,342,8.4184471389869e-11,2.877089366377e-06,-1.0832824400387e-12,1.1608359859456e-13
343,0,0,343,8.4068274774483e-11,2.8830718563263e-06,-1.0826806115788e-12,1.1623377053933e-13
344,0,0,344,8.3951932617123e-11,2.8890510468387e-06,-1.082084950547e-12,1.1637777558679e-13
345,0,0,345,8.3835451027332e-11,2.8950269716714e-06,-1.0812028559618e-12,1.1658238719035e-13
346,0,0,346,8.3718836038763e-11,2.9009996641624e-06,-1.0804782453188e-12,1.1674242960989e-13
347,0,0,347,8.3602093609153e-11,2.9069691572305e-06,-1.0804782453188e-12,1.1674242960989e-13
348,0,0,348,8.3485229621757e-11,2.9129354833826e-06,-1.0799050335366e-12,1.1686398739635e-13
349,0,0,349,8.336824988675e-11,2.9188986747222e-06,-1.0793376324605e-12,1.1697973500669e-13
350,0,0,350,8.325116014117e-11,2.9248587629484e-06,-1.0787759689511e-12,1.1708974557988e-13
351,0,0,351,8.3133966049592e-11,2.9308157793603e-06,-1.0782199705462e-12,1.171940915781e-13
352,0,0,352,8.3016673204801e-11,2.9367697548601e-06,-1.0776695654557e-12,1.1729284479128e-13
353,0,0,353,8.2899287128459e-11,2.9427207199571e-06,-1.0771246825572e-12,1.1738607634143e-13
354,0,0,354,8.2781813271772e-11,2.9486687047714e-06,-1.0765852513921e-12,1.1747385668714e-13
355,0,0,355,8.2664257016144e-11,2.9546137390375e-06,-1.0760512021603e-12,1.1755625562809e-13
356,0,0,356,8.2546623673835e-11,2.9605558521077e-06,-1.0755224657168e-12,1.1763334230935e-13
357,0,0,357,8.2428918488609e-11,2.9664950729561e-06,-1.0749989735661e-12,1.17705185226e-13
358,0,0,358,8.2311146636381e-11,2.9724314301819e-06,-1.074480657859e-12,1.1777185222731e-13
359,0,0,359,8.219331322586e-11,2.9783649520128e-06,-1.0739674513867e-12,1.1783341052141e-13
360,0,0,360,8.207542329918e-11,2.9842956663088e-06,-1.0734592875783e-12,1.1788992667947e-13
361,0,0,361,8.195748183254e-11,2.9902236005656e-06,-1.0729561004946e-12,1.1794146664026e-13
362,0,0,362,8.1839493736826e-11,2.9961487819183e-06,-1.0724578248247e-12,1.1798809571447e-13
363,0,0,363,8.1721463858237e-11,3.0020712371441e-06,-1.0719643958817e-12,1.1802987858905e-13
364,0,0,364,8.1603396978905e-11,3.0079909926668e-06,-1.0714757495973e-12,1.1806687933165e-13
365,0,0,365,8.148529781751e-11,3.0139080745591e-06,-1.0709918225191e-12,1.1809916139493e-13
366,0,0,366,8.1367171029889e-11,3.019822508547e-06,-1.0705125518045e-12,1.1812678762093e-13
367,0,0,367,8.1249021209644e-11,3.0257343200123e-06,-1.0700378752179e-12,1.1814982024534e-13
368,0,0,368,8.1130852888742e-11,3.0316435339964e-06,-1.0695677311251e-12,1.1816832090194e-13
369,0,0,369,8.1012670538115e-11,3.0375501752035e-06,-1.0691020584899e-12,1.1818235062677e-13
370,0,0,370,8.0894478568253e-11,3.0434542680039e-06,-1.0686407968696e-12,1.1819196986255e-13
371,0,0,371,8.077628132979e-11,3.0493558364371e-06,-1.0681838864101e-12,1.1819723846287e-13
372,0,0,372,8.0658083114093e-11,3.0552549042153e-06,-1.0677312678425e-12,1.1819821569652e-13
373,0,0,373,8.0539888153841e-11,3.0611514947262e-06,-1.0672828824786e-12,1.1819496025173e-13
374,0,0,374,8.0421700623601e-11,3.0670456310367e-06,-1.066838672206e-12,1.1818753024038e-13
375,0,0,375,8.0303524640399e-11,3.0729373358958e-06,-1.0663985794848e-12,1.1817598320228e-13
376,0,0,376,8.0185364264289e-11,3.0788266317374e-06,-1.065962547343e-12,1.1816037610939e-13
377,0,0,377,8.0067223498919e-11,3.0847135406842e-06,-1.0655305193719e-12,1.1814076536995e-13
378,0,0,378,7.9949106292087e-11,3.0905980845501e-06,-1.0651024397227e-12,1.1811720683275e-13
379,0,0,379,7.9831016536295e-11,3.0964802848435e-06,-1.0646782531016e-12,1.1808975579125e-13
380,0,0,380,7.9712958069308e-11,3.1023601627704e-06,-1.0642579047662e-12,1.1805846698776e-13
381,0,0,381,7.959493467469e-11,3.1082377392373e-06,-1.0638413405211e-12,1.1802339461755e-13
382,0,0,382,7.9476950082357e-11,3.1141130348545e-06,-1.0634285067134e-12,1.1798459233305e-13
383,0,0,383,7.9359007969109e-11,3.1199860699387e-06,-1.0630193502297e-12,1.1794211324781e-13
384,0,0,384,7.9241111959168e-11,3.125856864516e-06,-1.0626138184904e-12,1.1789600994082e-13
385,0,0,385,7.9123265624708e-11,3.1317254383251e-06,-1.0622118594475e-12,1.1784633446037e-13
386,0,0,386,7.900547248638e-11,3.13759181082e-06,-1.0618134215786e-12,1.1779313832821e-13
387,0,0,387,7.8887736013836e-11,3.143456001173e-06,-1.0614184538845e-12,1.1773647254359e-13
388,0,0,388,7.8770059626249e-11,3.1493180282773e-06,-1.0610269058841e-12,1.1767638758731e-13
389,0,0,389,7.8652446692823e-11,3.1551779107503e-06,-1.0606387276109e-12,1.1761293342568e-13
390,0,0,390,7.8534900533309e-11,3.161035666936e-06,-1.060253869609e-12,1.1754615951452e-13
391,0,0,391,7.8417424418506e-11,3.1668913149079e-06,-1.0598722829287e-12,1.1747611480314e-13
392,0,0,392,7.8300021570767e-11,3.1727448724722e-06,-1.0594939191232e-12,1.1740284773836e-13
393,0,0,393,7.8182695164499e-11,3.1785963571696e-06,-1.0591187302439e-12,1.1732640626839e-13
394,0,0,394,7.8065448326652e-11,3.1844457862792e-06,-1.0587466688371e-12,1.1724683784669e-13
395,0,0,395,7.7948284137216e-11,3.1902931768203e-06,-1.05837768794e-12,1.1716418943603e-13
396,0,0,396,7.7831205629704e-11,3.1961385455556e-06,-1.0580117410766e-12,1.1707850751227e-13
397,0,0,397,7.7714215791636e-11,3.2019819089934e-06,-1.0576487822536e-12,1.1698983806826e-13
398,0,0,398,7.7597317565018e-11,3.207823283391e-06,-1.0572887659574e-12,1.1689822661765e-13
399,0,0,399,7.7480513846819e-11,3.2136626847565e-06,-1.0569316471491e-12,1.168037181988e-13
400,0,0,400,7.7363807489441e-11,3.2195001288518e-06,-1.0565773812621e-12,1.167063573785e-13
401,0,0,401,7.7247201301185e-11,3.2253356311954e-06,-1.0562259241968e-12,1.1660618825592e-13
402,0,0,402,7.7130698046719e-11,3.2311692070646e-06,-1.055877232318e-12,1.1650325446614e-13
403,0,0,403,7.7014300447534e-11,3.237000871498e-06,-1.0555312624505e-12,1.1639759918415e-13
404,0,0,404,7.6898011182406e-11,3.2428306392985e-06,-1.0551879718755e-12,1.1628926512848e-13
405,0,0,405,7.6781832887841e-11,3.2486585250351e-06,-1.0548473183271e-12,1.1617829456488e-13
406,0,0,406,7.6665768158531e-11,3.2544845430461e-06,-1.0545092599884e-12,1.1606472931014e-13
407,0,0,407,7.6549819547795e-11,3.260308707441e-06,-1.0541737554878e-12,1.159486107356e-13
408,0,0,408,7.6433989568024e-11,3.2661310321034e-06,-1.0538407638951e-12,1.1582997977106e-13
409,0,0,409,7.6318280691116e-11,3.271951530693e-06,-1.0535102447189e-12,1.1570887690814e-13
410,0,0,410,7.6202695348912e-11,3.2777702166483e-06,-1.0531821579013e-12,1.1558534220409e-13
411,0,0,411,7.6087235933627e-11,3.2835871031887e-06,-1.0528564638159e-12,1.1545941528537e-13
412,0,0,412,7.5971904798276e-11,3.2894022033172e-06,-1.0525331232633e-12,1.1533113535121e-13
413,0,0,413,7.5856704257098e-11,3.2952155298226e-06,-1.0522120974676e-12,1.1520054117713e-13
414,0,0,414,7.574163658598e-11,3.3010270952815e-06,-1.0518933480733e-12,1.1506767111858e-13
415,0,0,415,7.5626704022865e-11,3.3068369120613e-06,-1.0515768371413e-12,1.1493256311437e-13
416,0,0,416,7.5511908768175e-11,3.3126449923218e-06,-1.0512625271456e-12,1.147952546903e-13
417,0,0,417,7.5397252985213e-11,3.3184513480178e-06,-1.05095038097e-12,1.146557829625e-13
418,0,0,418,7.5282738800572e-11,3.3242559909012e-06,-1.0506403619042e-12,1.14514184641e-13
419,0,0,419,7.5168368304538e-11,3.3300589325235e-06,-1.0503324336406e-12,1.1437049603315e-13
420,0,0,420,7.5054143551491e-11,3.3358601842377e-06,-1.0500265602708e-12,1.1422475304707e-13
421,0,0,421,7.4940066560296e-11,3.3416597572006e-06,-1.0497227062827e-12,1.1407699119494e-13
422,0,0,422,7.48261393147e-11,3.347457662375e-06,-1.0494208365559e-12,1.1392724559659e-13
423,0,0,423,7.4712363763717e-11,3.3532539105317e-06,-1.0491209163598e-12,1.1377555098273e-13
424,0,0,424,7.4598741822019e-11,3.3590485122518e-06,-1.0488229113492e-12,1.136219416983e-13
425,0,0,425,7.4485275370313e-11,3.364841477929e-06,-1.0485267875613e-12,1.1346645170584e-13
426,0,0,426,7.4371966255724e-11,3.370632817771e-06,-1.0482325114124e-12,1.1330911458879e-13
427,0,0,427,7.4258816292169e-11,3.3764225418025e-06,-1.0479400496947e-12,1.1314996355479e-13
428,0,0,428,7.414582726073e-11,3.3822106598664e-06,-1.047649369573e-12,1.1298903143894e-13
429,0,0,429,7.4033000910023e-11,3.3879971816265e-06,-1.0473604385812e-12,1.1282635070698e-13
430,0,0,430,7.3920338956565e-11,3.3937821165692e-06,-1.0470732246197e-12,1.1266195345867e-13
431,0,0,431,7.3807843085134e-11,3.3995654740054e-06,-1.0467876959508e-12,1.1249587143086e-13
432,0,0,432,7.3695514949133e-11,3.4053472630728e-06,-1.0465038211977e-12,1.1232813600077e-13
433,0,0,433,7.3583356170944e-11,3.4111274927376e-06,-1.0462215693392e-12,1.1215877818906e-13
434,0,0,434,7.3471368342281e-11,3.4169061717968e-06,-1.0459409097079e-12,1.1198782866314e-13
435,0,0,435,7.3359553024541e-11,3.4226833088796e-06,-1.0456618119863e-12,1.1181531774013e-13
436,0,0,436,7.3247911749151e-11,3.4284589124498e-06,-1.0453842462043e-12,1.1164127539003e-13
437,0,0,437,7.3136446017912e-11,3.4342329908074e-06,-1.0451081827355e-12,1.1146573123893e-13
438,0,0,438,7.302515730334e-11,3.4400055520908e-06,-1.0448335922947e-12,1.1128871457184e-13
439,0,0,439,7.2914047049004e-11,3.4457766042783e-06,-1.0445604459348e-12,1.1111025433598e-13
440,0,0,440,7.280311666986e-11,3.4515461551901e-06,-1.0442887150428e-12,1.1093037914368e-13
441,0,0,441,7.2692367552585e-11,3.4573142124904e-06,-1.0440183713384e-12,1.1074911727539e-13
442,0,0,442,7.2581801055902e-11,3.4630807836885e-06,-1.0437493868696e-12,1.1056649668275e-13
443,0,0,443,7.2471418510911e-11,3.4688458761416e-06,-1.0434817340105e-12,1.1038254499149e-13
444,0,0,444,7.2361221221406e-11,3.4746094970558e-06,-1.0432153854581e-12,1.101972895044e-13
445,0,0,445,7.2251210464202e-11,3.480371653488e-06,-1.0429503142294e-12,1.1001075720431e-13
446,0,0,446,7.2141387489445e-11,3.486132352348e-06,-1.0426864936584e-12,1.0982297475691e-13
447,0,0,447,7.2031753520931e-11,3.4918916003999e-06,-1.0424238973936e-12,1.0963396851377e-13
448,0,0,448,7.1922309756416e-11,3.4976494042639e-06,-1.0421624993942e-12,1.094437645151e-13
449,0,0,449,7.1813057367924e-11,3.5034057704182e-06,-1.0419022739286e-12,1.0925238849265e-13
450,0,0,450,7.1703997502051e-11,3.5091607052004e-06,-1.0416431955703e-12,1.0905986587256e-13
451,0,0,451,7.1595131280273e-11,3.5149142148092e-06,-1.0413852391957e-12,1.0886622177818e-13
452,0,0,452,7.148645979924e-11,3.5206663053063e-06,-1.0411283799815e-12,1.0867148103286e-13
453,0,0,453,7.1377984131077e-11,3.5264169826179e-06,-1.040872593401e-12,1.0847566816265e-13
454,0,0,454,7.1269705323678e-11,3.5321662525363e-06,-1.0406178552229e-12,1.0827880739924e-13
455,0,0,455,7.1161624400996e-11,3.5379141207214e-06,-1.0403641415066e-12,1.0808092268251e-13
456,0,0,456,7.1053742363332e-11,3.5436605927026e-06,-1.0401114286012e-12,1.0788203766334e-13
457,0,0,457,7.0946060187626e-11,3.5494056738802e-06,-1.0398596931419e-12,1.0768217570638e-13
458,0,0,458,7.0838578827733e-11,3.5551493695269e-06,-1.0396089120476e-12,1.0748135989253e-13
459,0,0,459,7.0731299214712e-11,3.5608916847894e-06,-1.039359062518e-12,1.0727961302188e-13
460,0,0,460,7.0624222257095e-11,3.5666326246901e-06,-1.0391101220313e-12,1.070769576161e-13
461,0,0,461,7.0517348841174e-11,3.5723721941285e-06,-1.0388620683409e-12,1.0687341592123e-13
462,0,0,462,7.0410679831264e-11,3.5781103978825e-06,-1.0386148794742e-12,1.066690099102e-13
463,0,0,463,7.0304216069978e-11,3.5838472406103e-06,-1.0383685337282e-12,1.064637612855e-13
464,0,0,464,7.0197958378497e-11,3.5895827268515e-06,-1.0381230096682e-12,1.0625769148164e-13
465,0,0,465,7.0091907556829e-11,3.595316861029e-06,-1.0378782861248e-12,1.0605082166785e-13
466,0,0,466,6.9986064384079e-11,3.60104964745e-06,-1.0376343421915e-12,1.0584317275045e-13
467,0,0,467,6.9880429618703e-11,3.6067810903075e-06,-1.037391157222e-12,1.056347653755e-13
468,0,0,468,6.9775003998772e-11,3.6125111936823e-06,-1.037148710828e-12,1.0542561993122e-13
469,0,0,469,6.9669788242221e-11,3.6182399615435e-06,-1.0369069828763e-12,1.0521575655053e-13
470,0,0,470,6.9564783047108e-11,3.6239673977506e-06,-1.0366659534867e-12,1.0500519511342e-13
471,0,0,471,6.9459989091858e-11,3.6296935060546e-06,-1.0364256030293e-12,1.0479395524946e-13
472,0,0,472,6.9355407035518e-11,3.6354182900995e-06,-1.0361859121225e-12,1.0458205634027e-13
473,0,0,473,6.9251037517996e-11,3.6411417534234e-06,-1.0359468616302e-12,1.0436951752178e-13
474,0,0,474,6.914688116031e-11,3.6468638994602e-06,-1.0357084326591e-12,1.0415635768677e-13
475,0,0,475,6.9042938564822e-11,3.6525847315406e-06,-1.0354706065574e-12,1.0394259548717e-13
476,0,0,476,6.8939210315486e-11,3.6583042528937e-06,-1.0352333649113e-12,1.0372824933638e-13
477,0,0,477,6.8835696978074e-11,3.6640224666481e-06,-1.0349966895435e-12,1.0351333741169e-13
478,0,0,478,6.8732399100418e-11,3.6697393758333e-06,-1.0347605625102e-12,1.0329787765656e-13
479,0,0,479,6.8629317212635e-11,3.6754549833808e-06,-1.0345249660992e-12,1.0308188778286e-13
480,0,0,480,6.8526451827362e-11,3.6811692921257e-06,-1.0342898828279e-12,1.0286538527325e-13
481,0,0,481,6.8423803439978e-11,3.6868823048077e-06,-1.0340552954403e-12,1.0264838738342e-13
482,0,0,482,6.8321372528834e-11,3.6925940240723e-06,-1.0338211869054e-12,1.0243091114426e-13
483,0,0,483,6.821915955547e-11,3.6983044524724e-06,-1.0335875404144e-12,1.0221297336421e-13
484,0,0,484,6.8117164964838e-11,3.704013592469e-06,-1.0333543393791e-12,1.0199459063138e-13
485,0,0,485,6.8015389185523e-11,3.7097214464327e-06,-1.0331215674292e-12,1.0177577931578e-13
486,0,0,486,6.7913832629951e-11,3.7154280166449e-06,-1.0328892084104e-12,1.0155655557155e-13
487,0,0,487,6.7812495694612e-11,3.7211333052989e-06,-1.0326572463823e-12,1.0133693533901e-13
488,0,0,488,6.7711378760265e-11,3.7268373145012e-06,-1.0324256656158e-12,1.0111693434689e-13
489,0,0,489,6.7610482192151e-11,3.7325400462725e-06,-1.0321944505915e-12,1.0089656811445e-13
490,0,0,490,6.7509806340197e-11,3.7382415025487e-06,-1.0319635859973e-12,1.006758519536e-13
491,0,0,491,6.7409351539226e-11,3.7439416851825e-06,-1.0317330567264e-12,1.004548009709e-13
492,0,0,492,6.7309118109156e-11,3.7496405959443e-06,-1.0315028478752e-12,1.0023343006982e-13
493,0,0,493,6.7209106355204e-11,3.755338236523e-06,-1.0312729447413e-12,1.0001175395259e-13
494,0,0,494,6.7109316568081e-11,3.7610346085275e-06,-1.0310433328211e-12,9.9789787122433e-14
495,0,0,495,6.7009749024196e-11,3.7667297134878e-06,-1.0308139978084e-12,9.9567543885503e-14
496,0,0,496,6.6910403985843e-11,3.7724235528557e-06,-1.030584925592e-12,9.934503835287e-14
497,0,0,497,6.68112817014e-11,3.7781161280062e-06,-1.0303561022534e-12,9.9122284442599e-14
498,0,0,498,6.6712382405519e-11,3.7838074402386e-06,-1.0301275140656e-12,9.8899295881661e-14
499,0,0,499,6.6613706319311e-11,3.7894974907773e-06,-1.0298991474904e-12,9.8676086207991e-14
500,0,0,500,6.6515253650539e-11,3.7951862807727e-06,-1.0296709891769e-12,9.8452668772271e-14
501,0,0,501,6.6417024593798e-11,3.8008738113029e-06,-1.0294430259594e-12,9.8229056740089e-14
502,0,0,502,6.6319019330705e-11,3.8065600833739e-06,-1.0292152448556e-12,9.8005263093605e-14
503,0,0,503,6.6221238030071e-11,3.8122450979212e-06,-1.0289876330641e-12,9.7781300633737e-14
504,0,0,504,6.6123680848089e-11,3.8179288558105e-06,-1.0287601779638e-12,9.7557181981735e-14
505,0,0,505,6.6026347928508e-11,3.8236113578388e-06,-1.0285328671102e-12,9.7332919581368e-14
506,0,0,506,6.5929239402807e-11,3.8292926047351e-06,-1.028305688236e-12,9.7108525700488e-14
507,0,0,507,6.5832355390374e-11,3.8349725971619e-06,-1.0280786292463e-12,9.6884012433122e-14
508,0,0,508,6.5735695998673e-11,3.8406513357156e-06,-1.0278516782197e-12,9.6659391701112e-14
509,0,0,509,6.5639261323417e-11,3.8463288209277e-06,-1.0276248234035e-12,9.6434675255996e-14
510,0,0,510,6.5543051448736e-11,3.8520050532659e-06,-1.0273980532156e-12,9.6209874680885e-14
511,0,0,511,6.5447066447344e-11,3.8576800331347e-06,-1.0271713562385e-12,9.5985001392049e-14
512,0,0,512,6.5351306380703e-11,3.8633537608762e-06,-1.0269447212212e-12,9.5760066640901e-14
513,0,0,513,6.5255771299188e-11,3.8690262367717e-06,-1.0267181370751e-12,9.5535081515566e-14
514,0,0,514,6.5160461242245e-11,3.8746974610417e-06,-1.0264915928735e-12,9.531005694275e-14
515,0,0,515,6.5065376238556e-11,3.8803674338475e-06,-1.026265077849e-12,9.5085003689359e-14
516,0,0,516,6.4970516306191e-11,3.8860361552916e-06,-1.0260385813926e-12,9.4859932364308e-14
517,0,0,517,6.4875881452771e-11,3.891703625419e-06,-1.0258120930518e-12,9.4634853420109e-14
518,0,0,518,6.4781471675617e-11,3.8973698442175e-06,-1.0255856025284e-12,9.4409777154631e-14
519,0,0,519,6.4687286961904e-11,3.903034811619e-06,-1.0253590996773e-12,9.4184713712689e-14
520,0,0,520,6.4593327288816e-11,3.9086985275003e-06,-1.0251325745046e-12,9.3959673087825e-14
521,0,0,521,6.4499592623692e-11,3.9143609916835e-06,-1.024906017167e-12,9.3734665123736e-14
522,0,0,522,6.4406082924176e-11,3.9200222039375e-06,-1.024679417968e-12,9.3509699516102e-14
523,0,0,523,6.4312798138362e-11,3.9256821639781e-06,-1.0244527673585e-12,9.3284785814104e-14
524,0,0,524,6.421973820494e-11,3.9313408714695e-06,-1.0242260559339e-12,9.3059933421957e-14
525,0,0,525,6.412690305334e-11,3.9369983260244e-06,-1.0239992744335e-12,9.2835151600594e-14
526,0,0,526,6.403429260387e-11,3.9426545272052e-06,-1.0237724137373e-12,9.2610449469218e-14
527,0,0,527,6.3941906767864e-11,3.9483094745249e-06,-1.0235454648667e-12,9.2385836006769e-14
528,0,0,528,6.384974544781e-11,3.9539631674475e-06,-1.0233184189808e-12,9.216132005356e-14
529,0,0,529,6.3757808537497e-11,3.9596156053888e-06,-1.0230912673764e-12,9.1936910312758e-14
530,0,0,530,6.3666095922146e-11,3.9652667877174e-06,-1.022864001486e-12,9.1712615351887e-14
531,0,0,531,6.3574607478541e-11,3.9709167137554e-06,-1.0226366128754e-12,9.1488443604376e-14
532,0,0,532,6.348334307517e-11,3.9765653827789e-06,-1.0224090932441e-12,9.1264403370958e-14
533,0,0,533,6.3392302572349e-11,3.9822127940188e-06,-1.0221814344223e-12,9.1040502821267e-14
534,0,0,534,6.3301485822354e-11,3.9878589466617e-06,-1.0219536283698e-12,9.0816749995151e-14
535,0,0,535,6.3210892669549e-11,3.9935038398505e-06,-1.0217256671746e-12,9.0593152804257e-14
536,0,0,536,6.3120522950516e-11,3.9991474726851e-06,-1.021497543052e-12,9.0369719033361e-14
537,0,0,537,6.3030376494174e-11,4.0047898442229e-06,-1.0212692483422e-12,9.0146456341873e-14
538,0,0,538,6.2940453121909e-11,4.0104309534798e-06,-1.02104077551e-12,8.9923372265149e-14
539,0,0,539,6.2850752647693e-11,4.0160707994309e-06,-1.0208121171418e-12,8.9700474216006e-14
540,0,0,540,6.2761274878207e-11,4.0217093810107e-06,-1.0205832659463e-12,8.9477769485952e-14
541,0,0,541,6.267201961296e-11,4.0273466971143e-06,-1.0203542147515e-12,8.9255265246759e-14
542,0,0,542,6.2582986644409e-11,4.0329827465977e-06,-1.0201249565039e-12,8.9032968551615e-14
543,0,0,543,6.2494175758072e-11,4.0386175282788e-06,-1.0198954842674e-12,8.881088633661e-14
544,0,0,544,6.240558673265e-11,4.0442510409375e-06,-1.0196657912211e-12,8.8589025422016e-14
545,0,0,545,6.2317219340137e-11,4.0498832833168e-06,-1.0194358706596e-12,8.836739251358e-14
546,0,0,546,6.2229073345933e-11,4.0555142541234e-06,-1.0192057159896e-12,8.814599420397e-14
547,0,0,547,6.2141148508959e-11,4.0611439520279e-06,-1.0189753207304e-12,8.7924836973837e-14
548,0,0,548,6.2053444581765e-11,4.0667723756661e-06,-1.0187446785116e-12,8.7703927193361e-14
549,0,0,549,6.1965961310642e-11,4.0723995236389e-06,-1.0185137830726e-12,8.7483271123333e-14
550,0,0,550,6.1878698435726e-11,4.0780253945133e-06,-1.0182826282597e-12,8.7262874916501e-14
551,0,0,551,6.1791655691107e-11,4.0836499868228e-06,-1.0180512080274e-12,8.7042744618819e-14
552,0,0,552,6.1704832804936e-11,4.0892732990683e-06,-1.0178195164347e-12,8.6822886170685e-14
553,0,0,553,6.1618229499528e-11,4.0948953297183e-06,-1.0175875476455e-12,8.660330540813e-14
554,0,0,554,6.1531845491464e-11,4.1005160772096e-06,-1.0173552959268e-12,8.638400806407e-14
555,0,0,555,6.1445680491694e-11,4.106135539948e-06,-1.0171227556474e-12,8.6164999769526e-14
556,0,0,556,6.135973420564e-11,4.1117537163086e-06,-1.0168899212764e-12,8.5946286054781e-14
557,0,0,557,6.1274006333289e-11,4.1173706046367e-06,-1.0166567873833e-12,8.5727872350611e-14
558,0,0,558,6.11884965693e-11,4.1229862032479e-06,-1.0164233486353e-12,8.550976398936e-14
559,0,0,559,6.1103204603093e-11,4.1286005104291e-06,-1.0161895997972e-12,8.5291966206227e-14
560,0,0,560,6.1018130118953e-11,4.1342135244387e-06,-1.0159555357294e-12,8.5074484140343e-14
561,0,0,561,6.0933272796117e-11,4.1398252435071e-06,-1.0157211513877e-12,8.4857322835908e-14
562,0,0,562,6.0848632308874e-11,4.1454356658377e-06,-1.0154864418216e-12,8.4640487243351e-14
563,0,0,563,6.0764208326653e-11,4.1510447896066e-06,-1.0152514021726e-12,8.4423982220434e-14
564,0,0,564,6.068000051412e-11,4.1566526129639e-06,-1.015016027675e-12,8.4207812533318e-14
565,0,0,565,6.0596008531262e-11,4.1622591340338e-06,-1.0147803136524e-12,8.3991982857773e-14
566,0,0,566,6.0512232033482e-11,4.1678643509151e-06,-1.0145442555184e-12,8.3776497780125e-14
567,0,0,567,6.0428670671684e-11,4.1734682616818e-06,-1.0143078487748e-12,8.3561361798417e-14
568,0,0,568,6.034532409236e-11,4.1790708643835e-06,-1.0140710890105e-12,8.3346579323458e-14
569,0,0,569,6.026219193768e-11,4.184672157046e-06,-1.0138339719008e-12,8.3132154679905e-14
570,0,0,570,6.0179273845573e-11,4.1902721376714e-06,-1.0135964932058e-12,8.2918092107226e-14
571,0,0,571,6.0096569449812e-11,4.1958708042392e-06,-1.0133586487701e-12,8.2704395760801e-14
572,0,0,572,6.0014078380099e-11,4.2014681547062e-06,-1.013120434521e-12,8.2491069712971e-14
573,0,0,573,5.9931800262145e-11,4.2070641870071e-06,-1.0128818464683e-12,8.2278117954002e-14
574,0,0,574,5.9849734717752e-11,4.2126588990552e-06,-1.0126428807025e-12,8.2065544393046e-14
575,0,0,575,5.9767881364893e-11,4.2182522887424e-06,-1.012403533394e-12,8.1853352859318e-14
576,0,0,576,5.968623981779e-11,4.2238443539402e-06,-1.0121638007929e-12,8.1641547102813e-14
577,0,0,577,5.9604809686995e-11,4.2294350924995e-06,-1.0119236792268e-12,8.1430130795582e-14
578,0,0,578,5.9523590579462e-11,4.2350245022514e-06,-1.0116831651007e-12,8.1219107532395e-14
579,0,0,579,5.944258209863e-11,4.2406125810077e-06,-1.0114422548957e-12,8.1008480831988e-14
580,0,0,580,5.9361783844492e-11,4.2461993265611e-06,-1.0112009451684e-12,8.0798254137772e-14
581,0,0,581,5.9281195413673e-11,4.2517847366857e-06,-1.0109592325491e-12,8.0588430818932e-14
582,0,0,582,5.9200816399502e-11,4.2573688091373e-06,-1.0107171137419e-12,8.0379014171278e-14
583,0,0,583,5.9120646392084e-11,4.262951541654e-06,-1.0104745855234e-12,8.0170007418152e-14
584,0,0,584,5.9040684978373e-11,4.2685329319565e-06,-1.0102316447412e-12,7.9961413711435e-14
585,0,0,585,5.896093174224e-11,4.2741129777483e-06,-1.009988288314e-12,7.9753236132362e-14
586,0,0,586,5.8881386264548e-11,4.2796916767164e-06,-1.0097445132304e-12,7.95454776924e-14
587,0,0,587,5.8802048123214e-11,4.2852690265316e-06,-1.0095003165474e-12,7.9338141334232e-14
588,0,0,588,5.8722916893281e-11,4.2908450248486e-06,-1.0092556953898e-12,7.9131229932517e-14
589,0,0,589,5.8643992146986e-11,4.2964196693069e-06,-1.00901064695e-12,7.8924746294847e-14
590,0,0,590,5.8565273453824e-11,4.3019929575306e-06,-1.0087651684867e-12,7.8718693162565e-14
591,0,0,591,5.8486760380612e-11,4.3075648871291e-06,-1.0085192573237e-12,7.8513073211613e-14
592,0,0,592,5.8408452491559e-11,4.3131354556973e-06,-1.008272910849e-12,7.830788905336e-14
593,0,0,593,5.8330349348323e-11,4.3187046608162e-06,-1.0080261265152e-12,7.8103143235498e-14
594,0,0,594,5.825245051008e-11,4.3242725000528e-06,-1.0077789018371e-12,7.7898838242747e-14
595,0,0,595,5.8174755533583e-11,4.3298389709611e-06,-1.0075312343918e-12,7.7694976497849e-14
596,0,0,596,5.809726397322e-11,4.3354040710816e-06,-1.007283121818e-12,7.7491560362159e-14
597,0,0,597,5.8019975381084e-11,4.3409677979425e-06,-1.0070345618142e-12,7.7288592136634e-14
598,0,0,598,5.7942889307021e-11,4.3465301490593e-06,-1.0067855521391e-12,7.7086074062507e-14
599,0,0,599,5.7866005298699e-11,4.3520911219356e-06,-1.0065360906102e-12,7.6884008322108e-14
600,0,0,600,5.778932290166e-11,4.3576507140632e-06,-1.0062861751031e-12,7.6682397039668e-14
601,0,0,601,5.7712841659378e-11,4.3632089229226e-06,-1.0060358035505e-12,7.6481242282021e-14
602,0,0,602,5.7636561113318e-11,4.3687657459831e-06,-1.0057849739424e-12,7.6280546059416e-14
603,0,0,603,5.7560480802992e-11,4.3743211807031e-06,-1.0055336843239e-12,7.6080310326236e-14
604,0,0,604,5.748460026601e-11,4.3798752245307e-06,-1.0052819327956e-12,7.5880536981776e-14
605,0,0,605,5.7408919038139e-11,4.3854278749037e-06,-1.0050297175124e-12,7.5681227870936e-14
606,0,0,606,5.7333436653354e-11,4.39097912925e-06,-1.0047770366828e-12,7.5482384784986e-14
607,0,0,607,5.7258152643892e-11,4.3965289849879e-06,-1.0045238885682e-12,7.5284009462267e-14
608,0,0,608,5.7183066540303e-11,4.4020774395265e-06,-1.0042702714824e-12,7.5086103588902e-14
609,0,0,609,5.7108177871504e-11,4.4076244902657e-06,-1.0040161837905e-12,7.4888668799491e-14
610,0,0,610,5.7033486164826e-11,4.4131701345967e-06,-1.0037616239086e-12,7.4691706677878e-14
611,0,0,611,5.6958990946068e-11,4.4187143699022e-06,-1.0035065903027e-12,7.4495218757719e-14
612,0,0,612,5.6884691739545e-11,4.4242571935568e-06,-1.0032510814883e-12,7.4299206523288e-14
613,0,0,613,5.6810588068135e-11,4.4297986029272e-06,-1.00299509603e-12,7.4103671410085e-14
614,0,0,614,5.6736679453329e-11,4.4353385953721e-06,-1.0027386325398e-12,7.3908614805493e-14
615,0,0,615,5.666296541528e-11,4.4408771682433e-06,-1.0024816896778e-12,7.3714038049518e-14
616,0,0,616,5.6589445472844e-11,4.446414318885e-06,-1.0022242661503e-12,7.3519942435334e-14
617,0,0,617,5.6516119143634e-11,4.4519500446348e-06,-1.0019663607105e-12,7.3326329210045e-14
618,0,0,618,5.6442985944059e-11,4.4574843428235e-06,-1.0017079721563e-12,7.3133199575235e-14
619,0,0,619,5.6370045389371e-11,4.4630172107756e-06,-1.0014490993305e-12,7.2940554687638e-14
620,0,0,620,5.6297296993712e-11,4.4685486458094e-06,-1.0011897411209e-12,7.2748395659786e-14
621,0,0,621,5.6224740270151e-11,4.4740786452374e-06,-1.0009298964582e-12,7.2556723560597e-14
622,0,0,622,5.6152374730735e-11,4.4796072063662e-06,-1.000669564316e-12,7.2365539416001e-14
623,0,0,623,5.6080199886525e-11,4.4851343264972e-06,-1.0004087437108e-12,7.2174844209541e-14
624,0,0,624,5.6008215247642e-11,4.4906600029265e-06,-1.0001474337008e-12,7.1984638882996e-14
625,0,0,625,5.5936420323305e-11,4.4961842329452e-06,-9.9988563338488e-13,7.1794924336951e-14
626,0,0,626,5.5864814621874e-11,4.5017070138397e-06,-9.9962334190298e-13,7.160570143137e-14
627,0,0,627,5.5793397650888e-11,4.5072283428918e-06,-9.9936055843503e-13,7.1416970986256e-14
628,0,0,628,5.5722168917106e-11,4.5127482173791e-06,-9.9909728220004e-13,7.1228733782109e-14
629,0,0,629,5.5651127926545e-11,4.518266634575e-06,-9.9883351245646e-13,7.1040990560608e-14
630,0,0,630,5.558027418452e-11,4.523783591749e-06,-9.9856924850056e-13,7.0853742025077e-14
631,0,0,631,5.5509607195679e-11,4.5292990861671e-06,-9.9830448966652e-13,7.066698884113e-14
632,0,0,632,5.5439126464042e-11,4.5348131150915e-06,-9.9803923532605e-13,7.048073163714e-14
633,0,0,633,5.5368831493037e-11,4.5403256757815e-06,-9.9777348488675e-13,7.0294971004853e-14
634,0,0,634,5.5298721785537e-11,4.5458367654931e-06,-9.9750723779318e-13,7.010970749988e-14
635,0,0,635,5.5228796843895e-11,4.5513463814794e-06,-9.9724049352483e-13,6.9924941642222e-14
636,0,0,636,5.5159056169978e-11,4.556854520991e-06,-9.9697325159692e-13,6.9740673916877e-14
637,0,0,637,5.5089499265204e-11,4.5623611812758e-06,-9.9670551155842e-13,6.9556904774233e-14
638,0,0,638,5.5020125630573e-11,4.5678663595797e-06,-9.9643727299308e-13,6.9373634630717e-14
639,0,0,639,5.4950934766704e-11,4.573370053146e-06,-9.9616853551745e-13,6.9190863869178e-14
640,0,0,640,5.4881926173864e-11,4.5788722592167e-06,-9.95899298782e-13,6.9008592839507e-14
641,0,0,641,5.4813099352005e-11,4.5843729750314e-06,-9.9562956246843e-13,6.8826821859037e-14
642,0,0,642,5.4744453800792e-11,4.5898721978286e-06,-9.953593262919e-13,6.8645551213094e-14
643,0,0,643,5.4675989019637e-11,4.5953699248452e-06,-9.9508858999821e-13,6.8464781155467e-14
644,0,0,644,5.4607704507728e-11,4.6008661533168e-06,-9.9481735336429e-13,6.8284511908908e-14
645,0,0,645,5.4539599764062e-11,4.6063608804781e-06,-9.9454561619773e-13,6.8104743665534e-14
646,0,0,646,5.4471674287475e-11,4.6118541035628e-06,-9.9427337833679e-13,6.7925476587423e-14
647,0,0,647,5.4403927576668e-11,4.617345819804e-06,-9.9400063964809e-13,6.7746710806941e-14
648,0,0,648,5.4336359130241e-11,4.622836026434e-06,-9.9372740002905e-13,6.7568446427326e-14
649,0,0,649,5.4268968446717e-11,4.6283247206848e-06,-9.9345365940426e-13,6.7390683523043e-14
650,0,0,650,5.4201755024577e-11,4.6338118997883e-06,-9.9317941772771e-13,6.721342214029e-14
651,0,0,651,5.413471836228e-11,4.639297560976e-06,-9.9290467498101e-13,6.7036662297448e-14
652,0,0,652,5.4067857958294e-11,4.6447817014798e-06,-9.9262943117258e-13,6.6860403985456e-14
653,0,0,653,5.4001173311126e-11,4.6502643185314e-06,-9.9235368633832e-13,6.6684647168331e-14
654,0,0,654,5.3934663919342e-11,4.6557454093631e-06,-9.9207744054076e-13,6.6509391783519e-14
655,0,0,655,5.38683292816e-11,4.6612249712076e-06,-9.9180069386837e-13,6.6334637742387e-14
656,0,0,656,5.3802168896669e-11,4.6667030012984e-06,-9.915234464349e-13,6.6160384930578e-14
657,0,0,657,5.3736182263461e-11,4.6721794968696e-06,-9.9124569838004e-13,6.5986633208487e-14
658,0,0,658,5.3670368881049e-11,4.6776544551562e-06,-9.9096744986827e-13,6.5813382411613e-14
659,0,0,659,5.3604728248698e-11,4.6831278733942e-06,-9.9068870108817e-13,6.5640632351005e-14
660,0,0,660,5.3539259865885e-11,4.688599748821e-06,-9.904094522524e-13,6.5468382813643e-14
661,0,0,661,5.3473963232322e-11,4.6940700786752e-06,-9.901297035975e-13,6.5296633562845e-14
662,0,0,662,5.3408837847983e-11,4.6995388601966e-06,-9.8984945538351e-13,6.5125384338631e-14
663,0,0,663,5.3343883213125e-11,4.705006090627e-06,-9.8956870789267e-13,6.4954634858155e-14
664,0,0,664,5.3279098828309e-11,4.7104717672095e-06,-9.8928746143068e-13,6.4784384816034e-14
665,0,0,665,5.3214484194424e-11,4.7159358871892e-06,-9.8900571632441e-13,6.4614633884768e-14
666,0,0,666,5.3150038812709e-11,4.721398447813e-06,-9.8872347292311e-13,6.444538171508e-14
667,0,0,667,5.3085762184773e-11,4.7268594463301e-06,-9.8844073159702e-13,6.4276627936323e-14
668,0,0,668,5.3021653812616e-11,4.7323188799917e-06,-9.8815749273802e-13,6.4108372156795e-14
669,0,0,669,5.2957713198652e-11,4.7377767460511e-06,-9.8787375675805e-13,6.3940613964112e-14
670,0,0,670,5.2893939845726e-11,4.7432330417643e-06,-9.8758952408947e-13,6.3773352925621e-14
671,0,0,671,5.2830333257138e-11,4.7486877643897e-06,-9.8730479518499e-13,6.3606588588667e-14
672,0,0,672,5.2766892936657e-11,4.7541409111881e-06,-9.8701957051668e-13,6.3440320480969e-14
673,0,0,673,5.2703618388546e-11,4.7595924794233e-06,-9.8673385057544e-13,6.3274548111e-14
674,0,0,674,5.2640509117577e-11,4.7650424663618e-06,-9.8644763587211e-13,6.3109270968273e-14
675,0,0,675,5.2577564629054e-11,4.7704908692731e-06,-9.8616092693547e-13,6.2944488523697e-14
676,0,0,676,5.2514784428824e-11,4.7759376854295e-06,-9.8587372431222e-13,6.2780200229924e-14
677,0,0,677,5.2452168023302e-11,4.7813829121067e-06,-9.8558602856795e-13,6.2616405521627e-14
678,0,0,678,5.2389714919486e-11,4.7868265465834e-06,-9.8529784028524e-13,6.2453103815883e-14
679,0,0,679,5.2327424624974e-11,4.7922685861417e-06,-9.8500916006416e-13,6.2290294512443e-14
680,0,0,680,5.226529664798e-11,4.7977090280673e-06,-9.8471998852163e-13,6.212797699407e-14
681,0,0,681,5.2203330497353e-11,4.803147869649e-06,-9.8443032629162e-13,6.1966150626858e-14
682,0,0,682,5.2141525682592e-11,4.8085851081795e-06,-9.84140174024e-13,6.1804814760475e-14
683,0,0,683,5.2079881713864e-11,4.8140207409551e-06,-9.8384953238509e-13,6.1643968728582e-14
684,0,0,684,5.2018398102015e-11,4.8194547652759e-06,-9.8355840205666e-13,6.1483611849014e-14
685,0,0,685,5.1957074358591e-11,4.8248871784457e-06,-9.8326678373629e-13,6.1323743424148e-14
686,0,0,686,5.189590999585e-11,4.8303179777724e-06,-9.8297467813657e-13,6.1164362741166e-14
687,0,0,687,5.1834904526777e-11,4.8357471605679e-06,-9.8268208598497e-13,6.1005469072356e-14
688,0,0,688,5.1774057465102e-11,4.8411747241482e-06,-9.8238900802354e-13,6.0847061675383e-14
689,0,0,689,5.1713368325308e-11,4.8466006658333e-06,-9.8209544500918e-13,6.0689139793583e-14
690,0,0,690,5.1652836622652e-11,4.8520249829477e-06,-9.8180139771166e-13,6.0531702656236e-14
691,0,0,691,5.1592461873173e-11,4.8574476728202e-06,-9.8150686691611e-13,6.0374749478827e-14
692,0,0,692,5.153224359371e-11,4.8628687327838e-06,-9.8121185341976e-13,6.0218279463339e-14
693,0,0,693,5.1472181301911e-11,4.8682881601763e-06,-9.8091635803378e-13,6.0062291798496e-14
694,0,0,694,5.1412274516251e-11,4.8737059523397e-06,-9.8062038158253e-13,5.990678566007e-14
695,0,0,695,5.135252275604e-11,4.879122106621e-06,-9.803239249025e-13,5.9751760211071e-14
696,0,0,696,5.1292925541438e-11,4.8845366203715e-06,-9.8002698884288e-13,5.9597214602062e-14
697,0,0,697,5.1233482393467e-11,4.8899494909475e-06,-9.7972957426544e-13,5.9443147971405e-14
698,0,0,698,5.1174192834021e-11,4.8953607157102e-06,-9.7943168204315e-13,5.9289559445475e-14
699,0,0,699,5.1115056385882e-11,4.9007702920254e-06,-9.7913331306155e-13,5.9136448138962e-14
700,0,0,700,5.1056072572727e-11,4.9061782172642e-06,-9.788344682169e-13,5.8983813155053e-14
701,0,0,701,5.0997240919142e-11,4.9115844888024e-06,-9.7853514841727e-13,5.8831653585744e-14
702,0,0,702,5.093856095063e-11,4.9169891040211e-06,-9.7823535458148e-13,5.8679968511998e-14
703,0,0,703,5.0880032193625e-11,4.9223920603064e-06,-9.7793508763889e-13,5.8528757004058e-14
704,0,0,704,5.0821654175504e-11,4.9277933550497e-06,-9.7763434852979e-13,5.8378018121619e-14
705,0,0,705,5.076342642459e-11,4.9331929856475e-06,-9.7733313820425e-13,5.822775091409e-14
706,0,0,706,5.0705348470169e-11,4.9385909495018e-06,-9.7703145762339e-13,5.8077954420797e-14
707,0,0,707,5.0647419842498e-11,4.9439872440197e-06,-9.7672930775691e-13,5.7928627671225e-14
708,0,0,708,5.0589640072812e-11,4.9493818666141e-06,-9.7642668958495e-13,5.7779769685241e-14
709,0,0,709,5.0532008693339e-11,4.9547748147031e-06,-9.7612360409683e-13,5.7631379473281e-14
710,0,0,710,5.0474525237303e-11,4.9601660857102e-06,-9.7582005229139e-13,5.74834560366e-14
711,0,0,711,5.0417189238935e-11,4.9655556770648e-06,-9.7551603517574e-13,5.7335998367434e-14
712,0,0,712,5.0360000233486e-11,4.9709435862016e-06,-9.7521155376649e-13,5.7189005449295e-14
713,0,0,713,5.0302957757229e-11,4.9763298105612e-06,-9.7490660908825e-13,5.7042476257073e-14
714,0,0,714,5.0246061347471e-11,4.9817143475898e-06,-9.7460120217479e-13,5.6896409757302e-14
715,0,0,715,5.0189310542563e-11,4.9870971947393e-06,-9.7429533406712e-13,5.6750804908357e-14
716,0,0,716,5.0132704881903e-11,4.9924783494676e-06,-9.7398900581466e-13,5.6605660660634e-14
717,0,0,717,5.0076243905946e-11,4.9978578092382e-06,-9.7368221847465e-13,5.6460975956752e-14
718,0,0,718,5.0019927156214e-11,5.0032355715206e-06,-9.7337497311201e-13,5.6316749731721e-14
719,0,0,719,4.9963754175301e-11,5.0086116337902e-06,-9.7306727079871e-13,5.61729809132e-14
720,0,0,720,4.9907724506879e-11,5.0139859935284e-06,-9.7275911261436e-13,5.6029668421595e-14
721,0,0,721,4.9851837695709e-11,5.0193586482225e-06,-9.7245049964505e-13,5.5886811170313e-14
722,0,0,722,4.9796093287643e-11,5.0247295953661e-06,-9.7214143298435e-13,5.5744408065913e-14
723,0,0,723,4.9740490829635e-11,5.0300988324585e-06,-9.7183191373183e-13,5.5602458008282e-14
724,0,0,724,4.9685029869744e-11,5.0354663570055e-06,-9.7152194299409e-13,5.5460959890815e-14
725,0,0,725,4.9629709957143e-11,5.0408321665186e-06,-9.7121152188388e-13,5.5319912600617e-14
726,0,0,726,4.9574530642125e-11,5.046196258516e-06,-9.7090065151993e-13,5.5179315018637e-14
727,0,0,727,4.9519491476105e-11,5.0515586305217e-06,-9.7058933302709e-13,5.503916601985e-14
728,0,0,728,4.9464592011631e-11,5.0569192800661e-06,-9.7027756753606e-13,5.489946447343e-14
729,0,0,729,4.9409831802388e-11,5.0622782046859e-06,-9.6996535618302e-13,5.4760209242926e-14
730,0,0,730,4.9355210403202e-11,5.067635401924e-06,-9.6965270010985e-13,5.4621399186392e-14
731,0,0,731,4.9300727370045e-11,5.0729908693299e-06,-9.6933960046319e-13,5.4483033156564e-14
732,0,0,732,4.9246382260044e-11,5.0783446044592e-06,-9.6902605839594e-13,5.434511000104e-14
733,0,0,733,4.9192174631482e-11,5.0836966048739e-06,-9.6871207506454e-13,5.4207628562419e-14
734,0,0,734,4.9138104043804e-11,5.0890468681426e-06,-9.6839765163173e-13,5.4070587678408e-14
735,0,0,735,4.9084170057622e-11,5.0943953918402e-06,-9.6808278926375e-13,5.3933986182076e-14
736,0,0,736,4.903037223472e-11,5.0997421735481e-06,-9.6776748913237e-13,5.3797822901902e-14
737,0,0,737,4.8976710138058e-11,5.1050872108542e-06,-9.674517524129e-13,5.3662096661984e-14
738,0,0,738,4.8923183331776e-11,5.110430501353e-06,-9.6713558028537e-13,5.3526806282162e-14
739,0,0,739,4.8869791381197e-11,5.1157720426455e-06,-9.6681897393414e-13,5.3391950578158e-14
740,0,0,740,4.8816533852836e-11,5.1211118323391e-06,-9.6650193454707e-13,5.3257528361741e-14
741,0,0,741,4.8763410314395e-11,5.126449868048e-06,-9.6618446331586e-13,5.3123538440814e-14
742,0,0,742,4.8710420334775e-11,5.131786147393e-06,-9.6586656143635e-13,5.2989979619623e-14
743,0,0,743,4.8657563484076e-11,5.1371206680013e-06,-9.6554823010762e-13,5.2856850698828e-14
744,0,0,744,4.8604839333601e-11,5.142453427507e-06,-9.6522947053192e-13,5.2724150475661e-14
745,0,0,745,4.8552247455857e-11,5.1477844235508e-06,-9.649102839157e-13,5.2591877744081e-14
746,0,0,746,4.8499787424562e-11,5.1531136537799e-06,-9.645906714675e-13,5.2460031294848e-14
747,0,0,747,4.8447458814646e-11,5.1584411158484e-06,-9.6427063439958e-13,5.2328609915714e-14
748,0,0,748,4.8395261202255e-11,5.163766807417e-06,-9.6395017392679e-13,5.219761239148e-14
749,0,0,749,4.834319416475e-11,5.1690907261533e-06,-9.636292912669e-13,5.2067037504182e-14
750,0,0,750,4.8291257280717e-11,5.1744128697314e-06,-9.6330798764072e-13,5.1936884033184e-14
751,0,0,751,4.8239450129962e-11,5.1797332358324e-06,-9.6298626427095e-13,5.1807150755274e-14
752,0,0,752,4.8187772293517e-11,5.1850518221439e-06,-9.6266412238269e-13,5.1677836444849e-14
753,0,0,753,4.8136223353643e-11,5.1903686263605e-06,-9.6234156320445e-13,5.1548939873939e-14
754,0,0,754,4.8084802893831e-11,5.1956836461835e-06,-9.6201858796549e-13,5.1420459812424e-14
755,0,0,755,4.8033510498803e-11,5.2009968793211e-06,-9.6169519789814e-13,5.1292395028042e-14
756,0,0,756,4.7982345754516e-11,5.2063083234881e-06,-9.6137139423642e-13,5.1164744286597e-14
757,0,0,757,4.7931308248164e-11,5.2116179764064e-06,-9.6104717821633e-13,5.1037506352001e-14
758,0,0,758,4.7880397568178e-11,5.2169258358046e-06,-9.6072255107511e-13,5.0910679986399e-14
759,0,0,759,4.7829613304227e-11,5.2222318994182e-06,-9.6039751405245e-13,5.0784263950299e-14
760,0,0,760,4.7778955047225e-11,5.2275361649894e-06,-9.6007206838911e-13,5.0658257002639e-14
761,0,0,761,4.7728422389324e-11,5.2328386302674e-06,-9.5974621532738e-13,5.0532657900904e-14
762,0,0,762,4.7678014923923e-11,5.2381392930084e-06,-9.5941995611079e-13,5.0407465401266e-14
763,0,0,763,4.7627732245664e-11,5.2434381509752e-06,-9.5909329198439e-13,5.0282678258599e-14
764,0,0,764,4.7577573950437e-11,5.2487352019376e-06,-9.5876622419416e-13,5.0158295226657e-14
765,0,0,765,4.7527539635379e-11,5.2540304436723e-06,-9.584387539873e-13,5.0034315058138e-14
766,0,0,766,4.7477628898874e-11,5.259323873963e-06,-9.5811088261192e-13,4.9910736504753e-14
767,0,0,767,4.7427841340557e-11,5.2646154906001e-06,-9.5778261131662e-13,4.9787558317396e-14
768,0,0,768,4.7378176561311e-11,5.269905291381e-06,-9.5745394135149e-13,4.9664779246125e-14
769,0,0,769,4.7328634163271e-11,5.2751932741101e-06,-9.5712487396682e-13,4.9542398040361e-14
770,0,0,770,4.7279213749822e-11,5.2804794365986e-06,-9.5679541041362e-13,4.9420413448907e-14
771,0,0,771,4.7229914925602e-11,5.2857637766646e-06,-9.564655519431e-13,4.9298824220066e-14
772,0,0,772,4.71807372965e-11,5.2910462921331e-06,-9.5613529980751e-13,4.9177629101713e-14
773,0,0,773,4.7131680469658e-11,5.2963269808362e-06,-9.5580465525927e-13,4.9056826841385e-14
774,0,0,774,4.7082744053472e-11,5.3016058406127e-06,-9.5547361955032e-13,4.8936416186363e-14
775,0,0,775,4.7033927657588e-11,5.3068828693085e-06,-9.5514219393385e-13,4.881639588376e-14
776,0,0,776,4.6985230892908e-11,5.3121580647762e-06,-9.5481037966258e-13,4.8696764680596e-14
777,0,0,777,4.6936653371584e-11,5.3174314248756e-06,-9.5447817798892e-13,4.8577521323875e-14
778,0,0,778,4.6888194707023e-11,5.3227029474732e-06,-9.5414559016605e-13,4.8458664560676e-14
779,0,0,779,4.6839854513885e-11,5.3279726304426e-06,-9.5381261744639e-13,4.8340193138182e-14
780,0,0,780,4.6791632408081e-11,5.333240471664e-06,-9.5347926108235e-13,4.8222105803849e-14
781,0,0,781,4.6743528006776e-11,5.3385064690249e-06,-9.5314552232573e-13,4.8104401305375e-14
782,0,0,782,4.6695540928385e-11,5.3437706204196e-06,-9.5281140242879e-13,4.7987078390857e-14
783,0,0,783,4.6647670792576e-11,5.3490329237491e-06,-9.5247690264241e-13,4.7870135808782e-14
784,0,0,784,4.6599917220268e-11,5.3542933769215e-06,-9.5214202421762e-13,4.7753572308195e-14
785,0,0,785,4.6552279833629e-11,5.359551977852e-06,-9.5180676840424e-13,4.763738663867e-14
786,0,0,786,4.6504758256079e-11,5.3648087244622e-06,-9.5147113645206e-13,4.7521577550447e-14
787,0,0,787,4.6457352112284e-11,5.370063614681e-06,-9.5113512961029e-13,4.7406143794471e-14
788,0,0,788,4.6410061028162e-11,5.3753166464442e-06,-9.5079874912658e-13,4.7291084122448e-14
789,0,0,789,4.6362884630875e-11,5.3805678176941e-06,-9.5046199624813e-13,4.7176397286939e-14
790,0,0,790,4.6315822548834e-11,5.3858171263805e-06,-9.5012487222154e-13,4.7062082041388e-14
791,0,0,791,4.6268874411693e-11,5.3910645704594e-06,-9.4978737829216e-13,4.6948137140224e-14
792,0,0,792,4.6222039850355e-11,5.3963101478942e-06,-9.4944951570429e-13,4.6834561338868e-14
793,0,0,793,4.6175318496961e-11,5.401553856655e-06,-9.4911128570128e-13,4.6721353393856e-14
794,0,0,794,4.6128709984898e-11,5.4067956947187e-06,-9.4877268952498e-13,4.6608512062865e-14
795,0,0,795,4.6082213948793e-11,5.4120356600691e-06,-9.484337284166e-13,4.6496036104737e-14
796,0,0,796,4.6035830024513e-11,5.4172737506968e-06,-9.4809440361584e-13,4.6383924279618e-14
797,0,0,797,4.5989557849164e-11,5.4225099645993e-06,-9.4775471636101e-13,4.6272175348941e-14
798,0,0,798,4.5943397061089e-11,5.427744299781e-06,-9.4741466788887e-13,4.616078807549e-14
799,0,0,799,4.5897347299865e-11,5.4329767542531e-06,-9.4707425943544e-13,4.6049761223515e-14
800,0,0,800,4.5851408206307e-11,5.4382073260334e-06,-9.4673349223443e-13,4.59390935587e-14
801,0,0,801,4.5805579422459e-11,5.4434360131467e-06,-9.4639236751863e-13,4.582878384827e-14
802,0,0,802,4.5759860591598e-11,5.4486628136247e-06,-9.4605088651899e-13,4.5718830861023e-14
803,0,0,803,4.571425135823e-11,5.4538877255057e-06,-9.4570905046492e-13,4.5609233367388e-14
804,0,0,804,4.5668751368091e-11,5.4591107468349e-06,-9.4536686058385e-13,4.5499990139441e-14
805,0,0,805,4.562336026814e-11,5.4643318756642e-06,-9.4502431810227e-13,4.5391099951029e-14
806,0,0,806,4.5578077706562e-11,5.4695511100523e-06,-9.446814242441e-13,4.5282561577725e-14
807,0,0,807,4.5532903332765e-11,5.4747684480646e-06,-9.4433818023154e-13,4.5174373796917e-14
808,0,0,808,4.5487836797377e-11,5.4799838877734e-06,-9.4399458728542e-13,4.5066535387893e-14
809,0,0,809,4.5442877752245e-11,5.4851974272575e-06,-9.4365064662443e-13,4.4959045131795e-14
810,0,0,810,4.5398025850434e-11,5.4904090646026e-06,-9.4330635946509e-13,4.4851901811745e-14
811,0,0,811,4.5353280746221e-11,5.4956187979011e-06,-9.4296172702213e-13,4.4745104212827e-14
812,0,0,812,4.5308642095099e-11,5.500826625252e-06,-9.4261675050807e-13,4.4638651122195e-14
813,0,0,813,4.526410955377e-11,5.506032544761e-06,-9.4227143113395e-13,4.4532541329029e-14
814,0,0,814,4.5219682780145e-11,5.5112365545406e-06,-9.4192577010787e-13,4.4426773624652e-14
815,0,0,815,4.5175361433342e-11,5.5164386527099e-06,-9.415797686361e-13,4.4321346802523e-14
816,0,0,816,4.5131145173684e-11,5.5216388373945e-06,-9.4123342792321e-13,4.4216259658293e-14
817,0,0,817,4.5087033662694e-11,5.526837106727e-06,-9.4088674917088e-13,4.411151098983e-14
818,0,0,818,4.5043026563097e-11,5.5320334588462e-06,-9.4053973357862e-13,4.4007099597289e-14
819,0,0,819,4.4999123538814e-11,5.5372278918978e-06,-9.4019238234396e-13,4.39030242831e-14
820,0,0,820,4.4955324254962e-11,5.5424204040341e-06,-9.3984469666214e-13,4.3799283852019e-14
821,0,0,821,4.4911628377851e-11,5.5476109934137e-06,-9.394966777253e-13,4.3695877111206e-14
822,0,0,822,4.486803557498e-11,5.5527996582023e-06,-9.3914832672424e-13,4.3592802870175e-14
823,0,0,823,4.4824545515039e-11,5.5579863965716e-06,-9.3879964484636e-13,4.3490059940931e-14
824,0,0,824,4.4781157867902e-11,5.5631712067002e-06,-9.3845063327738e-13,4.3387647137874e-14
825,0,0,825,4.4737872304624e-11,5.5683540867731e-06,-9.3810129319981e-13,4.3285563277967e-14
826,0,0,826,4.4694688497443e-11,5.5735350349819e-06,-9.3775162579446e-13,4.3183807180661e-14
827,0,0,827,4.4651606119775e-11,5.5787140495247e-06,-9.3740163223848e-13,4.3082377667987e-14
828,0,0,828,4.460862484621e-11,5.5838911286059e-06,-9.3705131370761e-13,4.2981273564541e-14
829,0,0,829,4.4565744352513e-11,5.5890662704367e-06,-9.3670067137424e-13,4.2880493697562e-14
830,0,0,830,4.4522964315616e-11,5.5942394732346e-06,-9.3634970640831e-13,4.2780036896911e-14
831,0,0,831,4.4480284413621e-11,5.5994107352234e-06,-9.3599841997683e-13,4.2679901995127e-14
832,0,0,832,4.4437704325793e-11,5.6045800546336e-06,-9.3564681324467e-13,4.2580087827456e-14
833,0,0,833,4.4395223732562e-11,5.609747429702e-06,-9.3529488737379e-13,4.2480593231845e-14
834,0,0,834,4.4352842315513e-11,5.6149128586717e-06,-9.3494264352278e-13,4.2381417049012e-14
835,0,0,835,4.431055975739e-11,5.6200763397924e-06,-9.3459008284839e-13,4.2282558122456e-14
836,0,0,836,4.4268375742092e-11,5.6252378713201e-06,-9.3423720650399e-13,4.2184015298429e-14
837,0,0,837,4.4226289954666e-11,5.630397451517e-06,-9.3388401564034e-13,4.2085787426063e-14
838,0,0,838,4.4184302081308e-11,5.6355550786518e-06,-9.3353051140514e-13,4.1987873357296e-14
839,0,0,839,4.4142411809361e-11,5.6407107509995e-06,-9.3317669494335e-13,4.1890271946929e-14
840,0,0,840,4.4100618827309e-11,5.6458644668415e-06,-9.3282256739743e-13,4.179298205269e-14
841,0,0,841,4.4058922824774e-11,5.6510162244653e-06,-9.3246812990622e-13,4.1696002535177e-14
842,0,0,842,4.4017323492516e-11,5.6561660221648e-06,-9.3211338360605e-13,4.1599332257927e-14
843,0,0,843,4.3975820522428e-11,5.6613138582401e-06,-9.3175832963038e-13,4.1502970087458e-14
844,0,0,844,4.3934413607535e-11,5.6664597309976e-06,-9.3140296910911e-13,4.1406914893201e-14
845,0,0,845,4.3893102441987e-11,5.6716036387499e-06,-9.3104730317033e-13,4.1311165547632e-14
846,0,0,846,4.3851886721061e-11,5.6767455798159e-06,-9.3069133293767e-13,4.1215720926197e-14
847,0,0,847,4.3810766141154e-11,5.6818855525205e-06,-9.3033505953276e-13,4.112057990739e-14
848,0,0,848,4.3769740399781e-11,5.6870235551949e-06,-9.2997848407387e-13,4.1025741372732e-14
849,0,0,849,4.3728809195574e-11,5.6921595861766e-06,-9.2962160767635e-13,4.0931204206797e-14
850,0,0,850,4.3687972228277e-11,5.6972936438089e-06,-9.2926443145187e-13,4.0836967297265e-14
851,0,0,851,4.3647229198742e-11,5.7024257264416e-06,-9.2890695650997e-13,4.0743029534881e-14
852,0,0,852,4.3606579808929e-11,5.7075558324303e-06,-9.2854918395647e-13,4.0649389813491e-14
853,0,0,853,4.3566023761898e-11,5.7126839601369e-06,-9.2819111489402e-13,4.0556047030108e-14
854,0,0,854,4.3525560761814e-11,5.7178101079292e-06,-9.2783275042233e-13,4.0463000084808e-14
855,0,0,855,4.3485190513933e-11,5.7229342741814e-06,-9.2747409163819e-13,4.0370247880898e-14
856,0,0,856,4.3444912724608e-11,5.7280564572733e-06,-9.2711513963474e-13,4.0277789324781e-14
857,0,0,857,4.3404727101282e-11,5.733176655591e-06,-9.2675589550217e-13,4.0185623326071e-14
858,0,0,858,4.3364633352484e-11,5.7382948675265e-06,-9.2639636032762e-13,4.0093748797581e-14
859,0,0,859,4.3324631187829e-11,5.7434110914778e-06,-9.2603653519457e-13,4.0002164655292e-14
860,0,0,860,4.3284720318011e-11,5.748525325849e-06,-9.2567642118418e-13,3.991086981842e-14
861,0,0,861,4.3244900454801e-11,5.75363756905e-06,-9.2531601937316e-13,3.9819863209401e-14
862,0,0,862,4.3205171311047e-11,5.7587478194966e-06,-9.2495533083623e-13,3.9729143753915e-14
863,0,0,863,4.3165532600666e-11,5.7638560756107e-06,-9.2459435664398e-13,3.9638710380867e-14
864,0,0,864,4.3125984038644e-11,5.7689623358198e-06,-9.2423309786378e-13,3.9548562022437e-14
865,0,0,865,4.308652534103e-11,5.7740665985578e-06,-9.2387155556054e-13,3.945869761407e-14
866,0,0,866,4.3047156224935e-11,5.7791688622638e-06,-9.2350973079502e-13,3.9369116094468e-14
867,0,0,867,4.300787640853e-11,5.7842691253833e-06,-9.2314762462509e-13,3.9279816405646e-14
868,0,0,868,4.2968685611037e-11,5.7893673863673e-06,-9.2278523810509e-13,3.9190797492873e-14
869,0,0,869,4.2929583552732e-11,5.7944636436727e-06,-9.2242257228643e-13,3.9102058304755e-14
870,0,0,870,4.2890569954939e-11,5.7995578957623e-06,-9.2205962821715e-13,3.9013597793192e-14
871,0,0,871,4.2851644540026e-11,5.8046501411046e-06,-9.2169640694148e-13,3.8925414913389e-14
872,0,0,872,4.2812807031402e-11,5.8097403781736e-06,-9.2133290950087e-13,3.8837508623899e-14
873,0,0,873,4.2774057153515e-11,5.8148286054495e-06,-9.2096913693325e-13,3.874987788656e-14
874,0,0,874,4.2735394631848e-11,5.8199148214179e-06,-9.2060509027333e-13,3.8662521666614e-14
875,0,0,875,4.2696819192916e-11,5.8249990245701e-06,-9.2024077055198e-13,3.8575438932573e-14
876,0,0,876,4.265833056426e-11,5.8300812134032e-06,-9.1987617879762e-13,3.8488628656335e-14
877,0,0,877,4.2619928474446e-11,5.83516138642e-06,-9.195113160344e-13,3.8402089813166e-14
878,0,0,878,4.2581612653065e-11,5.8402395421287e-06,-9.1914618328382e-13,3.8315821381634e-14
879,0,0,879,4.2543382830721e-11,5.8453156790434e-06,-9.1878078156344e-13,3.8229822343731e-14
880,0,0,880,4.2505238739036e-11,5.8503897956837e-06,-9.1841511188771e-13,3.8144091684779e-14
881,0,0,881,4.2467180110643e-11,5.8554618905747e-06,-9.1804917526821e-13,3.8058628393477e-14
882,0,0,882,4.2429206679181e-11,5.8605319622471e-06,-9.176829727122e-13,3.7973431461906e-14
883,0,0,883,4.2391318179295e-11,5.8656000092373e-06,-9.1731650522402e-13,3.7888499885506e-14
884,0,0,884,4.2353514346632e-11,5.8706660300871e-06,-9.1694977380497e-13,3.7803832663145e-14
885,0,0,885,4.2315794917835e-11,5.8757300233437e-06,-9.1658277945235e-13,3.7719428797003e-14
886,0,0,886,4.2278159630543e-11,5.8807919875601e-06,-9.1621552316024e-13,3.7635287292725e-14
887,0,0,887,4.2240608223383e-11,5.8858519212944e-06,-9.1584800591996e-13,3.755140715927e-14
888,0,0,888,4.2203140435974e-11,5.8909098231106e-06,-9.1548022871839e-13,3.7467787409057e-14
889,0,0,889,4.2165756008916e-11,5.8959656915776e-06,-9.1511219253994e-13,3.738442705785e-14
890,0,0,890,4.2128454683792e-11,5.9010195252703e-06,-9.1474389836476e-13,3.7301325124813e-14
891,0,0,891,4.2091236203159e-11,5.9060713227684e-06,-9.1437534717066e-13,3.7218480632536e-14
892,0,0,892,4.2054100310552e-11,5.9111210826576e-06,-9.1400653993119e-13,3.7135892606975e-14
893,0,0,893,4.2017046750475e-11,5.9161688035284e-06,-9.1363747761666e-13,3.7053560077491e-14
894,0,0,894,4.1980075268398e-11,5.9212144839769e-06,-9.1326816119417e-13,3.6971482076838e-14
895,0,0,895,4.1943185610756e-11,5.9262581226047e-06,-9.1289859162761e-13,3.6889657641197e-14
896,0,0,896,4.1906377524946e-11,5.9312997180184e-06,-9.1252876987686e-13,3.6808085810094e-14
897,0,0,897,4.186965075932e-11,5.93633926883e-06,-9.121586968992e-13,3.6726765626514e-14
898,0,0,898,4.1833005063183e-11,5.9413767736568e-06,-9.1178837364764e-13,3.6645696136788e-14
899,0,0,899,4.1796440186792e-11,5.9464122311213e-06,-9.1141780107241e-13,3.6564876390668e-14
900,0,0,900,4.1759955881351e-11,5.9514456398512e-06,-9.1104698012036e-13,3.6484305441301e-14
901,0,0,901,4.1723551899006e-11,5.9564769984796e-06,-9.1067591173438e-13,3.6403982345218e-14
902,0,0,902,4.1687227992844e-11,5.9615063056445e-06,-9.1030459685472e-13,3.6323906162368e-14
903,0,0,903,4.1650983916887e-11,5.9665335599894e-06,-9.0993303641753e-13,3.6244075956044e-14
904,0,0,904,4.1614819426094e-11,5.9715587601626e-06,-9.0956123135601e-13,3.6164490792982e-14
905,0,0,905,4.1578734276351e-11,5.9765819048179e-06,-9.091891826e-13,3.6085149743274e-14
906,0,0,906,4.1542728224471e-11,5.9816029926139e-06,-9.0881689107553e-13,3.6006051880402e-14
907,0,0,907,4.150680102819e-11,5.9866220222145e-06,-9.0844435770584e-13,3.592719628125e-14
908,0,0,908,4.1470952446164e-11,5.9916389922885e-06,-9.0807158341034e-13,3.5848582026046e-14
909,0,0,909,4.1435182237965e-11,5.9966539015101e-06,-9.0769856910524e-13,3.5770208198434e-14
910,0,0,910,4.139949016408e-11,6.0016667485582e-06,-9.0732531570321e-13,3.5692073885403e-14
911,0,0,911,4.1363875985902e-11,6.0066775321168e-06,-9.0695182411385e-13,3.5614178177343e-14
912,0,0,912,4.1328339465734e-11,6.0116862508751e-06,-9.0657809524309e-13,3.5536520167974e-14
913,0,0,913,4.129288036678e-11,6.016692903527e-06,-9.0620412999363e-13,3.5459098954431e-14
914,0,0,914,4.1257498453143e-11,6.0216974887715e-06,-9.0582992926482e-13,3.5381913637165e-14
915,0,0,915,4.1222193489823e-11,6.0267000053127e-06,-9.0545549395291e-13,3.5304963319999e-14
916,0,0,916,4.1186965242713e-11,6.0317004518594e-06,-9.0508082494989e-13,3.5228247110126e-14
917,0,0,917,4.1151813478595e-11,6.0366988271254e-06,-9.0470592314573e-13,3.5151764118068e-14
918,0,0,918,4.1116737965137e-11,6.0416951298294e-06,-9.0433078942582e-13,3.5075513457703e-14
919,0,0,919,4.1081738470891e-11,6.046689358695e-06,-9.0395542467308e-13,3.4999494246247e-14
920,0,0,920,4.1046814765286e-11,6.0516815124506e-06,-9.0357982976662e-13,3.492370560424e-14
921,0,0,921,4.1011966618631e-11,6.0566715898295e-06,-9.032040055823e-13,3.484814665558e-14
922,0,0,922,4.0977193802103e-11,6.0616595895698e-06,-9.028279529928e-13,3.4772816527464e-14
923,0,0,923,4.0942496087753e-11,6.0666455104144e-06,-9.0245167286753e-13,3.4697714350427e-14
924,0,0,924,4.0907873248495e-11,6.0716293511109e-06,-9.0207516607212e-13,3.462283925832e-14
925,0,0,925,4.0873325058106e-11,6.0766111104119e-06,-9.0169843346941e-13,3.4548190388285e-14
926,0,0,926,4.0838851291225e-11,6.0815907870744e-06,-9.013214759187e-13,3.4473766880803e-14
927,0,0,927,4.0804451723346e-11,6.0865683798605e-06,-9.0094429427596e-13,3.4399567879626e-14
928,0,0,928,4.0770126130814e-11,6.0915438875367e-06,-9.0056688939436e-13,3.4325592531801e-14
929,0,0,929,4.0735874290826e-11,6.0965173088744e-06,-9.0018926212266e-13,3.4251839987686e-14
930,0,0,930,4.0701695981425e-11,6.1014886426496e-06,-8.9981141330743e-13,3.4178309400898e-14
931,0,0,931,4.0667590981497e-11,6.1064578876429e-06,-8.9943334379176e-13,3.4104999928355e-14
932,0,0,932,4.0633559070767e-11,6.1114250426396e-06,-8.9905505441471e-13,3.4031910730203e-14
933,0,0,933,4.0599600029797e-11,6.1163901064298e-06,-8.9867654601324e-13,3.395904096989e-14
934,0,0,934,4.0565713639983e-11,6.1213530778078e-06,-8.9829781941997e-13,3.3886389814124e-14
935,0,0,935,4.053189968355e-11,6.1263139555728e-06,-8.9791887546526e-13,3.3813956432814e-14
936,0,0,936,4.0498157943551e-11,6.1312727385284e-06,-8.975397149753e-13,3.3741739999175e-14
937,0,0,937,4.0464488203861e-11,6.136229425483e-06,-8.9716033877339e-13,3.3669739689619e-14
938,0,0,938,4.0430890249177e-11,6.1411840152492e-06,-8.9678074768037e-13,3.359795468379e-14
939,0,0,939,4.0397363865013e-11,6.1461365066443e-06,-8.9640094251231e-13,3.3526384164589e-14
940,0,0,940,4.0363908837695e-11,6.15108689849e-06,-8.9602092408347e-13,3.3455027318082e-14
941,0,0,941,4.0330524954361e-11,6.1560351896127e-06,-8.9564069320411e-13,3.3383883333594e-14
942,0,0,942,4.0297212002958e-11,6.160981378843e-06,-8.9526025068156e-13,3.3312951403603e-14
943,0,0,943,4.0263969772234e-11,6.165925465016e-06,-8.9487959732011e-13,3.3242230723824e-14
944,0,0,944,4.0230798051741e-11,6.1708674469714e-06,-8.9449873392036e-13,3.3171720493145e-14
945,0,0,945,4.0197696631827e-11,6.1758073235531e-06,-8.9411766128031e-13,3.3101419913603e-14
946,0,0,946,4.0164665303637e-11,6.1807450936094e-06,-8.9373638019457e-13,3.3031328190458e-14
947,0,0,947,4.0131703859104e-11,6.1856807559931e-06,-8.9335489145409e-13,3.2961444532104e-14
948,0,0,948,4.0098812090954e-11,6.1906143095613e-06,-8.9297319584766e-13,3.2891768150084e-14
949,0,0,949,4.0065989792695e-11,6.1955457531755e-06,-8.9259129415994e-13,3.2822298259117e-14
950,0,0,950,4.0033236758618e-11,6.2004750857013e-06,-8.9220918717328e-13,3.2753034077028e-14
951,0,0,951,4.0000552783793e-11,6.2054023060088e-06,-8.9182687566637e-13,3.2683974824801e-14
952,0,0,952,3.9967937664067e-11,6.2103274129725e-06,-8.9144436041465e-13,3.2615119726545e-14
953,0,0,953,3.9935391196057e-11,6.2152504054708e-06,-8.9106164219097e-13,3.2546468009461e-14
954,0,0,954,3.9902913177154e-11,6.2201712823866e-06,-8.9067872176483e-13,3.2478018903876e-14
955,0,0,955,3.987050340551e-11,6.225090042607e-06,-8.9029559990246e-13,3.2409771643209e-14
956,0,0,956,3.9838161680046e-11,6.2300066850234e-06,-8.8991227736723e-13,3.2341725463983e-14
957,0,0,957,3.9805887800441e-11,6.2349212085313e-06,-8.895287549194e-13,3.2273879605787e-14
958,0,0,958,3.9773681567129e-11,6.2398336120303e-06,-8.8914503331589e-13,3.2206233311293e-14
959,0,0,959,3.9741542781303e-11,6.2447438944242e-06,-8.8876111331099e-13,3.213878582624e-14
960,0,0,960,3.9709471244904e-11,6.2496520546212e-06,-8.8837699565563e-13,3.20715363994e-14
961,0,0,961,3.9677466760621e-11,6.2545580915334e-06,-8.8799268109768e-13,3.2004484282653e-14
962,0,0,962,3.964552913189e-11,6.2594620040769e-06,-8.8760817038222e-13,3.1937628730838e-14
963,0,0,963,3.9613658162888e-11,6.2643637911722e-06,-8.8722346425115e-13,3.1870969001891e-14
964,0,0,964,3.9581853658532e-11,6.2692634517437e-06,-8.8683856344297e-13,3.1804504356738e-14
965,0,0,965,3.9550115424472e-11,6.27416098472e-06,-8.8645346869405e-13,3.1738234059317e-14
966,0,0,966,3.9518443267096e-11,6.2790563890334e-06,-8.8606818073691e-13,3.1672157376599e-14
967,0,0,967,3.9486836993517e-11,6.2839496636207e-06,-8.8568270030148e-13,3.1606273578499e-14
968,0,0,968,3.9455296411579e-11,6.2888408074225e-06,-8.8529702811476e-13,3.1540581937971e-14
969,0,0,969,3.9423821329848e-11,6.2937298193832e-06,-8.849111649004e-13,3.1475081730915e-14
970,0,0,970,3.9392411557612e-11,6.2986166984516e-06,-8.8452511137958e-13,3.1409772236205e-14
971,0,0,971,3.9361066904876e-11,6.3035014435802e-06,-8.8413886826995e-13,3.1344652735678e-14
972,0,0,972,3.9329787182362e-11,6.3083840537254e-06,-8.8375243628688e-13,3.1279722514116e-14
973,0,0,973,3.9298572201503e-11,6.3132645278478e-06,-8.8336581614235e-13,3.1214980859237e-14
974,0,0,974,3.9267421774441e-11,6.3181428649115e-06,-8.8297900854512e-13,3.1150427061709e-14
975,0,0,975,3.9236335714026e-11,6.323019063885e-06,-8.8259201420213e-13,3.10860604151e-14
976,0,0,976,3.920531383381e-11,6.3278931237404e-06,-8.82204833816e-13,3.1021880215892e-14
977,0,0,977,3.9174355948047e-11,6.3327650434536e-06,-8.8181746808753e-13,3.0957885763497e-14
978,0,0,978,3.9143461871687e-11,6.3376348220045e-06,-8.8142991771414e-13,3.0894076360175e-14
979,0,0,979,3.9112631420376e-11,6.3425024583768e-06,-8.8104218339049e-13,3.0830451311112e-14
980,0,0,980,3.9081864410451e-11,6.3473679515581e-06,-8.8065426580833e-13,3.0767009924347e-14
981,0,0,981,3.905116065894e-11,6.3522313005396e-06,-8.8026616565649e-13,3.0703751510793e-14
982,0,0,982,3.9020519983556e-11,6.3570925043165e-06,-8.798778836209e-13,3.0640675384207e-14
983,0,0,983,3.8989942202695e-11,6.3619515618877e-06,-8.7948942038517e-13,3.0577780861202e-14
984,0,0,984,3.8959427135434e-11,6.3668084722558e-06,-8.7910077662911e-13,3.0515067261228e-14
985,0,0,985,3.8928974601527e-11,6.3716632344272e-06,-8.7871195303065e-13,3.0452533906552e-14
986,0,0,986,3.8898584421405e-11,6.3765158474121e-06,-8.7832295026438e-13,3.0390180122279e-14
987,0,0,987,3.8868256416169e-11,6.3813663102243e-06,-8.7793376900196e-13,3.0328005236287e-14
988,0,0,988,3.8837990407589e-11,6.3862146218813e-06,-8.7754440991305e-13,3.0266008579288e-14
989,0,0,989,3.8807786218105e-11,6.3910607814043e-06,-8.7715487366351e-13,3.0204189484764e-14
990,0,0,990,3.8777643670816e-11,6.3959047878182e-06,-8.7676516091701e-13,3.0142547288972e-14
991,0,0,991,3.8747562589485e-11,6.4007466401515e-06,-8.7637527233404e-13,3.0081081330951e-14
992,0,0,992,3.8717542798532e-11,6.4055863374365e-06,-8.7598520857338e-13,3.0019790952496e-14
993,0,0,993,3.8687584123034e-11,6.4104238787088e-06,-8.7559497028936e-13,2.9958675498132e-14
994,0,0,994,3.8657686388719e-11,6.4152592630079e-06,-8.7520455813495e-13,2.9897734315149e-14
995,0,0,995,3.8627849421965e-11,6.4200924893767e-06,-8.748139727602e-13,2.9836966753564e-14
996,0,0,996,3.8598073049799e-11,6.4249235568618e-06,-8.7442321481162e-13,2.9776372166102e-14
997,0,0,997,3.8568357099891e-11,6.4297524645134e-06,-8.7403228493406e-13,2.9715949908187e-14
998,0,0,998,3.8538701400553e-11,6.4345792113851e-06,-8.7364118376881e-13,2.9655699337988e-14
999,0,0,999,3.8509105780737e-11,6.439403796534e-06,-8.7324991195504e-13,2.9595619816325e-14
1000,0,0,1000,3.847957007003e-11,6.4442262190209e-06,-8.72858470129e-13,2.9535710706695e-14
1001,0,0,1001,3.8450094098655e-11,6.44904647791e-06,-8.7246685892433e-13,2.9475971375312e-14
1002,0,0,1002,3.8420677697464e-11,6.4538645722689e-06,-8.7207507897191e-13,2.9416401190989e-14
1003,0,0,1003,3.8391320697938e-11,6.4586805011689e-06,-8.7168313090003e-13,2.9356999525253e-14
1004,0,0,1004,3.8362022932186e-11,6.4634942636846e-06,-8.7129101533434e-13,2.9297765752216e-14
1005,0,0,1005,3.8332784232938e-11,6.468305858894e-06,-8.7089873289823e-13,2.9238699248657e-14
1006,0,0,1006,3.8303604433544e-11,6.4731152858786e-06,-8.7050628421169e-13,2.9179799393977e-14
1007,0,0,1007,3.8274483367973e-11,6.4779225437233e-06,-8.7011366989241e-13,2.912106557017e-14
1008,0,0,1008,3.8245420870812e-11,6.4827276315164e-06,-8.697208905561e-13,2.9062497161831e-14
1009,0,0,1009,3.8216416777255e-11,6.4875305483496e-06,-8.693279468151e-13,2.9004093556181e-14
1010,0,0,1010,3.8187470923112e-11,6.492331293318e-06,-8.6893483927913e-13,2.8945854142982e-14
1011,0,0,1011,3.8158583144798e-11,6.49712986552e-06,-8.6854156855622e-13,2.8887778314597e-14
1012,0,0,1012,3.8129753279332e-11,6.5019262640573e-06,-8.6814813525074e-13,2.8829865465938e-14
1013,0,0,1013,3.8100981164337e-11,6.506720488035e-06,-8.6775453996537e-13,2.8772114994475e-14
1014,0,0,1014,3.8072266638037e-11,6.5115125365615e-06,-8.673607832997e-13,2.8714526300217e-14
1015,0,0,1015,3.8043609539252e-11,6.5163024087485e-06,-8.6696686585105e-13,2.8657098785721e-14
1016,0,0,1016,3.8015009707395e-11,6.5210901037111e-06,-8.6657278821412e-13,2.8599831856036e-14
1017,0,0,1017,3.7986466982477e-11,6.5258756205673e-06,-8.6617855098115e-13,2.8542724918752e-14
1018,0,0,1018,3.7957981205093e-11,6.5306589584388e-06,-8.6578415474209e-13,2.8485777383968e-14
1019,0,0,1019,3.7929552216428e-11,6.5354401164503e-06,-8.6538960008352e-13,2.8428988664255e-14
1020,0,0,1020,3.7901179858254e-11,6.5402190937298e-06,-8.6499488759094e-13,2.8372358174668e-14
1021,0,0,1021,3.7872863972921e-11,6.5449958894085e-06,-8.6460001784602e-13,2.8315885332756e-14
1022,0,0,1022,3.7844604403363e-11,6.5497705026209e-06,-8.642049914289e-13,2.8259569558528e-14
1023,0,0,1023,3.7816400993088e-11,6.5545429325044e-06,-8.6380980891695e-13,2.8203410274432e-14
1024,0,0,1024,3.7788253586183e-11,6.5593131781999e-06,-8.6341447088464e-13,2.8147406905371e-14
1025,0,0,1025,3.7760162027304e-11,6.5640812388513e-06,-8.630189779049e-13,2.8091558878696e-14
1026,0,0,1026,3.773212616168e-11,6.5688471136057e-06,-8.6262333054758e-13,2.8035865624157e-14
1027,0,0,1027,3.7704145835106e-11,6.5736108016133e-06,-8.6222752938026e-13,2.7980326573939e-14
1028,0,0,1028,3.7676220893943e-11,6.5783723020275e-06,-8.6183157496836e-13,2.792494116264e-14
1029,0,0,1029,3.7648351185116e-11,6.5831316140047e-06,-8.6143546787422e-13,2.7869708827226e-14
1030,0,0,1030,3.7620536556109e-11,6.5878887367045e-06,-8.6103920865898e-13,2.7814629007076e-14
1031,0,0,1031,3.7592776854965e-11,6.5926436692894e-06,-8.6064279788007e-13,2.7759701143927e-14
1032,0,0,1032,3.7565071930283e-11,6.5973964109253e-06,-8.6024623609325e-13,2.7704924681915e-14
1033,0,0,1033,3.7537421631216e-11,6.6021469607809e-06,-8.5984952385246e-13,2.7650299067479e-14
1034,0,0,1034,3.7509825807466e-11,6.6068953180279e-06,-8.5945266170777e-13,2.759582374948e-14
1035,0,0,1035,3.7482284309287e-11,6.6116414818412e-06,-8.5905565020865e-13,2.7541498179031e-14
1036,0,0,1036,3.7454796987478e-11,6.6163854513986e-06,-8.5865848990076e-13,2.7487321809663e-14
1037,0,0,1037,3.742736369338e-11,6.6211272258811e-06,-8.5826118132849e-13,2.7433294097143e-14
1038,0,0,1038,3.7399984278881e-11,6.6258668044725e-06,-8.5786372503352e-13,2.7379414499621e-14
1039,0,0,1039,3.7372658596403e-11,6.6306041863595e-06,-8.5746612155487e-13,2.7325682477487e-14
1040,0,0,1040,3.734538649891e-11,6.635339370732e-06,-8.5706837143024e-13,2.7272097493466e-14
1041,0,0,1041,3.7318167839897e-11,6.6400723567828e-06,-8.5667047519375e-13,2.7218659012534e-14
1042,0,0,1042,3.7291002473395e-11,6.6448031437076e-06,-8.5627243337832e-13,2.7165366501962e-14
1043,0,0,1043,3.7263890253964e-11,6.6495317307049e-06,-8.5587424651441e-13,2.7112219431267e-14
1044,0,0,1044,3.7236831036692e-11,6.6542581169763e-06,-8.5547591512974e-13,2.7059217272211e-14
1045,0,0,1045,3.7209824677193e-11,6.6589823017263e-06,-8.5507743975e-13,2.7006359498836e-14
1046,0,0,1046,3.7182871031606e-11,6.6637042841622e-06,-8.5467882089908e-13,2.6953645587369e-14
1047,0,0,1047,3.7155969956589e-11,6.6684240634943e-06,-8.5428005909822e-13,2.6901075016305e-14
1048,0,0,1048,3.7129121309323e-11,6.6731416389355e-06,-8.5388115486625e-13,2.6848647266317e-14
1049,0,0,1049,3.7102324947503e-11,6.6778570097019e-06,-8.5348210872029e-13,2.6796361820313e-14
1050,0,0,1050,3.7075580729339e-11,6.6825701750123e-06,-8.5308292117531e-13,2.6744218163387e-14
1051,0,0,1051,3.7048888513556e-11,6.6872811340882e-06,-8.5268359274309e-13,2.6692215782815e-14
1052,0,0,1052,3.7022248159388e-11,6.6919898861542e-06,-8.522841239349e-13,2.6640354168047e-14
1053,0,0,1053,3.6995659526578e-11,6.6966964304374e-06,-8.5188451525823e-13,2.6588632810714e-14
1054,0,0,1054,3.6969122475373e-11,6.7014007661679e-06,-8.514847672193e-13,2.6537051204603e-14
1055,0,0,1055,3.6942636866527e-11,6.7061028925785e-06,-8.5108488032191e-13,2.6485608845643e-14
1056,0,0,1056,3.6916202561296e-11,6.7108028089048e-06,-8.5068485506816e-13,2.6434305231916e-14
1057,0,0,1057,3.6889819421432e-11,6.7155005143852e-06,-8.5028469195708e-13,2.6383139863619e-14
1058,0,0,1058,3.6863487309189e-11,6.7201960082609e-06,-8.4988439148647e-13,2.6332112243085e-14
1059,0,0,1059,3.6837206087314e-11,6.7248892897755e-06,-8.4948395415185e-13,2.6281221874757e-14
1060,0,0,1060,3.6810975619049e-11,6.7295803581758e-06,-8.4908338044596e-13,2.6230468265187e-14
1061,0,0,1061,3.6784795768126e-11,6.7342692127109e-06,-8.4868267086032e-13,2.6179850922994e-14
1062,0,0,1062,3.6758666398767e-11,6.7389558526329e-06,-8.4828182588401e-13,2.6129369358924e-14
1063,0,0,1063,3.6732587375681e-11,6.7436402771965e-06,-8.4788084600394e-13,2.6079023085781e-14
1064,0,0,1064,3.6706558564063e-11,6.7483224856589e-06,-8.4747973170519e-13,2.6028811618424e-14
1065,0,0,1065,3.6680579829589e-11,6.7530024772803e-06,-8.4707848347025e-13,2.5978734473793e-14
1066,0,0,1066,3.6654651038418e-11,6.7576802513233e-06,-8.4667710178036e-13,2.5928791170863e-14
1067,0,0,1067,3.6628772057187e-11,6.7623558070532e-06,-8.4627558711401e-13,2.587898123065e-14
1068,0,0,1068,3.6602942753011e-11,6.767029143738e-06,-8.4587393994801e-13,2.5829304176227e-14
1069,0,0,1069,3.6577162993479e-11,6.7717002606483e-06,-8.4547216075746e-13,2.5779759532637e-14
1070,0,0,1070,3.6551432646652e-11,6.7763691570572e-06,-8.4507025001443e-13,2.5730346826998e-14
1071,0,0,1071,3.6525751581063e-11,6.7810358322406e-06,-8.4466820819005e-13,2.5681065588398e-14
1072,0,0,1072,3.6500119665715e-11,6.7857002854768e-06,-8.4426603575282e-13,2.5631915347924e-14
1073,0,0,1073,3.6474536770077e-11,6.7903625160468e-06,-8.4386373316976e-13,2.5582895638656e-14
1074,0,0,1074,3.6449002764081e-11,6.7950225232341e-06,-8.4346130090539e-13,2.5534005995656e-14
1075,0,0,1075,3.6423517518125e-11,6.7996803063248e-06,-8.4305873942227e-13,2.5485245955961e-14
1076,0,0,1076,3.6398080903066e-11,6.8043358646076e-06,-8.4265604918171e-13,2.5436615058546e-14
1077,0,0,1077,3.6372692790222e-11,6.8089891973736e-06,-8.4225323064211e-13,2.5388112844359e-14
1078,0,0,1078,3.6347353051366e-11,6.8136403039164e-06,-8.4185028426066e-13,2.5339738856305e-14
1079,0,0,1079,3.6322061558727e-11,6.8182891835324e-06,-8.4144721049223e-13,2.5291492639183e-14
1080,0,0,1080,3.6296818184987e-11,6.8229358355202e-06,-8.4104400978987e-13,2.5243373739755e-14
1081,0,0,1081,3.627162280328e-11,6.827580259181e-06,-8.4064068260477e-13,2.5195381706698e-14
1082,0,0,1082,3.624647528719e-11,6.8322224538185e-06,-8.40237229386e-13,2.5147516090581e-14
1083,0,0,1083,3.6221375510746e-11,6.8368624187388e-06,-8.3983365058121e-13,2.5099776443887e-14
1084,0,0,1084,3.6196323348425e-11,6.8415001532506e-06,-8.3942994663533e-13,2.5052162320992e-14
1085,0,0,1085,3.6171318675147e-11,6.846135656665e-06,-8.3902611799236e-13,2.5004673278151e-14
1086,0,0,1086,3.6146361366273e-11,6.8507689282953e-06,-8.3862216509367e-13,2.4957308873508e-14
1087,0,0,1087,3.6121451297606e-11,6.8553999674576e-06,-8.3821808837928e-13,2.4910068667042e-14
1088,0,0,1088,3.6096588345385e-11,6.8600287734703e-06,-8.3781388828705e-13,2.4862952220645e-14
1089,0,0,1089,3.6071772386287e-11,6.864655345654e-06,-8.3740956525285e-13,2.4815959098017e-14
1090,0,0,1090,3.6047003297423e-11,6.8692796833319e-06,-8.3700511971116e-13,2.4769088864702e-14
1091,0,0,1091,3.6022280956335e-11,6.8739017858297e-06,-8.3660055209449e-13,2.4722341088102e-14
1092,0,0,1092,3.5997605240997e-11,6.8785216524752e-06,-8.3619586283318e-13,2.4675715337432e-14
1093,0,0,1093,3.5972976029813e-11,6.8831392825987e-06,-8.3579105235604e-13,2.4629211183728e-14
1094,0,0,1094,3.5948393201614e-11,6.8877546755329e-06,-8.3538612109007e-13,2.4582828199827e-14
1095,0,0,1095,3.5923856635653e-11,6.8923678306128e-06,-8.3498106946054e-13,2.4536565960386e-14
1096,0,0,1096,3.5899366211611e-11,6.8969787471757e-06,-8.3457589789059e-13,2.4490424041821e-14
1097,0,0,1097,3.5874921809589e-11,6.9015874245614e-06,-8.34170606802e-13,2.4444402022383e-14
1098,0,0,1098,3.5850523310107e-11,6.9061938621117e-06,-8.3376519661454e-13,2.4398499482062e-14
1099,0,0,1099,3.5826170594104e-11,6.9107980591711e-06,-8.3335966774598e-13,2.4352716002629e-14
1100,0,0,1100,3.5801863542937e-11,6.9154000150861e-06,-8.3295402061286e-13,2.4307051167611e-14
1101,0,0,1101,3.5777602038374e-11,6.9199997292056e-06,-8.3254825562961e-13,2.42615045623e-14
1102,0,0,1102,3.5753385962601e-11,6.9245972008808e-06,-8.3214237320909e-13,2.4216075773739e-14
1103,0,0,1103,3.572921519821e-11,6.9291924294651e-06,-8.3173637376218e-13,2.417076439067e-14
1104,0,0,1104,3.5705089628206e-11,6.9337854143143e-06,-8.3133025769822e-13,2.4125570003607e-14
1105,0,0,1105,3.5681009136002e-11,6.9383761547862e-06,-8.3092402542487e-13,2.408049220477e-14
1106,0,0,1106,3.5656973605413e-11,6.9429646502412e-06,-8.3051767734811e-13,2.4035530588096e-14
1107,0,0,1107,3.5632982920664e-11,6.9475509000416e-06,-8.3011121387161e-13,2.3990684749203e-14
1108,0,0,1108,3.5609036966379e-11,6.9521349035521e-06,-8.2970463539828e-13,2.3945954285457e-14
1109,0,0,1109,3.5585135627583e-11,6.9567166601395e-06,-8.2929794232887e-13,2.3901338795866e-14
1110,0,0,1110,3.5561278789702e-11,6.961296169173e-06,-8.2889113506231e-13,2.385683788115e-14
1111,0,0,1111,3.5537466338558e-11,6.9658734300238e-06,-8.2848421399613e-13,2.3812451143693e-14
1112,0,0,1112,3.5513698160371e-11,6.9704484420654e-06,-8.2807717952604e-13,2.3768178187552e-14
1113,0,0,1113,3.5489974141752e-11,6.9750212046734e-06,-8.276700320459e-13,2.3724018618435e-14
1114,0,0,1114,3.5466294169708e-11,6.9795917172256e-06,-8.2726277194865e-13,2.3679972043708e-14
1115,0,0,1115,3.5442658131636e-11,6.984159979102e-06,-8.2685539962462e-13,2.3636038072386e-14
1116,0,0,1116,3.5419065915321e-11,6.9887259896846e-06,-8.2644791546308e-13,2.3592216315113e-14
1117,0,0,1117,3.5395517408937e-11,6.9932897483578e-06,-8.260403198516e-13,2.3548506384161e-14
1118,0,0,1118,3.5372012501043e-11,6.997851254508e-06,-8.2563261317638e-13,2.3504907893443e-14
1119,0,0,1119,3.5348551080585e-11,7.0024105075236e-06,-8.25224795821e-13,2.3461420458463e-14
1120,0,0,1120,3.5325133036889e-11,7.0069675067952e-06,-8.2481686816875e-13,2.3418043696345e-14
1121,0,0,1121,3.5301758259663e-11,7.0115222517157e-06,-8.2440883060046e-13,2.3374777225811e-14
1122,0,0,1122,3.5278426638996e-11,7.0160747416797e-06,-8.2400068349573e-13,2.3331620667173e-14
1123,0,0,1123,3.5255138065353e-11,7.0206249760843e-06,-8.2359242723232e-13,2.3288573642325e-14
1124,0,0,1124,3.5231892429578e-11,7.0251729543285e-06,-8.2318406218677e-13,2.3245635774763e-14
1125,0,0,1125,3.5208689622889e-11,7.0297186758132e-06,-8.2277558873347e-13,2.3202806689511e-14
1126,0,0,1126,3.5185529536876e-11,7.0342621399416e-06,-8.2236700724589e-13,2.3160086013199e-14
1127,0,0,1127,3.5162412063502e-11,7.0388033461189e-06,-8.2195831809567e-13,2.3117473373984e-14
1128,0,0,1128,3.51393370951e-11,7.0433422937524e-06,-8.2154952165273e-13,2.3074968401586e-14
1129,0,0,1129,3.5116304524373e-11,7.0478789822512e-06,-8.2114061828582e-13,2.3032570727264e-14
1130,0,0,1130,3.5093314244389e-11,7.0524134110267e-06,-8.2073160836163e-13,2.2990279983814e-14
1131,0,0,1131,3.5070366148584e-11,7.0569455794921e-06,-8.2032249224615e-13,2.2948095805551e-14
1132,0,0,1132,3.5047460130755e-11,7.0614754870629e-06,-8.1991327030271e-13,2.2906017828322e-14
1133,0,0,1133,3.5024596085066e-11,7.0660031331562e-06,-8.1950394289437e-13,2.2864045689485e-14
1134,0,0,1134,3.5001773906038e-11,7.0705285171914e-06,-8.1909451038155e-13,2.2822179027893e-14
1135,0,0,1135,3.4978993488554e-11,7.0750516385899e-06,-8.1868497312394e-13,2.2780417483916e-14
1136,0,0,1136,3.4956254727854e-11,7.0795724967749e-06,-8.1827533147952e-13,2.2738760699416e-14
1137,0,0,1137,3.4933557519537e-11,7.0840910911716e-06,-8.1786558580459e-13,2.2697208317711e-14
1138,0,0,1138,3.4910901759553e-11,7.0886074212073e-06,-8.1745573645437e-13,2.265575998365e-14
1139,0,0,1139,3.488828734421e-11,7.093121486311e-06,-8.170457837821e-13,2.2614415343503e-14
1140,0,0,1140,3.4865714170165e-11,7.097633285914e-06,-8.1663572813994e-13,2.2573174045033e-14
1141,0,0,1141,3.4843182134427e-11,7.1021428194493e-06,-8.1622556987836e-13,2.2532035737464e-14
1142,0,0,1142,3.4820691134356e-11,7.1066500863517e-06,-8.1581530934692e-13,2.2491000071455e-14
1143,0,0,1143,3.4798241067657e-11,7.1111550860583e-06,-8.1540494689286e-13,2.245006669913e-14
1144,0,0,1144,3.4775831832383e-11,7.1156578180078e-06,-8.1499448286252e-13,2.2409235274024e-14
1145,0,0,1145,3.4753463326931e-11,7.120158281641e-06,-8.1458391760071e-13,2.2368505451137e-14
1146,0,0,1146,3.4731135450045e-11,7.1246564764004e-06,-8.14173251451e-13,2.2327876886861e-14
1147,0,0,1147,3.4708848100805e-11,7.1291524017305e-06,-8.1376248475512e-13,2.228734923904e-14
1148,0,0,1148,3.4686601178639e-11,7.1336460570778e-06,-8.1335161785373e-13,2.2246922166907e-14
1149,0,0,1149,3.4664394583307e-11,7.1381374418904e-06,-8.1294065108612e-13,2.2206595331093e-14
1150,0,0,1150,3.4642228214914e-11,7.1426265556185e-06,-8.1252958479003e-13,2.2166368393662e-14
1151,0,0,1151,3.4620101973896e-11,7.1471133977141e-06,-8.1211841930138e-13,2.2126241018041e-14
1152,0,0,1152,3.4598015761027e-11,7.151597967631e-06,-8.1170715495575e-13,2.2086212869043e-14
1153,0,0,1153,3.4575969477414e-11,7.1560802648248e-06,-8.1129579208647e-13,2.2046283612879e-14
1154,0,0,1154,3.4553963024497e-11,7.1605602887532e-06,-8.1088433102575e-13,2.200645291712e-14
1155,0,0,1155,3.4531996304046e-11,7.1650380388753e-06,-8.1047277210445e-13,2.1966720450708e-14
1156,0,0,1156,3.4510069218162e-11,7.1695135146524e-06,-8.1006111565203e-13,2.1927085883944e-14
1157,0,0,1157,3.4488181669274e-11,7.1739867155474e-06,-8.0964936199674e-13,2.1887548888479e-14
1158,0,0,1158,3.4466333560136e-11,7.1784576410251e-06,-8.0923751146545e-13,2.1848109137316e-14
1159,0,0,1159,3.4444524793831e-11,7.1829262905521e-06,-8.0882556438347e-13,2.1808766304805e-14
1160,0,0,1160,3.4422755273765e-11,7.1873926635967e-06,-8.0841352107492e-13,2.1769520066627e-14
1161,0,0,1161,3.4401024903665e-11,7.1918567596291e-06,-8.0800138186267e-13,2.1730370099774e-14
1162,0,0,1162,3.4379333587582e-11,7.1963185781212e-06,-8.0758914706807e-13,2.1691316082589e-14
1163,0,0,1163,3.4357681229888e-11,7.2007781185466e-06,-8.0717681701138e-13,2.1652357694727e-14
1164,0,0,1164,3.4336067735271e-11,7.205235380381e-06,-8.067643920115e-13,2.1613494617143e-14
1165,0,0,1165,3.4314493008739e-11,7.2096903631013e-06,-8.0635187238579e-13,2.1574726532081e-14
1166,0,0,1166,3.4292956955615e-11,7.2141430661867e-06,-8.0593925845053e-13,2.1536053123127e-14
1167,0,0,1167,3.427145948154e-11,7.2185934891177e-06,-8.0552655052078e-13,2.1497474075124e-14
1168,0,0,1168,3.4250000492466e-11,7.2230416313769e-06,-8.0511374891006e-13,2.1458989074216e-14
1169,0,0,1169,3.4228579894658e-11,7.2274874924484e-06,-8.0470085393098e-13,2.1420597807819e-14
1170,0,0,1170,3.4207197594694e-11,7.2319310718179e-06,-8.0428786589445e-13,2.1382299964622e-14
1171,0,0,1171,3.4185853499459e-11,7.2363723689732e-06,-8.0387478511033e-13,2.1344095234613e-14
1172,0,0,1172,3.416454751615e-11,7.2408113834036e-06,-8.0346161188708e-13,2.1305983308989e-14
1173,0,0,1173,3.414327955227e-11,7.2452481145999e-06,-8.0304834653224e-13,2.1267963880246e-14
1174,0,0,1174,3.4122049515628e-11,7.2496825620549e-06,-8.0263498935183e-13,2.1230036642126e-14
1175,0,0,1175,3.4100857314338e-11,7.2541147252629e-06,-8.0222154065064e-13,2.1192201289594e-14
1176,0,0,1176,3.4079702856819e-11,7.2585446037199e-06,-8.0180800073206e-13,2.1154457518868e-14
1177,0,0,1177,3.4058586051792e-11,7.2629721969238e-06,-8.0139436989889e-13,2.1116805027418e-14
1178,0,0,1178,3.4037506808278e-11,7.2673975043738e-06,-8.0098064845164e-13,2.10792435139e-14
1179,0,0,1179,3.40164650356e-11,7.271820525571e-06,-8.0056683669093e-13,2.1041772678228e-14
1180,0,0,1180,3.3995460643378e-11,7.276241260018e-06,-8.0015293491466e-13,2.1004392221525e-14
1181,0,0,1181,3.3974493541532e-11,7.2806597072193e-06,-7.9973894342103e-13,2.0967101846102e-14
1182,0,0,1182,3.3953563640277e-11,7.2850758666806e-06,-7.9932486250577e-13,2.0929901255506e-14
1183,0,0,1183,3.3932670850122e-11,7.2894897379097e-06,-7.9891069246432e-13,2.0892790154472e-14
1184,0,0,1184,3.3911815081873e-11,7.2939013204157e-06,-7.9849643359027e-13,2.0855768248924e-14
1185,0,0,1185,3.3890996246627e-11,7.2983106137095e-06,-7.980820861763e-13,2.081883524597e-14
1186,0,0,1186,3.3870214255773e-11,7.3027176173035e-06,-7.9766765051432e-13,2.0781990853912e-14
1187,0,0,1187,3.3849469020991e-11,7.3071223307118e-06,-7.9725312689408e-13,2.0745234782241e-14
1188,0,0,1188,3.3828760454249e-11,7.3115247534499e-06,-7.968385156052e-13,2.0708566741587e-14
1189,0,0,1189,3.3808088467806e-11,7.3159248850352e-06,-7.9642381693544e-13,2.0671986443761e-14
1190,0,0,1190,3.3787452974204e-11,7.3203227249864e-06,-7.960090311718e-13,2.0635493601757e-14
1191,0,0,1191,3.3766853886274e-11,7.324718272824e-06,-7.9559415859945e-13,2.0599087929694e-14
1192,0,0,1192,3.3746291117131e-11,7.3291115280699e-06,-7.9517919950371e-13,2.0562769142853e-14
1193,0,0,1193,3.3725764580174e-11,7.3335024902476e-06,-7.9476415416727e-13,2.0526536957655e-14
1194,0,0,1194,3.3705274189082e-11,7.3378911588823e-06,-7.9434902287255e-13,2.0490391091681e-14
1195,0,0,1195,3.3684819857818e-11,7.3422775335005e-06,-7.9393380590103e-13,2.0454331263618e-14
1196,0,0,1196,3.3664401500625e-11,7.3466616136305e-06,-7.9351850353204e-13,2.0418357193293e-14
1197,0,0,1197,3.3644019032023e-11,7.351043398802e-06,-7.9310311604492e-13,2.0382468601679e-14
1198,0,0,1198,3.3623672366813e-11,7.3554228885463e-06,-7.9268764371716e-13,2.0346665210813e-14
1199,0,0,1199,3.3603361420069e-11,7.3598000823962e-06,-7.9227208682566e-13,2.0310946743917e-14
1200,0,0,1200,3.3583086107143e-11,7.3641749798859e-06,-7.9185644564544e-13,2.0275312925257e-14
1201,0,0,1201,3.3562846343663e-11,7.3685475805514e-06,-7.9144072045126e-13,2.0239763480241e-14
1202,0,0,1202,3.3542642045528e-11,7.37291788393e-06,-7.9102491151646e-13,2.0204298135362e-14
1203,0,0,1203,3.352247312891e-11,7.3772858895604e-06,-7.9060901911302e-13,2.0168916618202e-14
1204,0,0,1204,3.3502339510252e-11,7.3816515969831e-06,-7.9019304351231e-13,2.0133618657437e-14
1205,0,0,1205,3.3482241106269e-11,7.38601500574e-06,-7.8977698498416e-13,2.0098403982832e-14
1206,0,0,1206,3.3462177833944e-11,7.3903761153742e-06,-7.8936084379748e-13,2.0063272325217e-14
1207,0,0,1207,3.3442149610528e-11,7.3947349254307e-06,-7.8894462022057e-13,2.0028223416495e-14
1208,0,0,1208,3.3422156353538e-11,7.3990914354556e-06,-7.8852831452003e-13,1.9993256989642e-14
1209,0,0,1209,3.3402197980759e-11,7.4034456449969e-06,-7.8811192696126e-13,1.9958372778713e-14
1210,0,0,1210,3.3382274410241e-11,7.4077975536035e-06,-7.8769545780948e-13,1.9923570518784e-14
1211,0,0,1211,3.3362385560294e-11,7.4121471608263e-06,-7.8727890732809e-13,1.9888849946016e-14
1212,0,0,1212,3.3342531349497e-11,7.4164944662174e-06,-7.8686227577986e-13,1.9854210797606e-14
1213,0,0,1213,3.3322711696685e-11,7.4208394693302e-06,-7.8644556342619e-13,1.9819652811795e-14
1214,0,0,1214,3.3302926520957e-11,7.4251821697199e-06,-7.8602877052757e-13,1.9785175727848e-14
1215,0,0,1215,3.3283175741671e-11,7.4295225669428e-06,-7.8561189734369e-13,1.9750779286107e-14
1216,0,0,1216,3.3263459278443e-11,7.4338606605568e-06,-7.8519494413276e-13,1.9716463227891e-14
1217,0,0,1217,3.3243777051148e-11,7.4381964501212e-06,-7.8477791115247e-13,1.9682227295572e-14
1218,0,0,1218,3.3224128979915e-11,7.4425299351966e-06,-7.8436079865887e-13,1.9648071232543e-14
1219,0,0,1219,3.3204514985132e-11,7.4468611153453e-06,-7.8394360690783e-13,1.9613994783192e-14
1220,0,0,1220,3.3184934987439e-11,7.4511899901307e-06,-7.8352633615355e-13,1.9579997692935e-14
1221,0,0,1221,3.3165388907731e-11,7.4555165591177e-06,-7.8310898664899e-13,1.9546079708197e-14
1222,0,0,1222,3.3145876667154e-11,7.4598408218726e-06,-7.8269155864727e-13,1.9512240576382e-14
1223,0,0,1223,3.3126398187109e-11,7.4641627779632e-06,-7.8227405239938e-13,1.9478480045906e-14
1224,0,0,1224,3.3106953389242e-11,7.4684824269586e-06,-7.8185646815565e-13,1.9444797866184e-14
1225,0,0,1225,3.3087542195455e-11,7.4727997684291e-06,-7.8143880616555e-13,1.9411193787582e-14
1226,0,0,1226,3.3068164527893e-11,7.4771148019467e-06,-7.8102106667758e-13,1.9377667561495e-14
1227,0,0,1227,3.3048820308953e-11,7.4814275270844e-06,-7.8060324993919e-13,1.9344218940271e-14
1228,0,0,1228,3.3029509461276e-11,7.485737943417e-06,-7.8018535619692e-13,1.931084767723e-14
1229,0,0,1229,3.3010231907749e-11,7.4900460505203e-06,-7.7976738569605e-13,1.9277553526673e-14
1230,0,0,1230,3.2990987571505e-11,7.4943518479716e-06,-7.7934933868129e-13,1.924433624384e-14
1231,0,0,1231,3.297177637592e-11,7.4986553353495e-06,-7.7893121539624e-13,1.9211195584976e-14
1232,0,0,1232,3.2952598244613e-11,7.5029565122339e-06,-7.7851301608329e-13,1.9178131307226e-14
1233,0,0,1233,3.2933453101444e-11,7.5072553782062e-06,-7.7809474098452e-13,1.9145143168732e-14
1234,0,0,1234,3.2914340870516e-11,7.511551932849e-06,-7.7767639034018e-13,1.9112230928569e-14
1235,0,0,1235,3.2895261476169e-11,7.5158461757462e-06,-7.7725796439066e-13,1.907939434674e-14
1236,0,0,1236,3.2876214842985e-11,7.520138106483e-06,-7.768394633742e-13,1.9046633184195e-14
1237,0,0,1237,3.2857200895782e-11,7.5244277246462e-06,-7.7642088752906e-13,1.9013947202835e-14
1238,0,0,1238,3.2838219559617e-11,7.5287150298235e-06,-7.760022370921e-13,1.8981336165455e-14
1239,0,0,1239,3.2819270759781e-11,7.5330000216041e-06,-7.7558351229943e-13,1.8948799835815e-14
1240,0,0,1240,3.2800354421802e-11,7.5372826995786e-06,-7.7516471338623e-13,1.8916337978565e-14
1241,0,0,1241,3.2781470471443e-11,7.5415630633388e-06,-7.747458405866e-13,1.8883950359288e-14
1242,0,0,1242,3.2762618834698e-11,7.5458411124777e-06,-7.743268941339e-13,1.8851636744468e-14
1243,0,0,1243,3.2743799437797e-11,7.5501168465896e-06,-7.7390787426069e-13,1.8819396901511e-14
1244,0,0,1244,3.2725012207198e-11,7.5543902652702e-06,-7.7348878119816e-13,1.8787230598718e-14
1245,0,0,1245,3.2706257069593e-11,7.5586613681165e-06,-7.7306961517722e-13,1.8755137605297e-14
1246,0,0,1246,3.2687533951902e-11,7.5629301547266e-06,-7.7265037642737e-13,1.8723117691338e-14
1247,0,0,1247,3.2668842781274e-11,7.5671966247e-06,-7.7223106517735e-13,1.8691170627842e-14
1248,0,0,1248,3.2650183485087e-11,7.5714607776373e-06,-7.7181168165545e-13,1.865929618668e-14
1249,0,0,1249,3.2631555990946e-11,7.5757226131406e-06,-7.7139222608811e-13,1.8627494140624e-14
1250,0,0,1250,3.2612960226683e-11,7.5799821308129e-06,-7.7097269870223e-13,1.8595764263304e-14
1251,0,0,1251,3.2594396120354e-11,7.5842393302589e-06,-7.7055309972256e-13,1.8564106329262e-14
1252,0,0,1252,3.257586360024e-11,7.5884942110842e-06,-7.7013342937342e-13,1.8532520113853e-14
1253,0,0,1253,3.2557362594847e-11,7.5927467728957e-06,-7.6971368787893e-13,1.8501005393364e-14
1254,0,0,1254,3.2538893032902e-11,7.5969970153015e-06,-7.6929387546125e-13,1.8469561944902e-14
1255,0,0,1255,3.2520454843355e-11,7.6012449379112e-06,-7.6887399234238e-13,1.8438189546454e-14
1256,0,0,1256,3.2502047955378e-11,7.6054905403352e-06,-7.6845403874324e-13,1.8406887976851e-14
1257,0,0,1257,3.2483672298363e-11,7.6097338221853e-06,-7.6803401488415e-13,1.8375657015792e-14
1258,0,0,1258,3.2465327801919e-11,7.6139747830748e-06,-7.6761392098387e-13,1.8344496443803e-14
1259,0,0,1259,3.2447014395877e-11,7.6182134226176e-06,-7.6719375726149e-13,1.8313406042269e-14
1260,0,0,1260,3.2428732010283e-11,7.6224497404294e-06,-7.6677352393411e-13,1.8282385593423e-14
1261,0,0,1261,3.2410480575403e-11,7.6266837361268e-06,-7.6635322121851e-13,1.8251434880302e-14
1262,0,0,1262,3.2392260021716e-11,7.6309154093275e-06,-7.6593284933102e-13,1.8220553686814e-14
1263,0,0,1263,3.2374070279918e-11,7.6351447596506e-06,-7.6551240848595e-13,1.8189741797671e-14
1264,0,0,1264,3.235591128092e-11,7.6393717867164e-06,-7.6509189889827e-13,1.8158998998427e-14
1265,0,0,1265,3.2337782955844e-11,7.6435964901461e-06,-7.6467132078123e-13,1.812832507543e-14
1266,0,0,1266,3.2319685236029e-11,7.6478188695624e-06,-7.6425067434701e-13,1.8097719815888e-14
1267,0,0,1267,3.2301618053021e-11,7.6520389245889e-06,-7.6382995980811e-13,1.8067183007784e-14
1268,0,0,1268,3.2283581338581e-11,7.6562566548507e-06,-7.6340917737486e-13,1.8036714439928e-14
1269,0,0,1269,3.2265575024679e-11,7.6604720599737e-06,-7.6298832725824e-13,1.8006313901946e-14
1270,0,0,1270,3.2247599043495e-11,7.6646851395851e-06,-7.6256740966674e-13,1.7975981184244e-14
1271,0,0,1271,3.2229653327417e-11,7.6688958933133e-06,-7.6214642480949e-13,1.7945716078042e-14
1272,0,0,1272,3.2211737809041e-11,7.6731043207879e-06,-7.6172537289406e-13,1.7915518375364e-14
1273,0,0,1273,3.2193852421172e-11,7.6773104216394e-06,-7.6130425412774e-13,1.7885387869006e-14
1274,0,0,1274,3.217599709682e-11,7.6815141954997e-06,-7.6088306871628e-13,1.7855324352562e-14
1275,0,0,1275,3.2158171769199e-11,7.6857156420017e-06,-7.6046181686542e-13,1.7825327620412e-14
1276,0,0,1276,3.2140376371732e-11,7.6899147607795e-06,-7.6004049877968e-13,1.779539746772e-14
1277,0,0,1277,3.2122610838041e-11,7.6941115514683e-06,-7.5961911466297e-13,1.7765533690429e-14
1278,0,0,1278,3.2104875101956e-11,7.6983060137043e-06,-7.5919766471857e-13,1.7735736085242e-14
1279,0,0,1279,3.2087169097506e-11,7.702498147125e-06,-7.5877614914826e-13,1.7706004449648e-14
1280,0,0,1280,3.2069492758924e-11,7.7066879513689e-06,-7.583545681544e-13,1.7676338581904e-14
1281,0,0,1281,3.2051846020643e-11,7.7108754260758e-06,-7.5793292193691e-13,1.7646738281006e-14
1282,0,0,1282,3.2034228817297e-11,7.7150605708862e-06,-7.5751121069601e-13,1.7617203346764e-14
1283,0,0,1283,3.2016641083717e-11,7.7192433854422e-06,-7.5708943463164e-13,1.7587733579672e-14
1284,0,0,1284,3.1999082754936e-11,7.7234238693866e-06,-7.5666759394187e-13,1.7558328781051e-14
1285,0,0,1285,3.1981553766183e-11,7.7276020223636e-06,-7.5624568882386e-13,1.7528988752915e-14
1286,0,0,1286,3.1964054052885e-11,7.7317778440181e-06,-7.5582371947569e-13,1.7499713298057e-14
1287,0,0,1287,3.1946583550665e-11,7.7359513339965e-06,-7.5540168609299e-13,1.7470502220011e-14
1288,0,0,1288,3.1929142195342e-11,7.7401224919461e-06,-7.5497958887138e-13,1.7441355323032e-14
1289,0,0,1289,3.191172992293e-11,7.7442913175152e-06,-7.5455742800557e-13,1.7412272412143e-14
1290,0,0,1290,3.1894346669637e-11,7.7484578103533e-06,-7.5413520369028e-13,1.7383253293061e-14
1291,0,0,1291,3.1876992371864e-11,7.7526219701108e-06,-7.5371291611775e-13,1.7354297772265e-14
1292,0,0,1292,3.1859666966207e-11,7.7567837964394e-06,-7.5329056548147e-13,1.7325405656963e-14
1293,0,0,1293,3.1842370389452e-11,7.7609432889918e-06,-7.5286815197307e-13,1.7296576755055e-14
1294,0,0,1294,3.1825102578577e-11,7.7651004474215e-06,-7.5244567578328e-13,1.7267810875199e-14
1295,0,0,1295,3.180786347075e-11,7.7692552713834e-06,-7.5202313710312e-13,1.723910782674e-14
1296,0,0,1296,3.1790653003331e-11,7.7734077605333e-06,-7.516005361221e-13,1.7210467419752e-14
1297,0,0,1297,3.1773471113866e-11,7.7775579145279e-06,-7.511778730294e-13,1.7181889465023e-14
1298,0,0,1298,3.1756317740092e-11,7.7817057330252e-06,-7.5075514801328e-13,1.7153373774047e-14
1299,0,0,1299,3.1739192819933e-11,7.7858512156841e-06,-7.5033236126049e-13,1.7124920159013e-14
1300,0,0,1300,3.17220962915e-11,7.7899943621646e-06,-7.4990951295959e-13,1.7096528432813e-14
1301,0,0,1301,3.1705028093091e-11,7.7941351721275e-06,-7.4948660329549e-13,1.7068198409058e-14
1302,0,0,1302,3.1687988163189e-11,7.798273645235e-06,-7.4906363245369e-13,1.7039929902021e-14
1303,0,0,1303,3.1670976440462e-11,7.80240978115e-06,-7.4864060062031e-13,1.7011722726698e-14
1304,0,0,1304,3.1653992863763e-11,7.8065435795366e-06,-7.482175079778e-13,1.6983576698756e-14
1305,0,0,1305,3.1637037372129e-11,7.8106750400599e-06,-7.4779435471044e-13,1.6955491634555e-14
1306,0,0,1306,3.1620109904778e-11,7.8148041623859e-06,-7.4737114100128e-13,1.6927467351127e-14
1307,0,0,1307,3.1603210401111e-11,7.8189309461816e-06,-7.4694786703185e-13,1.6899503666207e-14
1308,0,0,1308,3.1586338800713e-11,7.8230553911152e-06,-7.4652453298397e-13,1.6871600398178e-14
1309,0,0,1309,3.1569495043347e-11,7.8271774968558e-06,-7.4610113903764e-13,1.6843757366126e-14
1310,0,0,1310,3.1552679068957e-11,7.8312972630733e-06,-7.4567768537407e-13,1.6815974389778e-14
1311,0,0,1311,3.1535890817668e-11,7.8354146894389e-06,-7.4525417217141e-13,1.6788251289551e-14
1312,0,0,1312,3.1519130229781e-11,7.8395297756246e-06,-7.4483059960934e-13,1.6760587886529e-14
1313,0,0,1313,3.1502397245779e-11,7.8436425213034e-06,-7.444069678654e-13,1.6732984002441e-14
1314,0,0,1314,3.1485691806319e-11,7.8477529261494e-06,-7.4398327711713e-13,1.6705439459677e-14
1315,0,0,1315,3.1469013852238e-11,7.8518609898374e-06,-7.4355952754145e-13,1.6677954081303e-14
1316,0,0,1316,3.1452363324547e-11,7.8559667120436e-06,-7.4313571931436e-13,1.665052769102e-14
1317,0,0,1317,3.1435740164434e-11,7.8600700924448e-06,-7.4271185261095e-13,1.6623160113169e-14
1318,0,0,1318,3.1419144313261e-11,7.8641711307188e-06,-7.422879276066e-13,1.6595851172782e-14
1319,0,0,1319,3.1402575712565e-11,7.8682698265447e-06,-7.4186394447518e-13,1.6568600695485e-14
1320,0,0,1320,3.1386034304058e-11,7.8723661796021e-06,-7.4143990338992e-13,1.6541408507582e-14
1321,0,0,1321,3.1369520029622e-11,7.8764601895718e-06,-7.4101580452408e-13,1.6514274435988e-14
1322,0,0,1322,3.1353032831313e-11,7.8805518561356e-06,-7.4059164804996e-13,1.6487198308278e-14
1323,0,0,1323,3.1336572651361e-11,7.8846411789762e-06,-7.4016743413899e-13,1.6460179952653e-14
1324,0,0,1324,3.1320139432163e-11,7.8887281577771e-06,-7.3974316296194e-13,1.6433219197931e-14
1325,0,0,1325,3.1303733116289e-11,7.8928127922229e-06,-7.3931883468931e-13,1.6406315873583e-14
1326,0,0,1326,3.128735364648e-11,7.896895081999e-06,-7.3889444949096e-13,1.6379469809682e-14
1327,0,0,1327,3.1271000965643e-11,7.9009750267921e-06,-7.3847000753615e-13,1.6352680836928e-14
1328,0,0,1328,3.1254675016856e-11,7.9050526262893e-06,-7.3804550899261e-13,1.6325948786666e-14
1329,0,0,1329,3.1238375743365e-11,7.9091278801789e-06,-7.3762095402898e-13,1.629927349081e-14
1330,0,0,1330,3.1222103088583e-11,7.9132007881503e-06,-7.3719634281236e-13,1.6272654781927e-14
1331,0,0,1331,3.120585699609e-11,7.9172713498934e-06,-7.3677167550866e-13,1.6246092493192e-14
1332,0,0,1332,3.1189637409632e-11,7.9213395650994e-06,-7.3634695228527e-13,1.6219586458361e-14
1333,0,0,1333,3.117344427312e-11,7.9254054334602e-06,-7.3592217330595e-13,1.6193136511836e-14
1334,0,0,1334,3.1157277530631e-11,7.9294689546687e-06,-7.3549733873688e-13,1.6166742488582e-14
1335,0,0,1335,3.1141137126407e-11,7.9335301284187e-06,-7.350724487418e-13,1.6140404224203e-14
1336,0,0,1336,3.1125023004852e-11,7.9375889544048e-06,-7.3464750348414e-13,1.6114121554872e-14
1337,0,0,1337,3.1108935110535e-11,7.9416454323226e-06,-7.3422250312734e-13,1.6087894317363e-14
1338,0,0,1338,3.1092873388186e-11,7.9456995618686e-06,-7.3379744783298e-13,1.6061722349058e-14
1339,0,0,1339,3.1076837782698e-11,7.9497513427402e-06,-7.3337233776419e-13,1.6035605487926e-14
1340,0,0,1340,3.1060828239125e-11,7.9538007746357e-06,-7.3294717308103e-13,1.6009543572492e-14
1341,0,0,1341,3.1044844702683e-11,7.9578478572542e-06,-7.3252195394479e-13,1.5983536441922e-14
1342,0,0,1342,3.1028887118748e-11,7.9618925902957e-06,-7.3209668051552e-13,1.5957583935916e-14
1343,0,0,1343,3.1012955432853e-11,7.9659349734612e-06,-7.3167135295268e-13,1.5931685894772e-14
1344,0,0,1344,3.0997049590693e-11,7.9699750064525e-06,-7.3124597141477e-13,1.5905842159378e-14
1345,0,0,1345,3.0981169538122e-11,7.9740126889721e-06,-7.3082053606095e-13,1.588005257117e-14
1346,0,0,1346,3.096531522115e-11,7.9780480207238e-06,-7.303950470482e-13,1.5854316972187e-14
1347,0,0,1347,3.0949486585945e-11,7.9820810014118e-06,-7.2996950453414e-13,1.582863520502e-14
1348,0,0,1348,3.0933683578832e-11,7.9861116307415e-06,-7.2954390867514e-13,1.5803007112814e-14
1349,0,0,1349,3.0917906146293e-11,7.990139908419e-06,-7.2911825962788e-13,1.5777432539323e-14
1350,0,0,1350,3.0902154234964e-11,7.9941658341513e-06,-7.2869255754753e-13,1.5751911328817e-14
1351,0,0,1351,3.0886427791638e-11,7.9981894076463e-06,-7.2826680258861e-13,1.5726443326149e-14
1352,0,0,1352,3.0870726763261e-11,8.0022106286126e-06,-7.2784099490567e-13,1.5701028376738e-14
1353,0,0,1353,3.0855051096935e-11,8.0062294967599e-06,-7.2741513465356e-13,1.5675666326536e-14
1354,0,0,1354,3.0839400739913e-11,8.0102460117985e-06,-7.2698922198405e-13,1.5650357022054e-14
1355,0,0,1355,3.0823775639602e-11,8.0142601734396e-06,-7.2656325705077e-13,1.5625100310388e-14
1356,0,0,1356,3.0808175743563e-11,8.0182719813954e-06,-7.2613724000579e-13,1.5599896039117e-14
1357,0,0,1357,3.0792600999507e-11,8.0222814353789e-06,-7.257111710006e-13,1.5574744056426e-14
1358,0,0,1358,3.0777051355296e-11,8.0262885351037e-06,-7.2528505018636e-13,1.5549644211014e-14
1359,0,0,1359,3.0761526758944e-11,8.0302932802844e-06,-7.2485887771362e-13,1.5524596352126e-14
1360,0,0,1360,3.0746027158614e-11,8.0342956706365e-06,-7.2443265373233e-13,1.5499600329557e-14
1361,0,0,1361,3.073055250262e-11,8.0382957058763e-06,-7.2400637839242e-13,1.5474655993609e-14
1362,0,0,1362,3.0715102739425e-11,8.0422933857207e-06,-7.2358005184199e-13,1.5449763195155e-14
1363,0,0,1363,3.069967781764e-11,8.0462887098877e-06,-7.2315367423038e-13,1.5424921785574e-14
1364,0,0,1364,3.0684277686023e-11,8.050281678096e-06,-7.2272724570445e-13,1.5400131616802e-14
1365,0,0,1365,3.0668902293482e-11,8.0542722900651e-06,-7.2230076641261e-13,1.5375392541257e-14
1366,0,0,1366,3.065355158907e-11,8.0582605455154e-06,-7.2187423650082e-13,1.5350704411928e-14
1367,0,0,1367,3.0638225521987e-11,8.062246444168e-06,-7.2144765611625e-13,1.5326067082312e-14
1368,0,0,1368,3.0622924041581e-11,8.0662299857448e-06,-7.2102102540364e-13,1.5301480406401e-14
1369,0,0,1369,3.0607647097342e-11,8.0702111699686e-06,-7.2059434450893e-13,1.5276944238757e-14
1370,0,0,1370,3.0592394638908e-11,8.074189996563e-06,-7.2016761357717e-13,1.5252458434407e-14
1371,0,0,1371,3.0577166616059e-11,8.0781664652522e-06,-7.1974083275184e-13,1.5228022848921e-14
1372,0,0,1372,3.056196297872e-11,8.0821405757615e-06,-7.1931400217708e-13,1.5203637338371e-14
1373,0,0,1373,3.0546783676961e-11,8.0861123278167e-06,-7.1888712199576e-13,1.5179301759358e-14
1374,0,0,1374,3.0531628660992e-11,8.0900817211446e-06,-7.1846019235138e-13,1.5155015968946e-14
1375,0,0,1375,3.0516497881167e-11,8.0940487554727e-06,-7.180332133853e-13,1.5130779824765e-14
1376,0,0,1376,3.0501391287983e-11,8.0980134305293e-06,-7.176061852395e-13,1.5106593184881e-14
1377,0,0,1377,3.0486308832075e-11,8.1019757460434e-06,-7.1717910805562e-13,1.5082455907924e-14
1378,0,0,1378,3.0471250464222e-11,8.1059357017449e-06,-7.1675198197349e-13,1.5058367852977e-14
1379,0,0,1379,3.0456216135342e-11,8.1098932973644e-06,-7.1632480713385e-13,1.5034328879644e-14
1380,0,0,1380,3.0441205796494e-11,8.1138485326334e-06,-7.1589758367652e-13,1.5010338848023e-14
1381,0,0,1381,3.0426219398875e-11,8.1178014072839e-06,-7.1547031174072e-13,1.4986397618681e-14
1382,0,0,1382,3.0411256893823e-11,8.1217519210489e-06,-7.1504299146442e-13,1.4962505052717e-14
1383,0,0,1383,3.0396318232811e-11,8.125700073662e-06,-7.1461562298713e-13,1.4938661011669e-14
1384,0,0,1384,3.0381403367453e-11,8.1296458648579e-06,-7.1418820644532e-13,1.4914865357604e-14
1385,0,0,1385,3.03665122495e-11,8.1335892943716e-06,-7.1376074197725e-13,1.4891117953048e-14
1386,0,0,1386,3.0351644830839e-11,8.1375303619391e-06,-7.1333322971878e-13,1.4867418661027e-14
1387,0,0,1387,3.0336801063494e-11,8.1414690672971e-06,-7.1290566980726e-13,1.4843767345022e-14
1388,0,0,1388,3.0321980899625e-11,8.1454054101832e-06,-7.1247806237793e-13,1.4820163869015e-14
1389,0,0,1389,3.0307184291528e-11,8.1493393903355e-06,-7.1205040756569e-13,1.4796608097463e-14
1390,0,0,1390,3.0292411191632e-11,8.153271007493e-06,-7.1162270550638e-13,1.4773099895285e-14
1391,0,0,1391,3.0277661552505e-11,8.1572002613954e-06,-7.11194956334e-13,1.4749639127863e-14
1392,0,0,1392,3.0262935326843e-11,8.1611271517831e-06,-7.1076716018223e-13,1.4726225661091e-14
1393,0,0,1393,3.0248232467482e-11,8.1650516783974e-06,-7.1033931718446e-13,1.4702859361288e-14
1394,0,0,1394,3.0233552927387e-11,8.1689738409801e-06,-7.0991142747468e-13,1.4679540095259e-14
1395,0,0,1395,3.0218896659657e-11,8.172893639274e-06,-7.0948349118383e-13,1.4656267730261e-14
1396,0,0,1396,3.0204263617523e-11,8.1768110730223e-06,-7.0905550844558e-13,1.4633042134029e-14
1397,0,0,1397,3.0189653754348e-11,8.1807261419692e-06,-7.0862747939057e-13,1.4609863174756e-14
1398,0,0,1398,3.0175067023627e-11,8.1846388458595e-06,-7.0819940415003e-13,1.4586730721084e-14
1399,0,0,1399,3.0160503378985e-11,8.1885491844388e-06,-7.077712828552e-13,1.4563644642104e-14
1400,0,0,1400,3.0145962774177e-11,8.1924571574534e-06,-7.0734311563547e-13,1.4540604807386e-14
1401,0,0,1401,3.013144516309e-11,8.1963627646502e-06,-7.0691490262177e-13,1.4517611086933e-14
1402,0,0,1402,3.0116950499739e-11,8.200266005777e-06,-7.0648664394196e-13,1.4494663351215e-14
1403,0,0,1403,3.0102478738268e-11,8.2041668805821e-06,-7.0605833972636e-13,1.4471761471134e-14
1404,0,0,1404,3.008802983295e-11,8.2080653888147e-06,-7.0562999010284e-13,1.4448905318042e-14
1405,0,0,1405,3.0073603738186e-11,8.2119615302246e-06,-7.0520159519894e-13,1.4426094763754e-14
1406,0,0,1406,3.0059200408506e-11,8.2158553045624e-06,-7.0477315514285e-13,1.4403329680495e-14
1407,0,0,1407,3.0044819798565e-11,8.2197467115793e-06,-7.043446700618e-13,1.4380609940963e-14
1408,0,0,1408,3.0030461863146e-11,8.2236357510273e-06,-7.0391614008152e-13,1.4357935418291e-14
1409,0,0,1409,3.001612655716e-11,8.227522422659e-06,-7.0348756532956e-13,1.4335305986022e-14
1410,0,0,1410,3.0001813835642e-11,8.2314067262276e-06,-7.0305894593041e-13,1.4312721518167e-14
1411,0,0,1411,2.9987523653753e-11,8.2352886614874e-06,-7.0263028201041e-13,1.4290181889162e-14
1412,0,0,1412,2.9973255966779e-11,8.2391682281929e-06,-7.0220157369404e-13,1.4267686973863e-14
1413,0,0,1413,2.9959010730132e-11,8.2430454260995e-06,-7.0177282110578e-13,1.4245236647575e-14
1414,0,0,1414,2.9944787899346e-11,8.2469202549634e-06,-7.0134402437015e-13,1.4222830786011e-14
1415,0,0,1415,2.993058743008e-11,8.2507927145414e-06,-7.0091518361038e-13,1.4200469265335e-14
1416,0,0,1416,2.9916409278118e-11,8.2546628045908e-06,-7.0048629894976e-13,1.417815196211e-14
1417,0,0,1417,2.9902253399365e-11,8.2585305248699e-06,-7.0005737051123e-13,1.4155878753343e-14
1418,0,0,1418,2.9888119749848e-11,8.2623958751374e-06,-6.9962839841684e-13,1.4133649516457e-14
1419,0,0,1419,2.9874008285719e-11,8.2662588551528e-06,-6.9919938278862e-13,1.4111464129294e-14
1420,0,0,1420,2.9859918963249e-11,8.2701194646763e-06,-6.9877032374891e-13,1.4089322470103e-14
1421,0,0,1421,2.9845851738831e-11,8.2739777034687e-06,-6.9834122141761e-13,1.4067224417568e-14
1422,0,0,1422,2.9831806568981e-11,8.2778335712914e-06,-6.9791207591644e-13,1.404516985077e-14
1423,0,0,1423,2.9817783410331e-11,8.2816870679067e-06,-6.9748288736499e-13,1.4023158649232e-14
1424,0,0,1424,2.9803782219639e-11,8.2855381930773e-06,-6.9705365588346e-13,1.4001190692846e-14
1425,0,0,1425,2.9789802953777e-11,8.2893869465668e-06,-6.9662438159144e-13,1.3979265861947e-14
1426,0,0,1426,2.9775845569739e-11,8.2932333281392e-06,-6.9619506460757e-13,1.3957384037261e-14
1427,0,0,1427,2.9761910024639e-11,8.2970773375593e-06,-6.9576570505115e-13,1.3935545099931e-14
1428,0,0,1428,2.9747996275708e-11,8.3009189745927e-06,-6.9533630303992e-13,1.3913748931497e-14
1429,0,0,1429,2.9734104280294e-11,8.3047582390054e-06,-6.9490685869193e-13,1.389199541391e-14
1430,0,0,1430,2.9720233995865e-11,8.3085951305641e-06,-6.944773721243e-13,1.3870284429498e-14
1431,0,0,1431,2.9706385380004e-11,8.3124296490362e-06,-6.9404784345479e-13,1.3848615861027e-14
1432,0,0,1432,2.9692558390412e-11,8.3162617941898e-06,-6.9361827279961e-13,1.3826989591632e-14
1433,0,0,1433,2.9678752984907e-11,8.3200915657935e-06,-6.9318866027496e-13,1.380540550485e-14
1434,0,0,1434,2.9664969121422e-11,8.3239189636167e-06,-6.9275900599675e-13,1.3783863484627e-14
1435,0,0,1435,2.9651206758007e-11,8.3277439874293e-06,-6.9232931008058e-13,1.3762363415264e-14
1436,0,0,1436,2.9637465852826e-11,8.3315666370019e-06,-6.9189957264144e-13,1.3740905181517e-14
1437,0,0,1437,2.9623746364157e-11,8.3353869121057e-06,-6.914697937943e-13,1.3719488668466e-14
1438,0,0,1438,2.9610048250396e-11,8.3392048125127e-06,-6.9103997365262e-13,1.3698113761617e-14
1439,0,0,1439,2.9596371470049e-11,8.3430203379952e-06,-6.9061011233139e-13,1.3676780346846e-14
1440,0,0,1440,2.9582715981738e-11,8.3468334883263e-06,-6.9018020994374e-13,1.3655488310447e-14
1441,0,0,1441,2.9569081744199e-11,8.3506442632799e-06,-6.8975026660253e-13,1.3634237539032e-14
1442,0,0,1442,2.955546871628e-11,8.3544526626303e-06,-6.8932028242058e-13,1.3613027919666e-14
1443,0,0,1443,2.954187685694e-11,8.3582586861525e-06,-6.8889025751074e-13,1.359185933976e-14
1444,0,0,1444,2.9528306125253e-11,8.362062333622e-06,-6.884601919843e-13,1.3570731687084e-14
1445,0,0,1445,2.9514756480403e-11,8.3658636048151e-06,-6.8803008595381e-13,1.3549644849826e-14
1446,0,0,1446,2.9501227881686e-11,8.3696624995087e-06,-6.8759993952964e-13,1.3528598716535e-14
1447,0,0,1447,2.948772028851e-11,8.3734590174801e-06,-6.8716975282341e-13,1.3507593176126e-14
1448,0,0,1448,2.9474233660392e-11,8.3772531585074e-06,-6.8673952594459e-13,1.3486628117877e-14
1449,0,0,1449,2.9460767956961e-11,8.3810449223693e-06,-6.8630925900478e-13,1.3465703431477e-14
1450,0,0,1450,2.9447323137954e-11,8.3848343088451e-06,-6.8587895211254e-13,1.3444819006943e-14
1451,0,0,1451,2.9433899163219e-11,8.3886213177145e-06,-6.8544860537763e-13,1.3423974734674e-14
1452,0,0,1452,2.9420495992714e-11,8.3924059487582e-06,-6.8501821890921e-13,1.3403170505449e-14
1453,0,0,1453,2.9407113586503e-11,8.3961882017572e-06,-6.8458779281613e-13,1.3382406210391e-14
1454,0,0,1454,2.9393751904762e-11,8.3999680764932e-06,-6.8415732720603e-13,1.3361681741003e-14
1455,0,0,1455,2.9380410907773e-11,8.4037455727484e-06,-6.8372682218744e-13,1.3340996989138e-14
1456,0,0,1456,2.9367090555926e-11,8.4075206903056e-06,-6.8329627786799e-13,1.332035184703e-14
1457,0,0,1457,2.9353790809719e-11,8.4112934289485e-06,-6.8286569435409e-13,1.3299746207237e-14
1458,0,0,1458,2.9340511629756e-11,8.4150637884609e-06,-6.8243507175366e-13,1.3279179962708e-14
1459,0,0,1459,2.932725297675e-11,8.4188317686276e-06,-6.8200441017279e-13,1.3258653006738e-14
1460,0,0,1460,2.9314014811517e-11,8.4225973692338e-06,-6.8157370971727e-13,1.3238165232963e-14
1461,0,0,1461,2.9300797094981e-11,8.4263605900653e-06,-6.8114297049351e-13,1.3217716535393e-14
1462,0,0,1462,2.9287599788173e-11,8.4301214309084e-06,-6.8071219260606e-13,1.319730680839e-14
1463,0,0,1463,2.9274422852226e-11,8.4338798915502e-06,-6.8028137616131e-13,1.3176935946636e-14
1464,0,0,1464,2.9261266248381e-11,8.4376359717781e-06,-6.7985052126292e-13,1.3156603845202e-14
1465,0,0,1465,2.9248129937982e-11,8.4413896713804e-06,-6.7941962801605e-13,1.3136310399489e-14
1466,0,0,1466,2.9235013882476e-11,8.4451409901458e-06,-6.7898869652372e-13,1.3116055505238e-14
1467,0,0,1467,2.9221918043418e-11,8.4488899278634e-06,-6.7855772689081e-13,1.3095839058543e-14
1468,0,0,1468,2.9208842382462e-11,8.4526364843232e-06,-6.7812671922003e-13,1.3075660955831e-14
1469,0,0,1469,2.9195786861368e-11,8.4563806593155e-06,-6.7769567361442e-13,1.3055521093912e-14
1470,0,0,1470,2.9182751441998e-11,8.4601224526314e-06,-6.7726459017699e-13,1.3035419369865e-14
1471,0,0,1471,2.9169736086317e-11,8.4638618640624e-06,-6.7683346900954e-13,1.3015355681179e-14
1472,0,0,1472,2.9156740756391e-11,8.4675988934006e-06,-6.7640231021481e-13,1.2995329925633e-14
1473,0,0,1473,2.914376541439e-11,8.4713335404387e-06,-6.7597111389365e-13,1.2975342001379e-14
1474,0,0,1474,2.9130810022583e-11,8.4750658049699e-06,-6.7553988014819e-13,1.2955391806875e-14
1475,0,0,1475,2.9117874543342e-11,8.478795686788e-06,-6.75108609079e-13,1.2935479240927e-14
1476,0,0,1476,2.9104958939139e-11,8.4825231856874e-06,-6.7467730078634e-13,1.2915604202664e-14
1477,0,0,1477,2.9092063172548e-11,8.4862483014629e-06,-6.742459553714e-13,1.2895766591567e-14
1478,0,0,1478,2.907918720624e-11,8.4899710339101e-06,-6.7381457293383e-13,1.2875966307432e-14
1479,0,0,1479,2.906633100299e-11,8.4936913828248e-06,-6.7338315357267e-13,1.285620325038e-14
1480,0,0,1480,2.9053494525669e-11,8.4974093480038e-06,-6.729516973885e-13,1.2836477320873e-14
1481,0,0,1481,2.904067773725e-11,8.501124929244e-06,-6.7252020447912e-13,1.2816788419684e-14
1482,0,0,1482,2.9027880600802e-11,8.5048381263431e-06,-6.720886749442e-13,1.2797136447928e-14
1483,0,0,1483,2.9015103079495e-11,8.5085489390994e-06,-6.7165710888125e-13,1.2777521307028e-14
1484,0,0,1484,2.9002345136596e-11,8.5122573673115e-06,-6.7122550638929e-13,1.2757942898738e-14
1485,0,0,1485,2.8989606735471e-11,8.5159634107787e-06,-6.7079386756522e-13,1.273840112513e-14
1486,0,0,1486,2.8976887839582e-11,8.5196670693008e-06,-6.7036219250656e-13,1.27188958886e-14
1487,0,0,1487,2.896418841249e-11,8.5233683426782e-06,-6.699304813108e-13,1.2699427091861e-14
1488,0,0,1488,2.8951508417852e-11,8.5270672307118e-06,-6.6949873407454e-13,1.2679994637932e-14
1489,0,0,1489,2.8938847819422e-11,8.5307637332029e-06,-6.6906695089405e-13,1.2660598430172e-14
1490,0,0,1490,2.892620658105e-11,8.5344578499535e-06,-6.6863513186562e-13,1.2641238372228e-14
1491,0,0,1491,2.8913584666682e-11,8.5381495807662e-06,-6.6820327708492e-13,1.2621914368079e-14
1492,0,0,1492,2.890098204036e-11,8.5418389254438e-06,-6.6777138664791e-13,1.2602626322013e-14
1493,0,0,1493,2.8888398666221e-11,8.5455258837899e-06,-6.6733946064935e-13,1.2583374138618e-14
1494,0,0,1494,2.8875834508498e-11,8.5492104556086e-06,-6.6690749918428e-13,1.2564157722814e-14
1495,0,0,1495,2.8863289531519e-11,8.5528926407044e-06,-6.6647550234716e-13,1.2544976979803e-14
1496,0,0,1496,2.8850763699703e-11,8.5565724388825e-06,-6.6604347023241e-13,1.2525831815114e-14
1497,0,0,1497,2.8838256977569e-11,8.5602498499485e-06,-6.6561140293418e-13,1.2506722134572e-14
1498,0,0,1498,2.8825769329725e-11,8.5639248737084e-06,-6.6517930054599e-13,1.2487647844314e-14
1499,0,0,1499,2.8813300720874e-11,8.5675975099689e-06,-6.6474716316074e-13,1.2468608850779e-14
1500,0,0,1500,2.8800851115813e-11,8.5712677585373e-06,-6.6431499087195e-13,1.2449605060705e-14
1501,0,0,1501,2.8788420479432e-11,8.5749356192211e-06,-6.6388278377254e-13,1.2430636381128e-14
1502,0,0,1502,2.8776008776713e-11,8.5786010918286e-06,-6.6345054195479e-13,1.24117027194e-14
1503,0,0,1503,2.8763615972729e-11,8.5822641761684e-06,-6.63018265511e-13,1.2392803983153e-14
1504,0,0,1504,2.8751242032649e-11,8.5859248720498e-06,-6.6258595453224e-13,1.2373940080331e-14
1505,0,0,1505,2.873888692173e-11,8.5895831792825e-06,-6.6215360911111e-13,1.235511091917e-14
1506,0,0,1506,2.8726550605322e-11,8.5932390976766e-06,-6.6172122933837e-13,1.2336316408194e-14
1507,0,0,1507,2.8714233048865e-11,8.596892627043e-06,-6.6128881530509e-13,1.2317556456232e-14
1508,0,0,1508,2.8701934217893e-11,8.6005437671927e-06,-6.6085636710172e-13,1.2298830972409e-14
1509,0,0,1509,2.8689654078027e-11,8.6041925179376e-06,-6.6042388481933e-13,1.2280139866128e-14
1510,0,0,1510,2.867739259498e-11,8.6078388790897e-06,-6.5999136854716e-13,1.2261483047094e-14
1511,0,0,1511,2.8665149734555e-11,8.611482850462e-06,-6.5955881837595e-13,1.2242860425296e-14
1512,0,0,1512,2.8652925462644e-11,8.6151244318675e-06,-6.5912623439402e-13,1.2224271911014e-14
1513,0,0,1513,2.8640719745229e-11,8.6187636231199e-06,-6.5869361669152e-13,1.220571741482e-14
1514,0,0,1514,2.8628532548381e-11,8.6224004240335e-06,-6.5826096535737e-13,1.2187196847567e-14
1515,0,0,1515,2.8616363838261e-11,8.6260348344229e-06,-6.5782828047988e-13,1.216871012039e-14
1516,0,0,1516,2.8604213581116e-11,8.6296668541033e-06,-6.5739556214735e-13,1.2150257144715e-14
1517,0,0,1517,2.8592081743284e-11,8.6332964828903e-06,-6.5696281044839e-13,1.2131837832257e-14
1518,0,0,1518,2.8579968291189e-11,8.6369237206001e-06,-6.5653002547041e-13,1.2113452094992e-14
1519,0,0,1519,2.8567873191344e-11,8.6405485670492e-06,-6.5609720730109e-13,1.20950998452e-14
1520,0,0,1520,2.8555796410348e-11,8.6441710220549e-06,-6.5566435602721e-13,1.2076780995424e-14
1521,0,0,1521,2.854373791489e-11,8.6477910854347e-06,-6.5523147173677e-13,1.2058495458495e-14
1522,0,0,1522,2.8531697671742e-11,8.6514087570066e-06,-6.5479855451532e-13,1.2040243147518e-14
1523,0,0,1523,2.8519675647766e-11,8.6550240365892e-06,-6.5436560444994e-13,1.2022023975884e-14
1524,0,0,1524,2.8507671809909e-11,8.6586369240015e-06,-6.5393262162679e-13,1.2003837857238e-14
1525,0,0,1525,2.8495686125204e-11,8.662247419063e-06,-6.5349960613173e-13,1.1985684705522e-14
1526,0,0,1526,2.8483718560769e-11,8.6658555215936e-06,-6.5306655804969e-13,1.196756443494e-14
1527,0,0,1527,2.8471769083809e-11,8.6694612314139e-06,-6.5263347746715e-13,1.1949476959969e-14
1528,0,0,1528,2.8459837661613e-11,8.6730645483447e-06,-6.5220036446811e-13,1.1931422195361e-14
1529,0,0,1529,2.8447924261557e-11,8.6766654722073e-06,-6.5176721913751e-13,1.1913400056136e-14
1530,0,0,1530,2.84360288511e-11,8.6802640028237e-06,-6.513340415609e-13,1.189541045758e-14
1531,0,0,1531,2.8424151397784e-11,8.683860140016e-06,-6.5090083182077e-13,1.1877453315254e-14
1532,0,0,1532,2.8412291869239e-11,8.6874538836072e-06,-6.5046759000297e-13,1.1859528544988e-14
1533,0,0,1533,2.8400450233176e-11,8.6910452334204e-06,-6.5003431618967e-13,1.1841636062857e-14
1534,0,0,1534,2.8388626457391e-11,8.6946341892793e-06,-6.4960101046519e-13,1.1823775785232e-14
1535,0,0,1535,2.8376820509762e-11,8.6982207510081e-06,-6.4916767291264e-13,1.1805947628727e-14
1536,0,0,1536,2.8365032358252e-11,8.7018049184314e-06,-6.4873430361419e-13,1.1788151510227e-14
1537,0,0,1537,2.8353261970905e-11,8.7053866913743e-06,-6.4830090265354e-13,1.1770387346873e-14
1538,0,0,1538,2.8341509315849e-11,8.7089660696622e-06,-6.4786747011257e-13,1.1752655056077e-14
1539,0,0,1539,2.8329774361294e-11,8.7125430531211e-06,-6.4743400607345e-13,1.17349545555e-14
1540,0,0,1540,2.8318057075531e-11,8.7161176415776e-06,-6.4700051061805e-13,1.1717285763069e-14
1541,0,0,1541,2.8306357426934e-11,8.7196898348584e-06,-6.4656698382763e-13,1.1699648596971e-14
1542,0,0,1542,2.8294675383958e-11,8.7232596327909e-06,-6.4613342578436e-13,1.1682042975642e-14
1543,0,0,1543,2.828301091514e-11,8.7268270352029e-06,-6.4569983656889e-13,1.1664468817782e-14
1544,0,0,1544,2.8271363989098e-11,8.7303920419226e-06,-6.4526621626185e-13,1.1646926042333e-14
1545,0,0,1545,2.8259734574529e-11,8.7339546527786e-06,-6.448325649442e-13,1.1629414568517e-14
1546,0,0,1546,2.8248122640214e-11,8.7375148676002e-06,-6.4439888269597e-13,1.1611934315783e-14
1547,0,0,1547,2.823652815501e-11,8.7410726862167e-06,-6.439651695978e-13,1.159448520384e-14
1548,0,0,1548,2.8224951087857e-11,8.7446281084583e-06,-6.4353142572848e-13,1.1577067152656e-14
1549,0,0,1549,2.8213391407775e-11,8.7481811341554e-06,-6.4309765116898e-13,1.1559680082441e-14
1550,0,0,1550,2.8201849083861e-11,8.7517317631388e-06,-6.4266384599779e-13,1.1542323913663e-14
1551,0,0,1551,2.8190324085294e-11,8.7552799952399e-06,-6.422300102937e-13,1.1524998567019e-14
1552,0,0,1552,2.8178816381331e-11,8.7588258302903e-06,-6.4179614413645e-13,1.1507703963484e-14
1553,0,0,1553,2.8167325941306e-11,8.7623692681224e-06,-6.4136224760392e-13,1.1490440024248e-14
1554,0,0,1554,2.8155852734636e-11,8.7659103085687e-06,-6.4092832077459e-13,1.1473206670768e-14
1555,0,0,1555,2.8144396730811e-11,8.7694489514622e-06,-6.4049436372698e-13,1.145600382474e-14
1556,0,0,1556,2.8132957899403e-11,8.7729851966364e-06,-6.4006037653865e-13,1.1438831408101e-14
1557,0,0,1557,2.812153621006e-11,8.7765190439253e-06,-6.3962635928718e-13,1.1421689343027e-14
1558,0,0,1558,2.8110131632508e-11,8.7800504931632e-06,-6.3919231204984e-13,1.1404577551945e-14
1559,0,0,1559,2.809874413655e-11,8.7835795441847e-06,-6.3875823490421e-13,1.1387495957528e-14
1560,0,0,1560,2.8087373692068e-11,8.7871061968252e-06,-6.3832412792663e-13,1.137044448266e-14
1561,0,0,1561,2.8076020269017e-11,8.7906304509202e-06,-6.3788999119408e-13,1.1353423050507e-14
1562,0,0,1562,2.8064683837433e-11,8.7941523063057e-06,-6.3745582478289e-13,1.1336431584429e-14
1563,0,0,1563,2.8053364367425e-11,8.7976717628183e-06,-6.3702162876973e-13,1.1319470008064e-14
1564,0,0,1564,2.8042061829179e-11,8.8011888202947e-06,-6.3658740322942e-13,1.1302538245252e-14
1565,0,0,1565,2.8030776192959e-11,8.8047034785722e-06,-6.361531482386e-13,1.1285636220094e-14
1566,0,0,1566,2.8019507429102e-11,8.8082157374887e-06,-6.3571886387272e-13,1.1268763856913e-14
1567,0,0,1567,2.8008255508022e-11,8.8117255968821e-06,-6.3528455020627e-13,1.1251921080266e-14
1568,0,0,1568,2.7997020400207e-11,8.815233056591e-06,-6.348502073153e-13,1.1235107814945e-14
1569,0,0,1569,2.7985802076221e-11,8.8187381164544e-06,-6.3441583527403e-13,1.1218323985973e-14
1570,0,0,1570,2.7974600506703e-11,8.8222407763116e-06,-6.3398143415664e-13,1.1201569518615e-14
1571,0,0,1571,2.7963415662364e-11,8.8257410360024e-06,-6.3354700403796e-13,1.1184844338348e-14
1572,0,0,1572,2.7952247513993e-11,8.829238895367e-06,-6.3311254499219e-13,1.1168148370886e-14
1573,0,0,1573,2.7941096032451e-11,8.832734354246e-06,-6.3267805709292e-13,1.115148154218e-14
1574,0,0,1574,2.7929961188673e-11,8.8362274124803e-06,-6.3224354041343e-13,1.1134843778393e-14
1575,0,0,1575,2.7918842953667e-11,8.8397180699114e-06,-6.3180899502824e-13,1.1118235005929e-14
1576,0,0,1576,2.7907741298515e-11,8.8432063263811e-06,-6.3137442100878e-13,1.1101655151415e-14
1577,0,0,1577,2.7896656194374e-11,8.8466921817315e-06,-6.3093981842988e-13,1.1085104141691e-14
1578,0,0,1578,2.788558761247e-11,8.8501756358053e-06,-6.3050518736298e-13,1.1068581903839e-14
1579,0,0,1579,2.7874535524105e-11,8.8536566884456e-06,-6.3007052788105e-13,1.1052088365151e-14
1580,0,0,1580,2.7863499900652e-11,8.8571353394956e-06,-6.2963584005647e-13,1.1035623453154e-14
1581,0,0,1581,2.7852480713556e-11,8.8606115887993e-06,-6.2920112396097e-13,1.1019187095581e-14
1582,0,0,1582,2.7841477934336e-11,8.8640854362007e-06,-6.2876637966662e-13,1.1002779220405e-14
1583,0,0,1583,2.783049153458e-11,8.8675568815446e-06,-6.2833160724486e-13,1.0986399755794e-14
1584,0,0,1584,2.781952148595e-11,8.8710259246759e-06,-6.2789680676744e-13,1.0970048630167e-14
1585,0,0,1585,2.7808567760177e-11,8.8744925654401e-06,-6.2746197830519e-13,1.0953725772133e-14
1586,0,0,1586,2.7797630329067e-11,8.8779568036828e-06,-6.2702712192925e-13,1.0937431110538e-14
1587,0,0,1587,2.7786709164492e-11,8.8814186392502e-06,-6.2659223771014e-13,1.0921164574433e-14
1588,0,0,1588,2.7775804238399e-11,8.884878071989e-06,-6.261573257187e-13,1.090492609309e-14
1589,0,0,1589,2.7764915522803e-11,8.888335101746e-06,-6.2572238602513e-13,1.0888715596e-14
1590,0,0,1590,2.7754042989791e-11,8.8917897283687e-06,-6.2528741869936e-13,1.0872533012857e-14
1591,0,0,1591,2.7743186611517e-11,8.8952419517047e-06,-6.2485242381129e-13,1.0856378273583e-14
1592,0,0,1592,2.7732346360209e-11,8.8986917716021e-06,-6.2441740143114e-13,1.0840251308306e-14
1593,0,0,1593,2.7721522208161e-11,8.9021391879094e-06,-6.239823516276e-13,1.082415204736e-14
1594,0,0,1594,2.771071412774e-11,8.9055842004755e-06,-6.2354727447056e-13,1.08080804213e-14
1595,0,0,1595,2.7699922091379e-11,8.9090268091497e-06,-6.2311217002842e-13,1.0792036360892e-14
1596,0,0,1596,2.7689146071582e-11,8.9124670137816e-06,-6.2267703837047e-13,1.0776019797102e-14
1597,0,0,1597,2.7678386040921e-11,8.9159048142212e-06,-6.2224187956539e-13,1.0760030661115e-14
1598,0,0,1598,2.7667641972037e-11,8.9193402103189e-06,-6.2180669368095e-13,1.074406888432e-14
1599,0,0,1599,2.7656913837638e-11,8.9227732019254e-06,-6.2137148078645e-13,1.0728134398308e-14
1600,0,0,1600,2.7646201610503e-11,8.926203788892e-06,-6.2093624094872e-13,1.0712227134887e-14
1601,0,0,1601,2.7635505263477e-11,8.9296319710701e-06,-6.2050097423616e-13,1.0696347026071e-14
1602,0,0,1602,2.7624824769473e-11,8.9330577483116e-06,-6.2006568071651e-13,1.0680494004062e-14
1603,0,0,1603,2.7614160101472e-11,8.9364811204689e-06,-6.1963036045663e-13,1.0664668001294e-14
1604,0,0,1604,2.7603511232522e-11,8.9399020873944e-06,-6.1919501352428e-13,1.0648868950378e-14
1605,0,0,1605,2.7592878135737e-11,8.9433206489413e-06,-6.1875963998631e-13,1.0633096784144e-14
1606,0,0,1606,2.7582260784302e-11,8.9467368049629e-06,-6.1832423990864e-13,1.0617351435622e-14
1607,0,0,1607,2.7571659151464e-11,8.9501505553129e-06,-6.1788881335903e-13,1.0601632838036e-14
1608,0,0,1608,2.7561073210539e-11,8.9535618998455e-06,-6.174533604031e-13,1.058594092482e-14
1609,0,0,1609,2.7550502934909e-11,8.9569708384152e-06,-6.1701788110739e-13,1.05702756296e-14
1610,0,0,1610,2.7539948298023e-11,8.9603773708767e-06,-6.1658237553782e-13,1.0554636886212e-14
1611,0,0,1611,2.7529409273394e-11,8.9637814970854e-06,-6.1614684375971e-13,1.0539024628675e-14
1612,0,0,1612,2.7518885834603e-11,8.9671832168966e-06,-6.157112858396e-13,1.0523438791223e-14
1613,0,0,1613,2.7508377955295e-11,8.9705825301665e-06,-6.1527570184187e-13,1.0507879308269e-14
1614,0,0,1614,2.7497885609181e-11,8.9739794367512e-06,-6.1484009183214e-13,1.0492346114445e-14
1615,0,0,1615,2.7487408770036e-11,8.9773739365074e-06,-6.1440445587542e-13,1.0476839144551e-14
1616,0,0,1616,2.7476947411702e-11,8.9807660292921e-06,-6.1396879403671e-13,1.0461358333604e-14
1617,0,0,1617,2.7466501508086e-11,8.9841557149627e-06,-6.1353310637979e-13,1.0445903616809e-14
1618,0,0,1618,2.7456071033156e-11,8.9875429933769e-06,-6.1309739296997e-13,1.0430474929559e-14
1619,0,0,1619,2.7445655960949e-11,8.9909278643928e-06,-6.1266165387134e-13,1.0415072207448e-14
1620,0,0,1620,2.7435256265562e-11,8.9943103278687e-06,-6.1222588914706e-13,1.0399695386251e-14
1621,0,0,1621,2.742487192116e-11,8.9976903836636e-06,-6.1179009886214e-13,1.0384344401951e-14
1622,0,0,1622,2.741450290197e-11,9.0010680316364e-06,-6.1135428307943e-13,1.0369019190705e-14
1623,0,0,1623,2.7404149182281e-11,9.0044432716467e-06,-6.1091844186241e-13,1.0353719688869e-14
1624,0,0,1624,2.7393810736448e-11,9.0078161035543e-06,-6.1048257527485e-13,1.0338445832986e-14
1625,0,0,1625,2.7383487538888e-11,9.0111865272193e-06,-6.1004668337962e-13,1.0323197559786e-14
1626,0,0,1626,2.7373179564082e-11,9.0145545425024e-06,-6.0961076623895e-13,1.0307974806197e-14
1627,0,0,1627,2.7362886786572e-11,9.0179201492644e-06,-6.0917482391663e-13,1.0292777509314e-14
1628,0,0,1628,2.7352609180966e-11,9.0212833473665e-06,-6.0873885647428e-13,1.0277605606443e-14
1629,0,0,1629,2.7342346721931e-11,9.0246441366702e-06,-6.0830286397446e-13,1.0262459035051e-14
1630,0,0,1630,2.7332099384198e-11,9.0280025170375e-06,-6.0786684647942e-13,1.0247337732819e-14
1631,0,0,1631,2.7321867142561e-11,9.0313584883306e-06,-6.074308040514e-13,1.0232241637577e-14
1632,0,0,1632,2.7311649971873e-11,9.0347120504121e-06,-6.0699473675142e-13,1.0217170687373e-14
1633,0,0,1633,2.7301447847053e-11,9.0380632031449e-06,-6.0655864464202e-13,1.0202124820416e-14
1634,0,0,1634,2.7291260743078e-11,9.0414119463923e-06,-6.0612252778332e-13,1.0187103975113e-14
1635,0,0,1635,2.7281088634988e-11,9.044758280018e-06,-6.0568638623785e-13,1.0172108090034e-14
1636,0,0,1636,2.7270931497884e-11,9.0481022038857e-06,-6.0525022006603e-13,1.0157137103951e-14
1637,0,0,1637,2.7260789306928e-11,9.0514437178599e-06,-6.0481402932887e-13,1.0142190955804e-14
1638,0,0,1638,2.7250662037343e-11,9.0547828218052e-06,-6.0437781408648e-13,1.0127269584709e-14
1639,0,0,1639,2.7240549664413e-11,9.0581195155864e-06,-6.0394157440017e-13,1.0112372929977e-14
1640,0,0,1640,2.7230452163482e-11,9.0614537990689e-06,-6.0350531032975e-13,1.0097500931085e-14
1641,0,0,1641,2.7220369509954e-11,9.0647856721182e-06,-6.0306902193591e-13,1.0082653527692e-14
1642,0,0,1642,2.7210301679295e-11,9.0681151346004e-06,-6.0263270927785e-13,1.0067830659636e-14
1643,0,0,1643,2.7200248647028e-11,9.0714421863817e-06,-6.0219637241596e-13,1.0053032266923e-14
1644,0,0,1644,2.7190210388738e-11,9.0747668273287e-06,-6.0176001140912e-13,1.0038258289755e-14
1645,0,0,1645,2.718018688007e-11,9.0780890573084e-06,-6.0132362631804e-13,1.002350866848e-14
1646,0,0,1646,2.7170178096726e-11,9.081408876188e-06,-6.0088721720097e-13,1.0008783343649e-14
1647,0,0,1647,2.716018401447e-11,9.084726283835e-06,-6.004507841168e-13,9.9940822559726e-15
1648,0,0,1648,2.7150204609124e-11,9.0880412801175e-06,-6.0001432712562e-13,9.9794053463361e-15
1649,0,0,1649,2.7140239856568e-11,9.0913538649036e-06,-5.9957784628477e-13,9.9647525558031e-15
1650,0,0,1650,2.7130289732742e-11,9.0946640380619e-06,-5.9914134165373e-13,9.9501238255987e-15
1651,0,0,1651,2.7120354213645e-11,9.0979717994613e-06,-5.9870481329077e-13,9.935519097135e-15
1652,0,0,1652,2.7110433275333e-11,9.101277148971e-06,-5.9826826125413e-13,9.9209383119862e-15
1653,0,0,1653,2.7100526893921e-11,9.1045800864605e-06,-5.9783168560117e-13,9.9063814118875e-15
1654,0,0,1654,2.7090635045583e-11,9.1078806117997e-06,-5.9739508639106e-13,9.8918483387716e-15
1655,0,0,1655,2.7080757706548e-11,9.1111787248587e-06,-5.9695846368022e-13,9.8773390347068e-15
1656,0,0,1656,2.7070894853106e-11,9.114474425508e-06,-5.9652181752721e-13,9.8628534419585e-15
1657,0,0,1657,2.7061046461603e-11,9.1177677136184e-06,-5.9608514798845e-13,9.8483915029438e-15
1658,0,0,1658,2.7051212508443e-11,9.1210585890611e-06,-5.956484551219e-13,9.8339531602545e-15
1659,0,0,1659,2.7041392970086e-11,9.1243470517074e-06,-5.952117389846e-13,9.8195383566374e-15
1660,0,0,1660,2.7031587823051e-11,9.1276331014291e-06,-5.9477499963325e-13,9.8051470350268e-15
1661,0,0,1661,2.7021797043912e-11,9.1309167380983e-06,-5.9433823712398e-13,9.7907791385023e-15
1662,0,0,1662,2.7012020609302e-11,9.1341979615874e-06,-5.9390145151444e-13,9.7764346103244e-15
1663,0,0,1663,2.7002258495908e-11,9.1374767717689e-06,-5.9346464286011e-13,9.7621133939025e-15
1664,0,0,1664,2.6992510680475e-11,9.140753168516e-06,-5.9302781121743e-13,9.7478154328234e-15
1665,0,0,1665,2.6982777139805e-11,9.1440271517018e-06,-5.9259095664311e-13,9.7335406708355e-15
1666,0,0,1666,2.6973057850753e-11,9.1472987212001e-06,-5.9215407919205e-13,9.7192890518361e-15
1667,0,0,1667,2.6963352790233e-11,9.1505678768848e-06,-5.9171717892035e-13,9.7050605199065e-15
1668,0,0,1668,2.6953661935214e-11,9.15383461863e-06,-5.9128025588382e-13,9.6908550192667e-15
1669,0,0,1669,2.6943985262719e-11,9.1570989463103e-06,-5.9084331013797e-13,9.6766724943214e-15
1670,0,0,1670,2.693432274983e-11,9.1603608598006e-06,-5.9040634173767e-13,9.6625128896203e-15
1671,0,0,1671,2.692467437368e-11,9.1636203589759e-06,-5.8996935073781e-13,9.6483761498682e-15
1672,0,0,1672,2.691504011146e-11,9.1668774437118e-06,-5.8953233719359e-13,9.6342622199447e-15
1673,0,0,1673,2.6905419940415e-11,9.170132113884e-06,-5.890953011605e-13,9.6201710448842e-15
1674,0,0,1674,2.6895813837845e-11,9.1733843693684e-06,-5.886582426916e-13,9.606102569873e-15
1675,0,0,1675,2.6886221781105e-11,9.1766342100416e-06,-5.8822116184298e-13,9.5920567402527e-15
1676,0,0,1676,2.6876643747603e-11,9.1798816357801e-06,-5.8778405866771e-13,9.5780335015359e-15
1677,0,0,1677,2.6867079714804e-11,9.1831266464609e-06,-5.8734693322036e-13,9.5640327993807e-15
1678,0,0,1678,2.6857529660224e-11,9.1863692419612e-06,-5.869097855552e-13,9.5500545796004e-15
1679,0,0,1679,2.6847993561436e-11,9.1896094221586e-06,-5.8647261572558e-13,9.5360987881761e-15
1680,0,0,1680,2.6838471396065e-11,9.1928471869309e-06,-5.8603542378547e-13,9.5221653712249e-15
1681,0,0,1681,2.682896314179e-11,9.1960825361562e-06,-5.8559820978854e-13,9.5082542750348e-15
1682,0,0,1682,2.6819468776344e-11,9.1993154697131e-06,-5.8516097378751e-13,9.4943654460428e-15
1683,0,0,1683,2.6809988277513e-11,9.2025459874801e-06,-5.8472371583606e-13,9.4804988308343e-15
1684,0,0,1684,2.6800521623137e-11,9.2057740893364e-06,-5.8428643598752e-13,9.4666543761498e-15
1685,0,0,1685,2.6791068791108e-11,9.2089997751612e-06,-5.8384913429435e-13,9.4528320288882e-15
1686,0,0,1686,2.6781629759372e-11,9.2122230448342e-06,-5.8341181080927e-13,9.4390317360874e-15
1687,0,0,1687,2.6772204505927e-11,9.2154438982352e-06,-5.8297446558502e-13,9.4252534449564e-15
1688,0,0,1688,2.6762793008824e-11,9.2186623352445e-06,-5.8253709867435e-13,9.4114971028271e-15
1689,0,0,1689,2.6753395246167e-11,9.2218783557424e-06,-5.8209971012907e-13,9.397762657209e-15
1690,0,0,1690,2.6744011196111e-11,9.2250919596098e-06,-5.8166230000162e-13,9.3840500557475e-15
1691,0,0,1691,2.6734640836865e-11,9.2283031467277e-06,-5.8122486834382e-13,9.3703592462332e-15
1692,0,0,1692,2.6725284146688e-11,9.2315119169775e-06,-5.8078741520779e-13,9.3566901766151e-15
1693,0,0,1693,2.6715941103893e-11,9.2347182702407e-06,-5.8034994064474e-13,9.3430427949876e-15
1694,0,0,1694,2.6706611686844e-11,9.2379222063993e-06,-5.7991244470711e-13,9.3294170495842e-15
1695,0,0,1695,2.6697295873955e-11,9.2411237253355e-06,-5.7947492744548e-13,9.3158128887965e-15
1696,0,0,1696,2.6687993643694e-11,9.2443228269317e-06,-5.7903738891137e-13,9.3022302611648e-15
1697,0,0,1697,2.6678704974578e-11,9.2475195110707e-06,-5.7859982915599e-13,9.2886691153554e-15
1698,0,0,1698,2.6669429845178e-11,9.2507137776355e-06,-5.7816224823023e-13,9.2751294002028e-15
1699,0,0,1699,2.6660168234114e-11,9.2539056265095e-06,-5.7772464618531e-13,9.2616110646736e-15
1700,0,0,1700,2.6650920120056e-11,9.2570950575761e-06,-5.772870230712e-13,9.2481140578867e-15
1701,0,0,1701,2.6641685481727e-11,9.2602820707194e-06,-5.7684937893849e-13,9.2346383290933e-15
1702,0,0,1702,2.6632464297899e-11,9.2634666658235e-06,-5.764117138387e-13,9.2211838277027e-15
1703,0,0,1703,2.6623256547396e-11,9.2666488427728e-06,-5.7597402782059e-13,9.2077505032538e-15
1704,0,0,1704,2.661406220909e-11,9.269828601452e-06,-5.7553632093566e-13,9.1943383054372e-15
1705,0,0,1705,2.6604881261906e-11,9.2730059417461e-06,-5.7509859323237e-13,9.1809471840857e-15
1706,0,0,1706,2.6595713684817e-11,9.2761808635404e-06,-5.7466084476191e-13,9.1675770891612e-15
1707,0,0,1707,2.6586559456846e-11,9.2793533667203e-06,-5.7422307557305e-13,9.1542279707843e-15
1708,0,0,1708,2.6577418557067e-11,9.2825234511718e-06,-5.7378528571606e-13,9.1408997792044e-15
1709,0,0,1709,2.6568290964602e-11,9.2856911167809e-06,-5.7334747524002e-13,9.1275924648101e-15
1710,0,0,1710,2.6559176658624e-11,9.2888563634339e-06,-5.7290964419398e-13,9.1143059781419e-15
1711,0,0,1711,2.6550075618354e-11,9.2920191910175e-06,-5.724717926273e-13,9.1010402698597e-15
1712,0,0,1712,2.6540987823063e-11,9.2951795994185e-06,-5.7203392058874e-13,9.0877952907819e-15
1713,0,0,1713,2.6531913252071e-11,9.2983375885242e-06,-5.7159602812767e-13,9.0745709918526e-15
1714,0,0,1714,2.6522851884747e-11,9.3014931582219e-06,-5.7115811529223e-13,9.0613673241585e-15
1715,0,0,1715,2.6513803700508e-11,9.3046463083994e-06,-5.7072018213147e-13,9.0481842389184e-15
1716,0,0,1716,2.6504768678821e-11,9.3077970389447e-06,-5.7028222869354e-13,9.0350216874935e-15
1717,0,0,1717,2.64957467992e-11,9.310945349746e-06,-5.6984425502688e-13,9.0218796213807e-15
1718,0,0,1718,2.6486738041207e-11,9.3140912406917e-06,-5.6940626117964e-13,9.0087579922125e-15
1719,0,0,1719,2.6477742384456e-11,9.3172347116707e-06,-5.6896824719934e-13,8.9956567517474e-15
1720,0,0,1720,2.6468759808604e-11,9.320375762572e-06,-5.6853021313474e-13,8.9825758518927e-15
1721,0,0,1721,2.6459790293359e-11,9.3235143932849e-06,-5.6809215903336e-13,8.9695152446849e-15
1722,0,0,1722,2.6450833818477e-11,9.3266506036989e-06,-5.6765408494242e-13,8.9564748822863e-15
1723,0,0,1723,2.644189036376e-11,9.329784393704e-06,-5.6721599090976e-13,8.9434547170081e-15
1724,0,0,1724,2.6432959909058e-11,9.3329157631901e-06,-5.6677787698259e-13,8.9304547012777e-15
1725,0,0,1725,2.6424042434271e-11,9.3360447120476e-06,-5.6633974320845e-13,8.9174747876679e-15
1726,0,0,1726,2.6415137919342e-11,9.3391712401671e-06,-5.6590158963394e-13,8.9045149288808e-15
1727,0,0,1727,2.6406246344264e-11,9.3422953474395e-06,-5.6546341630628e-13,8.8915750777413e-15
1728,0,0,1728,2.6397367689077e-11,9.3454170337559e-06,-5.6502522327269e-13,8.8786551872196e-15
1729,0,0,1729,2.6388501933866e-11,9.3485362990078e-06,-5.6458701057916e-13,8.8657552104055e-15
1730,0,0,1730,2.6379649058766e-11,9.3516531430866e-06,-5.6414877827292e-13,8.8528751005214e-15
1731,0,0,1731,2.6370809043955e-11,9.3547675658844e-06,-5.6371052639966e-13,8.8400148109251e-15
1732,0,0,1732,2.636198186966e-11,9.3578795672933e-06,-5.6327225500659e-13,8.8271742950976e-15
1733,0,0,1733,2.6353167516153e-11,9.3609891472056e-06,-5.628339641394e-13,8.8143535066455e-15
1734,0,0,1734,2.6344365963754e-11,9.3640963055142e-06,-5.6239565384408e-13,8.8015523993212e-15
1735,0,0,1735,2.6335577192827e-11,9.3672010421118e-06,-5.6195732416664e-13,8.7887709269801e-15
1736,0,0,1736,2.6326801183783e-11,9.3703033568916e-06,-5.6151897515305e-13,8.7760090436299e-15
1737,0,0,1737,2.631803791708e-11,9.3734032497471e-06,-5.6108060684871e-13,8.7632667033844e-15
1738,0,0,1738,2.6309287373219e-11,9.376500720572e-06,-5.606422192996e-13,8.7505438604969e-15
1739,0,0,1739,2.630054953275e-11,9.3795957692601e-06,-5.6020381255081e-13,8.7378404693463e-15
1740,0,0,1740,2.6291824376266e-11,9.3826883957057e-06,-5.5976538664771e-13,8.7251564844313e-15
1741,0,0,1741,2.6283111884405e-11,9.3857785998031e-06,-5.5932694163506e-13,8.7124918603797e-15
1742,0,0,1742,2.6274412037853e-11,9.3888663814471e-06,-5.5888847755887e-13,8.6998465519486e-15
1743,0,0,1743,2.6265724817339e-11,9.3919517405325e-06,-5.584499944636e-13,8.6872205140049e-15
1744,0,0,1744,2.6257050203638e-11,9.3950346769546e-06,-5.5801149239339e-13,8.6746137015643e-15
1745,0,0,1745,2.6248388177568e-11,9.3981151906087e-06,-5.5757297139363e-13,8.6620260697425e-15
1746,0,0,1746,2.6239738719994e-11,9.4011932813905e-06,-5.5713443150908e-13,8.6494575737845e-15
1747,0,0,1747,2.6231101811825e-11,9.404268949196e-06,-5.566958727836e-13,8.6369081690743e-15
1748,0,0,1748,2.6222477434014e-11,9.4073421939212e-06,-5.5625729526134e-13,8.6243778110927e-15
1749,0,0,1749,2.6213865567559e-11,9.4104130154625e-06,-5.5581869898767e-13,8.611866455466e-15
1750,0,0,1750,2.6205266193501e-11,9.4134814137167e-06,-5.5538008400522e-13,8.5993740579239e-15
1751,0,0,1751,2.6196679292926e-11,9.4165473885806e-06,-5.5494145035876e-13,8.5869005743318e-15
1752,0,0,1752,2.6188104846966e-11,9.4196109399512e-06,-5.5450279809183e-13,8.574445960665e-15
1753,0,0,1753,2.6179542836793e-11,9.4226720677261e-06,-5.5406412724797e-13,8.5620101730279e-15
1754,0,0,1754,2.6170993243625e-11,9.4257307718027e-06,-5.5362543787163e-13,8.5495931676317e-15
1755,0,0,1755,2.6162456048724e-11,9.428787052079e-06,-5.5318673000514e-13,8.5371949008296e-15
1756,0,0,1756,2.6153931233395e-11,9.431840908453e-06,-5.5274800369234e-13,8.5248153290688e-15
1757,0,0,1757,2.6145418778986e-11,9.434892340823e-06,-5.5230925897646e-13,8.5124544089382e-15
1758,0,0,1758,2.6136918666889e-11,9.4379413490877e-06,-5.5187049590074e-13,8.5001120971209e-15
1759,0,0,1759,2.6128430878539e-11,9.4409879331457e-06,-5.5143171450811e-13,8.4877883504451e-15
1760,0,0,1760,2.6119955395413e-11,9.4440320928962e-06,-5.5099291484119e-13,8.475483125836e-15
1761,0,0,1761,2.6111492199032e-11,9.4470738282384e-06,-5.505540969426e-13,8.4631963803416e-15
1762,0,0,1762,2.6103041270961e-11,9.4501131390719e-06,-5.5011526085557e-13,8.4509280711295e-15
1763,0,0,1763,2.6094602592806e-11,9.4531500252963e-06,-5.4967640662241e-13,8.4386781554868e-15
1764,0,0,1764,2.6086176146215e-11,9.4561844868117e-06,-5.4923753428515e-13,8.4264465908039e-15
1765,0,0,1765,2.607776191288e-11,9.4592165235183e-06,-5.4879864388639e-13,8.4142333346007e-15
1766,0,0,1766,2.6069359874536e-11,9.4622461353164e-06,-5.4835973546845e-13,8.40203834451e-15
1767,0,0,1767,2.6060970012958e-11,9.4652733221069e-06,-5.4792080907303e-13,8.3898615782648e-15
1768,0,0,1768,2.6052592309964e-11,9.4682980837906e-06,-5.4748186474245e-13,8.377702993737e-15
1769,0,0,1769,2.6044226747415e-11,9.4713204202686e-06,-5.4704290251779e-13,8.3655625488955e-15
1770,0,0,1770,2.6035873307213e-11,9.4743403314423e-06,-5.4660392244168e-13,8.3534402018223e-15
1771,0,0,1771,2.6027531971303e-11,9.4773578172133e-06,-5.461649245555e-13,8.3413359107222e-15
1772,0,0,1772,2.6019202721669e-11,9.4803728774835e-06,-5.4572590890005e-13,8.3292496339098e-15
1773,0,0,1773,2.6010885540339e-11,9.4833855121548e-06,-5.4528687551764e-13,8.3171813298063e-15
1774,0,0,1774,2.6002580409382e-11,9.4863957211297e-06,-5.4484782444873e-13,8.3051309569557e-15
1775,0,0,1775,2.5994287310908e-11,9.4894035043105e-06,-5.4440875573534e-13,8.2930984740056e-15
1776,0,0,1776,2.5986006227068e-11,9.4924088616001e-06,-5.4396966941764e-13,8.2810838397164e-15
1777,0,0,1777,2.5977737140055e-11,9.4954117929015e-06,-5.4353056553732e-13,8.2690870129584e-15
1778,0,0,1778,2.5969480032102e-11,9.4984122981177e-06,-5.4309144413425e-13,8.2571079527218e-15
1779,0,0,1779,2.5961234885484e-11,9.5014103771522e-06,-5.4265230525044e-13,8.2451466180932e-15
1780,0,0,1780,2.5953001682516e-11,9.5044060299087e-06,-5.4221314892483e-13,8.2332029682824e-15
1781,0,0,1781,2.5944780405553e-11,9.507399256291e-06,-5.4177397519972e-13,8.2212769626024e-15
1782,0,0,1782,2.5936571036993e-11,9.5103900562032e-06,-5.4133478411407e-13,8.2093685604729e-15
1783,0,0,1783,2.5928373559272e-11,9.5133784295497e-06,-5.4089557570866e-13,8.1974777214235e-15
1784,0,0,1784,2.5920187954866e-11,9.5163643762349e-06,-5.4045635002395e-13,8.1856044050999e-15
1785,0,0,1785,2.5912014206295e-11,9.5193478961636e-06,-5.4001710709951e-13,8.1737485712483e-15
1786,0,0,1786,2.5903852296116e-11,9.5223289892409e-06,-5.3957784697581e-13,8.1619101797246e-15
1787,0,0,1787,2.5895702206925e-11,9.5253076553718e-06,-5.3913856969178e-13,8.1500891904912e-15
1788,0,0,1788,2.5887563921361e-11,9.5282838944617e-06,-5.3869927528791e-13,8.1382855636237e-15
1789,0,0,1789,2.5879437422102e-11,9.5312577064165e-06,-5.3825996380406e-13,8.1264992592948e-15
1790,0,0,1790,2.5871322691864e-11,9.5342290911418e-06,-5.3782063527855e-13,8.1147302377932e-15
1791,0,0,1791,2.5863219713405e-11,9.5371980485437e-06,-5.3738128975247e-13,8.1029784595048e-15
1792,0,0,1792,2.585512846952e-11,9.5401645785286e-06,-5.3694192726354e-13,8.0912438849221e-15
1793,0,0,1793,2.5847048943045e-11,9.5431286810029e-06,-5.3650254785162e-13,8.0795264746601e-15
1794,0,0,1794,2.5838981116856e-11,9.5460903558734e-06,-5.3606315155657e-13,8.0678261894085e-15
1795,0,0,1795,2.5830924973866e-11,9.5490496030469e-06,-5.356237384158e-13,8.0561429899925e-15
1796,0,0,1796,2.5822880497029e-11,9.5520064224308e-06,-5.3518430846916e-13,8.0444768373149e-15
1797,0,0,1797,2.5814847669336e-11,9.5549608139322e-06,-5.3474486175592e-13,8.0328276924046e-15
1798,0,0,1798,2.580682647382e-11,9.5579127774588e-06,-5.3430539831316e-13,8.0211955163807e-15
1799,0,0,1799,2.5798816893549e-11,9.5608623129183e-06,-5.3386591818137e-13,8.0095802704659e-15
1800,0,0,1800,2.5790818911633e-11,9.5638094202189e-06,-5.3342642139764e-13,7.9979819159961e-15
1801,0,0,1801,2.5782832511219e-11,9.5667540992686e-06,-5.3298690800062e-13,7.9864004144007e-15
1802,0,0,1802,2.5774857675492e-11,9.5696963499759e-06,-5.3254737802893e-13,7.9748357272061e-15
1803,0,0,1803,2.5766894387676e-11,9.5726361722495e-06,-5.3210783152059e-13,7.9632878160615e-15
1804,0,0,1804,2.5758942631033e-11,9.5755735659982e-06,-5.3166826851333e-13,7.9517566426969e-15
1805,0,0,1805,2.5751002388864e-11,9.5785085311311e-06,-5.3122868904578e-13,7.9402421689521e-15
1806,0,0,1806,2.5743073644507e-11,9.5814410675573e-06,-5.3078909315503e-13,7.9287443567639e-15
1807,0,0,1807,2.5735156381339e-11,9.5843711751865e-06,-5.3034948087973e-13,7.9172631681756e-15
1808,0,0,1808,2.5727250582774e-11,9.5872988539283e-06,-5.2990985225636e-13,7.9057985653341e-15
1809,0,0,1809,2.5719356232263e-11,9.5902241036925e-06,-5.2947020732356e-13,7.8943505104669e-15
1810,0,0,1810,2.5711473313297e-11,9.5931469243893e-06,-5.2903054611842e-13,7.8829189659245e-15
1811,0,0,1811,2.5703601809403e-11,9.5960673159289e-06,-5.2859086867837e-13,7.8715038941443e-15
1812,0,0,1812,2.5695741704145e-11,9.598985278222e-06,-5.2815117504018e-13,7.8601052576642e-15
1813,0,0,1813,2.5687892981126e-11,9.6019008111791e-06,-5.2771146524128e-13,7.8487230191188e-15
1814,0,0,1814,2.5680055623985e-11,9.6048139147113e-06,-5.2727173931967e-13,7.8373571412463e-15
1815,0,0,1815,2.5672229616398e-11,9.6077245887295e-06,-5.2683199731064e-13,7.8260075868817e-15
1816,0,0,1816,2.5664414942079e-11,9.6106328331453e-06,-5.2639223925218e-13,7.8146743189537e-15
1817,0,0,1817,2.5656611584779e-11,9.6135386478701e-06,-5.2595246518111e-13,7.803357300488e-15
1818,0,0,1818,2.5648819528284e-11,9.6164420328155e-06,-5.255126751333e-13,7.7920564946169e-15
1819,0,0,1819,2.564103875642e-11,9.6193429878937e-06,-5.2507286914614e-13,7.7807718645632e-15
1820,0,0,1820,2.5633269253046e-11,9.6222415130167e-06,-5.2463304725584e-13,7.7695033736337e-15
1821,0,0,1821,2.5625511002061e-11,9.6251376080968e-06,-5.2419320949856e-13,7.7582509852579e-15
1822,0,0,1822,2.5617763987398e-11,9.6280312730465e-06,-5.237533559108e-13,7.7470146629429e-15
1823,0,0,1823,2.5610028193027e-11,9.6309225077788e-06,-5.2331348652874e-13,7.7357943702832e-15
1824,0,0,1824,2.5602303602956e-11,9.6338113122063e-06,-5.2287360138825e-13,7.7245900709958e-15
1825,0,0,1825,2.5594590201228e-11,9.6366976862424e-06,-5.2243370052613e-13,7.713401728869e-15
1826,0,0,1826,2.558688797192e-11,9.6395816298003e-06,-5.2199378397703e-13,7.7022293077976e-15
1827,0,0,1827,2.5579196899148e-11,9.6424631427935e-06,-5.2155385177774e-13,7.6910727717573e-15
1828,0,0,1828,2.5571516967063e-11,9.6453422251358e-06,-5.2111390396384e-13,7.6799320848401e-15
1829,0,0,1829,2.5563848159852e-11,9.6482188767412e-06,-5.2067394057057e-13,7.6688072112089e-15
1830,0,0,1830,2.5556190461737e-11,9.6510930975237e-06,-5.2023396163383e-13,7.6576981151303e-15
1831,0,0,1831,2.5548543856976e-11,9.6539648873977e-06,-5.1979396718856e-13,7.6466047609708e-15
1832,0,0,1832,2.5540908329863e-11,9.6568342462776e-06,-5.1935395727125e-13,7.6355271131746e-15
1833,0,0,1833,2.5533283864726e-11,9.6597011740783e-06,-5.1891393191532e-13,7.6244651362893e-15
1834,0,0,1834,2.5525670445932e-11,9.6625656707145e-06,-5.1847389115788e-13,7.6134187949464e-15
1835,0,0,1835,2.5518068057878e-11,9.6654277361014e-06,-5.1803383503297e-13,7.6023880538809e-15
1836,0,0,1836,2.5510476685e-11,9.6682873701543e-06,-5.1759376357522e-13,7.5913728779053e-15
1837,0,0,1837,2.5502896311768e-11,9.6711445727887e-06,-5.1715367682052e-13,7.5803732319387e-15
1838,0,0,1838,2.5495326922687e-11,9.6739993439202e-06,-5.167135748029e-13,7.5693890809746e-15
1839,0,0,1839,2.5487768502297e-11,9.6768516834647e-06,-5.1627345755732e-13,7.5584203901066e-15
1840,0,0,1840,2.5480221035172e-11,9.6797015913383e-06,-5.1583332511842e-13,7.5474671245253e-15
1841,0,0,1841,2.5472684505923e-11,9.6825490674572e-06,-5.1539317752116e-13,7.5365292494956e-15
1842,0,0,1842,2.5465158899192e-11,9.6853941117379e-06,-5.1495301479897e-13,7.5256067303792e-15
1843,0,0,1843,2.545764419966e-11,9.6882367240969e-06,-5.145128369868e-13,7.514699532635e-15
1844,0,0,1844,2.5450140392038e-11,9.6910769044512e-06,-5.1407264411929e-13,7.5038076217992e-15
1845,0,0,1845,2.5442647461074e-11,9.6939146527176e-06,-5.1363243622956e-13,7.4929309635018e-15
1846,0,0,1846,2.5435165391551e-11,9.6967499688135e-06,-5.1319221335319e-13,7.4820695234632e-15
1847,0,0,1847,2.5427694168283e-11,9.6995828526562e-06,-5.1275197552236e-13,7.4712232674913e-15
1848,0,0,1848,2.5420233776122e-11,9.7024133041632e-06,-5.1231172277265e-13,7.4603921614777e-15
1849,0,0,1849,2.5412784199951e-11,9.7052413232523e-06,-5.1187145513686e-13,7.449576171411e-15
1850,0,0,1850,2.5405345424687e-11,9.7080669098416e-06,-5.1143117264872e-13,7.4387752633576e-15
1851,0,0,1851,2.5397917435284e-11,9.710890063849e-06,-5.1099087534289e-13,7.427989403474e-15
1852,0,0,1852,2.5390500216726e-11,9.7137107851929e-06,-5.1055056325156e-13,7.4172185580042e-15
1853,0,0,1853,2.5383093754032e-11,9.7165290737919e-06,-5.1011023640906e-13,7.4064626932891e-15
1854,0,0,1854,2.5375698032257e-11,9.7193449295645e-06,-5.0966989484852e-13,7.3957217757309e-15
1855,0,0,1855,2.5368313036485e-11,9.7221583524297e-06,-5.0922953860306e-13,7.3849957718449e-15
1856,0,0,1856,2.5360938751837e-11,9.7249693423065e-06,-5.087891677067e-13,7.3742846482175e-15
1857,0,0,1857,2.5353575163465e-11,9.7277778991142e-06,-5.0834878219133e-13,7.3635883715193e-15
1858,0,0,1858,2.5346222256557e-11,9.7305840227722e-06,-5.0790838209069e-13,7.3529069085176e-15
1859,0,0,1859,2.5338880016331e-11,9.7333877132e-06,-5.0746796743819e-13,7.3422402260508e-15
1860,0,0,1860,2.5331548428039e-11,9.7361889703175e-06,-5.0702753826574e-13,7.3315882910575e-15
1861,0,0,1861,2.5324227476969e-11,9.7389877940446e-06,-5.0658709460643e-13,7.3209510705411e-15
1862,0,0,1862,2.5316917148437e-11,9.7417841843015e-06,-5.061466364937e-13,7.3103285316114e-15
1863,0,0,1863,2.5309617427796e-11,9.7445781410084e-06,-5.0570616395881e-13,7.2997206414396e-15
1864,0,0,1864,2.5302328300429e-11,9.747369664086e-06,-5.0526567703551e-13,7.2891273673004e-15
1865,0,0,1865,2.5295049751752e-11,9.7501587534548e-06,-5.0482517575597e-13,7.2785486765428e-15
1866,0,0,1866,2.5287781767215e-11,9.7529454090358e-06,-5.043846601518e-13,7.2679845365934e-15
1867,0,0,1867,2.52805243323e-11,9.7557296307499e-06,-5.039441302561e-13,7.2574349149724e-15
1868,0,0,1868,2.5273277432521e-11,9.7585114185184e-06,-5.0350358610106e-13,7.2468997792807e-15
1869,0,0,1869,2.5266041053424e-11,9.7612907722627e-06,-5.0306302771828e-13,7.2363790971906e-15
1870,0,0,1870,2.5258815180588e-11,9.7640676919044e-06,-5.0262245514025e-13,7.2258728364709e-15
1871,0,0,1871,2.5251599799623e-11,9.7668421773651e-06,-5.0218186839855e-13,7.2153809649652e-15
1872,0,0,1872,2.5244394896172e-11,9.7696142285669e-06,-5.0174126752569e-13,7.2049034505942e-15
1873,0,0,1873,2.5237200455911e-11,9.7723838454318e-06,-5.0130065255264e-13,7.1944402613727e-15
1874,0,0,1874,2.5230016464545e-11,9.7751510278822e-06,-5.008600235119e-13,7.1839913653829e-15
1875,0,0,1875,2.5222842907814e-11,9.7779157758404e-06,-5.0041938043412e-13,7.1735567307948e-15
1876,0,0,1876,2.5215679771489e-11,9.7806780892291e-06,-4.9997872335213e-13,7.1631363258587e-15
1877,0,0,1877,2.520852704137e-11,9.783437967971e-06,-4.9953805229628e-13,7.1527301189091e-15
1878,0,0,1878,2.5201384703291e-11,9.7861954119893e-06,-4.9909736729845e-13,7.1423380783451e-15
1879,0,0,1879,2.5194252743119e-11,9.7889504212069e-06,-4.9865666838992e-13,7.1319601726596e-15
1880,0,0,1880,2.5187131146748e-11,9.7917029955472e-06,-4.9821595560198e-13,7.1215963704326e-15
1881,0,0,1881,2.5180019900108e-11,9.7944531349338e-06,-4.9777522896557e-13,7.1112466402927e-15
1882,0,0,1882,2.5172918989157e-11,9.7972008392902e-06,-4.973344885123e-13,7.1009109509847e-15
1883,0,0,1883,2.5165828399886e-11,9.7999461085403e-06,-4.968937342722e-13,7.0905892713052e-15
1884,0,0,1884,2.5158748118315e-11,9.8026889426082e-06,-4.9645296627718e-13,7.0802815701378e-15
1885,0,0,1885,2.5151678130499e-11,9.8054293414179e-06,-4.9601218455727e-13,7.0699878164474e-15
1886,0,0,1886,2.514461842252e-11,9.8081673048938e-06,-4.9557138914405e-13,7.059707979279e-15
1887,0,0,1887,2.5137568980492e-11,9.8109028329605e-06,-4.9513058006729e-13,7.0494420277429e-15
1888,0,0,1888,2.5130529790561e-11,9.8136359255426e-06,-4.9468975735823e-13,7.0391899310393e-15
1889,0,0,1889,2.5123500838903e-11,9.8163665825649e-06,-4.9424892104756e-13,7.0289516584398e-15
1890,0,0,1890,2.5116482111723e-11,9.8190948039526e-06,-4.9380807116502e-13,7.0187271792968e-15
1891,0,0,1891,2.510947359526e-11,9.8218205896307e-06,-4.9336720774125e-13,7.0085164630336e-15
1892,0,0,1892,2.5102475275781e-11,9.8245439395247e-06,-4.9292633080694e-13,6.9983194791608e-15
1893,0,0,1893,2.5095487139584e-11,9.82726485356e-06,-4.9248544039212e-13,6.9881361972441e-15
1894,0,0,1894,2.5088509172997e-11,9.8299833316623e-06,-4.9204453652655e-13,6.9779665869525e-15
1895,0,0,1895,2.5081541362379e-11,9.8326993737576e-06,-4.9160361924057e-13,6.9678106180129e-15
1896,0,0,1896,2.5074583694119e-11,9.8354129797718e-06,-4.9116268856454e-13,6.9576682602334e-15
1897,0,0,1897,2.5067636154635e-11,9.838124149631e-06,-4.9072174452791e-13,6.947539483493e-15
1898,0,0,1898,2.5060698730377e-11,9.8408328832617e-06,-4.902807871604e-13,6.9374242577513e-15
1899,0,0,1899,2.5053771407824e-11,9.8435391805904e-06,-4.8983981649207e-13,6.9273225530426e-15
1900,0,0,1900,2.5046854173485e-11,9.8462430415438e-06,-4.8939883255298e-13,6.9172343394719e-15
1901,0,0,1901,2.5039947013898e-11,9.8489444660486e-06,-4.8895783537193e-13,6.907159587222e-15
1902,0,0,1902,2.5033049915631e-11,9.8516434540319e-06,-4.8851682497899e-13,6.8970982665435e-15
1903,0,0,1903,2.5026162865283e-11,9.8543400054209e-06,-4.8807580140359e-13,6.8870503477742e-15
1904,0,0,1904,2.5019285849482e-11,9.8570341201428e-06,-4.8763476467485e-13,6.8770158013101e-15
1905,0,0,1905,2.5012418854884e-11,9.8597257981253e-06,-4.8719371482253e-13,6.8669945976312e-15
1906,0,0,1906,2.5005561868177e-11,9.8624150392959e-06,-4.8675265187544e-13,6.8569867072852e-15
1907,0,0,1907,2.4998714876076e-11,9.8651018435824e-06,-4.8631157586301e-13,6.8469921009009e-15
1908,0,0,1908,2.4991877865327e-11,9.8677862109129e-06,-4.8587048681439e-13,6.8370107491651e-15
1909,0,0,1909,2.4985050822704e-11,9.8704681412154e-06,-4.8542938475839e-13,6.8270426228549e-15
1910,0,0,1910,2.4978233735011e-11,9.8731476344183e-06,-4.8498826972444e-13,6.8170876927994e-15
1911,0,0,1911,2.4971426589081e-11,9.87582469045e-06,-4.8454714174046e-13,6.8071459299277e-15
1912,0,0,1912,2.4964629371776e-11,9.8784993092391e-06,-4.8410600083648e-13,6.7972173052076e-15
1913,0,0,1913,2.4957842069987e-11,9.8811714907145e-06,-4.8366484704042e-13,6.7873017897041e-15
1914,0,0,1914,2.4951064670632e-11,9.883841234805e-06,-4.8322368038109e-13,6.7773993545433e-15
1915,0,0,1915,2.4944297160661e-11,9.8865085414397e-06,-4.8278250088702e-13,6.7675099709257e-15
1916,0,0,1916,2.4937539527051e-11,9.889173410548e-06,-4.8234130858763e-13,6.7576336101199e-15
1917,0,0,1917,2.4930791756807e-11,9.8918358420591e-06,-4.8190010350992e-13,6.7477702434619e-15
1918,0,0,1918,2.4924053836965e-11,9.8944958359026e-06,-4.8145888568331e-13,6.737919842369e-15
1919,0,0,1919,2.4917325754587e-11,9.8971533920083e-06,-4.8101765513571e-13,6.7280823783162e-15
1920,0,0,1920,2.4910607496764e-11,9.8998085103061e-06,-4.8057641189564e-13,6.718257822866e-15
1921,0,0,1921,2.4903899050616e-11,9.902461190726e-06,-4.8013515599131e-13,6.7084461476292e-15
1922,0,0,1922,2.4897200403292e-11,9.9051114331981e-06,-4.7969388745031e-13,6.6986473242977e-15
1923,0,0,1923,2.4890511541967e-11,9.9077592376528e-06,-4.7925260630084e-13,6.6888613246373e-15
1924,0,0,1924,2.4883832453847e-11,9.9104046040206e-06,-4.7881131257175e-13,6.6790881204755e-15
1925,0,0,1925,2.4877163126163e-11,9.9130475322321e-06,-4.7837000628939e-13,6.6693276837076e-15
1926,0,0,1926,2.4870503546177e-11,9.9156880222182e-06,-4.779286874832e-13,6.6595799863062e-15
1927,0,0,1927,2.4863853701177e-11,9.9183260739098e-06,-4.7748735617955e-13,6.6498450003024e-15
1928,0,0,1928,2.4857213578479e-11,9.920961687238e-06,-4.7704601240695e-13,6.6401226978079e-15
1929,0,0,1929,2.4850583165428e-11,9.9235948621341e-06,-4.7660465619332e-13,6.6304130509893e-15
1930,0,0,1930,2.4843962449396e-11,9.9262255985295e-06,-4.7616328756501e-13,6.6207160320845e-15
1931,0,0,1931,2.4837351417782e-11,9.9288538963557e-06,-4.7572190655086e-13,6.6110316134119e-15
1932,0,0,1932,2.4830750058015e-11,9.9314797555446e-06,-4.7528051317723e-13,6.6013597673385e-15
1933,0,0,1933,2.4824158357549e-11,9.9341031760278e-06,-4.7483910747233e-13,6.591700466309e-15
1934,0,0,1934,2.4817576303866e-11,9.9367241577376e-06,-4.7439768946284e-13,6.5820536828388e-15
1935,0,0,1935,2.4811003884476e-11,9.939342700606e-06,-4.7395625917605e-13,6.5724193894987e-15
1936,0,0,1936,2.4804441086917e-11,9.9419588045653e-06,-4.7351481663924e-13,6.5627975589399e-15
1937,0,0,1937,2.4797887898753e-11,9.9445724695481e-06,-4.7307336188002e-13,6.5531881638622e-15
1938,0,0,1938,2.4791344307576e-11,9.9471836954869e-06,-4.7263189492445e-13,6.5435911770526e-15
1939,0,0,1939,2.4784810301005e-11,9.9497924823145e-06,-4.7219041580012e-13,6.5340065713468e-15
1940,0,0,1940,2.4778285866685e-11,9.9523988299638e-06,-4.7174892453371e-13,6.524434319661e-15
1941,0,0,1941,2.477177099229e-11,9.955002738368e-06,-4.713074211519e-13,6.5148743949632e-15
1942,0,0,1942,2.476526566552e-11,9.9576042074602e-06,-4.7086590568197e-13,6.5053267702924e-15
1943,0,0,1943,2.4758769874101e-11,9.9602032371737e-06,-4.704243781503e-13,6.4957914187589e-15
1944,0,0,1944,2.4752283605788e-11,9.9627998274421e-06,-4.6998283858294e-13,6.4862683135309e-15
1945,0,0,1945,2.474580684836e-11,9.9653939781991e-06,-4.6954128700781e-13,6.4767574278415e-15
1946,0,0,1946,2.4739339589625e-11,9.9679856893783e-06,-4.6909972345005e-13,6.4672587349947e-15
1947,0,0,1947,2.4732881817417e-11,9.9705749609139e-06,-4.6865814793663e-13,6.4577722083493e-15
1948,0,0,1948,2.4726433519595e-11,9.9731617927398e-06,-4.6821656049454e-13,6.4482978213356e-15
1949,0,0,1949,2.4719994684048e-11,9.9757461847904e-06,-4.6777496114893e-13,6.4388355474481e-15
1950,0,0,1950,2.4713565298688e-11,9.9783281369999e-06,-4.6733334992678e-13,6.4293853602429e-15
1951,0,0,1951,2.4707145351454e-11,9.980907649303e-06,-4.6689172685415e-13,6.4199472333376e-15
1952,0,0,1952,2.4700734830314e-11,9.9834847216342e-06,-4.664500919571e-13,6.4105211404206e-15
1953,0,0,1953,2.4694333723259e-11,9.9860593539285e-06,-4.660084452617e-13,6.4011070552354e-15
1954,0,0,1954,2.4687942018307e-11,9.9886315461207e-06,-4.6556678679402e-13,6.3917049515901e-15
1955,0,0,1955,2.4681559703504e-11,9.991201298146e-06,-4.6512511657979e-13,6.3823148033607e-15
1956,0,0,1956,2.4675186766919e-11,9.9937686099397e-06,-4.646834346451e-13,6.3729365844845e-15
1957,0,0,1957,2.466882319665e-11,9.996333481437e-06,-4.6424174101539e-13,6.3635702689538e-15
1958,0,0,1958,2.4662468980819e-11,9.9988959125735e-06,-4.6380003571703e-13,6.3542158308353e-15
1959,0,0,1959,2.4656124107575e-11,1.0001455903285e-05,-4.6335831877517e-13,6.3448732442471e-15
1960,0,0,1960,2.4649788565092e-11,1.0004013453507e-05,-4.6291659021525e-13,6.3355424833787e-15
1961,0,0,1961,2.4643462341569e-11,1.0006568563176e-05,-4.6247485006364e-13,6.3262235224711e-15
1962,0,0,1962,2.4637145425233e-11,1.0009121232228e-05,-4.6203309834487e-13,6.3169163358366e-15
1963,0,0,1963,2.4630837804336e-11,1.0011671460598e-05,-4.6159133508532e-13,6.3076208978389e-15
1964,0,0,1964,2.4624539467153e-11,1.0014219248224e-05,-4.6114956030951e-13,6.2983371829196e-15
1965,0,0,1965,2.4618250401987e-11,1.0016764595042e-05,-4.6070777404351e-13,6.2890651655522e-15
1966,0,0,1966,2.4611970597167e-11,1.0019307500989e-05,-4.6026597631184e-13,6.2798048203107e-15
1967,0,0,1967,2.4605700041045e-11,1.0021847966001e-05,-4.5982416713996e-13,6.2705561217885e-15
1968,0,0,1968,2.4599438722e-11,1.0024385990015e-05,-4.5938234655332e-13,6.2613190446724e-15
1969,0,0,1969,2.4593186628437e-11,1.0026921572968e-05,-4.5894051457675e-13,6.2520935636914e-15
1970,0,0,1970,2.4586943748783e-11,1.0029454714798e-05,-4.5849867123509e-13,6.2428796536392e-15
1971,0,0,1971,2.4580710071494e-11,1.0031985415442e-05,-4.5805681655318e-13,6.2336772893675e-15
1972,0,0,1972,2.4574485585048e-11,1.0034513674837e-05,-4.5761495055677e-13,6.2244864457928e-15
1973,0,0,1973,2.456827027795e-11,1.0037039492922e-05,-4.5717307326948e-13,6.2153070978895e-15
1974,0,0,1974,2.4562064138729e-11,1.0039562869633e-05,-4.5673118471736e-13,6.2061392206872e-15
1975,0,0,1975,2.455586715594e-11,1.0042083804909e-05,-4.5628928492372e-13,6.1969827892734e-15
1976,0,0,1976,2.4549679318161e-11,1.0044602298687e-05,-4.5584737391432e-13,6.1878377788103e-15
1977,0,0,1977,2.4543500613997e-11,1.0047118350907e-05,-4.5540545171307e-13,6.1787041644953e-15
1978,0,0,1978,2.4537331032075e-11,1.0049631961505e-05,-4.5496351834512e-13,6.1695819216001e-15
1979,0,0,1979,2.453117056105e-11,1.0052143130422e-05,-4.5452157383439e-13,6.1604710254548e-15
1980,0,0,1980,2.4525019189598e-11,1.0054651857594e-05,-4.540796182057e-13,6.1513714514444e-15
1981,0,0,1981,2.4518876906423e-11,1.0057158142961e-05,-4.5363765148298e-13,6.1422831750021e-15
1982,0,0,1982,2.4512743700252e-11,1.0059661986462e-05,-4.5319567369107e-13,6.1332061716389e-15
1983,0,0,1983,2.4506619559835e-11,1.0062163388036e-05,-4.5275368485356e-13,6.124140416911e-15
1984,0,0,1984,2.4500504473948e-11,1.0064662347622e-05,-4.5231168499501e-13,6.1150858864327e-15
1985,0,0,1985,2.4494398431392e-11,1.0067158865158e-05,-4.5186967413993e-13,6.1060425558765e-15
1986,0,0,1986,2.4488301420991e-11,1.0069652940585e-05,-4.5142765231193e-13,6.0970104009796e-15
1987,0,0,1987,2.4482213431594e-11,1.0072144573843e-05,-4.5098561953463e-13,6.0879893975177e-15
1988,0,0,1988,2.4476134452073e-11,1.0074633764869e-05,-4.5054357583285e-13,6.0789795213475e-15
1989,0,0,1989,2.4470064471324e-11,1.0077120513605e-05,-4.5010152122961e-13,6.0699807483679e-15
1990,0,0,1990,2.446400347827e-11,1.0079604819991e-05,-4.4965945574973e-13,6.060993054529e-15
1991,0,0,1991,2.4457951461854e-11,1.0082086683965e-05,-4.4921737941622e-13,6.0520164158556e-15
1992,0,0,1992,2.4451908411045e-11,1.008456610547e-05,-4.4877529225329e-13,6.0430508084079e-15
1993,0,0,1993,2.4445874314837e-11,1.0087043084444e-05,-4.4833319428394e-13,6.0340962083269e-15
1994,0,0,1994,2.4439849162245e-11,1.0089517620828e-05,-4.4789108553271e-13,6.0251525917763e-15
1995,0,0,1995,2.443383294231e-11,1.0091989714563e-05,-4.4744896602227e-13,6.0162199350134e-15
1996,0,0,1996,2.4427825644096e-11,1.0094459365589e-05,-4.4700683577717e-13,6.0072982143149e-15
1997,0,0,1997,2.442182725669e-11,1.0096926573848e-05,-4.4656469481949e-13,5.9983874060415e-15
1998,0,0,1998,2.4415837769203e-11,1.009939133928e-05,-4.4612254317404e-13,5.9894874865928e-15
1999,0,0,1999,2.4409857170771e-11,1.0101853661826e-05,-4.4568038086292e-13,5.9805984324296e-15
2000,0,0,2000,2.4403885450551e-11,1.0104313541427e-05,-4.4523820791035e-13,5.9717202200613e-15
2001,0,0,2001,2.4397922597725e-11,1.0106770978026e-05,-4.4479602433932e-13,5.9628528260651e-15
2002,0,0,2002,2.4391968601498e-11,1.0109225971563e-05,-4.4435383017253e-13,5.953996227057e-15
2003,0,0,2003,2.4386023451098e-11,1.011167852198e-05,-4.4391162543358e-13,5.9451503997177e-15
2004,0,0,2004,2.4380087135777e-11,1.0114128629218e-05,-4.4346941014548e-13,5.9363153207794e-15
2005,0,0,2005,2.437415964481e-11,1.011657629322e-05,-4.4302718433151e-13,5.9274909670261e-15
2006,0,0,2006,2.4368240967495e-11,1.0119021513927e-05,-4.4258494801378e-13,5.9186773153e-15
2007,0,0,2007,2.4362331093152e-11,1.0121464291282e-05,-4.4214270121587e-13,5.9098743424918e-15
2008,0,0,2008,2.4356430011127e-11,1.0123904625226e-05,-4.4170044396048e-13,5.9010820255535e-15
2009,0,0,2009,2.4350537710785e-11,1.0126342515703e-05,-4.4125817627062e-13,5.8923003414824e-15
2010,0,0,2010,2.4344654181518e-11,1.0128777962654e-05,-4.4081589816866e-13,5.8835292673274e-15
2011,0,0,2011,2.4338779412738e-11,1.0131210966023e-05,-4.403736096776e-13,5.8747687802054e-15
2012,0,0,2012,2.4332913393881e-11,1.0133641525751e-05,-4.3993131081982e-13,5.8660188572687e-15
2013,0,0,2013,2.4327056114405e-11,1.0136069641782e-05,-4.3948900161802e-13,5.8572794757311e-15
2014,0,0,2014,2.4321207563792e-11,1.0138495314059e-05,-4.3904668209488e-13,5.8485506128613e-15
2015,0,0,2015,2.4315367731546e-11,1.0140918542524e-05,-4.3860435227249e-13,5.8398322459699e-15
2016,0,0,2016,2.4309536607194e-11,1.0143339327122e-05,-4.3816201217413e-13,5.8311243524323e-15
2017,0,0,2017,2.4303714180284e-11,1.0145757667795e-05,-4.3771966182099e-13,5.8224269096723e-15
2018,0,0,2018,2.4297900440389e-11,1.0148173564487e-05,-4.3727730123604e-13,5.8137398951589e-15
2019,0,0,2019,2.4292095377102e-11,1.0150587017141e-05,-4.3683493044198e-13,5.805063286416e-15
2020,0,0,2020,2.4286298980041e-11,1.0152998025702e-05,-4.3639254945997e-13,5.7963970610258e-15
2021,0,0,2021,2.4280511238845e-11,1.0155406590112e-05,-4.3595015831331e-13,5.7877411966189e-15
2022,0,0,2022,2.4274732143174e-11,1.0157812710317e-05,-4.3550775702315e-13,5.7790956708678e-15
2023,0,0,2023,2.4268961682712e-11,1.016021638626e-05,-4.350653456125e-13,5.7704604615129e-15
2024,0,0,2024,2.4263199847166e-11,1.0162617617884e-05,-4.3462292410252e-13,5.7618355463303e-15
2025,0,0,2025,2.4257446626263e-11,1.0165016405136e-05,-4.3418049251557e-13,5.7532209031541e-15
2026,0,0,2026,2.4251702009753e-11,1.0167412747958e-05,-4.3373805087345e-13,5.7446165098733e-15
2027,0,0,2027,2.4245965987409e-11,1.0169806646297e-05,-4.3329559919822e-13,5.7360223444159e-15
2028,0,0,2028,2.4240238549024e-11,1.0172198100095e-05,-4.3285313751165e-13,5.727438384771e-15
2029,0,0,2029,2.4234519684415e-11,1.0174587109298e-05,-4.3241066583521e-13,5.7188646089732e-15
2030,0,0,2030,2.422880938342e-11,1.0176973673852e-05,-4.3196818419127e-13,5.7103009951085e-15
2031,0,0,2031,2.4223107635898e-11,1.0179357793701e-05,-4.315256926004e-13,5.7017475213118e-15
2032,0,0,2032,2.4217414431733e-11,1.018173946879e-05,-4.3108319108557e-13,5.6932041657724e-15
2033,0,0,2033,2.4211729760826e-11,1.0184118699064e-05,-4.3064067966704e-13,5.6846709067156e-15
2034,0,0,2034,2.4206053613103e-11,1.0186495484469e-05,-4.3019815836748e-13,5.6761477224376e-15
2035,0,0,2035,2.4200385978512e-11,1.0188869824951e-05,-4.2975562720745e-13,5.6676345912668e-15
2036,0,0,2036,2.4194726847021e-11,1.0191241720455e-05,-4.2931308620902e-13,5.6591314915835e-15
2037,0,0,2037,2.4189076208619e-11,1.0193611170927e-05,-4.2887053539304e-13,5.6506384018293e-15
2038,0,0,2038,2.4183434053318e-11,1.0195978176312e-05,-4.2842797478098e-13,5.6421553004748e-15
2039,0,0,2039,2.4177800371152e-11,1.0198342736558e-05,-4.279854043946e-13,5.6336821660587e-15
2040,0,0,2040,2.4172175152175e-11,1.0200704851609e-05,-4.2754282425414e-13,5.6252189771549e-15
2041,0,0,2041,2.4166558386463e-11,1.0203064521412e-05,-4.2710023438168e-13,5.6167657123958e-15
2042,0,0,2042,2.4160950064112e-11,1.0205421745914e-05,-4.2665763479807e-13,5.6083223504491e-15
2043,0,0,2043,2.4155350175242e-11,1.020777652506e-05,-4.2621502552417e-13,5.5998888700472e-15
2044,0,0,2044,2.4149758709992e-11,1.0210128858798e-05,-4.2577240658142e-13,5.5914652499581e-15
2045,0,0,2045,2.4144175658523e-11,1.0212478747074e-05,-4.2532977799008e-13,5.5830514690047e-15
2046,0,0,2046,2.4138601011017e-11,1.0214826189835e-05,-4.2488713977192e-13,5.5746475060486e-15
2047,0,0,2047,2.4133034757677e-11,1.0217171187029e-05,-4.2444449194716e-13,5.5662533400097e-15
2048,0,0,2048,2.4127476888727e-11,1.0219513738601e-05,-4.2400183453727e-13,5.5578689498562e-15
2049,0,0,2049,2.4121927394413e-11,1.0221853844499e-05,-4.235591675625e-13,5.5494943145888e-15
2050,0,0,2050,2.4116386264999e-11,1.022419150467e-05,-4.2311649104369e-13,5.5411294132693e-15
2051,0,0,2051,2.4110853490774e-11,1.0226526719063e-05,-4.2267380500199e-13,5.5327742250084e-15
2052,0,0,2052,2.4105329062045e-11,1.0228859487623e-05,-4.2223110945735e-13,5.5244287289454e-15
2053,0,0,2053,2.4099812969141e-11,1.0231189810299e-05,-4.2178840443061e-13,5.5160929042912e-15
2054,0,0,2054,2.4094305202411e-11,1.0233517687039e-05,-4.2134568994292e-13,5.5077667302885e-15
2055,0,0,2055,2.4088805752225e-11,1.0235843117791e-05,-4.2090296601391e-13,5.499450186219e-15
2056,0,0,2056,2.4083314608973e-11,1.0238166102502e-05,-4.2046023266444e-13,5.4911432514357e-15
2057,0,0,2057,2.4077831763068e-11,1.024048664112e-05,-4.2001748991534e-13,5.4828459053107e-15
2058,0,0,2058,2.4072357204941e-11,1.0242804733594e-05,-4.1957473778595e-13,5.4745581272872e-15
2059,0,0,2059,2.4066890925044e-11,1.0245120379872e-05,-4.1913197629742e-13,5.4662798968279e-15
2060,0,0,2060,2.406143291385e-11,1.0247433579902e-05,-4.1868920546997e-13,5.4580111934698e-15
2061,0,0,2061,2.4055983161854e-11,1.0249744333633e-05,-4.1824642532356e-13,5.4497519967692e-15
2062,0,0,2062,2.4050541659567e-11,1.0252052641014e-05,-4.178036358784e-13,5.4415022863471e-15
2063,0,0,2063,2.4045108397525e-11,1.0254358501993e-05,-4.1736083715505e-13,5.4332620418601e-15
2064,0,0,2064,2.4039683366282e-11,1.0256661916518e-05,-4.1691802917283e-13,5.4250312430131e-15
2065,0,0,2065,2.4034266556413e-11,1.025896288454e-05,-4.1647521195227e-13,5.4168098695563e-15
2066,0,0,2066,2.4028857958512e-11,1.0261261406007e-05,-4.1603238551362e-13,5.4085979012886e-15
2067,0,0,2067,2.4023457563193e-11,1.0263557480868e-05,-4.1558954987649e-13,5.400395318044e-15
2068,0,0,2068,2.4018065361094e-11,1.0265851109073e-05,-4.1514670506083e-13,5.3922020997086e-15
2069,0,0,2069,2.4012681342868e-11,1.0268142290571e-05,-4.1470385108655e-13,5.3840182262168e-15
2070,0,0,2070,2.400730549919e-11,1.0270431025311e-05,-4.1426098797329e-13,5.3758436775352e-15
2071,0,0,2071,2.4001937820756e-11,1.0272717313243e-05,-4.1381811574098e-13,5.3676784336856e-15
2072,0,0,2072,2.3996578298282e-11,1.0275001154317e-05,-4.1337523440984e-13,5.3595224747347e-15
2073,0,0,2073,2.3991226922501e-11,1.0277282548483e-05,-4.129323439986e-13,5.3513757807819e-15
2074,0,0,2074,2.3985883684169e-11,1.027956149569e-05,-4.1248944452778e-13,5.3432383319812e-15
2075,0,0,2075,2.398054857406e-11,1.0281837995889e-05,-4.1204653601641e-13,5.3351101085321e-15
2076,0,0,2076,2.397522158297e-11,1.028411204903e-05,-4.116036184844e-13,5.326991090666e-15
2077,0,0,2077,2.3969902701711e-11,1.0286383655063e-05,-4.1116069195109e-13,5.3188812586666e-15
2078,0,0,2078,2.3964591921118e-11,1.0288652813938e-05,-4.1071775643609e-13,5.3107805928623e-15
2079,0,0,2079,2.3959289232044e-11,1.0290919525607e-05,-4.1027481195841e-13,5.3026890736206e-15
2080,0,0,2080,2.3953994625363e-11,1.0293183790018e-05,-4.098318585383e-13,5.294606681354e-15
2081,0,0,2081,2.3948708091967e-11,1.0295445607125e-05,-4.0938889619414e-13,5.2865333965172e-15
2082,0,0,2082,2.3943429622767e-11,1.0297704976876e-05,-4.0894592494587e-13,5.2784691996101e-15
2083,0,0,2083,2.3938159208696e-11,1.0299961899223e-05,-4.0850294481251e-13,5.2704140711713e-15
2084,0,0,2084,2.3932896840704e-11,1.0302216374117e-05,-4.0805995581305e-13,5.2623679917846e-15
2085,0,0,2085,2.3927642509762e-11,1.0304468401509e-05,-4.0761695796744e-13,5.2543309420793e-15
2086,0,0,2086,2.3922396206859e-11,1.030671798135e-05,-4.0717395129407e-13,5.2463029027295e-15
2087,0,0,2087,2.3917157923005e-11,1.0308965113592e-05,-4.0673093581195e-13,5.2382838544324e-15
2088,0,0,2088,2.3911927649227e-11,1.0311209798186e-05,-4.062879115407e-13,5.2302737779527e-15
2089,0,0,2089,2.3906705376573e-11,1.0313452035084e-05,-4.0584487849933e-13,5.2222726540875e-15
2090,0,0,2090,2.3901491096109e-11,1.0315691824237e-05,-4.0540183670625e-13,5.2142804636663e-15
2091,0,0,2091,2.3896284798922e-11,1.0317929165597e-05,-4.0495878618047e-13,5.2062971875766e-15
2092,0,0,2092,2.3891086476115e-11,1.0320164059116e-05,-4.0451572694129e-13,5.1983228067321e-15
2093,0,0,2093,2.3885896118813e-11,1.0322396504746e-05,-4.0407265900713e-13,5.1903573021042e-15
2094,0,0,2094,2.3880713718158e-11,1.0324626502439e-05,-4.0362958239759e-13,5.1824006546969e-15
2095,0,0,2095,2.3875539265312e-11,1.0326854052147e-05,-4.0318649712986e-13,5.1744528455464e-15
2096,0,0,2096,2.3870372751457e-11,1.0329079153822e-05,-4.0274340322417e-13,5.1665138557503e-15
2097,0,0,2097,2.386521416779e-11,1.0331301807417e-05,-4.0230030069892e-13,5.1585836664354e-15
2098,0,0,2098,2.3860063505531e-11,1.0333522012884e-05,-4.0185718957159e-13,5.1506622587672e-15
2099,0,0,2099,2.3854920755918e-11,1.0335739770176e-05,-4.014140698624e-13,5.1427496139564e-15
2100,0,0,2100,2.3849785910204e-11,1.0337955079246e-05,-4.0097094158855e-13,5.1348457132588e-15
2101,0,0,2101,2.3844658959666e-11,1.0340167940046e-05,-4.0052780476933e-13,5.1269505379661e-15
2102,0,0,2102,2.3839539895597e-11,1.0342378352529e-05,-4.0008465942346e-13,5.1190640694021e-15
2103,0,0,2103,2.3834428709308e-11,1.0344586316648e-05,-3.9964150556811e-13,5.1111862889519e-15
2104,0,0,2104,2.382932539213e-11,1.0346791832356e-05,-3.991983432229e-13,5.1033171780201e-15
2105,0,0,2105,2.3824229935412e-11,1.0348994899607e-05,-3.9875517240562e-13,5.0954567180631e-15
2106,0,0,2106,2.3819142330521e-11,1.0351195518354e-05,-3.9831199313497e-13,5.0876048905727e-15
2107,0,0,2107,2.3814062568844e-11,1.035339368855e-05,-3.9786880542842e-13,5.0797616770858e-15
2108,0,0,2108,2.3808990641785e-11,1.0355589410148e-05,-3.974256093053e-13,5.071927059172e-15
2109,0,0,2109,2.3803926540767e-11,1.0357782683103e-05,-3.9698240478277e-13,5.0641010184459e-15
2110,0,0,2110,2.379887025723e-11,1.0359973507367e-05,-3.9653919187985e-13,5.0562835365607e-15
2111,0,0,2111,2.3793821782635e-11,1.0362161882895e-05,-3.9609597061371e-13,5.048474595212e-15
2112,0,0,2112,2.3788781108459e-11,1.0364347809641e-05,-3.9565274100305e-13,5.040674176121e-15
2113,0,0,2113,2.3783748226198e-11,1.0366531287559e-05,-3.9520950306627e-13,5.032882261067e-15
2114,0,0,2114,2.3778723127366e-11,1.0368712316602e-05,-3.9476625682024e-13,5.0250988318586e-15
2115,0,0,2115,2.3773705803495e-11,1.0370890896725e-05,-3.9432300228396e-13,5.0173238703463e-15
2116,0,0,2116,2.3768696246137e-11,1.0373067027882e-05,-3.938797394746e-13,5.0095573584161e-15
2117,0,0,2117,2.3763694446859e-11,1.0375240710028e-05,-3.9343646841057e-13,5.0017992779928e-15
2118,0,0,2118,2.3758700397248e-11,1.0377411943117e-05,-3.9299318910965e-13,4.9940496110465e-15
2119,0,0,2119,2.3753714088908e-11,1.0379580727104e-05,-3.92549901589e-13,4.986308339573e-15
2120,0,0,2120,2.3748735513463e-11,1.0381747061943e-05,-3.9210660586734e-13,4.9785754456297e-15
2121,0,0,2121,2.3743764662551e-11,1.0383910947589e-05,-3.9166330196183e-13,4.9708509112834e-15
2122,0,0,2122,2.3738801527833e-11,1.0386072383997e-05,-3.9121998988996e-13,4.9631347186595e-15
2123,0,0,2123,2.3733846100983e-11,1.0388231371123e-05,-3.907766696695e-13,4.9554268499153e-15
2124,0,0,2124,2.3728898373696e-11,1.039038790892e-05,-3.9033334131885e-13,4.9477272872471e-15
2125,0,0,2125,2.3723958337683e-11,1.0392541997345e-05,-3.8989000485427e-13,4.9400360128833e-15
2126,0,0,2126,2.3719025984674e-11,1.0394693636352e-05,-3.8944666029445e-13,4.9323530091043e-15
2127,0,0,2127,2.3714101306415e-11,1.0396842825897e-05,-3.8900330765597e-13,4.9246782582097e-15
2128,0,0,2128,2.3709184294673e-11,1.0398989565935e-05,-3.885599469569e-13,4.9170117425508e-15
2129,0,0,2129,2.3704274941228e-11,1.0401133856423e-05,-3.8811657821442e-13,4.9093534445112e-15
2130,0,0,2130,2.3699373237882e-11,1.0403275697315e-05,-3.87673201446e-13,4.9017033465133e-15
2131,0,0,2131,2.3694479176451e-11,1.0405415088567e-05,-3.8722981666852e-13,4.894061431012e-15
2132,0,0,2132,2.368959274877e-11,1.0407552030135e-05,-3.8678642390006e-13,4.886427680507e-15
2133,0,0,2133,2.3684713946693e-11,1.0409686521976e-05,-3.8634302315749e-13,4.8788020775307e-15
2134,0,0,2134,2.3679842762088e-11,1.0411818564045e-05,-3.8589961445797e-13,4.871184604651e-15
2135,0,0,2135,2.3674979186844e-11,1.0413948156298e-05,-3.8545619781868e-13,4.8635752444808e-15
2136,0,0,2136,2.3670123212864e-11,1.0416075298692e-05,-3.8501277325709e-13,4.8559739796559e-15
2137,0,0,2137,2.3665274832071e-11,1.0418199991182e-05,-3.8456934078977e-13,4.8483807928571e-15
2138,0,0,2138,2.3660434036404e-11,1.0420322233726e-05,-3.841259004345e-13,4.8407956668074e-15
2139,0,0,2139,2.365560081782e-11,1.042244202628e-05,-3.8368245220784e-13,4.8332185842554e-15
2140,0,0,2140,2.3650775168292e-11,1.04245593688e-05,-3.8323899612695e-13,4.8256495279921e-15
2141,0,0,2141,2.3645957079811e-11,1.0426674261243e-05,-3.8279553220839e-13,4.8180884808404e-15
2142,0,0,2142,2.3641146544386e-11,1.0428786703566e-05,-3.8235206047026e-13,4.8105354256687e-15
2143,0,0,2143,2.363634355404e-11,1.0430896695726e-05,-3.8190858092789e-13,4.8029903453646e-15
2144,0,0,2144,2.3631548100817e-11,1.0433004237679e-05,-3.8146509359937e-13,4.7954532228741e-15
2145,0,0,2145,2.3626760176776e-11,1.0435109329384e-05,-3.8102159850125e-13,4.7879240411559e-15
2146,0,0,2146,2.3621979773993e-11,1.0437211970796e-05,-3.8057809564979e-13,4.7804027832206e-15
2147,0,0,2147,2.3617206884561e-11,1.0439312161874e-05,-3.8013458506246e-13,4.7728894321076e-15
2148,0,0,2148,2.361244150059e-11,1.0441409902574e-05,-3.7969106675552e-13,4.7653839708985e-15
2149,0,0,2149,2.3607683614207e-11,1.0443505192855e-05,-3.7924754074583e-13,4.7578863826976e-15
2150,0,0,2150,2.3602933217557e-11,1.0445598032673e-05,-3.7880400704994e-13,4.750396650651e-15
2151,0,0,2151,2.3598190302799e-11,1.0447688421986e-05,-3.7836046568443e-13,4.7429147579501e-15
2152,0,0,2152,2.3593454862111e-11,1.0449776360752e-05,-3.7791691666644e-13,4.7354406878059e-15
2153,0,0,2153,2.3588726887687e-11,1.0451861848929e-05,-3.7747336001164e-13,4.7279744234743e-15
2154,0,0,2154,2.3584006371739e-11,1.0453944886474e-05,-3.7702979573748e-13,4.7205159482339e-15
2155,0,0,2155,2.3579293306494e-11,1.0456025473346e-05,-3.7658622385931e-13,4.7130652454153e-15
2156,0,0,2156,2.3574587684195e-11,1.0458103609503e-05,-3.761426443946e-13,4.7056222983746e-15
2157,0,0,2157,2.3569889497105e-11,1.0460179294903e-05,-3.756990573593e-13,4.6981870905003e-15
2158,0,0,2158,2.35651987375e-11,1.0462252529504e-05,-3.7525546276965e-13,4.6907596052197e-15
2159,0,0,2159,2.3560515397674e-11,1.0464323313264e-05,-3.7481186064253e-13,4.6833398259893e-15
2160,0,0,2160,2.3555839469937e-11,1.0466391646143e-05,-3.7436825099356e-13,4.6759277363106e-15
2161,0,0,2161,2.3551170946618e-11,1.0468457528098e-05,-3.7392463383962e-13,4.668523319708e-15
2162,0,0,2162,2.3546509820058e-11,1.0470520959088e-05,-3.7348100919634e-13,4.6611265597443e-15
2163,0,0,2163,2.3541856082618e-11,1.0472581939072e-05,-3.730373770809e-13,4.653737440015e-15
2164,0,0,2164,2.3537209726674e-11,1.0474640468008e-05,-3.72593737508e-13,4.6463559441509e-15
2165,0,0,2165,2.3532570744618e-11,1.0476696545856e-05,-3.7215009049544e-13,4.6389820558249e-15
2166,0,0,2166,2.3527939128859e-11,1.0478750172575e-05,-3.7170643605793e-13,4.6316157587227e-15
2167,0,0,2167,2.3523314871823e-11,1.0480801348123e-05,-3.7126277421203e-13,4.624257036582e-15
2168,0,0,2168,2.3518697965949e-11,1.048285007246e-05,-3.708191049743e-13,4.6169058731692e-15
2169,0,0,2169,2.3514088403697e-11,1.0484896345545e-05,-3.7037542836008e-13,4.6095622522833e-15
2170,0,0,2170,2.3509486177539e-11,1.0486940167337e-05,-3.6993174438529e-13,4.6022261577522e-15
2171,0,0,2171,2.3504891279966e-11,1.0488981537796e-05,-3.6948805306651e-13,4.5948975734427e-15
2172,0,0,2172,2.3500303703483e-11,1.0491020456881e-05,-3.6904435441906e-13,4.5875764832571e-15
2173,0,0,2173,2.3495723440612e-11,1.0493056924552e-05,-3.686006484592e-13,4.5802628711235e-15
2174,0,0,2174,2.3491150483891e-11,1.0495090940769e-05,-3.6815693520226e-13,4.5729567210056e-15
2175,0,0,2175,2.3486584825874e-11,1.0497122505491e-05,-3.6771321466448e-13,4.5656580169026e-15
2176,0,0,2176,2.3482026459131e-11,1.0499151618678e-05,-3.672694868612e-13,4.5583667428428e-15
2177,0,0,2177,2.3477475376248e-11,1.050117828029e-05,-3.6682575180928e-13,4.5510828828933e-15
2178,0,0,2178,2.3472931569827e-11,1.0503202490287e-05,-3.6638200952283e-13,4.5438064211406e-15
2179,0,0,2179,2.3468395032485e-11,1.050522424863e-05,-3.6593826001841e-13,4.5365373417229e-15
2180,0,0,2180,2.3463865756856e-11,1.0507243555278e-05,-3.6549450331195e-13,4.5292756287944e-15
2181,0,0,2181,2.345934373559e-11,1.0509260410192e-05,-3.6505073941819e-13,4.522021266545e-15
2182,0,0,2182,2.3454828961351e-11,1.0511274813332e-05,-3.6460696835336e-13,4.5147742392066e-15
2183,0,0,2183,2.345032142682e-11,1.0513286764659e-05,-3.6416319013281e-13,4.5075345310304e-15
2184,0,0,2184,2.3445821124693e-11,1.0515296264133e-05,-3.6371940477216e-13,4.5003021263065e-15
2185,0,0,2185,2.3441328047684e-11,1.0517303311714e-05,-3.6327561228645e-13,4.4930770093541e-15
2186,0,0,2186,2.3436842188519e-11,1.0519307907364e-05,-3.6283181269192e-13,4.4858591645308e-15
2187,0,0,2187,2.3432363539943e-11,1.0521310051044e-05,-3.6238800600329e-13,4.4786485762142e-15
2188,0,0,2188,2.3427892094714e-11,1.0523309742714e-05,-3.6194419223621e-13,4.4714452288266e-15
2189,0,0,2189,2.3423427845607e-11,1.0525306982335e-05,-3.6150037140569e-13,4.4642491068099e-15
2190,0,0,2190,2.3418970785413e-11,1.0527301769868e-05,-3.6105654352798e-13,4.4570601946481e-15
2191,0,0,2191,2.3414520906936e-11,1.0529294105275e-05,-3.606127086172e-13,4.4498784768445e-15
2192,0,0,2192,2.3410078202998e-11,1.0531283988516e-05,-3.6016886668959e-13,4.4427039379475e-15
2193,0,0,2193,2.3405642666436e-11,1.0533271419554e-05,-3.5972501775956e-13,4.4355365625283e-15
2194,0,0,2194,2.34012142901e-11,1.0535256398348e-05,-3.5928116184276e-13,4.4283763351904e-15
2195,0,0,2195,2.339679306686e-11,1.0537238924862e-05,-3.5883729895481e-13,4.421223240563e-15
2196,0,0,2196,2.3392378989596e-11,1.0539218999056e-05,-3.5839342910953e-13,4.414077263324e-15
2197,0,0,2197,2.3387972051208e-11,1.0541196620892e-05,-3.5794955232345e-13,4.4069383881575e-15
2198,0,0,2198,2.3383572244608e-11,1.0543171790332e-05,-3.5750566861101e-13,4.3998065997996e-15
2199,0,0,2199,2.3379179562725e-11,1.0545144507337e-05,-3.570617779866e-13,4.3926818830087e-15
2200,0,0,2200,2.3374793998503e-11,1.054711477187e-05,-3.5661788046679e-13,4.3855642225661e-15
2201,0,0,2201,2.33704155449e-11,1.0549082583893e-05,-3.5617397606476e-13,4.378453603298e-15
2202,0,0,2202,2.336604419489e-11,1.0551047943367e-05,-3.5573006479707e-13,4.3713500100504e-15
2203,0,0,2203,2.3361679941462e-11,1.0553010850254e-05,-3.5528614667752e-13,4.3642534277046e-15
2204,0,0,2204,2.3357322777621e-11,1.0554971304518e-05,-3.5484222172174e-13,4.3571638411709e-15
2205,0,0,2205,2.3352972696385e-11,1.055692930612e-05,-3.5439828994384e-13,4.350081235389e-15
2206,0,0,2206,2.334862969079e-11,1.0558884855022e-05,-3.5395435135946e-13,4.3430055953337e-15
2207,0,0,2207,2.3344293753884e-11,1.0560837951188e-05,-3.535104059827e-13,4.3359369059963e-15
2208,0,0,2208,2.3339964878732e-11,1.0562788594579e-05,-3.5306645382889e-13,4.3288751524165e-15
2209,0,0,2209,2.3335643058412e-11,1.0564736785159e-05,-3.5262249491214e-13,4.3218203196469e-15
2210,0,0,2210,2.3331328286019e-11,1.056668252289e-05,-3.5217852924809e-13,4.3147723927852e-15
2211,0,0,2211,2.3327020554662e-11,1.0568625807734e-05,-3.5173455685054e-13,4.3077313569455e-15
2212,0,0,2212,2.3322719857465e-11,1.0570566639655e-05,-3.512905777345e-13,4.3006971972773e-15
2213,0,0,2213,2.3318426187566e-11,1.0572505018616e-05,-3.508465919147e-13,4.2936698989592e-15
2214,0,0,2214,2.3314139538119e-11,1.057444094458e-05,-3.5040259940525e-13,4.2866494471989e-15
2215,0,0,2215,2.3309859902292e-11,1.0576374417509e-05,-3.4995860022146e-13,4.2796358272395e-15
2216,0,0,2216,2.3305587273267e-11,1.0578305437368e-05,-3.4951459437715e-13,4.2726290243373e-15
2217,0,0,2217,2.3301321644243e-11,1.0580234004118e-05,-3.4907058188734e-13,4.2656290238001e-15
2218,0,0,2218,2.3297063008432e-11,1.0582160117725e-05,-3.4862656276643e-13,4.258635810939e-15
2219,0,0,2219,2.3292811359061e-11,1.058408377815e-05,-3.4818253702823e-13,4.2516493711168e-15
2220,0,0,2220,2.3288566689372e-11,1.0586004985359e-05,-3.4773850468806e-13,4.2446696897156e-15
2221,0,0,2221,2.3284328992619e-11,1.0587923739313e-05,-3.4729446576004e-13,4.2376967521435e-15
2222,0,0,2222,2.3280098262076e-11,1.0589840039977e-05,-3.4685042025796e-13,4.2307305438439e-15
2223,0,0,2223,2.3275874491025e-11,1.0591753887316e-05,-3.4640636819715e-13,4.2237710502832e-15
2224,0,0,2224,2.3271657672768e-11,1.0593665281291e-05,-3.4596230959079e-13,4.2168182569565e-15
2225,0,0,2225,2.3267447800619e-11,1.0595574221868e-05,-3.4551824445392e-13,4.2098721493978e-15
2226,0,0,2226,2.3263244867906e-11,1.0597480709011e-05,-3.4507417280094e-13,4.202932713151e-15
2227,0,0,2227,2.3259048867972e-11,1.0599384742683e-05,-3.4463009464534e-13,4.195999933805e-15
2228,0,0,2228,2.3254859794175e-11,1.0601286322849e-05,-3.4418601000154e-13,4.1890737969713e-15
2229,0,0,2229,2.3250677639887e-11,1.0603185449472e-05,-3.4374191888425e-13,4.1821542882874e-15
2230,0,0,2230,2.3246502398493e-11,1.0605082122518e-05,-3.4329782130727e-13,4.1752413934165e-15
2231,0,0,2231,2.3242334063395e-11,1.0606976341951e-05,-3.428537172841e-13,4.1683350980608e-15
2232,0,0,2232,2.3238172628007e-11,1.0608868107734e-05,-3.4240960683006e-13,4.1614353879384e-15
2233,0,0,2233,2.3234018085759e-11,1.0610757419834e-05,-3.4196548995772e-13,4.1545422487998e-15
2234,0,0,2234,2.3229870430092e-11,1.0612644278213e-05,-3.4152136668243e-13,4.1476556664247e-15
2235,0,0,2235,2.3225729654465e-11,1.0614528682837e-05,-3.4107723701735e-13,4.1407756266217e-15
2236,0,0,2236,2.322159575235e-11,1.0616410633672e-05,-3.4063310097691e-13,4.1339021152254e-15
2237,0,0,2237,2.3217468717232e-11,1.061829013068e-05,-3.4018895857491e-13,4.1270351180896e-15
2238,0,0,2238,2.3213348542611e-11,1.0620167173828e-05,-3.3974480982482e-13,4.1201746211104e-15
2239,0,0,2239,2.3209235222001e-11,1.0622041763081e-05,-3.3930065474138e-13,4.1133206102029e-15
2240,0,0,2240,2.320512874893e-11,1.0623913898404e-05,-3.3885649333807e-13,4.1064730713117e-15
2241,0,0,2241,2.3201029116939e-11,1.0625783579761e-05,-3.3841232562808e-13,4.0996319904005e-15
2242,0,0,2242,2.3196936319586e-11,1.0627650807118e-05,-3.3796815162612e-13,4.0927973534783e-15
2243,0,0,2243,2.3192850350439e-11,1.062951558044e-05,-3.3752397134538e-13,4.0859691465605e-15
2244,0,0,2244,2.3188771203083e-11,1.0631377899693e-05,-3.3707978480028e-13,4.0791473557048e-15
2245,0,0,2245,2.3184698871116e-11,1.0633237764842e-05,-3.3663559200369e-13,4.0723319669878e-15
2246,0,0,2246,2.318063334815e-11,1.0635095175853e-05,-3.3619139297002e-13,4.0655229665157e-15
2247,0,0,2247,2.3176574627809e-11,1.0636950132691e-05,-3.3574718771245e-13,4.0587203404201e-15
2248,0,0,2248,2.3172522703735e-11,1.0638802635322e-05,-3.353029762448e-13,4.0519240748684e-15
2249,0,0,2249,2.3168477569579e-11,1.0640652683712e-05,-3.3485875858053e-13,4.0451341560313e-15
2250,0,0,2250,2.3164439219008e-11,1.0642500277827e-05,-3.3441453473408e-13,4.0383505701309e-15
2251,0,0,2251,2.3160407645705e-11,1.0644345417632e-05,-3.3397030471739e-13,4.031573303409e-15
2252,0,0,2252,2.3156382843363e-11,1.0646188103094e-05,-3.335260685458e-13,4.0248023421233e-15
2253,0,0,2253,2.315236480569e-11,1.0648028334178e-05,-3.3308182623127e-13,4.0180376725672e-15
2254,0,0,2254,2.3148353526409e-11,1.0649866110851e-05,-3.3263757778821e-13,4.0112792810632e-15
2255,0,0,2255,2.3144348999255e-11,1.0651701433078e-05,-3.3219332322979e-13,4.0045271539466e-15
2256,0,0,2256,2.3140351217978e-11,1.0653534300827e-05,-3.3174906256952e-13,3.9977812776012e-15
2257,0,0,2257,2.3136360176339e-11,1.0655364714064e-05,-3.3130479582089e-13,3.9910416384077e-15
2258,0,0,2258,2.3132375868117e-11,1.0657192672755e-05,-3.3086052299677e-13,3.9843082227983e-15
2259,0,0,2259,2.3128398287099e-11,1.0659018176866e-05,-3.3041624411127e-13,3.9775810172151e-15
2260,0,0,2260,2.3124427427091e-11,1.0660841226364e-05,-3.2997195917727e-13,3.9708600081387e-15
2261,0,0,2261,2.3120463281909e-11,1.0662661821216e-05,-3.2952766820794e-13,3.9641451820598e-15
2262,0,0,2262,2.3116505845384e-11,1.0664479961388e-05,-3.290833712171e-13,3.9574365255138e-15
2263,0,0,2263,2.3112555111359e-11,1.0666295646848e-05,-3.2863906821701e-13,3.9507340250367e-15
2264,0,0,2264,2.3108611073691e-11,1.0668108877562e-05,-3.2819475922206e-13,3.9440376672221e-15
2265,0,0,2265,2.3104673726253e-11,1.0669919653497e-05,-3.2775044424516e-13,3.9373474386576e-15
2266,0,0,2266,2.3100743062927e-11,1.067172797462e-05,-3.2730612329855e-13,3.930663325979e-15
2267,0,0,2267,2.3096819077611e-11,1.0673533840899e-05,-3.2686179639635e-13,3.923985315835e-15
2268,0,0,2268,2.3092901764216e-11,1.06753372523e-05,-3.2641746355174e-13,3.9173133949003e-15
2269,0,0,2269,2.3088991116666e-11,1.067713820879e-05,-3.2597312477698e-13,3.9106475498818e-15
2270,0,0,2270,2.3085087128899e-11,1.0678936710338e-05,-3.2552878008619e-13,3.903987767506e-15
2271,0,0,2271,2.3081189794864e-11,1.0680732756909e-05,-3.2508442949131e-13,3.8973340345281e-15
2272,0,0,2272,2.3077299108526e-11,1.0682526348473e-05,-3.2464007300614e-13,3.8906863377198e-15
2273,0,0,2273,2.3073415063862e-11,1.0684317484996e-05,-3.2419571064388e-13,3.8840446638883e-15
2274,0,0,2274,2.3069537654863e-11,1.0686106166446e-05,-3.2375134241648e-13,3.8774089998631e-15
2275,0,0,2275,2.306566687553e-11,1.068789239279e-05,-3.2330696833773e-13,3.870779332487e-15
2276,0,0,2276,2.3061802719881e-11,1.0689676163997e-05,-3.2286258842052e-13,3.8641556486447e-15
2277,0,0,2277,2.3057945181946e-11,1.0691457480034e-05,-3.2241820267711e-13,3.8575379352369e-15
2278,0,0,2278,2.3054094255767e-11,1.0693236340869e-05,-3.219738111213e-13,3.8509261791871e-15
2279,0,0,2279,2.30502499354e-11,1.0695012746469e-05,-3.2152941376504e-13,3.8443203674479e-15
2280,0,0,2280,2.3046412214913e-11,1.0696786696804e-05,-3.2108501062184e-13,3.837720486991e-15
2281,0,0,2281,2.3042581088388e-11,1.0698558191841e-05,-3.2064060170395e-13,3.8311265248144e-15
2282,0,0,2282,2.303875654992e-11,1.0700327231549e-05,-3.2019618702486e-13,3.824538467948e-15
2283,0,0,2283,2.3034938593616e-11,1.0702093815895e-05,-3.1975176659685e-13,3.8179563034316e-15
2284,0,0,2284,2.3031127213598e-11,1.0703857944847e-05,-3.1930734043217e-13,3.8113800183438e-15
2285,0,0,2285,2.3027322403998e-11,1.0705619618375e-05,-3.1886290854462e-13,3.8048095997695e-15
2286,0,0,2286,2.3023524158963e-11,1.0707378836447e-05,-3.1841847094586e-13,3.7982450348422e-15
2287,0,0,2287,2.3019732472653e-11,1.070913559903e-05,-3.1797402764907e-13,3.7916863106985e-15
2288,0,0,2288,2.3015947339238e-11,1.0710889906095e-05,-3.1752957866713e-13,3.785133414498e-15
2289,0,0,2289,2.3012168752905e-11,1.0712641757609e-05,-3.170851240123e-13,3.7785863334449e-15
2290,0,0,2290,2.300839670785e-11,1.0714391153541e-05,-3.1664066369655e-13,3.772045054744e-15
2291,0,0,2291,2.3004631198284e-11,1.071613809386e-05,-3.1619619773397e-13,3.7655095656417e-15
2292,0,0,2292,2.3000872218431e-11,1.0717882578534e-05,-3.1575172613561e-13,3.7589798533944e-15
2293,0,0,2293,2.2997119762526e-11,1.0719624607534e-05,-3.1530724891465e-13,3.7524559052873e-15
2294,0,0,2294,2.2993373824817e-11,1.0721364180827e-05,-3.1486276608396e-13,3.7459377086348e-15
2295,0,0,2295,2.2989634399566e-11,1.0723101298383e-05,-3.144182776549e-13,3.7394252507579e-15
2296,0,0,2296,2.2985901481047e-11,1.0724835960171e-05,-3.1397378364126e-13,3.7329185190259e-15
2297,0,0,2297,2.2982175063547e-11,1.0726568166161e-05,-3.1352928405409e-13,3.7264175008112e-15
2298,0,0,2298,2.2978455141363e-11,1.072829791632e-05,-3.1308477890717e-13,3.7199221835125e-15
2299,0,0,2299,2.2974741708808e-11,1.073002521062e-05,-3.1264026821155e-13,3.7134325545571e-15
2300,0,0,2300,2.2971034760207e-11,1.0731750049029e-05,-3.1219575198071e-13,3.7069486013952e-15
2301,0,0,2301,2.2967334289896e-11,1.0733472431516e-05,-3.1175123022602e-13,3.7004703114962e-15
2302,0,0,2302,2.2963640292223e-11,1.0735192358052e-05,-3.1130670296064e-13,3.6939976723588e-15
2303,0,0,2303,2.2959952761552e-11,1.0736909828605e-05,-3.1086217019653e-13,3.6875306714881e-15
2304,0,0,2304,2.2956271692255e-11,1.0738624843146e-05,-3.1041763194567e-13,3.6810692964342e-15
2305,0,0,2305,2.2952597078721e-11,1.0740337401645e-05,-3.099730882203e-13,3.6746135347573e-15
2306,0,0,2306,2.2948928915346e-11,1.0742047504071e-05,-3.0952853903331e-13,3.6681633740398e-15
2307,0,0,2307,2.2945267196545e-11,1.0743755150393e-05,-3.0908398439636e-13,3.6617188018902e-15
2308,0,0,2308,2.2941611916739e-11,1.0745460340583e-05,-3.0863942432139e-13,3.6552798059397e-15
2309,0,0,2309,2.2937963070365e-11,1.0747163074609e-05,-3.0819485882098e-13,3.6488463738385e-15
2310,0,0,2310,2.2934320651872e-11,1.0748863352443e-05,-3.0775028790709e-13,3.6424184932664e-15
2311,0,0,2311,2.293068465572e-11,1.0750561174054e-05,-3.073057115923e-13,3.6359961519125e-15
2312,0,0,2312,2.2927055076382e-11,1.0752256539413e-05,-3.0686112988763e-13,3.629579337508e-15
2313,0,0,2313,2.2923431908344e-11,1.0753949448489e-05,-3.0641654280597e-13,3.6231680377809e-15
2314,0,0,2314,2.2919815146104e-11,1.0755639901253e-05,-3.0597195035928e-13,3.6167622405077e-15
2315,0,0,2315,2.291620478417e-11,1.0757327897676e-05,-3.0552735255951e-13,3.6103619334649e-15
2316,0,0,2316,2.2912600817066e-11,1.0759013437728e-05,-3.0508274941801e-13,3.6039671044645e-15
2317,0,0,2317,2.2909003239325e-11,1.076069652138e-05,-3.0463814094827e-13,3.5975777413379e-15
2318,0,0,2318,2.2905412045493e-11,1.0762377148602e-05,-3.0419352716042e-13,3.5911938319358e-15
2319,0,0,2319,2.2901827230129e-11,1.0764055319365e-05,-3.0374890806762e-13,3.5848153641284e-15
2320,0,0,2320,2.2898248787803e-11,1.0765731033639e-05,-3.0330428368155e-13,3.5784423258151e-15
2321,0,0,2321,2.2894676713098e-11,1.0767404291396e-05,-3.0285965401353e-13,3.5720747049176e-15
2322,0,0,2322,2.2891111000608e-11,1.0769075092607e-05,-3.0241501907646e-13,3.5657124893611e-15
2323,0,0,2323,2.2887551644941e-11,1.0770743437241e-05,-3.0197037888106e-13,3.5593556671158e-15
2324,0,0,2324,2.2883998640715e-11,1.0772409325271e-05,-3.015257334399e-13,3.5530042261684e-15
2325,0,0,2325,2.2880451982561e-11,1.0774072756668e-05,-3.0108108276433e-13,3.5466581545084e-15
2326,0,0,2326,2.287691166512e-11,1.0775733731402e-05,-3.0063642686661e-13,3.540317440171e-15
2327,0,0,2327,2.2873377683049e-11,1.0777392249445e-05,-3.0019176575779e-13,3.5339820712007e-15
2328,0,0,2328,2.2869850031014e-11,1.0779048310768e-05,-2.9974709945043e-13,3.5276520356615e-15
2329,0,0,2329,2.2866328703692e-11,1.0780701915342e-05,-2.9930242795588e-13,3.5213273216467e-15
2330,0,0,2330,2.2862813695775e-11,1.0782353063139e-05,-2.9885775128518e-13,3.5150079172622e-15
2331,0,0,2331,2.2859305001964e-11,1.0784001754131e-05,-2.9841306945151e-13,3.5086938106432e-15
2332,0,0,2332,2.2855802616974e-11,1.0785647988288e-05,-2.9796838246468e-13,3.5023849899345e-15
2333,0,0,2333,2.2852306535531e-11,1.0787291765583e-05,-2.9752369033819e-13,3.4960814433164e-15
2334,0,0,2334,2.2848816752372e-11,1.0788933085986e-05,-2.9707899308185e-13,3.4897831589791e-15
2335,0,0,2335,2.2845333262247e-11,1.0790571949471e-05,-2.9663429070854e-13,3.4834901251416e-15
2336,0,0,2336,2.2841856059917e-11,1.0792208356008e-05,-2.9618958322929e-13,3.4772023300296e-15
2337,0,0,2337,2.2838385140155e-11,1.079384230557e-05,-2.9574487065606e-13,3.4709197619138e-15
2338,0,0,2338,2.2834920497746e-11,1.0795473798128e-05,-2.9530015299959e-13,3.4646424090588e-15
2339,0,0,2339,2.2831462127486e-11,1.0797102833654e-05,-2.9485543027184e-13,3.4583702597675e-15
2340,0,0,2340,2.2828010024184e-11,1.0798729412121e-05,-2.9441070248475e-13,3.4521033023562e-15
2341,0,0,2341,2.2824564182658e-11,1.08003535335e-05,-2.9396596964907e-13,3.4458415251699e-15
2342,0,0,2342,2.2821124597742e-11,1.0801975197764e-05,-2.9352123177645e-13,3.4395849165603e-15
2343,0,0,2343,2.2817691264277e-11,1.0803594404885e-05,-2.9307648887822e-13,3.4333334649112e-15
2344,0,0,2344,2.2814264177118e-11,1.0805211154835e-05,-2.9263174096636e-13,3.4270871586196e-15
2345,0,0,2345,2.2810843331132e-11,1.0806825447587e-05,-2.9218698805159e-13,3.420845986105e-15
2346,0,0,2346,2.2807428721196e-11,1.0808437283112e-05,-2.9174223014525e-13,3.4146099358158e-15
2347,0,0,2347,2.28040203422e-11,1.0810046661384e-05,-2.9129746725931e-13,3.4083789962038e-15
2348,0,0,2348,2.2800618189044e-11,1.0811653582376e-05,-2.908526994048e-13,3.4021531557564e-15
2349,0,0,2349,2.2797222256641e-11,1.0813258046059e-05,-2.9040792659246e-13,3.3959324029642e-15
2350,0,0,2350,2.2793832539915e-11,1.0814860052406e-05,-2.8996314883424e-13,3.3897167263629e-15
2351,0,0,2351,2.2790449033801e-11,1.081645960139e-05,-2.8951836614119e-13,3.3835061144819e-15
2352,0,0,2352,2.2787071733245e-11,1.0818056692984e-05,-2.8907357852433e-13,3.3773005558827e-15
2353,0,0,2353,2.2783700633206e-11,1.0819651327161e-05,-2.8862878599564e-13,3.371100039153e-15
2354,0,0,2354,2.2780335728653e-11,1.0821243503893e-05,-2.8818398856522e-13,3.3649045528898e-15
2355,0,0,2355,2.2776977014567e-11,1.0822833223154e-05,-2.8773918624534e-13,3.3587140857066e-15
2356,0,0,2356,2.2773624485941e-11,1.0824420484917e-05,-2.8729437904613e-13,3.352528626249e-15
2357,0,0,2357,2.2770278137778e-11,1.0826005289154e-05,-2.8684956697954e-13,3.3463481631787e-15
2358,0,0,2358,2.2766937965092e-11,1.082758763584e-05,-2.8640475005629e-13,3.3401726851706e-15
2359,0,0,2359,2.2763603962911e-11,1.0829167524946e-05,-2.8595992828775e-13,3.3340021809219e-15
2360,0,0,2360,2.2760276126272e-11,1.0830744956447e-05,-2.8551510168433e-13,3.3278366391559e-15
2361,0,0,2361,2.2756954450224e-11,1.0832319930316e-05,-2.8507027025829e-13,3.3216760486023e-15
2362,0,0,2362,2.2753638929826e-11,1.0833892446526e-05,-2.8462543401946e-13,3.3155203980262e-15
2363,0,0,2363,2.2750329560149e-11,1.0835462505051e-05,-2.8418059297948e-13,3.3093696761928e-15
2364,0,0,2364,2.2747026336278e-11,1.0837030105864e-05,-2.8373574714938e-13,3.3032238719095e-15
2365,0,0,2365,2.2743729253304e-11,1.0838595248939e-05,-2.8329089653991e-13,3.2970829739768e-15
2366,0,0,2366,2.2740438306332e-11,1.0840157934249e-05,-2.828460411621e-13,3.2909469712408e-15
2367,0,0,2367,2.273715349048e-11,1.0841718161768e-05,-2.8240118102698e-13,3.2848158525444e-15
2368,0,0,2368,2.2733874800873e-11,1.0843275931471e-05,-2.8195631614561e-13,3.2786896067656e-15
2369,0,0,2369,2.273060223265e-11,1.084483124333e-05,-2.815114465287e-13,3.2725682227894e-15
2370,0,0,2370,2.2727335780961e-11,1.084638409732e-05,-2.81066572187e-13,3.2664516895263e-15
2371,0,0,2371,2.2724075440965e-11,1.0847934493415e-05,-2.8062169313184e-13,3.2603399959096e-15
2372,0,0,2372,2.2720821207834e-11,1.0849482431588e-05,-2.8017680937334e-13,3.2542331308789e-15
2373,0,0,2373,2.2717573076751e-11,1.0851027911814e-05,-2.7973192092347e-13,3.248131083403e-15
2374,0,0,2374,2.2714331042908e-11,1.0852570934067e-05,-2.7928702779142e-13,3.2420338424637e-15
2375,0,0,2375,2.2711095101511e-11,1.0854111498321e-05,-2.7884212998977e-13,3.2359413970716e-15
2376,0,0,2376,2.2707865247775e-11,1.0855649604551e-05,-2.7839722752832e-13,3.2298537362376e-15
2377,0,0,2377,2.2704641476926e-11,1.085718525273e-05,-2.779523204175e-13,3.2237708490047e-15
2378,0,0,2378,2.2701423784201e-11,1.0858718442833e-05,-2.7750740866896e-13,3.2176927244388e-15
2379,0,0,2379,2.269821216485e-11,1.0860249174835e-05,-2.7706249229283e-13,3.2116193516086e-15
2380,0,0,2380,2.269500661413e-11,1.0861777448709e-05,-2.7661757130013e-13,3.2055507196122e-15
2381,0,0,2381,2.2691807127313e-11,1.0863303264431e-05,-2.76172645701e-13,3.1994868175638e-15
2382,0,0,2382,2.2688613699678e-11,1.0864826621976e-05,-2.7572771550707e-13,3.1934276345905e-15
2383,0,0,2383,2.2685426326518e-11,1.0866347521317e-05,-2.7528278072786e-13,3.1873731598485e-15
2384,0,0,2384,2.2682245003136e-11,1.0867865962429e-05,-2.7483784137472e-13,3.1813233825068e-15
2385,0,0,2385,2.2679069724844e-11,1.0869381945288e-05,-2.7439289745836e-13,3.1752782917411e-15
2386,0,0,2386,2.2675900486967e-11,1.0870895469868e-05,-2.7394794898892e-13,3.1692378767657e-15
2387,0,0,2387,2.267273728484e-11,1.0872406536144e-05,-2.7350299597712e-13,3.1632021268045e-15
2388,0,0,2388,2.2669580113809e-11,1.0873915144091e-05,-2.7305803843369e-13,3.1571710310882e-15
2389,0,0,2389,2.266642896923e-11,1.0875421293685e-05,-2.7261307636907e-13,3.1511445788827e-15
2390,0,0,2390,2.2663283846471e-11,1.0876924984899e-05,-2.7216810979367e-13,3.1451227594606e-15
2391,0,0,2391,2.2660144740909e-11,1.0878426217709e-05,-2.7172313871792e-13,3.1391055621202e-15
2392,0,0,2392,2.2657011647933e-11,1.0879924992092e-05,-2.7127816315287e-13,3.133092976163e-15
2393,0,0,2393,2.2653884562942e-11,1.088142130802e-05,-2.7083318310862e-13,3.1270849909295e-15
2394,0,0,2394,2.2650763481346e-11,1.0882915165471e-05,-2.703881985953e-13,3.1210815957632e-15
2395,0,0,2395,2.2647648398566e-11,1.0884406564419e-05,-2.6994320962394e-13,3.1150827800207e-15
2396,0,0,2396,2.2644539310033e-11,1.088589550484e-05,-2.6949821620436e-13,3.1090885331004e-15
2397,0,0,2397,2.2641436211188e-11,1.088738198671e-05,-2.690532183476e-13,3.1030988443847e-15
2398,0,0,2398,2.2638339097485e-11,1.0888866010003e-05,-2.6860821606347e-13,3.0971137033012e-15
2399,0,0,2399,2.2635247964386e-11,1.0890347574695e-05,-2.681632093627e-13,3.0911330992808e-15
2400,0,0,2400,2.2632162807364e-11,1.0891826680763e-05,-2.677181982554e-13,3.0851570217768e-15
2401,0,0,2401,2.2629083621904e-11,1.0893303328182e-05,-2.6727318275232e-13,3.0791854602558e-15
2402,0,0,2402,2.26260104035e-11,1.0894777516927e-05,-2.6682816286326e-13,3.0732184042065e-15
2403,0,0,2403,2.2622943147656e-11,1.0896249246974e-05,-2.6638313859895e-13,3.0672558431343e-15
2404,0,0,2404,2.261988184989e-11,1.08977185183e-05,-2.6593810996921e-13,3.0612977665507e-15
2405,0,0,2405,2.2616826505726e-11,1.089918533088e-05,-2.6549307698446e-13,3.0553441640028e-15
2406,0,0,2406,2.2613777110701e-11,1.090064968469e-05,-2.6504803965513e-13,3.0493950250443e-15
2407,0,0,2407,2.2610733660362e-11,1.0902111579707e-05,-2.6460299799164e-13,3.0434503392417e-15
2408,0,0,2408,2.2607696150265e-11,1.0903571015906e-05,-2.6415795200381e-13,3.0375100961874e-15
2409,0,0,2409,2.260466457598e-11,1.0905027993263e-05,-2.6371290170144e-13,3.03157428549e-15
2410,0,0,2410,2.2601638933083e-11,1.0906482511755e-05,-2.6326784709589e-13,3.0256428967676e-15
2411,0,0,2411,2.2598619217163e-11,1.0907934571359e-05,-2.6282278819635e-13,3.0197159196611e-15
2412,0,0,2412,2.259560542382e-11,1.0909384172049e-05,-2.6237772501324e-13,3.0137933438244e-15
2413,0,0,2413,2.2592597548661e-11,1.0910831313804e-05,-2.6193265755668e-13,3.0078751589338e-15
2414,0,0,2414,2.2589595587306e-11,1.0912275996599e-05,-2.614875858368e-13,3.0019613546754e-15
2415,0,0,2415,2.2586599535385e-11,1.091371822041e-05,-2.6104250986371e-13,2.9960519207578e-15
2416,0,0,2416,2.2583609388538e-11,1.0915157985215e-05,-2.6059742964723e-13,2.9901468469061e-15
2417,0,0,2417,2.2580625142415e-11,1.0916595290989e-05,-2.6015234519838e-13,2.9842461228515e-15
2418,0,0,2418,2.2577646792677e-11,1.091803013771e-05,-2.5970725652577e-13,2.9783497383544e-15
2419,0,0,2419,2.2574674334994e-11,1.0919462525355e-05,-2.5926216364042e-13,2.9724576831913e-15
2420,0,0,2420,2.2571707765047e-11,1.0920892453899e-05,-2.5881706655215e-13,2.9665699471454e-15
2421,0,0,2421,2.2568747078527e-11,1.0922319923321e-05,-2.5837196527046e-13,2.960686520019e-15
2422,0,0,2422,2.2565792271135e-11,1.0923744933596e-05,-2.579268598064e-13,2.9548073916371e-15
2423,0,0,2423,2.2562843338583e-11,1.0925167484702e-05,-2.5748175016885e-13,2.9489325518378e-15
2424,0,0,2424,2.2559900276593e-11,1.0926587576615e-05,-2.5703663636824e-13,2.9430619904751e-15
2425,0,0,2425,2.2556963080895e-11,1.0928005209314e-05,-2.5659151841438e-13,2.9371956974128e-15
2426,0,0,2426,2.2554031747233e-11,1.0929420382774e-05,-2.5614639631739e-13,2.9313336625438e-15
2427,0,0,2427,2.2551106271357e-11,1.0930833096974e-05,-2.5570127008708e-13,2.9254758757642e-15
2428,0,0,2428,2.254818664903e-11,1.0932243351889e-05,-2.5525613973297e-13,2.9196223269961e-15
2429,0,0,2429,2.2545272876024e-11,1.0933651147498e-05,-2.5481100526577e-13,2.913773006171e-15
2430,0,0,2430,2.2542364948121e-11,1.0935056483778e-05,-2.5436586669408e-13,2.90792790324e-15
2431,0,0,2431,2.2539462861113e-11,1.0936459360707e-05,-2.5392072402924e-13,2.9020870081639e-15
2432,0,0,2432,2.2536566610802e-11,1.0937859778261e-05,-2.5347557727952e-13,2.8962503109324e-15
2433,0,0,2433,2.2533676193e-11,1.0939257736418e-05,-2.5303042645598e-13,2.8904178015355e-15
2434,0,0,2434,2.253079160353e-11,1.0940653235156e-05,-2.525852715678e-13,2.8845894699887e-15
2435,0,0,2435,2.2527912838224e-11,1.0942046274452e-05,-2.521401126248e-13,2.8787653063239e-15
2436,0,0,2436,2.2525039892923e-11,1.0943436854285e-05,-2.5169494963679e-13,2.8729453005762e-15
2437,0,0,2437,2.252217276348e-11,1.094482497463e-05,-2.5124978261359e-13,2.8671294428161e-15
2438,0,0,2438,2.2519311445757e-11,1.0946210635468e-05,-2.5080461156469e-13,2.861317723111e-15
2439,0,0,2439,2.2516455935626e-11,1.0947593836774e-05,-2.5035943650022e-13,2.8555101315542e-15
2440,0,0,2440,2.2513606228967e-11,1.0948974578528e-05,-2.4991425742938e-13,2.849706658255e-15
2441,0,0,2441,2.2510762321674e-11,1.0950352860707e-05,-2.4946907436228e-13,2.8439072933293e-15
2442,0,0,2442,2.2507924209647e-11,1.0951728683289e-05,-2.4902388730843e-13,2.8381120269219e-15
2443,0,0,2443,2.2505091888798e-11,1.0953102046252e-05,-2.4857869627702e-13,2.8323208491778e-15
2444,0,0,2444,2.2502265355048e-11,1.0954472949574e-05,-2.481335012788e-13,2.8265337502646e-15
2445,0,0,2445,2.2499444604327e-11,1.0955841393233e-05,-2.4768830232204e-13,2.8207507203756e-15
2446,0,0,2446,2.2496629632578e-11,1.0957207377208e-05,-2.4724309941716e-13,2.8149717496977e-15
2447,0,0,2447,2.2493820435749e-11,1.0958570901476e-05,-2.4679789257367e-13,2.8091968284437e-15
2448,0,0,2448,2.2491017009802e-11,1.0959931966016e-05,-2.4635268180108e-13,2.8034259468555e-15
2449,0,0,2449,2.2488219350707e-11,1.0961290570807e-05,-2.4590746710889e-13,2.7976590951588e-15
2450,0,0,2450,2.2485427454444e-11,1.0962646715826e-05,-2.454622485066e-13,2.7918962636245e-15
2451,0,0,2451,2.2482641317001e-11,1.0964000401053e-05,-2.4501702600404e-13,2.7861374425235e-15
2452,0,0,2452,2.2479860934379e-11,1.0965351626465e-05,-2.4457179961008e-13,2.7803826221397e-15
2453,0,0,2453,2.2477086302586e-11,1.0966700392041e-05,-2.4412656933485e-13,2.7746317927796e-15
2454,0,0,2454,2.2474317417641e-11,1.0968046697761e-05,-2.4368133518755e-13,2.7688849447625e-15
2455,0,0,2455,2.2471554275573e-11,1.0969390543602e-05,-2.4323609717768e-13,2.7631420684176e-15
2456,0,0,2456,2.2468796872419e-11,1.0970731929542e-05,-2.4279085531506e-13,2.7574031540999e-15
2457,0,0,2457,2.2466045204227e-11,1.0972070855562e-05,-2.4234560960827e-13,2.7516681921577e-15
2458,0,0,2458,2.2463299267054e-11,1.097340732164e-05,-2.4190036006743e-13,2.7459371729848e-15
2459,0,0,2459,2.2460559056967e-11,1.0974741327755e-05,-2.4145510670204e-13,2.7402100869621e-15
2460,0,0,2460,2.2457824570042e-11,1.0976072873884e-05,-2.4100984952069e-13,2.7344869244961e-15
2461,0,0,2461,2.2455095802366e-11,1.0977401960009e-05,-2.4056458853381e-13,2.7287676760128e-15
2462,0,0,2462,2.2452372750034e-11,1.0978728586107e-05,-2.4011932374998e-13,2.7230523319449e-15
2463,0,0,2463,2.2449655409152e-11,1.0980052752158e-05,-2.3967405517871e-13,2.7173408827409e-15
2464,0,0,2464,2.2446943775833e-11,1.098137445814e-05,-2.3922878282981e-13,2.7116333188656e-15
2465,0,0,2465,2.2444237846202e-11,1.0982693704034e-05,-2.3878350671186e-13,2.7059296308e-15
2466,0,0,2466,2.2441537616393e-11,1.0984010489817e-05,-2.3833822683467e-13,2.7002298090283e-15
2467,0,0,2467,2.2438843082549e-11,1.098532481547e-05,-2.3789294320745e-13,2.6945338440734e-15
2468,0,0,2468,2.2436154240822e-11,1.0986636680972e-05,-2.374476558397e-13,2.6888417264389e-15
2469,0,0,2469,2.2433471087376e-11,1.0987946086302e-05,-2.370023647397e-13,2.6831534466737e-15
2470,0,0,2470,2.243079361838e-11,1.098925303144e-05,-2.3655706991788e-13,2.6774689953201e-15
2471,0,0,2471,2.2428121830017e-11,1.0990557516365e-05,-2.3611177138312e-13,2.6717883629463e-15
2472,0,0,2472,2.2425455718477e-11,1.0991859541056e-05,-2.3566646914462e-13,2.666111540127e-15
2473,0,0,2473,2.242279527996e-11,1.0993159105494e-05,-2.3522116321098e-13,2.6604385174561e-15
2474,0,0,2474,2.2420140510674e-11,1.0994456209657e-05,-2.34775853592e-13,2.6547692855376e-15
2475,0,0,2475,2.2417491406839e-11,1.0995750853526e-05,-2.343305402975e-13,2.6491038349944e-15
2476,0,0,2476,2.2414847964683e-11,1.0997043037081e-05,-2.3388522333513e-13,2.6434421564562e-15
2477,0,0,2477,2.2412210180442e-11,1.09983327603e-05,-2.3343990271503e-13,2.6377842405752e-15
2478,0,0,2478,2.2409578050364e-11,1.0999620023164e-05,-2.3299457844638e-13,2.6321300780133e-15
2479,0,0,2479,2.2406951570705e-11,1.1000904825654e-05,-2.3254925053809e-13,2.6264796594389e-15
2480,0,0,2480,2.2404330737729e-11,1.1002187167747e-05,-2.3210391899873e-13,2.6208329755461e-15
2481,0,0,2481,2.2401715547712e-11,1.1003467049426e-05,-2.3165858383873e-13,2.615190017039e-15
2482,0,0,2482,2.2399105996938e-11,1.100474447067e-05,-2.3121324506576e-13,2.6095507746311e-15
2483,0,0,2483,2.2396502081699e-11,1.1006019431458e-05,-2.3076790268962e-13,2.6039152390521e-15
2484,0,0,2484,2.2393903798298e-11,1.1007291931771e-05,-2.3032255671922e-13,2.5982834010513e-15
2485,0,0,2485,2.2391311143046e-11,1.100856197159e-05,-2.2987720716375e-13,2.5926552513777e-15
2486,0,0,2486,2.2388724112265e-11,1.1009829550894e-05,-2.2943185403209e-13,2.5870307808064e-15
2487,0,0,2487,2.2386142702285e-11,1.1011094669664e-05,-2.2898649733316e-13,2.5814099801253e-15
2488,0,0,2488,2.2383566909445e-11,1.101235732788e-05,-2.2854113707613e-13,2.5757928401223e-15
2489,0,0,2489,2.2380996730093e-11,1.1013617525522e-05,-2.2809577327022e-13,2.5701793516176e-15
2490,0,0,2490,2.2378432160588e-11,1.1014875262571e-05,-2.276504059237e-13,2.5645695054283e-15
2491,0,0,2491,2.2375873197296e-11,1.1016130539008e-05,-2.2720503504607e-13,2.5589632924004e-15
2492,0,0,2492,2.2373319836592e-11,1.1017383354813e-05,-2.2675966064654e-13,2.5533607033768e-15
2493,0,0,2493,2.2370772074863e-11,1.1018633709966e-05,-2.2631428273307e-13,2.5477617292294e-15
2494,0,0,2494,2.2368229908502e-11,1.1019881604448e-05,-2.2586890131579e-13,2.5421663608236e-15
2495,0,0,2495,2.2365693333913e-11,1.1021127038241e-05,-2.2542351640267e-13,2.5365745890639e-15
2496,0,0,2496,2.2363162347508e-11,1.1022370011323e-05,-2.249781280029e-13,2.5309864048445e-15
2497,0,0,2497,2.2360636945709e-11,1.1023610523678e-05,-2.2453273612569e-13,2.5254017990861e-15
2498,0,0,2498,2.2358117124946e-11,1.1024848575284e-05,-2.2408734077932e-13,2.5198207627186e-15
2499,0,0,2499,2.235560288166e-11,1.1026084166124e-05,-2.2364194197297e-13,2.5142432866787e-15
2500,0,0,2500,2.2353094212298e-11,1.1027317296178e-05,-2.2319653971586e-13,2.5086693619319e-15
2501,0,0,2501,2.2350591113318e-11,1.1028547965426e-05,-2.2275113401596e-13,2.5030989794375e-15
2502,0,0,2502,2.2348093581188e-11,1.1029776173851e-05,-2.2230572488306e-13,2.4975321301836e-15
2503,0,0,2503,2.2345601612383e-11,1.1031001921433e-05,-2.2186031232486e-13,2.4919688051651e-15
2504,0,0,2504,2.2343115203388e-11,1.1032225208153e-05,-2.2141489635114e-13,2.4864089953798e-15
2505,0,0,2505,2.2340634350696e-11,1.1033446033993e-05,-2.209694769705e-13,2.4808526918548e-15
2506,0,0,2506,2.233815905081e-11,1.1034664398933e-05,-2.2052405419092e-13,2.4752998856269e-15
2507,0,0,2507,2.2335689300242e-11,1.1035880302955e-05,-2.2007862802251e-13,2.4697505677326e-15
2508,0,0,2508,2.2333225095513e-11,1.1037093746041e-05,-2.1963319847262e-13,2.4642047292314e-15
2509,0,0,2509,2.2330766433152e-11,1.1038304728171e-05,-2.1918776555077e-13,2.4586623611989e-15
2510,0,0,2510,2.2328313309697e-11,1.1039513249327e-05,-2.1874232926554e-13,2.4531234547136e-15
2511,0,0,2511,2.2325865721696e-11,1.1040719309491e-05,-2.1829688962552e-13,2.4475880008737e-15
2512,0,0,2512,2.2323423665706e-11,1.1041922908643e-05,-2.178514466399e-13,2.4420559907838e-15
2513,0,0,2513,2.232098713829e-11,1.1043124046767e-05,-2.1740600031635e-13,2.4365274155679e-15
2514,0,0,2514,2.2318556136024e-11,1.1044322723842e-05,-2.1696055066468e-13,2.4310022663628e-15
2515,0,0,2515,2.2316130655489e-11,1.1045518939852e-05,-2.1651509769287e-13,2.4254805343022e-15
2516,0,0,2516,2.2313710693279e-11,1.1046712694776e-05,-2.1606964140919e-13,2.4199622105553e-15
2517,0,0,2517,2.2311296245993e-11,1.1047903988599e-05,-2.1562418182345e-13,2.4144472862849e-15
2518,0,0,2518,2.230888731024e-11,1.10490928213e-05,-2.1517871894333e-13,2.4089357526795e-15
2519,0,0,2519,2.2306483882639e-11,1.1050279192862e-05,-2.1473325277771e-13,2.4034276009245e-15
2520,0,0,2520,2.2304085959817e-11,1.1051463103268e-05,-2.1428778333518e-13,2.3979228222375e-15
2521,0,0,2521,2.2301693538409e-11,1.1052644552497e-05,-2.1384231062432e-13,2.3924214078298e-15
2522,0,0,2522,2.229930661506e-11,1.1053823540534e-05,-2.1339683465342e-13,2.3869233489384e-15
2523,0,0,2523,2.2296925186423e-11,1.105500006736e-05,-2.1295135543167e-13,2.3814286367972e-15
2524,0,0,2524,2.2294549249161e-11,1.1056174132956e-05,-2.1250587296734e-13,2.3759372626722e-15
2525,0,0,2525,2.2292178799943e-11,1.1057345737306e-05,-2.1206038726843e-13,2.3704492178232e-15
2526,0,0,2526,2.2289813835449e-11,1.1058514880391e-05,-2.1161489834442e-13,2.3649644935324e-15
2527,0,0,2527,2.2287454352368e-11,1.1059681562193e-05,-2.1116940620298e-13,2.3594830810854e-15
2528,0,0,2528,2.2285100347396e-11,1.1060845782695e-05,-2.1072391085301e-13,2.3540049717999e-15
2529,0,0,2529,2.2282751817239e-11,1.1062007541879e-05,-2.1027841230279e-13,2.3485301569713e-15
2530,0,0,2530,2.2280408758611e-11,1.1063166839727e-05,-2.098329105612e-13,2.34305862794e-15
2531,0,0,2531,2.2278071168235e-11,1.1064323676222e-05,-2.0938740563653e-13,2.3375903760399e-15
2532,0,0,2532,2.2275739042843e-11,1.1065478051347e-05,-2.0894189753644e-13,2.3321253926245e-15
2533,0,0,2533,2.2273412379174e-11,1.1066629965083e-05,-2.0849638627106e-13,2.3266636690471e-15
2534,0,0,2534,2.2271091173977e-11,1.1067779417414e-05,-2.0805087184681e-13,2.3212051966901e-15
2535,0,0,2535,2.226877542401e-11,1.1068926408322e-05,-2.0760535427382e-13,2.3157499669393e-15
2536,0,0,2536,2.2266465126039e-11,1.1070070937789e-05,-2.0715983355945e-13,2.3102979711804e-15
2537,0,0,2537,2.2264160276838e-11,1.1071213005798e-05,-2.0671430971258e-13,2.3048492008378e-15
2538,0,0,2538,2.2261860873191e-11,1.1072352612333e-05,-2.062687827412e-13,2.2994036473198e-15
2539,0,0,2539,2.2259566911889e-11,1.1073489757375e-05,-2.058232526542e-13,2.2939613020606e-15
2540,0,0,2540,2.2257278389732e-11,1.1074624440908e-05,-2.0537771945953e-13,2.2885221565072e-15
2541,0,0,2541,2.225499530353e-11,1.1075756662914e-05,-2.049321831655e-13,2.2830862021068e-15
2542,0,0,2542,2.22527176501e-11,1.1076886423377e-05,-2.0448664378098e-13,2.2776534303355e-15
2543,0,0,2543,2.2250445426267e-11,1.1078013722279e-05,-2.0404110131365e-13,2.272223832663e-15
2544,0,0,2544,2.2248178628866e-11,1.1079138559604e-05,-2.0359555577208e-13,2.2667974005752e-15
2545,0,0,2545,2.2245917254741e-11,1.1080260935334e-05,-2.0315000716456e-13,2.2613741255804e-15
2546,0,0,2546,2.2243661300742e-11,1.1081380849453e-05,-2.0270445549937e-13,2.2559539991841e-15
2547,0,0,2547,2.2241410763729e-11,1.1082498301944e-05,-2.0225890078508e-13,2.2505370129108e-15
2548,0,0,2548,2.223916564057e-11,1.1083613292789e-05,-2.0181334302938e-13,2.2451231582948e-15
2549,0,0,2549,2.2236925928144e-11,1.1084725821973e-05,-2.0136778224114e-13,2.2397124268802e-15
2550,0,0,2550,2.2234691623333e-11,1.1085835889478e-05,-2.0092221842805e-13,2.2343048102174e-15
2551,0,0,2551,2.2232462723034e-11,1.1086943495288e-05,-2.0047665159867e-13,2.2289002998795e-15
2552,0,0,2552,2.2230239224146e-11,1.1088048639386e-05,-2.0003108176098e-13,2.2234988874461e-15
2553,0,0,2553,2.2228021123582e-11,1.1089151321756e-05,-1.9958550892357e-13,2.2181005645e-15
2554,0,0,2554,2.2225808418259e-11,1.1090251542381e-05,-1.9913993309442e-13,2.2127053226465e-15
2555,0,0,2555,2.2223601105105e-11,1.1091349301244e-05,-1.9869435428179e-13,2.2073131534912e-15
2556,0,0,2556,2.2221399181057e-11,1.109244459833e-05,-1.9824877249367e-13,2.201924048662e-15
2557,0,0,2557,2.2219202643057e-11,1.1093537433621e-05,-1.9780318773832e-13,2.1965379997869e-15
2558,0,0,2558,2.2217011488058e-11,1.1094627807102e-05,-1.9735760002404e-13,2.1911549985134e-15
2559,0,0,2559,2.2214825713022e-11,1.1095715718756e-05,-1.9691200935879e-13,2.1857750364921e-15
2560,0,0,2560,2.2212645314917e-11,1.1096801168566e-05,-1.9646641575054e-13,2.1803981053866e-15
2561,0,0,2561,2.221047029072e-11,1.1097884156518e-05,-1.9602081920819e-13,2.175024196883e-15
2562,0,0,2562,2.2208300637417e-11,1.1098964682594e-05,-1.9557521973909e-13,2.1696533026547e-15
2563,0,0,2563,2.2206136352003e-11,1.1100042746778e-05,-1.9512961735123e-13,2.1642854144039e-15
2564,0,0,2564,2.2203977431479e-11,1.1101118349055e-05,-1.9468401205348e-13,2.1589205238461e-15
2565,0,0,2565,2.2201823872856e-11,1.1102191489407e-05,-1.9423840385352e-13,2.1535586226898e-15
2566,0,0,2566,2.2199675673153e-11,1.110326216782e-05,-1.9379279275901e-13,2.1481997026699e-15
2567,0,0,2567,2.2197532829398e-11,1.1104330384278e-05,-1.9334717877884e-13,2.1428437555209e-15
2568,0,0,2568,2.2195395338625e-11,1.1105396138763e-05,-1.9290156192007e-13,2.137490772997e-15
2569,0,0,2569,2.2193263197878e-11,1.1106459431262e-05,-1.9245594219159e-13,2.1321407468618e-15
2570,0,0,2570,2.2191136404209e-11,1.1107520261757e-05,-1.9201031960106e-13,2.1267936688758e-15
2571,0,0,2571,2.2189014954678e-11,1.1108578630233e-05,-1.9156469415676e-13,2.1214495308319e-15
2572,0,0,2572,2.2186898846354e-11,1.1109634536674e-05,-1.9111906586636e-13,2.1161083245164e-15
2573,0,0,2573,2.2184788076312e-11,1.1110687981065e-05,-1.9067343473783e-13,2.1107700417319e-15
2574,0,0,2574,2.2182682641638e-11,1.111173896339e-05,-1.9022780077945e-13,2.1054346742905e-15
2575,0,0,2575,2.2180582539424e-11,1.1112787483633e-05,-1.8978216399889e-13,2.1001022140174e-15
2576,0,0,2576,2.2178487766771e-11,1.1113833541779e-05,-1.8933652440472e-13,2.0947726527441e-15
2577,0,0,2577,2.2176398320789e-11,1.1114877137812e-05,-1.8889088200432e-13,2.0894459823152e-15
2578,0,0,2578,2.2174314198594e-11,1.1115918271717e-05,-1.8844523680534e-13,2.0841221945817e-15
2579,0,0,2579,2.2172235397313e-11,1.1116956943478e-05,-1.8799958881668e-13,2.0788012814107e-15
2580,0,0,2580,2.2170161914078e-11,1.1117993153081e-05,-1.8755393804569e-13,2.0734832346692e-15
2581,0,0,2581,2.2168093746032e-11,1.1119026900509e-05,-1.8710828450005e-13,2.0681680462504e-15
2582,0,0,2582,2.2166030890324e-11,1.1120058185747e-05,-1.8666262818833e-13,2.0628557080375e-15
2583,0,0,2583,2.2163973344112e-11,1.1121087008781e-05,-1.8621696911759e-13,2.0575462119493e-15
2584,0,0,2584,2.2161921104562e-11,1.1122113369595e-05,-1.8577130729673e-13,2.0522395498821e-15
2585,0,0,2585,2.2159874168848e-11,1.1123137268174e-05,-1.8532564273279e-13,2.0469357137707e-15
2586,0,0,2586,2.2157832534153e-11,1.1124158704502e-05,-1.8487997543405e-13,2.0416346955471e-15
2587,0,0,2587,2.2155796197665e-11,1.1125177678565e-05,-1.8443430540788e-13,2.0363364871559e-15
2588,0,0,2588,2.2153765156585e-11,1.1126194190348e-05,-1.8398863266316e-13,2.0310410805449e-15
2589,0,0,2589,2.2151739408117e-11,1.1127208239835e-05,-1.8354295720633e-13,2.025748467688e-15
2590,0,0,2590,2.2149718949477e-11,1.1128219827012e-05,-1.830972790466e-13,2.0204586405428e-15
2591,0,0,2591,2.2147703777886e-11,1.1129228951864e-05,-1.8265159819071e-13,2.0151715911088e-15
2592,0,0,2592,2.2145693890574e-11,1.1130235614376e-05,-1.8220591464723e-13,2.0098873113631e-15
2593,0,0,2593,2.2143689284781e-11,1.1131239814533e-05,-1.8176022842324e-13,2.0046057933246e-15
2594,0,0,2594,2.2141689957752e-11,1.113224155232e-05,-1.81314539527e-13,1.9993270289898e-15
2595,0,0,2595,2.2139695906742e-11,1.1133240827723e-05,-1.8086884796649e-13,1.9940510103906e-15
2596,0,0,2596,2.2137707129012e-11,1.1134237640728e-05,-1.8042315374906e-13,1.9887777295524e-15
2597,0,0,2597,2.2135723621833e-11,1.1135231991318e-05,-1.7997745688208e-13,1.9835071785201e-15
2598,0,0,2598,2.2133745382484e-11,1.113622387948e-05,-1.7953175737474e-13,1.9782393493417e-15
2599,0,0,2599,2.213177240825e-11,1.11372133052e-05,-1.7908605523318e-13,1.9729742340751e-15
2600,0,0,2600,2.2129804696425e-11,1.1138200268462e-05,-1.7864035046598e-13,1.9677118247909e-15
2601,0,0,2601,2.2127842244312e-11,1.1139184769253e-05,-1.7819464308081e-13,1.962452113576e-15
2602,0,0,2602,2.2125885049219e-11,1.1140166807557e-05,-1.7774893308503e-13,1.9571950925044e-15
2603,0,0,2603,2.2123933108465e-11,1.1141146383361e-05,-1.7730322048691e-13,1.9519407536821e-15
2604,0,0,2604,2.2121986419376e-11,1.114212349665e-05,-1.7685750529351e-13,1.9466890892156e-15
2605,0,0,2605,2.2120044979285e-11,1.1143098147409e-05,-1.764117875128e-13,1.9414400912207e-15
2606,0,0,2606,2.2118108785533e-11,1.1144070335626e-05,-1.7596606715276e-13,1.9361937518231e-15
2607,0,0,2607,2.211617783547e-11,1.1145040061284e-05,-1.7552034422042e-13,1.9309500631516e-15
2608,0,0,2608,2.2114252126453e-11,1.1146007324371e-05,-1.7507461872409e-13,1.9257090173609e-15
2609,0,0,2609,2.2112331655846e-11,1.1146972124872e-05,-1.746288906708e-13,1.9204706065993e-15
2610,0,0,2610,2.2110416421023e-11,1.1147934462773e-05,-1.7418316006883e-13,1.9152348230248e-15
2611,0,0,2611,2.2108506419364e-11,1.114889433806e-05,-1.7373742692524e-13,1.9100016588145e-15
2612,0,0,2612,2.2106601648258e-11,1.1149851750719e-05,-1.73291691248e-13,1.904771106146e-15
2613,0,0,2613,2.2104702105101e-11,1.1150806700736e-05,-1.7284595304447e-13,1.8995431572126e-15
2614,0,0,2614,2.2102807787297e-11,1.1151759188097e-05,-1.7240021232263e-13,1.894317804211e-15
2615,0,0,2615,2.2100918692257e-11,1.1152709212788e-05,-1.7195446908951e-13,1.8890950393445e-15
2616,0,0,2616,2.2099034817403e-11,1.1153656774795e-05,-1.715087233531e-13,1.8838748548389e-15
2617,0,0,2617,2.209715616016e-11,1.1154601874105e-05,-1.7106297512107e-13,1.8786572429166e-15
2618,0,0,2618,2.2095282717964e-11,1.1155544510704e-05,-1.7061722440046e-13,1.8734421958036e-15
2619,0,0,2619,2.2093414488258e-11,1.1156484684578e-05,-1.7017147119955e-13,1.8682297057579e-15
2620,0,0,2620,2.2091551468493e-11,1.1157422395714e-05,-1.6972571552539e-13,1.8630197650181e-15
2621,0,0,2621,2.2089693656127e-11,1.1158357644097e-05,-1.6927995738566e-13,1.8578123658587e-15
2622,0,0,2622,2.2087841048627e-11,1.1159290429715e-05,-1.688341967877e-13,1.8526075005409e-15
2623,0,0,2623,2.2085993643465e-11,1.1160220752553e-05,-1.683884337392e-13,1.8474051613454e-15
2624,0,0,2624,2.2084151438125e-11,1.1161148612599e-05,-1.679426682478e-13,1.8422053405595e-15
2625,0,0,2625,2.2082314430094e-11,1.1162074009838e-05,-1.6749690032087e-13,1.83700803048e-15
2626,0,0,2626,2.2080482616871e-11,1.1162996944258e-05,-1.6705112996578e-13,1.8318132234103e-15
2627,0,0,2627,2.2078655995959e-11,1.1163917415844e-05,-1.6660535719017e-13,1.826620911673e-15
2628,0,0,2628,2.2076834564872e-11,1.1164835424585e-05,-1.6615958200173e-13,1.8214310875781e-15
2629,0,0,2629,2.2075018321128e-11,1.1165750970465e-05,-1.657138044075e-13,1.8162437434578e-15
2630,0,0,2630,2.2073207262256e-11,1.1166664053473e-05,-1.6526802441515e-13,1.8110588716641e-15
2631,0,0,2631,2.2071401385792e-11,1.1167574673595e-05,-1.6482224203204e-13,1.8058764645326e-15
2632,0,0,2632,2.2069600689278e-11,1.1168482830817e-05,-1.6437645726583e-13,1.8006965144183e-15
2633,0,0,2633,2.2067805170264e-11,1.1169388525127e-05,-1.6393067012358e-13,1.7955190136988e-15
2634,0,0,2634,2.2066014826309e-11,1.1170291756512e-05,-1.6348488061356e-13,1.790343954739e-15
2635,0,0,2635,2.2064229654979e-11,1.1171192524958e-05,-1.6303908874191e-13,1.7851713299165e-15
2636,0,0,2636,2.2062449653848e-11,1.1172090830453e-05,-1.625932945169e-13,1.7800011316316e-15
2637,0,0,2637,2.2060674820495e-11,1.1172986672983e-05,-1.6214749794559e-13,1.774833352278e-15
2638,0,0,2638,2.2058905152511e-11,1.1173880052535e-05,-1.6170169903596e-13,1.7696679842625e-15
2639,0,0,2639,2.2057140647491e-11,1.1174770969098e-05,-1.6125589779474e-13,1.7645050199983e-15
2640,0,0,2640,2.2055381303039e-11,1.1175659422657e-05,-1.608100942296e-13,1.7593444519181e-15
2641,0,0,2641,2.2053627116767e-11,1.11765454132e-05,-1.603642883476e-13,1.7541862724382e-15
2642,0,0,2642,2.2051878086293e-11,1.1177428940715e-05,-1.5991848015639e-13,1.7490304740138e-15
2643,0,0,2643,2.2050134209244e-11,1.1178310005188e-05,-1.5947266966365e-13,1.7438770490841e-15
2644,0,0,2644,2.2048395483253e-11,1.1179188606608e-05,-1.5902685687582e-13,1.7387259901106e-15
2645,0,0,2645,2.2046661905964e-11,1.118006474496e-05,-1.5858104180117e-13,1.7335772895518e-15
2646,0,0,2646,2.2044933475024e-11,1.1180938420233e-05,-1.5813522444615e-13,1.7284309398856e-15
2647,0,0,2647,2.204321018809e-11,1.1181809632415e-05,-1.5768940481902e-13,1.7232869335929e-15
2648,0,0,2648,2.2041492042827e-11,1.1182678381492e-05,-1.5724358292655e-13,1.7181452631582e-15
2649,0,0,2649,2.2039779036906e-11,1.1183544667452e-05,-1.5679775877577e-13,1.7130059210817e-15
2650,0,0,2650,2.2038071168006e-11,1.1184408490282e-05,-1.5635193237467e-13,1.7078688998673e-15
2651,0,0,2651,2.2036368433814e-11,1.1185269849972e-05,-1.5590610373029e-13,1.702734192025e-15
2652,0,0,2652,2.2034670832024e-11,1.1186128746507e-05,-1.5546027284907e-13,1.6976017900812e-15
2653,0,0,2653,2.2032978360338e-11,1.1186985179875e-05,-1.5501443973991e-13,1.6924716865588e-15
2654,0,0,2654,2.2031291016464e-11,1.1187839150065e-05,-1.5456860440863e-13,1.6873438740004e-15
2655,0,0,2655,2.2029608798119e-11,1.1188690657065e-05,-1.5412276686321e-13,1.6822183449419e-15
2656,0,0,2656,2.2027931703027e-11,1.1189539700861e-05,-1.5367692711069e-13,1.6770950919452e-15
2657,0,0,2657,2.2026259728919e-11,1.1190386281442e-05,-1.5323108515814e-13,1.6719741075592e-15
2658,0,0,2658,2.2024592873535e-11,1.1191230398796e-05,-1.5278524101351e-13,1.6668553843619e-15
2659,0,0,2659,2.202293113462e-11,1.119207205291e-05,-1.5233939468295e-13,1.6617389149248e-15
2660,0,0,2660,2.2021274509928e-11,1.1192911243773e-05,-1.5189354617473e-13,1.6566246918258e-15
2661,0,0,2661,2.201962299722e-11,1.1193747971372e-05,-1.5144769549529e-13,1.6515127076657e-15
2662,0,0,2662,2.2017976594265e-11,1.1194582235696e-05,-1.5100184265199e-13,1.6464029550353e-15
2663,0,0,2663,2.2016335298839e-11,1.1195414036733e-05,-1.505559876525e-13,1.641295426545e-15
2664,0,0,2664,2.2014699108724e-11,1.1196243374471e-05,-1.5011013050326e-13,1.636190114805e-15
2665,0,0,2665,2.2013068021712e-11,1.1197070248897e-05,-1.4966427121223e-13,1.6310870124417e-15
2666,0,0,2666,2.2011442035599e-11,1.1197894660001e-05,-1.4921840978586e-13,1.6259861120753e-15
2667,0,0,2667,2.2009821148193e-11,1.119871660777e-05,-1.4877254623181e-13,1.6208874063515e-15
2668,0,0,2668,2.2008205357305e-11,1.1199536092193e-05,-1.4832668055714e-13,1.6157908879066e-15
2669,0,0,2669,2.2006594660756e-11,1.1200353113258e-05,-1.4788081276859e-13,1.6106965493991e-15
2670,0,0,2670,2.2004989056372e-11,1.1201167670954e-05,-1.4743494287413e-13,1.6056043834848e-15
2671,0,0,2671,2.200338854199e-11,1.1201979765268e-05,-1.469890708802e-13,1.6005143828256e-15
2672,0,0,2672,2.2001793115449e-11,1.1202789396189e-05,-1.4654319679386e-13,1.5954265400997e-15
2673,0,0,2673,2.2000202774601e-11,1.1203596563707e-05,-1.4609732062277e-13,1.5903408479885e-15
2674,0,0,2674,2.1998617517302e-11,1.1204401267808e-05,-1.4565144237398e-13,1.5852572991765e-15
2675,0,0,2675,2.1997037341416e-11,1.1205203508482e-05,-1.4520556205393e-13,1.5801758863614e-15
2676,0,0,2676,2.1995462244814e-11,1.1206003285718e-05,-1.4475967967029e-13,1.5750966022503e-15
2677,0,0,2677,2.1993892225374e-11,1.1206800599504e-05,-1.4431379523042e-13,1.5700194395408e-15
2678,0,0,2678,2.1992327280983e-11,1.1207595449828e-05,-1.4386790874045e-13,1.5649443909661e-15
2679,0,0,2679,2.1990767409534e-11,1.120838783668e-05,-1.4342202020865e-13,1.5598714492398e-15
2680,0,0,2680,2.1989212608927e-11,1.1209177760049e-05,-1.4297612964086e-13,1.5548006070949e-15
2681,0,0,2681,2.198766287707e-11,1.1209965219922e-05,-1.4253023704504e-13,1.5497318572711e-15
2682,0,0,2682,2.1986118211877e-11,1.1210750216289e-05,-1.4208434242826e-13,1.5446651925208e-15
2683,0,0,2683,2.1984578611271e-11,1.1211532749139e-05,-1.4163844579663e-13,1.5396006055869e-15
2684,0,0,2684,2.1983044073182e-11,1.121231281846e-05,-1.4119254715814e-13,1.5345380892314e-15
2685,0,0,2685,2.1981514595546e-11,1.1213090424242e-05,-1.4074664651952e-13,1.5294776362262e-15
2686,0,0,2686,2.1979990176307e-11,1.1213865566473e-05,-1.4030074388753e-13,1.5244192393465e-15
2687,0,0,2687,2.1978470813415e-11,1.1214638245143e-05,-1.3985483926984e-13,1.5193628913641e-15
2688,0,0,2688,2.197695650483e-11,1.1215408460241e-05,-1.3940893267287e-13,1.5143085850734e-15
2689,0,0,2689,2.1975447248517e-11,1.1216176211755e-05,-1.3896302410368e-13,1.5092563132691e-15
2690,0,0,2690,2.1973943042448e-11,1.1216941499675e-05,-1.3851711356963e-13,1.5042060687551e-15
2691,0,0,2691,2.1972443884604e-11,1.1217704323991e-05,-1.3807120107717e-13,1.4991578443325e-15
2692,0,0,2692,2.1970949772971e-11,1.121846468469e-05,-1.3762528663395e-13,1.4941116328217e-15
2693,0,0,2693,2.1969460705544e-11,1.1219222581764e-05,-1.3717937024672e-13,1.4890674270493e-15
2694,0,0,2694,2.1967976680324e-11,1.12199780152e-05,-1.3673345192162e-13,1.484025219839e-15
2695,0,0,2695,2.196649769532e-11,1.1220730984988e-05,-1.3628753166692e-13,1.478985004024e-15
2696,0,0,2696,2.1965023748548e-11,1.1221481491118e-05,-1.3584160948906e-13,1.4739467724538e-15
2697,0,0,2697,2.196355483803e-11,1.1222229533578e-05,-1.3539568539448e-13,1.4689105179745e-15
2698,0,0,2698,2.1962090961796e-11,1.122297511236e-05,-1.3494975939085e-13,1.4638762334451e-15
2699,0,0,2699,2.1960632117885e-11,1.1223718227451e-05,-1.3450383148461e-13,1.4588439117185e-15
2700,0,0,2700,2.1959178304339e-11,1.1224458878841e-05,-1.3405790168311e-13,1.4538135456794e-15
2701,0,0,2701,2.1957729519211e-11,1.1225197066521e-05,-1.3361196999279e-13,1.4487851281871e-15
2702,0,0,2702,2.1956285760558e-11,1.1225932790479e-05,-1.3316603642102e-13,1.4437586521426e-15
2703,0,0,2703,2.1954847026448e-11,1.1226666050705e-05,-1.3272010097454e-13,1.4387341104147e-15
2704,0,0,2704,2.1953413314952e-11,1.1227396847189e-05,-1.322741636604e-13,1.4337114959175e-15
2705,0,0,2705,2.1951984624151e-11,1.1228125179921e-05,-1.3182822448473e-13,1.4286908015391e-15
2706,0,0,2706,2.195056095213e-11,1.1228851048891e-05,-1.3138228345582e-13,1.4236720202001e-15
2707,0,0,2707,2.1949142296986e-11,1.1229574454087e-05,-1.3093634057917e-13,1.4186551448048e-15
2708,0,0,2708,2.1947728656817e-11,1.1230295395501e-05,-1.3049039586278e-13,1.4136401682801e-15
2709,0,0,2709,2.1946320029734e-11,1.1231013873121e-05,-1.3004444931245e-13,1.4086270835562e-15
2710,0,0,2710,2.194491641385e-11,1.1231729886939e-05,-1.2959850093586e-13,1.4036158835634e-15
2711,0,0,2711,2.1943517807289e-11,1.1232443436943e-05,-1.2915255073975e-13,1.3986065612414e-15
2712,0,0,2712,2.1942124208179e-11,1.1233154523124e-05,-1.2870659873056e-13,1.39359910954e-15
2713,0,0,2713,2.1940735614658e-11,1.1233863145471e-05,-1.2826064491565e-13,1.3885935214151e-15
2714,0,0,2714,2.1939352024868e-11,1.1234569303976e-05,-1.2781468930116e-13,1.3835897898227e-15
2715,0,0,2715,2.193797343696e-11,1.1235272998627e-05,-1.2736873189504e-13,1.3785879077222e-15
2716,0,0,2716,2.1936599849092e-11,1.1235974229416e-05,-1.2692277270284e-13,1.3735878681019e-15
2717,0,0,2717,2.1935231259428e-11,1.1236672996331e-05,-1.2647681173251e-13,1.3685896639243e-15
2718,0,0,2718,2.193386766614e-11,1.1237369299364e-05,-1.2603084898988e-13,1.3635932881842e-15
2719,0,0,2719,2.1932509067406e-11,1.1238063138505e-05,-1.2558488448262e-13,1.3585987338635e-15
2720,0,0,2720,2.1931155461412e-11,1.1238754513744e-05,-1.2513891821716e-13,1.3536059939666e-15
2721,0,0,2721,2.1929806846351e-11,1.1239443425071e-05,-1.2469295019995e-13,1.348615061495e-15
2722,0,0,2722,2.1928463220421e-11,1.1240129872477e-05,-1.2424698043835e-13,1.3436259294531e-15
2723,0,0,2723,2.1927124581831e-11,1.1240813855951e-05,-1.2380100893879e-13,1.3386385908583e-15
2724,0,0,2724,2.1925790928792e-11,1.1241495375486e-05,-1.2335503570833e-13,1.3336530387345e-15
2725,0,0,2725,2.1924462259526e-11,1.124217443107e-05,-1.229090607534e-13,1.3286692661023e-15
2726,0,0,2726,2.192313857226e-11,1.1242851022695e-05,-1.2246308408106e-13,1.3236872660052e-15
2727,0,0,2727,2.1921819865228e-11,1.1243525150351e-05,-1.2201710569806e-13,1.3187070314669e-15
2728,0,0,2728,2.1920506136673e-11,1.1244196814028e-05,-1.2157112561114e-13,1.3137285555469e-15
2729,0,0,2729,2.1919197384841e-11,1.1244866013718e-05,-1.2112514382642e-13,1.3087518312884e-15
2730,0,0,2730,2.191789360799e-11,1.124553274941e-05,-1.2067916035189e-13,1.3037768517478e-15
2731,0,0,2731,2.191659480438e-11,1.1246197021096e-05,-1.2023317519307e-13,1.2988036099908e-15
2732,0,0,2732,2.1915300972281e-11,1.1246858828767e-05,-1.1978718835731e-13,1.2938320990834e-15
2733,0,0,2733,2.1914012109969e-11,1.1247518172412e-05,-1.1934119985166e-13,1.288862312098e-15
2734,0,0,2734,2.1912728215726e-11,1.1248175052024e-05,-1.1889520968196e-13,1.2838942421198e-15
2735,0,0,2735,2.1911449287844e-11,1.1248829467592e-05,-1.1844921785555e-13,1.2789278822308e-15
2736,0,0,2736,2.1910175324619e-11,1.1249481419108e-05,-1.1800322437889e-13,1.2739632255229e-15
2737,0,0,2737,2.1908906324354e-11,1.1250130906563e-05,-1.1755722925871e-13,1.2690002650943e-15
2738,0,0,2738,2.190764228536e-11,1.1250777929947e-05,-1.1711123250206e-13,1.2640389940431e-15
2739,0,0,2739,2.1906383205954e-11,1.1251422489251e-05,-1.1666523411509e-13,1.2590794054838e-15
2740,0,0,2740,2.1905129084462e-11,1.1252064584467e-05,-1.1621923410484e-13,1.2541214925274e-15
2741,0,0,2741,2.1903879919213e-11,1.1252704215586e-05,-1.1577323247775e-13,1.2491652482916e-15
2742,0,0,2742,2.1902635708547e-11,1.1253341382598e-05,-1.1532722924088e-13,1.2442106659101e-15
2743,0,0,2743,2.1901396450809e-11,1.1253976085495e-05,-1.1488122440035e-13,1.2392577385005e-15
2744,0,0,2744,2.190016214435e-11,1.1254608324269e-05,-1.1443521796352e-13,1.2343064592127e-15
2745,0,0,2745,2.1898932787528e-11,1.1255238098909e-05,-1.1398920993623e-13,1.2293568211773e-15
2746,0,0,2746,2.1897708378711e-11,1.1255865409408e-05,-1.1354320032583e-13,1.2244088175442e-15
2747,0,0,2747,2.1896488916269e-11,1.1256490255757e-05,-1.1309718913845e-13,1.2194624414761e-15
2748,0,0,2748,2.1895274398583e-11,1.1257112637947e-05,-1.1265117638115e-13,1.2145176861166e-15
2749,0,0,2749,2.1894064824039e-11,1.1257732555969e-05,-1.1220516206036e-13,1.2095745446382e-15
2750,0,0,2750,2.1892860191028e-11,1.1258350009816e-05,-1.1175914618252e-13,1.2046330102069e-15
2751,0,0,2751,2.1891660497952e-11,1.1258964999477e-05,-1.11313128755e-13,1.1996930759985e-15
2752,0,0,2752,2.1890465743217e-11,1.1259577524946e-05,-1.1086710978331e-13,1.194754735192e-15
2753,0,0,2753,2.1889275925236e-11,1.1260187586212e-05,-1.1042108927511e-13,1.1898179809729e-15
2754,0,0,2754,2.188809104243e-11,1.1260795183269e-05,-1.0997506723624e-13,1.1848828065297e-15
2755,0,0,2755,2.1886911093225e-11,1.1261400316107e-05,-1.0952904367405e-13,1.179949205061e-15
2756,0,0,2756,2.1885736076055e-11,1.1262002984718e-05,-1.0908301859407e-13,1.1750171697619e-15
2757,0,0,2757,2.1884565989361e-11,1.1262603189094e-05,-1.0863699200395e-13,1.17008669385e-15
2758,0,0,2758,2.1883400831591e-11,1.1263200929226e-05,-1.0819096390983e-13,1.1651577705207e-15
2759,0,0,2759,2.1882240601198e-11,1.1263796205106e-05,-1.0774493431845e-13,1.1602303930044e-15
2760,0,0,2760,2.1881085296643e-11,1.1264389016726e-05,-1.0729890323596e-13,1.1553045545159e-15
2761,0,0,2761,2.1879934916395e-11,1.1264979364078e-05,-1.0685287066909e-13,1.1503802482793e-15
2762,0,0,2762,2.1878789458927e-11,1.1265567247153e-05,-1.064068366252e-13,1.145457467535e-15
2763,0,0,2763,2.1877648922722e-11,1.1266152665944e-05,-1.0596080110981e-13,1.1405362055104e-15
2764,0,0,2764,2.1876513306266e-11,1.1266735620442e-05,-1.0551476412967e-13,1.1356164554557e-15
2765,0,0,2765,2.1875382608056e-11,1.1267316110639e-05,-1.0506872569214e-13,1.1306982106145e-15
2766,0,0,2766,2.1874256826591e-11,1.1267894136527e-05,-1.0462268580243e-13,1.1257814642335e-15
2767,0,0,2767,2.1873135960382e-11,1.1268469698099e-05,-1.0417664446851e-13,1.1208662095759e-15
2768,0,0,2768,2.1872020007942e-11,1.1269042795346e-05,-1.0373060169559e-13,1.1159524399077e-15
2769,0,0,2769,2.1870908967793e-11,1.126961342826e-05,-1.0328455749165e-13,1.1110401484825e-15
2770,0,0,2770,2.1869802838465e-11,1.1270181596834e-05,-1.028385118616e-13,1.1061293285824e-15
2771,0,0,2771,2.1868701618491e-11,1.127074730106e-05,-1.0239246481309e-13,1.1012199734835e-15
2772,0,0,2772,2.1867605306415e-11,1.1271310540929e-05,-1.0194641635257e-13,1.0963120764649e-15
2773,0,0,2773,2.1866513900784e-11,1.1271871316434e-05,-1.0150036648586e-13,1.0914056308122e-15
2774,0,0,2774,2.1865427400154e-11,1.1272429627568e-05,-1.0105431522033e-13,1.0865006298144e-15
2775,0,0,2775,2.1864345803088e-11,1.1272985474323e-05,-1.006082625621e-13,1.0815970667763e-15
2776,0,0,2776,2.1863269108153e-11,1.127353885669e-05,-1.00162208517e-13,1.0766949349901e-15
2777,0,0,2777,2.1862197313925e-11,1.1274089774663e-05,-9.9716153093005e-14,1.0717942277608e-15
2778,0,0,2778,2.1861130418986e-11,1.1274638228234e-05,-9.9270096295326e-14,1.0668949384095e-15
2779,0,0,2779,2.1860068421926e-11,1.1275184217395e-05,-9.8824038130708e-14,1.061997060238e-15
2780,0,0,2780,2.185901132134e-11,1.1275727742138e-05,-9.8377978606205e-14,1.057100586574e-15
2781,0,0,2781,2.1857959115829e-11,1.1276268802457e-05,-9.7931917727641e-14,1.0522055107353e-15
2782,0,0,2782,2.1856911804003e-11,1.1276807398344e-05,-9.7485855501763e-14,1.0473118260594e-15
2783,0,0,2783,2.1855869384477e-11,1.1277343529791e-05,-9.7039791935317e-14,1.0424195258738e-15
2784,0,0,2784,2.1854831855873e-11,1.1277877196791e-05,-9.6593727034128e-14,1.037528603519e-15
2785,0,0,2785,2.1853799216821e-11,1.1278408399337e-05,-9.6147660805248e-14,1.0326390523324e-15
2786,0,0,2786,2.1852771465955e-11,1.1278937137422e-05,-9.5701593254811e-14,1.0277508656707e-15
2787,0,0,2787,2.1851748601918e-11,1.1279463411037e-05,-9.5255524389255e-14,1.0228640368745e-15
2788,0,0,2788,2.1850730623359e-11,1.1279987220176e-05,-9.480945421502e-14,1.0179785593133e-15
2789,0,0,2789,2.1849717528933e-11,1.1280508564832e-05,-9.4363382738851e-14,1.0130944263342e-15
2790,0,0,2790,2.1848709317302e-11,1.1281027444998e-05,-9.3917309966881e-14,1.0082116313101e-15
2791,0,0,2791,2.1847705987134e-11,1.1281543860666e-05,-9.3471235905549e-14,1.0033301676073e-15
2792,0,0,2792,2.1846707537105e-11,1.1282057811829e-05,-9.3025160561294e-14,9.9845002860519e-16
2793,0,0,2793,2.1845713965898e-11,1.1282569298481e-05,-9.2579083940862e-14,9.9357120767661e-16
2794,0,0,2794,2.1844725272199e-11,1.1283078320614e-05,-9.2133006050079e-14,9.8869369820411e-16
2795,0,0,2795,2.1843741454706e-11,1.1283584878221e-05,-9.1686926895997e-14,9.8381749357994e-16
2796,0,0,2796,2.1842762512119e-11,1.1284088971295e-05,-9.1240846484442e-14,9.789425871899e-16
2797,0,0,2797,2.1841788443146e-11,1.128459059983e-05,-9.0794764822467e-14,9.7406897243269e-16
2798,0,0,2798,2.1840819246504e-11,1.1285089763819e-05,-9.034868191559e-14,9.6919664270703e-16
2799,0,0,2799,2.1839854920912e-11,1.1285586463254e-05,-8.9902597771171e-14,9.6432559141808e-16
2800,0,0,2800,2.18388954651e-11,1.1286080698129e-05,-8.9456512394729e-14,9.5945581197103e-16
2801,0,0,2801,2.1837940877802e-11,1.1286572468437e-05,-8.9010425793316e-14,9.5458729778396e-16
2802,0,0,2802,2.183699115776e-11,1.1287061774172e-05,-8.8564337973066e-14,9.4972004227175e-16
2803,0,0,2803,2.1836046303721e-11,1.1287548615326e-05,-8.8118248940416e-14,9.4485403884926e-16
2804,0,0,2804,2.183510631444e-11,1.1288032991894e-05,-8.76721587015e-14,9.3998928095397e-16
2805,0,0,2805,2.1834171188678e-11,1.1288514903868e-05,-8.7226067263063e-14,9.3512576200077e-16
2806,0,0,2806,2.1833240925203e-11,1.1288994351241e-05,-8.6779974630932e-14,9.3026347543358e-16
2807,0,0,2807,2.1832315522788e-11,1.1289471334008e-05,-8.6333880812158e-14,9.2540241468667e-16
2808,0,0,2808,2.1831394980215e-11,1.1289945852162e-05,-8.5887785812875e-14,9.2054257319752e-16
2809,0,0,2809,2.1830479296271e-11,1.1290417905696e-05,-8.5441689638908e-14,9.1568394441654e-16
2810,0,0,2810,2.1829568469749e-11,1.1290887494603e-05,-8.4995592297002e-14,9.1082652179414e-16
2811,0,0,2811,2.182866249945e-11,1.1291354618879e-05,-8.4549493794211e-14,9.0597029877426e-16
2812,0,0,2812,2.1827761384181e-11,1.1291819278515e-05,-8.410339413544e-14,9.0111526882995e-16
2813,0,0,2813,2.1826865122756e-11,1.1292281473505e-05,-8.3657293328048e-14,8.9626142540513e-16
2814,0,0,2814,2.1825973713994e-11,1.1292741203845e-05,-8.3211191378475e-14,8.9140876197608e-16
2815,0,0,2815,2.1825087156722e-11,1.1293198469526e-05,-8.2765088291932e-14,8.8655727200935e-16
2816,0,0,2816,2.1824205449773e-11,1.1293653270543e-05,-8.2318984076087e-14,8.8170694897799e-16
2817,0,0,2817,2.1823328591986e-11,1.1294105606889e-05,-8.1872878736457e-14,8.7685778635823e-16
2818,0,0,2818,2.1822456582209e-11,1.1294555478559e-05,-8.1426772279483e-14,8.7200977763281e-16
2819,0,0,2819,2.1821589419293e-11,1.1295002885547e-05,-8.0980664711909e-14,8.6716291627799e-16
2820,0,0,2820,2.1820727102097e-11,1.1295447827845e-05,-8.0534556039256e-14,8.6231719579264e-16
2821,0,0,2821,2.1819869629487e-11,1.1295890305449e-05,-8.0088446268881e-14,8.5747260966272e-16
2822,0,0,2822,2.1819017000336e-11,1.1296330318352e-05,-7.9642335405692e-14,8.5262915138709e-16
2823,0,0,2823,2.1818169213521e-11,1.1296767866548e-05,-7.9196223457661e-14,8.4778681446142e-16
2824,0,0,2824,2.1817326267929e-11,1.1297202950031e-05,-7.8750110429693e-14,8.4294559238781e-16
2825,0,0,2825,2.181648816245e-11,1.1297635568795e-05,-7.8303996328534e-14,8.3810547868128e-16
2826,0,0,2826,2.1815654895983e-11,1.1298065722835e-05,-7.785788116093e-14,8.3326646684396e-16
2827,0,0,2827,2.1814826467433e-11,1.1298493412144e-05,-7.7411764932401e-14,8.2842855039087e-16
2828,0,0,2828,2.181400287571e-11,1.1298918636716e-05,-7.6965647649691e-14,8.235917228435e-16
2829,0,0,2829,2.1813184119732e-11,1.1299341396547e-05,-7.6519529319547e-14,8.187559777169e-16
2830,0,0,2830,2.1812370198424e-11,1.1299761691629e-05,-7.6073409946876e-14,8.1392130854548e-16
2831,0,0,2831,2.1811561110715e-11,1.1300179521958e-05,-7.5627289539341e-14,8.0908770885074e-16
2832,0,0,2832,2.1810756855543e-11,1.1300594887528e-05,-7.5181168102157e-14,8.0425517216063e-16
2833,0,0,2833,2.1809957431851e-11,1.1301007788333e-05,-7.4735045642682e-14,7.9942369201927e-16
2834,0,0,2834,2.1809162838589e-11,1.1301418224367e-05,-7.4288922166129e-14,7.9459326196108e-16
2835,0,0,2835,2.1808373074713e-11,1.1301826195624e-05,-7.384279767955e-14,7.8976387552694e-16
2836,0,0,2836,2.1807588139187e-11,1.1302231702101e-05,-7.3396672188465e-14,7.849355262642e-16
2837,0,0,2837,2.1806808030979e-11,1.130263474379e-05,-7.2950545699618e-14,7.8010820772021e-16
2838,0,0,2838,2.1806032749066e-11,1.1303035320686e-05,-7.2504418219144e-14,7.7528191345199e-16
2839,0,0,2839,2.1805262292429e-11,1.1303433432784e-05,-7.205828975348e-14,7.7045663701013e-16
2840,0,0,2840,2.1804496660057e-11,1.1303829080078e-05,-7.1612160308453e-14,7.6563237195812e-16
2841,0,0,2841,2.1803735850945e-11,1.1304222262564e-05,-7.1166029890809e-14,7.6080911184979e-16
2842,0,0,2842,2.1802979864095e-11,1.1304612980235e-05,-7.0719898506067e-14,7.5598685026477e-16
2843,0,0,2843,2.1802228698514e-11,1.1305001233087e-05,-7.0273766160972e-14,7.5116558076011e-16
2844,0,0,2844,2.1801482353217e-11,1.1305387021114e-05,-6.982763286227e-14,7.4634529691224e-16
2845,0,0,2845,2.1800740827225e-11,1.1305770344311e-05,-6.9381498614868e-14,7.4152599229758e-16
2846,0,0,2846,2.1800004119564e-11,1.1306151202672e-05,-6.8935363425818e-14,7.3670766049579e-16
2847,0,0,2847,2.1799272229269e-11,1.1306529596193e-05,-6.8489227301558e-14,7.3189029508329e-16
2848,0,0,2848,2.179854515538e-11,1.1306905524869e-05,-6.8043090247916e-14,7.2707388964944e-16
2849,0,0,2849,2.1797822896942e-11,1.1307278988693e-05,-6.7596952271023e-14,7.2225843778358e-16
2850,0,0,2850,2.1797105453009e-11,1.1307649987662e-05,-6.7150813377011e-14,7.1744393307183e-16
2851,0,0,2851,2.179639282264e-11,1.130801852177e-05,-6.6704673572627e-14,7.1263036911647e-16
2852,0,0,2852,2.17956850049e-11,1.1308384591013e-05,-6.6258532863697e-14,7.0781773950685e-16
2853,0,0,2853,2.1794981998862e-11,1.1308748195384e-05,-6.5812391256353e-14,7.0300603784524e-16
2854,0,0,2854,2.1794283803604e-11,1.130910933488e-05,-6.5366248757034e-14,6.9819525774362e-16
2855,0,0,2855,2.1793590418212e-11,1.1309468009495e-05,-6.4920105371566e-14,6.9338539279779e-16
2856,0,0,2856,2.1792901841775e-11,1.1309824219225e-05,-6.4473961106695e-14,6.8857643662295e-16
2857,0,0,2857,2.1792218073392e-11,1.1310177964065e-05,-6.4027815968246e-14,6.8376838282784e-16
2858,0,0,2858,2.1791539112167e-11,1.1310529244009e-05,-6.3581669962353e-14,6.7896122503413e-16
2859,0,0,2859,2.179086495721e-11,1.1310878059054e-05,-6.3135523095148e-14,6.7415495685378e-16
2860,0,0,2860,2.1790195607638e-11,1.1311224409194e-05,-6.2689375373376e-14,6.6934957191168e-16
2861,0,0,2861,2.1789531062575e-11,1.1311568294425e-05,-6.224322680225e-14,6.6454506383596e-16
2862,0,0,2862,2.1788871321148e-11,1.1311909714742e-05,-6.1797077388823e-14,6.5974142624183e-16
2863,0,0,2863,2.1788216382496e-11,1.1312248670141e-05,-6.1350927139227e-14,6.5493865277355e-16
2864,0,0,2864,2.1787566245759e-11,1.1312585160616e-05,-6.0904776058675e-14,6.5013673704956e-16
2865,0,0,2865,2.1786920910086e-11,1.1312919186164e-05,-6.0458624154525e-14,6.453356727206e-16
2866,0,0,2866,2.1786280374632e-11,1.131325074678e-05,-6.0012471431991e-14,6.405354534148e-16
2867,0,0,2867,2.178564463856e-11,1.1313579842459e-05,-5.9566317897818e-14,6.3573607277644e-16
2868,0,0,2868,2.1785013701035e-11,1.1313906473197e-05,-5.9120163558446e-14,6.3093752444656e-16
2869,0,0,2869,2.1784387561233e-11,1.1314230638989e-05,-5.867400841878e-14,6.2613980207915e-16
2870,0,0,2870,2.1783766218334e-11,1.1314552339832e-05,-5.8227852486179e-14,6.2134289931201e-16
2871,0,0,2871,2.1783149671524e-11,1.131487157572e-05,-5.7781695766469e-14,6.1654680981205e-16
2872,0,0,2872,2.1782537919997e-11,1.1315188346649e-05,-5.7335538265476e-14,6.1175152721708e-16
2873,0,0,2873,2.1781930962952e-11,1.1315502652616e-05,-5.688937998964e-14,6.0695704519723e-16
2874,0,0,2874,2.1781328799594e-11,1.1315814493616e-05,-5.6443220945093e-14,6.0216335740972e-16
2875,0,0,2875,2.1780731429137e-11,1.1316123869644e-05,-5.5997061137967e-14,5.9737045751496e-16
2876,0,0,2876,2.1780138850797e-11,1.1316430780697e-05,-5.5550900574394e-14,5.9257833917664e-16
2877,0,0,2877,2.1779551063801e-11,1.131673522677e-05,-5.5104739260202e-14,5.8778699606489e-16
2878,0,0,2878,2.177896806738e-11,1.131703720786e-05,-5.4658577201828e-14,5.8299642184659e-16
2879,0,0,2879,2.1778389860769e-11,1.1317336723962e-05,-5.4212414405406e-14,5.782066102048e-16
2880,0,0,2880,2.1777816443215e-11,1.1317633775072e-05,-5.3766250876761e-14,5.7341755479997e-16
2881,0,0,2881,2.1777247813965e-11,1.1317928361185e-05,-5.3320086622946e-14,5.686292493216e-16
2882,0,0,2882,2.1776683972278e-11,1.13182204823e-05,-5.2873921648559e-14,5.6384168743983e-16
2883,0,0,2883,2.1776124917415e-11,1.131851013841e-05,-5.2427755961268e-14,5.5905486284741e-16
2884,0,0,2884,2.1775570648646e-11,1.1318797329512e-05,-5.1981589565977e-14,5.5426876922092e-16
2885,0,0,2885,2.1775021165245e-11,1.1319082055603e-05,-5.1535422469433e-14,5.4948340024988e-16
2886,0,0,2886,2.1774476466496e-11,1.1319364316679e-05,-5.1089254677767e-14,5.4469874963027e-16
2887,0,0,2887,2.1773936551685e-11,1.1319644112735e-05,-5.06430861965e-14,5.3991481104193e-16
2888,0,0,2888,2.1773401420107e-11,1.1319921443769e-05,-5.0196917032684e-14,5.351315781905e-16
2889,0,0,2889,2.1772871071062e-11,1.1320196309775e-05,-4.9750747191531e-14,5.3034904476876e-16
2890,0,0,2890,2.1772345503857e-11,1.1320468710751e-05,-4.9304576679787e-14,5.2556720447267e-16
2891,0,0,2891,2.1771824717806e-11,1.1320738646693e-05,-4.8858405502972e-14,5.2078605100467e-16
2892,0,0,2892,2.1771308712228e-11,1.1321006117598e-05,-4.841223366783e-14,5.1600557807044e-16
2893,0,0,2893,2.1770797486449e-11,1.132127112346e-05,-4.7966061179883e-14,5.1122577937566e-16
2894,0,0,2894,2.17702910398e-11,1.1321533664278e-05,-4.7519888045567e-14,5.0644664862598e-16
2895,0,0,2895,2.1769789371621e-11,1.1321793740048e-05,-4.707371427071e-14,5.0166817953356e-16
2896,0,0,2896,2.1769292481255e-11,1.1322051350765e-05,-4.6627539861751e-14,4.9689036580729e-16
2897,0,0,2897,2.1768800368054e-11,1.1322306496427e-05,-4.6181364824515e-14,4.9211320116253e-16
2898,0,0,2898,2.1768313031374e-11,1.132255917703e-05,-4.5735189164828e-14,4.8733667931789e-16
2899,0,0,2899,2.176783047058e-11,1.1322809392571e-05,-4.5289012889743e-14,4.8256079399197e-16
2900,0,0,2900,2.1767352685042e-11,1.1323057143046e-05,-4.4842836004166e-14,4.7778553890012e-16
2901,0,0,2901,2.1766879674134e-11,1.1323302428453e-05,-4.4396658514843e-14,4.7301090777387e-16
2902,0,0,2902,2.1766411437239e-11,1.1323545248786e-05,-4.3950480427599e-14,4.6823689432859e-16
2903,0,0,2903,2.1765947973747e-11,1.1323785604045e-05,-4.3504301748874e-14,4.634634922958e-16
2904,0,0,2904,2.1765489283052e-11,1.1324023494224e-05,-4.3058122484186e-14,4.5869069540702e-16
2905,0,0,2905,2.1765035364554e-11,1.1324258919322e-05,-4.2611942639975e-14,4.5391849738407e-16
2906,0,0,2906,2.1764586217662e-11,1.1324491879334e-05,-4.2165762222374e-14,4.4914689196495e-16
2907,0,0,2907,2.176414184179e-11,1.1324722374258e-05,-4.1719581237515e-14,4.4437587289087e-16
2908,0,0,2908,2.1763702236356e-11,1.132495040409e-05,-4.1273399690611e-14,4.3960543388366e-16
2909,0,0,2909,2.1763267400787e-11,1.1325175968828e-05,-4.0827217588714e-14,4.3483556869422e-16
2910,0,0,2910,2.1762837334516e-11,1.1325399068469e-05,-4.0381034937649e-14,4.3006627105408e-16
2911,0,0,2911,2.1762412036981e-11,1.1325619703009e-05,-3.9934851743244e-14,4.2529753471414e-16
2912,0,0,2912,2.1761991507628e-11,1.1325837872446e-05,-3.948866801163e-14,4.2052935340594e-16
2913,0,0,2913,2.1761575745907e-11,1.1326053576776e-05,-3.904248374894e-14,4.1576172088683e-16
2914,0,0,2914,2.1761164751276e-11,1.1326266815996e-05,-3.8596298960999e-14,4.1099463090127e-16
2915,0,0,2915,2.1760758523199e-11,1.1326477590105e-05,-3.8150113654555e-14,4.0622807719371e-16
2916,0,0,2916,2.1760357061145e-11,1.1326685899099e-05,-3.7703927834818e-14,4.0146205351827e-16
2917,0,0,2917,2.1759960364592e-11,1.1326891742974e-05,-3.7257741507922e-14,3.9669655362911e-16
2918,0,0,2918,2.175956843302e-11,1.1327095121729e-05,-3.6811554680613e-14,3.9193157127714e-16
2919,0,0,2919,2.175918126592e-11,1.1327296035361e-05,-3.6365367358102e-14,3.8716710022618e-16
2920,0,0,2920,2.1758798862786e-11,1.1327494483867e-05,-3.5919179547443e-14,3.8240313422068e-16
2921,0,0,2921,2.1758421223119e-11,1.1327690467244e-05,-3.5472991253236e-14,3.7763966702771e-16
2922,0,0,2922,2.1758048346426e-11,1.132788398549e-05,-3.5026802482838e-14,3.7287669241433e-16
2923,0,0,2923,2.1757680232222e-11,1.1328075038602e-05,-3.4580613241462e-14,3.6811420413146e-16
2924,0,0,2924,2.1757316880026e-11,1.1328263626577e-05,-3.4134423535855e-14,3.6335219595261e-16
2925,0,0,2925,2.1756958289365e-11,1.1328449749413e-05,-3.3688233371229e-14,3.5859066163516e-16
2926,0,0,2926,2.175660445977e-11,1.1328633407108e-05,-3.3242042754637e-14,3.5382959495264e-16
2927,0,0,2927,2.175625539078e-11,1.1328814599659e-05,-3.2795851690677e-14,3.4906898967534e-16
2928,0,0,2928,2.1755911081941e-11,1.1328993327063e-05,-3.2349660187015e-14,3.4430883956387e-16
2929,0,0,2929,2.1755571532802e-11,1.1329169589319e-05,-3.1903468248558e-14,3.3954913839821e-16
2930,0,0,2930,2.1755236742922e-11,1.1329343386423e-05,-3.1457275881438e-14,3.347898799519e-16
2931,0,0,2931,2.1754906711864e-11,1.1329514718374e-05,-3.1011083092401e-14,3.3003105799522e-16
2932,0,0,2932,2.1754581439198e-11,1.1329683585169e-05,-3.0564889886352e-14,3.2527266630494e-16
2933,0,0,2933,2.1754260924499e-11,1.1329849986806e-05,-3.0118696270652e-14,3.2051469866428e-16
2934,0,0,2934,2.175394516735e-11,1.1330013923282e-05,-2.9672502249898e-14,3.1575714884353e-16
2935,0,0,2935,2.175363416734e-11,1.1330175394596e-05,-2.922630783145e-14,3.1100001062915e-16
2936,0,0,2936,2.1753327924062e-11,1.1330334400746e-05,-2.8780113020215e-14,3.0624327780112e-16
2937,0,0,2937,2.1753026437118e-11,1.1330490941728e-05,-2.8333917822938e-14,3.0148694413943e-16
2938,0,0,2938,2.1752729706114e-11,1.1330645017541e-05,-2.7887722245444e-14,2.9673100343378e-16
2939,0,0,2939,2.1752437730665e-11,1.1330796628184e-05,-2.744152629356e-14,2.9197544946414e-16
2940,0,0,2940,2.1752150510389e-11,1.1330945773653e-05,-2.6995329973419e-14,2.872202760202e-16
2941,0,0,2941,2.1751868044912e-11,1.1331092453948e-05,-2.6549133290846e-14,2.8246547688518e-16
2942,0,0,2942,2.1751590333866e-11,1.1331236669065e-05,-2.6102936252586e-14,2.7771104585846e-16
2943,0,0,2943,2.1751317376889e-11,1.1331378419004e-05,-2.5656738863547e-14,2.7295697672325e-16
2944,0,0,2944,2.1751049173626e-11,1.1331517703761e-05,-2.521054113078e-14,2.6820326326925e-16
2945,0,0,2945,2.1750785723727e-11,1.1331654523336e-05,-2.4764343059497e-14,2.6344989928936e-16
2946,0,0,2946,2.1750527026848e-11,1.1331788877727e-05,-2.4318144656139e-14,2.586968785862e-16
2947,0,0,2947,2.1750273082653e-11,1.1331920766931e-05,-2.3871945926838e-14,2.5394419494621e-16
2948,0,0,2948,2.1750023890811e-11,1.1332050190947e-05,-2.3425746876806e-14,2.4919184216554e-16
2949,0,0,2949,2.1749779450997e-11,1.1332177149773e-05,-2.2979547513095e-14,2.4443981404356e-16
2950,0,0,2950,2.1749539762893e-11,1.1332301643407e-05,-2.2533347840919e-14,2.3968810437966e-16
2951,0,0,2951,2.1749304826186e-11,1.1332423671848e-05,-2.2087147866717e-14,2.3493670696998e-16
2952,0,0,2952,2.174907464057e-11,1.1332543235095e-05,-2.1640947596313e-14,2.301856156139e-16
2953,0,0,2953,2.1748849205746e-11,1.1332660333145e-05,-2.1194747035842e-14,2.2543482412048e-16
2954,0,0,2954,2.174862852142e-11,1.1332774965997e-05,-2.0748546190821e-14,2.2068432628264e-16
2955,0,0,2955,2.1748412587304e-11,1.1332887133649e-05,-2.0302345067998e-14,2.1593411590945e-16
2956,0,0,2956,2.1748201403117e-11,1.13329968361e-05,-1.9856143672891e-14,2.1118418680029e-16
2957,0,0,2957,2.1747994968584e-11,1.1333104073349e-05,-1.9409942011632e-14,2.0643453276099e-16
2958,0,0,2958,2.1747793283437e-11,1.1333208845393e-05,-1.8963740090048e-14,2.0168514760063e-16
2959,0,0,2959,2.1747596347412e-11,1.1333311152233e-05,-1.8517537914578e-14,1.9693602512504e-16
2960,0,0,2960,2.1747404160252e-11,1.1333410993865e-05,-1.8071335490434e-14,1.9218715914007e-16
2961,0,0,2961,2.1747216721709e-11,1.133350837029e-05,-1.7625132824363e-14,1.8743854345478e-16
2962,0,0,2962,2.1747034031537e-11,1.1333603281505e-05,-1.7178929922189e-14,1.8269017188147e-16
2963,0,0,2963,2.1746856089499e-11,1.1333695727509e-05,-1.6732726789433e-14,1.7794203821953e-16
2964,0,0,2964,2.1746682895363e-11,1.1333785708302e-05,-1.6286523432533e-14,1.7319413629417e-16
2965,0,0,2965,2.1746514448903e-11,1.1333873223881e-05,-1.5840319857622e-14,1.6844645990477e-16
2966,0,0,2966,2.17463507499e-11,1.1333958274246e-05,-1.5394116070526e-14,1.6369900287334e-16
2967,0,0,2967,2.1746191798141e-11,1.1334040859396e-05,-1.4947912076764e-14,1.5895175900893e-16
2968,0,0,2968,2.1746037593419e-11,1.1334120979329e-05,-1.4501707882775e-14,1.5420472212063e-16
2969,0,0,2969,2.1745888135533e-11,1.1334198634044e-05,-1.4055503494692e-14,1.4945788603041e-16
2970,0,0,2970,2.1745743424288e-11,1.1334273823541e-05,-1.3609298918034e-14,1.4471124454413e-16
2971,0,0,2971,2.1745603459497e-11,1.1334346547818e-05,-1.3163094159241e-14,1.3996479149024e-16
2972,0,0,2972,2.1745468240976e-11,1.1334416806874e-05,-1.2716889224137e-14,1.3521852067458e-16
2973,0,0,2973,2.174533776855e-11,1.1334484600709e-05,-1.227068411855e-14,1.3047242591268e-16
2974,0,0,2974,2.1745212042049e-11,1.1334549929322e-05,-1.1824478848304e-14,1.25726501033e-16
2975,0,0,2975,2.1745091061309e-11,1.1334612792711e-05,-1.1378273420453e-14,1.209807398446e-16
2976,0,0,2976,2.1744974826173e-11,1.1334673190876e-05,-1.0932067839288e-14,1.1623513616626e-16
2977,0,0,2977,2.1744863336489e-11,1.1334731123816e-05,-1.048586211217e-14,1.1148968381996e-16
2978,0,0,2978,2.1744756592113e-11,1.133478659153e-05,-1.0039656244617e-14,1.0674437662448e-16
2979,0,0,2979,2.1744654592904e-11,1.1334839594017e-05,-9.5934502424552e-15,1.0199920839534e-16
2980,0,0,2980,2.1744557338731e-11,1.1334890131277e-05,-9.1472441115105e-15,9.7254172964225e-17
2981,0,0,2981,2.1744464829467e-11,1.133493820331e-05,-8.7010378588354e-15,9.2509264136984e-17
2982,0,0,2982,2.1744377064991e-11,1.1334983810114e-05,-8.2548314887225e-15,8.7764475748533e-17
2983,0,0,2983,2.174429404519e-11,1.1335026951688e-05,-7.8086250085309e-15,8.3019801611173e-17
2984,0,0,2984,2.1744215769954e-11,1.1335067628033e-05,-7.3624184237799e-15,7.827523555013e-17
2985,0,0,2985,2.1744142239183e-11,1.1335105839148e-05,-6.9162117402953e-15,7.3530771390629e-17
2986,0,0,2986,2.174407345278e-11,1.1335141585031e-05,-6.4700049642097e-15,6.8786402944973e-17
2987,0,0,2987,2.1744009410656e-11,1.1335174865684e-05,-6.0237981016556e-15,6.4042124054543e-17
2988,0,0,2988,2.1743950112727e-11,1.1335205681105e-05,-5.5775911581522e-15,5.9297928521946e-17
2989,0,0,2989,2.1743895558917e-11,1.1335234031293e-05,-5.1313841401387e-15,5.4553810185334e-17
2990,0,0,2990,2.1743845749154e-11,1.1335259916249e-05,-4.6851770531344e-15,4.980976286347e-17
2991,0,0,2991,2.1743800683374e-11,1.1335283335973e-05,-4.2389699035784e-15,4.5065780378349e-17
2992,0,0,2992,2.1743760361517e-11,1.1335304290463e-05,-3.7927626972967e-15,4.0321856558428e-17
2993,0,0,2993,2.1743724783532e-11,1.1335322779719e-05,-3.3465554404216e-15,3.5577985225702e-17
2994,0,0,2994,2.1743693949372e-11,1.1335338803742e-05,-2.9003481381659e-15,3.0834160205396e-17
2995,0,0,2995,2.1743667858997e-11,1.1335352362531e-05,-2.454140797582e-15,2.6090375319506e-17
2996,0,0,2996,2.1743646512372e-11,1.1335363456086e-05,-2.0079334238824e-15,2.134662439972e-17
2997,0,0,2997,2.1743629909471e-11,1.1335372084406e-05,-1.5617260235064e-15,1.6602901261571e-17
2998,0,0,2998,2.1743618050271e-11,1.1335378247493e-05,-1.1155186019732e-15,1.1859199739977e-17
2999,0,0,2999,2.1743610934757e-11,1.1335381945344e-05,-6.69311165722e-16,7.1155136504712e-18
3000,0,0,3000,2.1743608562921e-11,1.1335383177962e-05,-2.23103720272e-16,2.3718368279735e-18
3001,0,0,3001,2.1743610934757e-11,1.1335381945344e-05,2.2310372241838e-16,-2.3718368602852e-18
3002,0,0,3002,2.1743618050271e-11,1.1335378247493e-05,6.69311165722e-16,-7.1155136504712e-18
3003,0,0,3003,2.1743629909471e-11,1.1335372084406e-05,1.1155186019732e-15,-1.1859199739977e-17
3004,0,0,3004,2.1743646512372e-11,1.1335363456086e-05,1.5617260231998e-15,-1.6602901261571e-17
3005,0,0,3005,2.1743667858997e-11,1.1335352362531e-05,2.007933424189e-15,-2.1346624396489e-17
3006,0,0,3006,2.1743693949372e-11,1.1335338803742e-05,2.4541407972753e-15,-2.6090375322738e-17
3007,0,0,3007,2.1743724783532e-11,1.1335322779719e-05,2.9003481384725e-15,-3.0834160202165e-17
3008,0,0,3008,2.1743760361517e-11,1.1335304290463e-05,3.346555440115e-15,-3.5577985225702e-17
3009,0,0,3009,2.1743800683374e-11,1.1335283335973e-05,3.7927626976033e-15,-4.0321856558428e-17
3010,0,0,3010,2.1743845749154e-11,1.1335259916249e-05,4.2389699035784e-15,-4.5065780378349e-17
3011,0,0,3011,2.1743895558917e-11,1.1335234031293e-05,4.6851770531344e-15,-4.980976286347e-17
3012,0,0,3012,2.1743950112727e-11,1.1335205681105e-05,5.1313841401387e-15,-5.4553810185334e-17
3013,0,0,3013,2.1744009410656e-11,1.1335174865684e-05,5.5775911581522e-15,-5.9297928521946e-17
3014,0,0,3014,2.174407345278e-11,1.1335141585031e-05,6.0237981013489e-15,-6.4042124051312e-17
3015,0,0,3015,2.1744142239183e-11,1.1335105839148e-05,6.4700049642097e-15,-6.8786402948204e-17
3016,0,0,3016,2.1744215769954e-11,1.1335067628033e-05,6.9162117402953e-15,-7.3530771390629e-17
3017,0,0,3017,2.174429404519e-11,1.1335026951688e-05,7.3624184237799e-15,-7.827523555013e-17
3018,0,0,3018,2.1744377064991e-11,1.1334983810114e-05,7.8086250088375e-15,-8.3019801611173e-17
3019,0,0,3019,2.1744464829467e-11,1.133493820331e-05,8.2548314887225e-15,-8.7764475745302e-17
3020,0,0,3020,2.1744557338731e-11,1.1334890131277e-05,8.7010378585287e-15,-9.2509264140216e-17
3021,0,0,3021,2.1744654592904e-11,1.1334839594017e-05,9.1472441118171e-15,-9.7254172960994e-17
3022,0,0,3022,2.1744756592113e-11,1.133478659153e-05,9.5934502424552e-15,-1.0199920839857e-16
3023,0,0,3023,2.1744863336489e-11,1.1334731123816e-05,1.0039656244617e-14,-1.0674437662448e-16
3024,0,0,3024,2.1744974826173e-11,1.1334673190876e-05,1.048586211217e-14,-1.1148968381996e-16
3025,0,0,3025,2.1745091061309e-11,1.1334612792711e-05,1.0932067839288e-14,-1.1623513616303e-16
3026,0,0,3026,2.1745212042049e-11,1.1334549929322e-05,1.1378273420146e-14,-1.209807398446e-16
3027,0,0,3027,2.174533776855e-11,1.1334484600709e-05,1.1824478848611e-14,-1.25726501033e-16
3028,0,0,3028,2.1745468240976e-11,1.1334416806874e-05,1.227068411855e-14,-1.3047242591591e-16
3029,0,0,3029,2.1745603459497e-11,1.1334346547818e-05,1.2716889224137e-14,-1.3521852067135e-16
3030,0,0,3030,2.1745743424288e-11,1.1334273823541e-05,1.3163094159241e-14,-1.3996479149024e-16
3031,0,0,3031,2.1745888135533e-11,1.1334198634044e-05,1.3609298918034e-14,-1.4471124454736e-16
3032,0,0,3032,2.1746037593419e-11,1.1334120979329e-05,1.4055503494692e-14,-1.4945788602718e-16
3033,0,0,3033,2.1746191798141e-11,1.1334040859396e-05,1.4501707882775e-14,-1.5420472212063e-16
3034,0,0,3034,2.17463507499e-11,1.1333958274246e-05,1.4947912076764e-14,-1.5895175900893e-16
3035,0,0,3035,2.1746514448903e-11,1.1333873223881e-05,1.5394116070219e-14,-1.6369900287334e-16
3036,0,0,3036,2.1746682895363e-11,1.1333785708302e-05,1.5840319857622e-14,-1.6844645990477e-16
3037,0,0,3037,2.1746856089499e-11,1.1333695727509e-05,1.6286523432839e-14,-1.7319413629417e-16
3038,0,0,3038,2.1747034031537e-11,1.1333603281505e-05,1.6732726789433e-14,-1.7794203821953e-16
3039,0,0,3039,2.1747216721709e-11,1.133350837029e-05,1.7178929922189e-14,-1.8269017187824e-16
3040,0,0,3040,2.1747404160252e-11,1.1333410993865e-05,1.7625132824363e-14,-1.8743854345478e-16
3041,0,0,3041,2.1747596347412e-11,1.1333311152233e-05,1.8071335490434e-14,-1.9218715914007e-16
3042,0,0,3042,2.1747793283437e-11,1.1333208845393e-05,1.8517537914272e-14,-1.9693602512504e-16
3043,0,0,3043,2.1747994968584e-11,1.1333104073349e-05,1.8963740090048e-14,-2.0168514760386e-16
3044,0,0,3044,2.1748201403117e-11,1.13329968361e-05,1.9409942011632e-14,-2.0643453276099e-16
3045,0,0,3045,2.1748412587304e-11,1.1332887133649e-05,1.9856143672891e-14,-2.1118418680029e-16
3046,0,0,3046,2.174862852142e-11,1.1332774965997e-05,2.0302345067998e-14,-2.1593411590622e-16
3047,0,0,3047,2.1748849205746e-11,1.1332660333145e-05,2.0748546191128e-14,-2.2068432628264e-16
3048,0,0,3048,2.174907464057e-11,1.1332543235095e-05,2.1194747035535e-14,-2.2543482412048e-16
3049,0,0,3049,2.1749304826186e-11,1.1332423671848e-05,2.1640947596313e-14,-2.3018561561713e-16
3050,0,0,3050,2.1749539762893e-11,1.1332301643407e-05,2.2087147866717e-14,-2.3493670696998e-16
3051,0,0,3051,2.1749779450997e-11,1.1332177149773e-05,2.2533347840919e-14,-2.3968810437643e-16
3052,0,0,3052,2.1750023890811e-11,1.1332050190947e-05,2.2979547513095e-14,-2.4443981404356e-16
3053,0,0,3053,2.1750273082653e-11,1.1331920766931e-05,2.3425746877112e-14,-2.4919184216554e-16
3054,0,0,3054,2.1750527026848e-11,1.1331788877727e-05,2.3871945926531e-14,-2.5394419494621e-16
3055,0,0,3055,2.1750785723727e-11,1.1331654523336e-05,2.4318144656139e-14,-2.586968785862e-16
3056,0,0,3056,2.1751049173626e-11,1.1331517703761e-05,2.4764343059497e-14,-2.6344989928936e-16
3057,0,0,3057,2.1751317376889e-11,1.1331378419004e-05,2.521054113078e-14,-2.6820326326925e-16
3058,0,0,3058,2.1751590333866e-11,1.1331236669065e-05,2.5656738863547e-14,-2.7295697672325e-16
3059,0,0,3059,2.1751868044912e-11,1.1331092453948e-05,2.6102936252586e-14,-2.7771104585846e-16
3060,0,0,3060,2.1752150510389e-11,1.1330945773653e-05,2.6549133291152e-14,-2.8246547688518e-16
3061,0,0,3061,2.1752437730665e-11,1.1330796628184e-05,2.6995329973112e-14,-2.872202760202e-16
3062,0,0,3062,2.1752729706114e-11,1.1330645017541e-05,2.744152629356e-14,-2.9197544946414e-16
3063,0,0,3063,2.1753026437118e-11,1.1330490941728e-05,2.7887722245444e-14,-2.9673100343055e-16
3064,0,0,3064,2.1753327924062e-11,1.1330334400746e-05,2.8333917822938e-14,-3.0148694414267e-16
3065,0,0,3065,2.175363416734e-11,1.1330175394596e-05,2.8780113020215e-14,-3.0624327779789e-16
3066,0,0,3066,2.175394516735e-11,1.1330013923282e-05,2.922630783145e-14,-3.1100001062915e-16
3067,0,0,3067,2.1754260924499e-11,1.1329849986806e-05,2.9672502249898e-14,-3.1575714884676e-16
3068,0,0,3068,2.1754581439198e-11,1.1329683585169e-05,3.0118696270652e-14,-3.2051469866105e-16
3069,0,0,3069,2.1754906711864e-11,1.1329514718374e-05,3.0564889886659e-14,-3.2527266630817e-16
3070,0,0,3070,2.1755236742922e-11,1.1329343386423e-05,3.1011083092094e-14,-3.3003105799522e-16
3071,0,0,3071,2.1755571532802e-11,1.1329169589319e-05,3.1457275881745e-14,-3.347898799519e-16
3072,0,0,3072,2.1755911081941e-11,1.1328993327063e-05,3.1903468248252e-14,-3.3954913839821e-16
3073,0,0,3073,2.175625539078e-11,1.1328814599659e-05,3.2349660187015e-14,-3.4430883956387e-16
3074,0,0,3074,2.175660445977e-11,1.1328633407108e-05,3.2795851690983e-14,-3.4906898967211e-16
3075,0,0,3075,2.1756958289365e-11,1.1328449749413e-05,3.324204275433e-14,-3.5382959495264e-16
3076,0,0,3076,2.1757316880026e-11,1.1328263626577e-05,3.3688233371229e-14,-3.5859066163516e-16
3077,0,0,3077,2.1757680232222e-11,1.1328075038602e-05,3.4134423535855e-14,-3.6335219595261e-16
3078,0,0,3078,2.1758048346427e-11,1.132788398549e-05,3.4580613241462e-14,-3.6811420413146e-16
3079,0,0,3079,2.1758421223119e-11,1.1327690467244e-05,3.5026802482838e-14,-3.7287669241433e-16
3080,0,0,3080,2.1758798862786e-11,1.1327494483867e-05,3.5472991253542e-14,-3.7763966703094e-16
3081,0,0,3081,2.175918126592e-11,1.1327296035361e-05,3.5919179547137e-14,-3.8240313422068e-16
3082,0,0,3082,2.175956843302e-11,1.1327095121729e-05,3.6365367358102e-14,-3.8716710022295e-16
3083,0,0,3083,2.1759960364592e-11,1.1326891742974e-05,3.6811554680613e-14,-3.9193157127714e-16
3084,0,0,3084,2.1760357061145e-11,1.1326685899099e-05,3.7257741507922e-14,-3.9669655362911e-16
3085,0,0,3085,2.1760758523199e-11,1.1326477590105e-05,3.7703927834818e-14,-4.0146205351827e-16
3086,0,0,3086,2.1761164751276e-11,1.1326266815996e-05,3.8150113654555e-14,-4.0622807719371e-16
3087,0,0,3087,2.1761575745907e-11,1.1326053576776e-05,3.8596298960999e-14,-4.1099463090127e-16
3088,0,0,3088,2.1761991507628e-11,1.1325837872446e-05,3.904248374894e-14,-4.1576172088683e-16
3089,0,0,3089,2.1762412036981e-11,1.1325619703009e-05,3.948866801163e-14,-4.2052935340594e-16
3090,0,0,3090,2.1762837334516e-11,1.1325399068469e-05,3.9934851743244e-14,-4.2529753471414e-16
3091,0,0,3091,2.1763267400787e-11,1.1325175968828e-05,4.0381034937649e-14,-4.3006627105408e-16
3092,0,0,3092,2.1763702236356e-11,1.132495040409e-05,4.0827217588714e-14,-4.3483556869422e-16
3093,0,0,3093,2.176414184179e-11,1.1324722374258e-05,4.1273399690611e-14,-4.3960543388366e-16
3094,0,0,3094,2.1764586217662e-11,1.1324491879334e-05,4.1719581237209e-14,-4.4437587288764e-16
3095,0,0,3095,2.1765035364554e-11,1.1324258919322e-05,4.2165762222681e-14,-4.4914689196818e-16
3096,0,0,3096,2.1765489283052e-11,1.1324023494224e-05,4.2611942639975e-14,-4.5391849738407e-16
3097,0,0,3097,2.1765947973747e-11,1.1323785604045e-05,4.3058122484186e-14,-4.5869069540702e-16
3098,0,0,3098,2.176641143724e-11,1.1323545248786e-05,4.3504301748874e-14,-4.634634922958e-16
3099,0,0,3099,2.1766879674134e-11,1.1323302428453e-05,4.3950480427599e-14,-4.6823689432859e-16
3100,0,0,3100,2.1767352685042e-11,1.1323057143046e-05,4.4396658514843e-14,-4.7301090777387e-16
3101,0,0,3101,2.1767830470581e-11,1.1322809392571e-05,4.4842836004166e-14,-4.7778553890012e-16
3102,0,0,3102,2.1768313031374e-11,1.132255917703e-05,4.5289012889437e-14,-4.8256079399197e-16
3103,0,0,3103,2.1768800368054e-11,1.1322306496427e-05,4.5735189165135e-14,-4.8733667931789e-16
3104,0,0,3104,2.1769292481255e-11,1.1322051350765e-05,4.6181364824515e-14,-4.9211320116253e-16
3105,0,0,3105,2.1769789371621e-11,1.1321793740048e-05,4.6627539861751e-14,-4.9689036580729e-16
3106,0,0,3106,2.17702910398e-11,1.1321533664278e-05,4.707371427071e-14,-5.0166817953033e-16
3107,0,0,3107,2.1770797486449e-11,1.132127112346e-05,4.7519888045567e-14,-5.0644664862598e-16
3108,0,0,3108,2.1771308712228e-11,1.1321006117598e-05,4.7966061179883e-14,-5.1122577937566e-16
3109,0,0,3109,2.1771824717806e-11,1.1320738646693e-05,4.8412233667524e-14,-5.1600557807367e-16
3110,0,0,3110,2.1772345503857e-11,1.1320468710751e-05,4.8858405503278e-14,-5.2078605100467e-16
3111,0,0,3111,2.1772871071062e-11,1.1320196309775e-05,4.9304576679787e-14,-5.2556720447267e-16
3112,0,0,3112,2.1773401420107e-11,1.1319921443769e-05,4.9750747191531e-14,-5.3034904476553e-16
3113,0,0,3113,2.1773936551685e-11,1.1319644112735e-05,5.0196917032684e-14,-5.3513157819374e-16
3114,0,0,3114,2.1774476466496e-11,1.1319364316679e-05,5.06430861965e-14,-5.3991481104193e-16
3115,0,0,3115,2.1775021165245e-11,1.1319082055603e-05,5.1089254677767e-14,-5.4469874963027e-16
3116,0,0,3116,2.1775570648646e-11,1.1318797329512e-05,5.1535422469433e-14,-5.4948340024988e-16
3117,0,0,3117,2.1776124917415e-11,1.131851013841e-05,5.1981589565977e-14,-5.5426876922092e-16
3118,0,0,3118,2.1776683972278e-11,1.13182204823e-05,5.2427755960961e-14,-5.5905486284741e-16
3119,0,0,3119,2.1777247813965e-11,1.1317928361185e-05,5.2873921648866e-14,-5.6384168743983e-16
3120,0,0,3120,2.1777816443215e-11,1.1317633775072e-05,5.3320086622639e-14,-5.6862924931837e-16
3121,0,0,3121,2.1778389860769e-11,1.1317336723962e-05,5.3766250877067e-14,-5.734175548032e-16
3122,0,0,3122,2.177896806738e-11,1.131703720786e-05,5.4212414405406e-14,-5.7820661020157e-16
3123,0,0,3123,2.1779551063801e-11,1.131673522677e-05,5.4658577201828e-14,-5.8299642184982e-16
3124,0,0,3124,2.1780138850797e-11,1.1316430780697e-05,5.5104739260202e-14,-5.8778699606489e-16
3125,0,0,3125,2.1780731429137e-11,1.1316123869644e-05,5.5550900574088e-14,-5.9257833917664e-16
3126,0,0,3126,2.1781328799594e-11,1.1315814493616e-05,5.5997061137967e-14,-5.9737045751173e-16
3127,0,0,3127,2.1781930962952e-11,1.1315502652616e-05,5.6443220945093e-14,-6.0216335740972e-16
3128,0,0,3128,2.1782537919997e-11,1.1315188346649e-05,5.6889379989947e-14,-6.0695704520046e-16
3129,0,0,3129,2.1783149671524e-11,1.131487157572e-05,5.7335538265476e-14,-6.1175152721708e-16
3130,0,0,3130,2.1783766218334e-11,1.1314552339832e-05,5.7781695766469e-14,-6.1654680980881e-16
3131,0,0,3131,2.1784387561233e-11,1.1314230638989e-05,5.8227852486179e-14,-6.2134289931524e-16
3132,0,0,3132,2.1785013701035e-11,1.1313906473197e-05,5.867400841878e-14,-6.2613980207592e-16
3133,0,0,3133,2.178564463856e-11,1.1313579842459e-05,5.9120163558139e-14,-6.3093752444656e-16
3134,0,0,3134,2.1786280374632e-11,1.131325074678e-05,5.9566317898125e-14,-6.3573607277644e-16
3135,0,0,3135,2.1786920910086e-11,1.1312919186164e-05,6.0012471431991e-14,-6.405354534148e-16
3136,0,0,3136,2.1787566245759e-11,1.1312585160616e-05,6.0458624154525e-14,-6.453356727206e-16
3137,0,0,3137,2.1788216382496e-11,1.1312248670141e-05,6.0904776058675e-14,-6.5013673705279e-16
3138,0,0,3138,2.1788871321148e-11,1.1311909714742e-05,6.1350927138921e-14,-6.5493865277032e-16
3139,0,0,3139,2.1789531062575e-11,1.1311568294425e-05,6.179707738913e-14,-6.5974142624506e-16
3140,0,0,3140,2.1790195607638e-11,1.1311224409194e-05,6.224322680225e-14,-6.6454506383273e-16
3141,0,0,3141,2.179086495721e-11,1.1310878059054e-05,6.2689375373069e-14,-6.6934957191168e-16
3142,0,0,3142,2.1791539112167e-11,1.1310529244009e-05,6.3135523095454e-14,-6.7415495685701e-16
3143,0,0,3143,2.1792218073392e-11,1.1310177964065e-05,6.3581669962353e-14,-6.7896122503413e-16
3144,0,0,3144,2.1792901841775e-11,1.1309824219225e-05,6.402781596794e-14,-6.8376838282784e-16
3145,0,0,3145,2.1793590418212e-11,1.1309468009495e-05,6.4473961106695e-14,-6.8857643662295e-16
3146,0,0,3146,2.1794283803605e-11,1.130910933488e-05,6.4920105371872e-14,-6.9338539279455e-16
3147,0,0,3147,2.1794981998862e-11,1.1308748195384e-05,6.5366248757034e-14,-6.9819525774362e-16
3148,0,0,3148,2.17956850049e-11,1.1308384591013e-05,6.5812391256353e-14,-7.0300603784847e-16
3149,0,0,3149,2.179639282264e-11,1.130801852177e-05,6.625853286339e-14,-7.0781773950685e-16
3150,0,0,3150,2.1797105453009e-11,1.1307649987662e-05,6.6704673572627e-14,-7.1263036911647e-16
3151,0,0,3151,2.1797822896942e-11,1.1307278988693e-05,6.7150813377318e-14,-7.1744393307183e-16
3152,0,0,3152,2.179854515538e-11,1.1306905524869e-05,6.7596952270716e-14,-7.2225843778358e-16
3153,0,0,3153,2.1799272229269e-11,1.1306529596193e-05,6.8043090247916e-14,-7.2707388964944e-16
3154,0,0,3154,2.1800004119564e-11,1.1306151202672e-05,6.8489227301558e-14,-7.3189029508329e-16
3155,0,0,3155,2.1800740827225e-11,1.1305770344311e-05,6.8935363426124e-14,-7.3670766049256e-16
3156,0,0,3156,2.1801482353217e-11,1.1305387021114e-05,6.9381498614868e-14,-7.4152599229758e-16
3157,0,0,3157,2.1802228698514e-11,1.1305001233087e-05,6.9827632861964e-14,-7.4634529691224e-16
3158,0,0,3158,2.1802979864095e-11,1.1304612980235e-05,7.0273766161278e-14,-7.5116558076011e-16
3159,0,0,3159,2.1803735850945e-11,1.1304222262564e-05,7.0719898506067e-14,-7.5598685026477e-16
3160,0,0,3160,2.1804496660057e-11,1.1303829080078e-05,7.1166029890502e-14,-7.6080911185302e-16
3161,0,0,3161,2.1805262292429e-11,1.1303433432784e-05,7.1612160308453e-14,-7.6563237195489e-16
3162,0,0,3162,2.1806032749066e-11,1.1303035320686e-05,7.205828975348e-14,-7.7045663701336e-16
3163,0,0,3163,2.1806808030979e-11,1.130263474379e-05,7.2504418219144e-14,-7.7528191344876e-16
3164,0,0,3164,2.1807588139187e-11,1.1302231702101e-05,7.2950545699925e-14,-7.8010820772344e-16
3165,0,0,3165,2.1808373074713e-11,1.1301826195624e-05,7.3396672188158e-14,-7.849355262642e-16
3166,0,0,3166,2.1809162838589e-11,1.1301418224367e-05,7.384279767955e-14,-7.8976387552694e-16
3167,0,0,3167,2.1809957431851e-11,1.1301007788332e-05,7.4288922166129e-14,-7.9459326195785e-16
3168,0,0,3168,2.1810756855543e-11,1.1300594887528e-05,7.4735045642682e-14,-7.9942369201927e-16
3169,0,0,3169,2.1811561110715e-11,1.1300179521958e-05,7.5181168102464e-14,-8.0425517216386e-16
3170,0,0,3170,2.1812370198424e-11,1.1299761691629e-05,7.5627289539035e-14,-8.0908770884751e-16
3171,0,0,3171,2.1813184119732e-11,1.1299341396547e-05,7.6073409947182e-14,-8.1392130854548e-16
3172,0,0,3172,2.181400287571e-11,1.1298918636716e-05,7.6519529319241e-14,-8.1875597772013e-16
3173,0,0,3173,2.1814826467433e-11,1.1298493412144e-05,7.6965647649691e-14,-8.235917228435e-16
3174,0,0,3174,2.1815654895983e-11,1.1298065722835e-05,7.7411764932707e-14,-8.2842855039087e-16
3175,0,0,3175,2.181648816245e-11,1.1297635568795e-05,7.7857881160623e-14,-8.3326646684396e-16
3176,0,0,3176,2.1817326267929e-11,1.1297202950031e-05,7.830399632884e-14,-8.3810547867805e-16
3177,0,0,3177,2.1818169213521e-11,1.1296767866548e-05,7.8750110429386e-14,-8.4294559239104e-16
3178,0,0,3178,2.1819017000336e-11,1.1296330318352e-05,7.9196223457661e-14,-8.4778681446142e-16
3179,0,0,3179,2.1819869629487e-11,1.1295890305449e-05,7.9642335405692e-14,-8.5262915138386e-16
3180,0,0,3180,2.1820727102097e-11,1.1295447827845e-05,8.0088446268881e-14,-8.5747260966272e-16
3181,0,0,3181,2.1821589419293e-11,1.1295002885547e-05,8.0534556039256e-14,-8.6231719579587e-16
3182,0,0,3182,2.1822456582209e-11,1.1294555478559e-05,8.0980664711909e-14,-8.6716291627799e-16
3183,0,0,3183,2.1823328591986e-11,1.1294105606889e-05,8.1426772279483e-14,-8.7200977762958e-16
3184,0,0,3184,2.1824205449773e-11,1.1293653270543e-05,8.1872878736457e-14,-8.7685778635823e-16
3185,0,0,3185,2.1825087156722e-11,1.1293198469526e-05,8.2318984076087e-14,-8.8170694897799e-16
3186,0,0,3186,2.1825973713994e-11,1.1292741203845e-05,8.2765088292239e-14,-8.8655727201259e-16
3187,0,0,3187,2.1826865122756e-11,1.1292281473505e-05,8.3211191378168e-14,-8.9140876197608e-16
3188,0,0,3188,2.1827761384181e-11,1.1291819278515e-05,8.3657293328048e-14,-8.9626142540513e-16
3189,0,0,3189,2.182866249945e-11,1.1291354618879e-05,8.410339413544e-14,-9.0111526882672e-16
3190,0,0,3190,2.1829568469749e-11,1.1290887494603e-05,8.4549493794211e-14,-9.059702987775e-16
3191,0,0,3191,2.1830479296271e-11,1.1290417905696e-05,8.4995592297002e-14,-9.1082652179414e-16
3192,0,0,3192,2.1831394980215e-11,1.1289945852162e-05,8.5441689638908e-14,-9.1568394441654e-16
3193,0,0,3193,2.1832315522788e-11,1.1289471334008e-05,8.5887785812875e-14,-9.2054257319752e-16
3194,0,0,3194,2.1833240925203e-11,1.1288994351241e-05,8.6333880812158e-14,-9.2540241468667e-16
3195,0,0,3195,2.1834171188678e-11,1.1288514903868e-05,8.6779974630932e-14,-9.3026347543358e-16
3196,0,0,3196,2.183510631444e-11,1.1288032991894e-05,8.7226067263063e-14,-9.3512576200077e-16
3197,0,0,3197,2.1836046303721e-11,1.1287548615326e-05,8.76721587015e-14,-9.3998928095397e-16
3198,0,0,3198,2.183699115776e-11,1.1287061774172e-05,8.8118248940416e-14,-9.4485403884926e-16
3199,0,0,3199,2.1837940877802e-11,1.1286572468437e-05,8.8564337973066e-14,-9.4972004227175e-16
3200,0,0,3200,2.18388954651e-11,1.1286080698129e-05,8.9010425793316e-14,-9.5458729778396e-16
3201,0,0,3201,2.1839854920912e-11,1.1285586463254e-05,8.9456512394729e-14,-9.5945581197103e-16
3202,0,0,3202,2.1840819246504e-11,1.1285089763819e-05,8.9902597771171e-14,-9.6432559141808e-16
3203,0,0,3203,2.1841788443146e-11,1.128459059983e-05,9.034868191559e-14,-9.6919664270703e-16
3204,0,0,3204,2.1842762512119e-11,1.1284088971295e-05,9.0794764822467e-14,-9.7406897243269e-16
3205,0,0,3205,2.1843741454706e-11,1.1283584878221e-05,9.1240846484442e-14,-9.789425871899e-16
3206,0,0,3206,2.1844725272199e-11,1.1283078320614e-05,9.1686926895997e-14,-9.8381749357994e-16
3207,0,0,3207,2.1845713965898e-11,1.1282569298481e-05,9.2133006050079e-14,-9.8869369820411e-16
3208,0,0,3208,2.1846707537105e-11,1.1282057811829e-05,9.2579083940862e-14,-9.9357120767661e-16
3209,0,0,3209,2.1847705987134e-11,1.1281543860666e-05,9.3025160561294e-14,-9.9845002860519e-16
3210,0,0,3210,2.1848709317302e-11,1.1281027444998e-05,9.3471235905549e-14,-1.0033301676073e-15
3211,0,0,3211,2.1849717528933e-11,1.1280508564832e-05,9.3917309966881e-14,-1.0082116313101e-15
3212,0,0,3212,2.1850730623359e-11,1.1279987220176e-05,9.4363382738851e-14,-1.0130944263342e-15
3213,0,0,3213,2.1851748601919e-11,1.1279463411037e-05,9.480945421502e-14,-1.0179785593133e-15
3214,0,0,3214,2.1852771465955e-11,1.1278937137422e-05,9.5255524389255e-14,-1.0228640368745e-15
3215,0,0,3215,2.1853799216821e-11,1.1278408399337e-05,9.5701593254811e-14,-1.0277508656707e-15
3216,0,0,3216,2.1854831855873e-11,1.1277877196791e-05,9.6147660804942e-14,-1.0326390523324e-15
3217,0,0,3217,2.1855869384477e-11,1.1277343529791e-05,9.6593727034434e-14,-1.037528603519e-15
3218,0,0,3218,2.1856911804003e-11,1.1276807398344e-05,9.703979193501e-14,-1.0424195258738e-15
3219,0,0,3219,2.1857959115829e-11,1.1276268802457e-05,9.748585550207e-14,-1.0473118260594e-15
3220,0,0,3220,2.185901132134e-11,1.1275727742138e-05,9.7931917727641e-14,-1.0522055107353e-15
3221,0,0,3221,2.1860068421926e-11,1.1275184217395e-05,9.8377978606205e-14,-1.057100586574e-15
3222,0,0,3222,2.1861130418986e-11,1.1274638228234e-05,9.8824038130708e-14,-1.061997060238e-15
3223,0,0,3223,2.1862197313925e-11,1.1274089774663e-05,9.9270096295326e-14,-1.0668949384095e-15
3224,0,0,3224,2.1863269108153e-11,1.127353885669e-05,9.9716153092698e-14,-1.071794227764e-15
3225,0,0,3225,2.1864345803088e-11,1.1272985474323e-05,1.0016220851731e-13,-1.0766949349869e-15
3226,0,0,3226,2.1865427400154e-11,1.1272429627568e-05,1.0060826256179e-13,-1.0815970667763e-15
3227,0,0,3227,2.1866513900784e-11,1.1271871316434e-05,1.0105431522033e-13,-1.0865006298144e-15
3228,0,0,3228,2.1867605306415e-11,1.1271310540929e-05,1.0150036648617e-13,-1.0914056308122e-15
3229,0,0,3229,2.1868701618491e-11,1.127074730106e-05,1.0194641635226e-13,-1.0963120764649e-15
3230,0,0,3230,2.1869802838465e-11,1.1270181596834e-05,1.0239246481339e-13,-1.1012199734835e-15
3231,0,0,3231,2.1870908967793e-11,1.126961342826e-05,1.028385118616e-13,-1.1061293285824e-15
3232,0,0,3232,2.1872020007942e-11,1.1269042795346e-05,1.0328455749135e-13,-1.1110401484857e-15
3233,0,0,3233,2.1873135960382e-11,1.1268469698099e-05,1.037306016959e-13,-1.1159524399045e-15
3234,0,0,3234,2.1874256826591e-11,1.1267894136527e-05,1.041766444682e-13,-1.1208662095759e-15
3235,0,0,3235,2.1875382608056e-11,1.1267316110639e-05,1.0462268580273e-13,-1.1257814642368e-15
3236,0,0,3236,2.1876513306266e-11,1.1266735620442e-05,1.0506872569183e-13,-1.1306982106112e-15
3237,0,0,3237,2.1877648922722e-11,1.1266152665944e-05,1.0551476412998e-13,-1.1356164554557e-15
3238,0,0,3238,2.1878789458927e-11,1.1265567247153e-05,1.0596080110981e-13,-1.1405362055104e-15
3239,0,0,3239,2.1879934916395e-11,1.1264979364078e-05,1.0640683662489e-13,-1.145457467535e-15
3240,0,0,3240,2.1881085296643e-11,1.1264389016726e-05,1.0685287066939e-13,-1.1503802482825e-15
3241,0,0,3241,2.1882240601198e-11,1.1263796205106e-05,1.0729890323596e-13,-1.1553045545127e-15
3242,0,0,3242,2.1883400831591e-11,1.1263200929226e-05,1.0774493431815e-13,-1.1602303930044e-15
3243,0,0,3243,2.1884565989361e-11,1.1262603189094e-05,1.0819096390983e-13,-1.1651577705239e-15
3244,0,0,3244,2.1885736076055e-11,1.1262002984718e-05,1.0863699200395e-13,-1.1700866938468e-15
3245,0,0,3245,2.1886911093225e-11,1.1261400316107e-05,1.0908301859437e-13,-1.1750171697651e-15
3246,0,0,3246,2.188809104243e-11,1.1260795183269e-05,1.0952904367375e-13,-1.1799492050578e-15
3247,0,0,3247,2.1889275925236e-11,1.1260187586212e-05,1.0997506723624e-13,-1.1848828065297e-15
3248,0,0,3248,2.1890465743217e-11,1.1259577524946e-05,1.1042108927511e-13,-1.1898179809729e-15
3249,0,0,3249,2.1891660497952e-11,1.1258964999477e-05,1.1086710978361e-13,-1.194754735192e-15
3250,0,0,3250,2.1892860191028e-11,1.1258350009816e-05,1.1131312875469e-13,-1.1996930759985e-15
3251,0,0,3251,2.1894064824039e-11,1.1257732555969e-05,1.1175914618283e-13,-1.2046330102069e-15
3252,0,0,3252,2.1895274398583e-11,1.1257112637947e-05,1.1220516206036e-13,-1.2095745446382e-15
3253,0,0,3253,2.1896488916269e-11,1.1256490255757e-05,1.1265117638115e-13,-1.2145176861166e-15
3254,0,0,3254,2.1897708378711e-11,1.1255865409408e-05,1.1309718913845e-13,-1.2194624414761e-15
3255,0,0,3255,2.1898932787528e-11,1.1255238098909e-05,1.1354320032583e-13,-1.2244088175474e-15
3256,0,0,3256,2.190016214435e-11,1.1254608324269e-05,1.1398920993592e-13,-1.2293568211741e-15
3257,0,0,3257,2.1901396450809e-11,1.1253976085495e-05,1.1443521796352e-13,-1.2343064592127e-15
3258,0,0,3258,2.1902635708547e-11,1.1253341382598e-05,1.1488122440035e-13,-1.2392577385005e-15
3259,0,0,3259,2.1903879919213e-11,1.1252704215586e-05,1.1532722924088e-13,-1.2442106659101e-15
3260,0,0,3260,2.1905129084462e-11,1.1252064584467e-05,1.1577323247775e-13,-1.2491652482916e-15
3261,0,0,3261,2.1906383205954e-11,1.1251422489251e-05,1.1621923410484e-13,-1.2541214925274e-15
3262,0,0,3262,2.190764228536e-11,1.1250777929946e-05,1.1666523411509e-13,-1.2590794054838e-15
3263,0,0,3263,2.1908906324354e-11,1.1250130906563e-05,1.1711123250206e-13,-1.2640389940464e-15
3264,0,0,3264,2.1910175324619e-11,1.1249481419108e-05,1.1755722925901e-13,-1.2690002650911e-15
3265,0,0,3265,2.1911449287844e-11,1.1248829467592e-05,1.1800322437889e-13,-1.2739632255229e-15
3266,0,0,3266,2.1912728215726e-11,1.1248175052024e-05,1.1844921785555e-13,-1.2789278822308e-15
3267,0,0,3267,2.1914012109969e-11,1.1247518172412e-05,1.1889520968196e-13,-1.2838942421198e-15
3268,0,0,3268,2.1915300972281e-11,1.1246858828767e-05,1.1934119985136e-13,-1.288862312098e-15
3269,0,0,3269,2.191659480438e-11,1.1246197021096e-05,1.1978718835731e-13,-1.2938320990834e-15
3270,0,0,3270,2.191789360799e-11,1.124553274941e-05,1.2023317519338e-13,-1.2988036099908e-15
3271,0,0,3271,2.1919197384842e-11,1.1244866013718e-05,1.2067916035159e-13,-1.3037768517478e-15
3272,0,0,3272,2.1920506136673e-11,1.1244196814028e-05,1.2112514382673e-13,-1.3087518312884e-15
3273,0,0,3273,2.1921819865228e-11,1.1243525150351e-05,1.2157112561083e-13,-1.3137285555469e-15
3274,0,0,3274,2.192313857226e-11,1.1242851022695e-05,1.2201710569806e-13,-1.3187070314669e-15
3275,0,0,3275,2.1924462259526e-11,1.124217443107e-05,1.2246308408106e-13,-1.3236872660052e-15
3276,0,0,3276,2.1925790928792e-11,1.1241495375486e-05,1.229090607534e-13,-1.3286692661023e-15
3277,0,0,3277,2.1927124581831e-11,1.1240813855951e-05,1.2335503570833e-13,-1.3336530387345e-15
3278,0,0,3278,2.1928463220422e-11,1.1240129872477e-05,1.2380100893879e-13,-1.3386385908583e-15
3279,0,0,3279,2.1929806846351e-11,1.1239443425071e-05,1.2424698043835e-13,-1.3436259294531e-15
3280,0,0,3280,2.1931155461412e-11,1.1238754513744e-05,1.2469295019995e-13,-1.348615061495e-15
3281,0,0,3281,2.1932509067406e-11,1.1238063138505e-05,1.2513891821716e-13,-1.3536059939666e-15
3282,0,0,3282,2.193386766614e-11,1.1237369299364e-05,1.2558488448262e-13,-1.3585987338635e-15
3283,0,0,3283,2.1935231259428e-11,1.1236672996331e-05,1.2603084898988e-13,-1.3635932881842e-15
3284,0,0,3284,2.1936599849092e-11,1.1235974229416e-05,1.2647681173251e-13,-1.3685896639243e-15
3285,0,0,3285,2.193797343696e-11,1.1235272998627e-05,1.2692277270284e-13,-1.3735878680987e-15
3286,0,0,3286,2.1939352024868e-11,1.1234569303976e-05,1.2736873189504e-13,-1.3785879077255e-15
3287,0,0,3287,2.1940735614658e-11,1.1233863145471e-05,1.2781468930146e-13,-1.3835897898227e-15
3288,0,0,3288,2.1942124208179e-11,1.1233154523124e-05,1.2826064491535e-13,-1.3885935214118e-15
3289,0,0,3289,2.1943517807289e-11,1.1232443436943e-05,1.2870659873056e-13,-1.3935991095432e-15
3290,0,0,3290,2.194491641385e-11,1.1231729886939e-05,1.2915255073975e-13,-1.3986065612414e-15
3291,0,0,3291,2.1946320029734e-11,1.1231013873121e-05,1.2959850093586e-13,-1.4036158835634e-15
3292,0,0,3292,2.1947728656817e-11,1.1230295395501e-05,1.3004444931245e-13,-1.4086270835562e-15
3293,0,0,3293,2.1949142296986e-11,1.1229574454087e-05,1.3049039586278e-13,-1.4136401682801e-15
3294,0,0,3294,2.195056095213e-11,1.1228851048891e-05,1.3093634057917e-13,-1.4186551448048e-15
3295,0,0,3295,2.1951984624151e-11,1.1228125179921e-05,1.3138228345582e-13,-1.4236720201969e-15
3296,0,0,3296,2.1953413314952e-11,1.1227396847189e-05,1.3182822448473e-13,-1.4286908015424e-15
3297,0,0,3297,2.1954847026448e-11,1.1226666050705e-05,1.322741636604e-13,-1.4337114959175e-15
3298,0,0,3298,2.1956285760559e-11,1.1225932790479e-05,1.3272010097454e-13,-1.4387341104147e-15
3299,0,0,3299,2.1957729519211e-11,1.1225197066521e-05,1.3316603642102e-13,-1.4437586521394e-15
3300,0,0,3300,2.1959178304339e-11,1.1224458878841e-05,1.3361196999279e-13,-1.4487851281903e-15
3301,0,0,3301,2.1960632117885e-11,1.1223718227451e-05,1.3405790168311e-13,-1.4538135456762e-15
3302,0,0,3302,2.1962090961796e-11,1.122297511236e-05,1.3450383148461e-13,-1.4588439117217e-15
3303,0,0,3303,2.196355483803e-11,1.1222229533578e-05,1.3494975939085e-13,-1.4638762334419e-15
3304,0,0,3304,2.1965023748548e-11,1.1221481491118e-05,1.3539568539448e-13,-1.4689105179745e-15
3305,0,0,3305,2.196649769532e-11,1.1220730984988e-05,1.3584160948906e-13,-1.473946772457e-15
3306,0,0,3306,2.1967976680324e-11,1.12199780152e-05,1.3628753166692e-13,-1.478985004024e-15
3307,0,0,3307,2.1969460705544e-11,1.1219222581764e-05,1.3673345192162e-13,-1.4840252198358e-15
3308,0,0,3308,2.1970949772971e-11,1.121846468469e-05,1.3717937024672e-13,-1.4890674270493e-15
3309,0,0,3309,2.1972443884604e-11,1.1217704323991e-05,1.3762528663395e-13,-1.4941116328249e-15
3310,0,0,3310,2.1973943042448e-11,1.1216941499675e-05,1.3807120107717e-13,-1.4991578443325e-15
3311,0,0,3311,2.1975447248517e-11,1.1216176211755e-05,1.3851711356963e-13,-1.5042060687519e-15
3312,0,0,3312,2.197695650483e-11,1.1215408460241e-05,1.3896302410368e-13,-1.5092563132723e-15
3313,0,0,3313,2.1978470813415e-11,1.1214638245143e-05,1.3940893267287e-13,-1.5143085850734e-15
3314,0,0,3314,2.1979990176307e-11,1.1213865566473e-05,1.3985483926984e-13,-1.5193628913641e-15
3315,0,0,3315,2.1981514595546e-11,1.1213090424242e-05,1.4030074388753e-13,-1.5244192393433e-15
3316,0,0,3316,2.1983044073182e-11,1.121231281846e-05,1.4074664651952e-13,-1.5294776362295e-15
3317,0,0,3317,2.1984578611271e-11,1.1211532749139e-05,1.4119254715814e-13,-1.5345380892314e-15
3318,0,0,3318,2.1986118211877e-11,1.1210750216289e-05,1.4163844579663e-13,-1.5396006055869e-15
3319,0,0,3319,2.198766287707e-11,1.1209965219922e-05,1.4208434242795e-13,-1.5446651925176e-15
3320,0,0,3320,2.1989212608927e-11,1.1209177760049e-05,1.4253023704535e-13,-1.5497318572743e-15
3321,0,0,3321,2.1990767409534e-11,1.120838783668e-05,1.4297612964086e-13,-1.5548006070949e-15
3322,0,0,3322,2.1992327280983e-11,1.1207595449828e-05,1.4342202020834e-13,-1.5598714492365e-15
3323,0,0,3323,2.1993892225374e-11,1.1206800599504e-05,1.4386790874075e-13,-1.5649443909661e-15
3324,0,0,3324,2.1995462244814e-11,1.1206003285718e-05,1.4431379523011e-13,-1.5700194395441e-15
3325,0,0,3325,2.1997037341416e-11,1.1205203508482e-05,1.447596796706e-13,-1.5750966022471e-15
3326,0,0,3326,2.1998617517302e-11,1.1204401267808e-05,1.4520556205393e-13,-1.5801758863614e-15
3327,0,0,3327,2.2000202774601e-11,1.1203596563707e-05,1.4565144237367e-13,-1.5852572991765e-15
3328,0,0,3328,2.2001793115449e-11,1.1202789396189e-05,1.4609732062307e-13,-1.5903408479885e-15
3329,0,0,3329,2.200338854199e-11,1.1201979765268e-05,1.4654319679386e-13,-1.5954265400997e-15
3330,0,0,3330,2.2004989056372e-11,1.1201167670954e-05,1.469890708802e-13,-1.6005143828256e-15
3331,0,0,3331,2.2006594660756e-11,1.1200353113258e-05,1.4743494287382e-13,-1.6056043834848e-15
3332,0,0,3332,2.2008205357305e-11,1.1199536092193e-05,1.4788081276889e-13,-1.6106965493991e-15
3333,0,0,3333,2.2009821148193e-11,1.119871660777e-05,1.4832668055714e-13,-1.6157908879098e-15
3334,0,0,3334,2.20114420356e-11,1.1197894660001e-05,1.4877254623181e-13,-1.6208874063515e-15
3335,0,0,3335,2.2013068021712e-11,1.1197070248897e-05,1.4921840978586e-13,-1.6259861120753e-15
3336,0,0,3336,2.2014699108724e-11,1.119624337447e-05,1.4966427121223e-13,-1.6310870124385e-15
3337,0,0,3337,2.2016335298839e-11,1.1195414036733e-05,1.5011013050326e-13,-1.636190114805e-15
3338,0,0,3338,2.2017976594265e-11,1.1194582235696e-05,1.505559876525e-13,-1.641295426545e-15
3339,0,0,3339,2.201962299722e-11,1.1193747971372e-05,1.5100184265199e-13,-1.6464029550353e-15
3340,0,0,3340,2.2021274509928e-11,1.1192911243773e-05,1.5144769549529e-13,-1.6515127076657e-15
3341,0,0,3341,2.202293113462e-11,1.119207205291e-05,1.5189354617442e-13,-1.6566246918291e-15
3342,0,0,3342,2.2024592873535e-11,1.1191230398796e-05,1.5233939468325e-13,-1.6617389149215e-15
3343,0,0,3343,2.2026259728919e-11,1.1190386281442e-05,1.527852410132e-13,-1.6668553843619e-15
3344,0,0,3344,2.2027931703027e-11,1.1189539700861e-05,1.5323108515844e-13,-1.6719741075625e-15
3345,0,0,3345,2.2029608798119e-11,1.1188690657065e-05,1.5367692711069e-13,-1.677095091942e-15
3346,0,0,3346,2.2031291016464e-11,1.1187839150065e-05,1.5412276686321e-13,-1.6822183449419e-15
3347,0,0,3347,2.2032978360338e-11,1.1186985179875e-05,1.5456860440863e-13,-1.6873438740004e-15
3348,0,0,3348,2.2034670832024e-11,1.1186128746507e-05,1.5501443973961e-13,-1.6924716865588e-15
3349,0,0,3349,2.2036368433814e-11,1.1185269849972e-05,1.5546027284938e-13,-1.6976017900812e-15
3350,0,0,3350,2.2038071168006e-11,1.1184408490282e-05,1.5590610372998e-13,-1.7027341920282e-15
3351,0,0,3351,2.2039779036906e-11,1.1183544667452e-05,1.5635193237467e-13,-1.7078688998641e-15
3352,0,0,3352,2.2041492042827e-11,1.1182678381492e-05,1.5679775877577e-13,-1.7130059210817e-15
3353,0,0,3353,2.204321018809e-11,1.1181809632415e-05,1.5724358292655e-13,-1.7181452631582e-15
3354,0,0,3354,2.2044933475024e-11,1.1180938420233e-05,1.5768940481902e-13,-1.7232869335929e-15
3355,0,0,3355,2.2046661905964e-11,1.118006474496e-05,1.5813522444645e-13,-1.7284309398856e-15
3356,0,0,3356,2.2048395483253e-11,1.1179188606608e-05,1.5858104180087e-13,-1.733577289555e-15
3357,0,0,3357,2.2050134209244e-11,1.1178310005188e-05,1.5902685687613e-13,-1.7387259901073e-15
3358,0,0,3358,2.2051878086293e-11,1.1177428940715e-05,1.5947266966335e-13,-1.7438770490841e-15
3359,0,0,3359,2.2053627116767e-11,1.11765454132e-05,1.5991848015639e-13,-1.7490304740138e-15
3360,0,0,3360,2.2055381303039e-11,1.1175659422657e-05,1.603642883479e-13,-1.7541862724414e-15
3361,0,0,3361,2.2057140647491e-11,1.1174770969098e-05,1.6081009422929e-13,-1.7593444519149e-15
3362,0,0,3362,2.2058905152511e-11,1.1173880052535e-05,1.6125589779474e-13,-1.7645050199983e-15
3363,0,0,3363,2.2060674820495e-11,1.1172986672983e-05,1.6170169903596e-13,-1.7696679842625e-15
3364,0,0,3364,2.2062449653848e-11,1.1172090830453e-05,1.621474979459e-13,-1.774833352278e-15
3365,0,0,3365,2.2064229654979e-11,1.1171192524958e-05,1.625932945169e-13,-1.7800011316316e-15
3366,0,0,3366,2.2066014826309e-11,1.1170291756512e-05,1.6303908874191e-13,-1.7851713299198e-15
3367,0,0,3367,2.2067805170264e-11,1.1169388525127e-05,1.6348488061325e-13,-1.7903439547358e-15
3368,0,0,3368,2.2069600689278e-11,1.1168482830817e-05,1.6393067012358e-13,-1.7955190136988e-15
3369,0,0,3369,2.2071401385792e-11,1.1167574673595e-05,1.6437645726583e-13,-1.8006965144215e-15
3370,0,0,3370,2.2073207262256e-11,1.1166664053473e-05,1.6482224203204e-13,-1.8058764645293e-15
3371,0,0,3371,2.2075018321128e-11,1.1165750970465e-05,1.6526802441515e-13,-1.8110588716641e-15
3372,0,0,3372,2.2076834564872e-11,1.1164835424585e-05,1.657138044075e-13,-1.8162437434611e-15
3373,0,0,3373,2.2078655995959e-11,1.1163917415844e-05,1.6615958200173e-13,-1.8214310875781e-15
3374,0,0,3374,2.2080482616871e-11,1.1162996944258e-05,1.6660535719017e-13,-1.8266209116698e-15
3375,0,0,3375,2.2082314430094e-11,1.1162074009838e-05,1.6705112996608e-13,-1.8318132234135e-15
3376,0,0,3376,2.2084151438125e-11,1.1161148612599e-05,1.6749690032057e-13,-1.83700803048e-15
3377,0,0,3377,2.2085993643465e-11,1.1160220752553e-05,1.6794266824811e-13,-1.8422053405595e-15
3378,0,0,3378,2.2087841048627e-11,1.1159290429715e-05,1.683884337392e-13,-1.8474051613454e-15
3379,0,0,3379,2.2089693656127e-11,1.1158357644097e-05,1.688341967877e-13,-1.8526075005377e-15
3380,0,0,3380,2.2091551468493e-11,1.1157422395714e-05,1.6927995738535e-13,-1.8578123658587e-15
3381,0,0,3381,2.2093414488258e-11,1.1156484684578e-05,1.6972571552539e-13,-1.8630197650214e-15
3382,0,0,3382,2.2095282717964e-11,1.1155544510704e-05,1.7017147119955e-13,-1.8682297057579e-15
3383,0,0,3383,2.209715616016e-11,1.1154601874105e-05,1.7061722440046e-13,-1.8734421958036e-15
3384,0,0,3384,2.2099034817403e-11,1.1153656774795e-05,1.7106297512107e-13,-1.8786572429134e-15
3385,0,0,3385,2.2100918692257e-11,1.1152709212788e-05,1.715087233531e-13,-1.8838748548421e-15
3386,0,0,3386,2.2102807787297e-11,1.1151759188097e-05,1.7195446908951e-13,-1.8890950393445e-15
3387,0,0,3387,2.2104702105101e-11,1.1150806700736e-05,1.7240021232263e-13,-1.894317804211e-15
3388,0,0,3388,2.2106601648258e-11,1.1149851750719e-05,1.7284595304447e-13,-1.8995431572126e-15
3389,0,0,3389,2.2108506419364e-11,1.114889433806e-05,1.73291691248e-13,-1.904771106146e-15
3390,0,0,3390,2.2110416421023e-11,1.1147934462773e-05,1.7373742692524e-13,-1.9100016588145e-15
3391,0,0,3391,2.2112331655846e-11,1.1146972124872e-05,1.7418316006883e-13,-1.9152348230248e-15
3392,0,0,3392,2.2114252126453e-11,1.1146007324371e-05,1.746288906708e-13,-1.9204706065961e-15
3393,0,0,3393,2.211617783547e-11,1.1145040061284e-05,1.7507461872409e-13,-1.9257090173642e-15
3394,0,0,3394,2.2118108785533e-11,1.1144070335626e-05,1.7552034422042e-13,-1.9309500631516e-15
3395,0,0,3395,2.2120044979285e-11,1.1143098147409e-05,1.7596606715276e-13,-1.9361937518231e-15
3396,0,0,3396,2.2121986419376e-11,1.114212349665e-05,1.764117875128e-13,-1.9414400912207e-15
3397,0,0,3397,2.2123933108466e-11,1.1141146383361e-05,1.7685750529351e-13,-1.9466890892156e-15
3398,0,0,3398,2.2125885049219e-11,1.1140166807557e-05,1.7730322048691e-13,-1.9519407536821e-15
3399,0,0,3399,2.2127842244312e-11,1.1139184769253e-05,1.7774893308503e-13,-1.9571950925044e-15
3400,0,0,3400,2.2129804696425e-11,1.1138200268462e-05,1.7819464308081e-13,-1.962452113576e-15
3401,0,0,3401,2.213177240825e-11,1.11372133052e-05,1.7864035046598e-13,-1.9677118247942e-15
3402,0,0,3402,2.2133745382484e-11,1.113622387948e-05,1.7908605523318e-13,-1.9729742340751e-15
3403,0,0,3403,2.2135723621833e-11,1.1135231991318e-05,1.7953175737443e-13,-1.9782393493385e-15
3404,0,0,3404,2.2137707129012e-11,1.1134237640728e-05,1.7997745688238e-13,-1.9835071785201e-15
3405,0,0,3405,2.2139695906742e-11,1.1133240827723e-05,1.8042315374906e-13,-1.9887777295524e-15
3406,0,0,3406,2.2141689957752e-11,1.113224155232e-05,1.8086884796649e-13,-1.9940510103906e-15
3407,0,0,3407,2.2143689284781e-11,1.1131239814533e-05,1.81314539527e-13,-1.9993270289898e-15
3408,0,0,3408,2.2145693890574e-11,1.1130235614376e-05,1.8176022842324e-13,-2.0046057933246e-15
3409,0,0,3409,2.2147703777886e-11,1.1129228951864e-05,1.8220591464723e-13,-2.0098873113663e-15
3410,0,0,3410,2.2149718949477e-11,1.1128219827012e-05,1.8265159819071e-13,-2.0151715911056e-15
3411,0,0,3411,2.2151739408117e-11,1.1127208239835e-05,1.8309727904629e-13,-2.020458640546e-15
3412,0,0,3412,2.2153765156585e-11,1.1126194190348e-05,1.8354295720664e-13,-2.0257484676848e-15
3413,0,0,3413,2.2155796197666e-11,1.1125177678565e-05,1.8398863266316e-13,-2.0310410805449e-15
3414,0,0,3414,2.2157832534153e-11,1.1124158704502e-05,1.8443430540788e-13,-2.0363364871559e-15
3415,0,0,3415,2.2159874168848e-11,1.1123137268174e-05,1.8487997543405e-13,-2.0416346955471e-15
3416,0,0,3416,2.2161921104562e-11,1.1122113369595e-05,1.8532564273279e-13,-2.046935713774e-15
3417,0,0,3417,2.2163973344112e-11,1.1121087008781e-05,1.8577130729673e-13,-2.0522395498821e-15
3418,0,0,3418,2.2166030890324e-11,1.1120058185747e-05,1.8621696911759e-13,-2.0575462119461e-15
3419,0,0,3419,2.2168093746032e-11,1.1119026900509e-05,1.8666262818833e-13,-2.0628557080407e-15
3420,0,0,3420,2.2170161914078e-11,1.1117993153081e-05,1.8710828450005e-13,-2.0681680462472e-15
3421,0,0,3421,2.2172235397313e-11,1.1116956943478e-05,1.8755393804569e-13,-2.0734832346725e-15
3422,0,0,3422,2.2174314198594e-11,1.1115918271717e-05,1.8799958881668e-13,-2.0788012814074e-15
3423,0,0,3423,2.2176398320789e-11,1.1114877137812e-05,1.8844523680534e-13,-2.0841221945817e-15
3424,0,0,3424,2.2178487766771e-11,1.1113833541779e-05,1.8889088200432e-13,-2.0894459823152e-15
3425,0,0,3425,2.2180582539424e-11,1.1112787483633e-05,1.8933652440442e-13,-2.0947726527441e-15
3426,0,0,3426,2.2182682641638e-11,1.111173896339e-05,1.8978216399919e-13,-2.1001022140206e-15
3427,0,0,3427,2.2184788076312e-11,1.1110687981065e-05,1.9022780077945e-13,-2.1054346742905e-15
3428,0,0,3428,2.2186898846354e-11,1.1109634536674e-05,1.9067343473783e-13,-2.1107700417319e-15
3429,0,0,3429,2.2189014954678e-11,1.1108578630233e-05,1.9111906586605e-13,-2.1161083245164e-15
3430,0,0,3430,2.2191136404209e-11,1.1107520261757e-05,1.9156469415676e-13,-2.1214495308319e-15
3431,0,0,3431,2.2193263197878e-11,1.1106459431262e-05,1.9201031960136e-13,-2.1267936688758e-15
3432,0,0,3432,2.2195395338625e-11,1.1105396138763e-05,1.9245594219159e-13,-2.1321407468585e-15
3433,0,0,3433,2.2197532829398e-11,1.1104330384278e-05,1.9290156192007e-13,-2.137490772997e-15
3434,0,0,3434,2.2199675673153e-11,1.110326216782e-05,1.9334717877853e-13,-2.1428437555242e-15
3435,0,0,3435,2.2201823872856e-11,1.1102191489407e-05,1.9379279275931e-13,-2.1481997026667e-15
3436,0,0,3436,2.2203977431479e-11,1.1101118349055e-05,1.9423840385321e-13,-2.1535586226898e-15
3437,0,0,3437,2.2206136352003e-11,1.1100042746778e-05,1.9468401205348e-13,-2.1589205238461e-15
3438,0,0,3438,2.2208300637417e-11,1.1098964682594e-05,1.9512961735153e-13,-2.1642854144072e-15
3439,0,0,3439,2.221047029072e-11,1.1097884156518e-05,1.9557521973879e-13,-2.1696533026547e-15
3440,0,0,3440,2.2212645314917e-11,1.1096801168566e-05,1.9602081920819e-13,-2.1750241968798e-15
3441,0,0,3441,2.2214825713022e-11,1.1095715718756e-05,1.9646641575085e-13,-2.1803981053898e-15
3442,0,0,3442,2.2217011488058e-11,1.1094627807102e-05,1.9691200935879e-13,-2.1857750364888e-15
3443,0,0,3443,2.2219202643057e-11,1.1093537433621e-05,1.9735760002404e-13,-2.1911549985134e-15
3444,0,0,3444,2.2221399181057e-11,1.109244459833e-05,1.9780318773832e-13,-2.1965379997869e-15
3445,0,0,3445,2.2223601105105e-11,1.1091349301244e-05,1.9824877249336e-13,-2.201924048662e-15
3446,0,0,3446,2.2225808418259e-11,1.1090251542381e-05,1.9869435428179e-13,-2.2073131534944e-15
3447,0,0,3447,2.2228021123582e-11,1.1089151321756e-05,1.9913993309442e-13,-2.2127053226465e-15
3448,0,0,3448,2.2230239224146e-11,1.1088048639386e-05,1.9958550892357e-13,-2.2181005645e-15
3449,0,0,3449,2.2232462723034e-11,1.1086943495288e-05,2.0003108176129e-13,-2.2234988874461e-15
3450,0,0,3450,2.2234691623333e-11,1.1085835889478e-05,2.0047665159867e-13,-2.2289002998795e-15
3451,0,0,3451,2.2236925928144e-11,1.1084725821973e-05,2.0092221842805e-13,-2.2343048102174e-15
3452,0,0,3452,2.2239165640571e-11,1.1083613292789e-05,2.0136778224084e-13,-2.2397124268769e-15
3453,0,0,3453,2.2241410763729e-11,1.1082498301944e-05,2.0181334302938e-13,-2.2451231582948e-15
3454,0,0,3454,2.2243661300742e-11,1.1081380849453e-05,2.0225890078508e-13,-2.2505370129108e-15
3455,0,0,3455,2.2245917254741e-11,1.1080260935334e-05,2.0270445549967e-13,-2.2559539991874e-15
3456,0,0,3456,2.2248178628866e-11,1.1079138559604e-05,2.0315000716456e-13,-2.2613741255804e-15
3457,0,0,3457,2.2250445426267e-11,1.1078013722279e-05,2.0359555577208e-13,-2.2667974005752e-15
3458,0,0,3458,2.22527176501e-11,1.1076886423377e-05,2.0404110131334e-13,-2.2722238326598e-15
3459,0,0,3459,2.225499530353e-11,1.1075756662914e-05,2.0448664378098e-13,-2.2776534303355e-15
3460,0,0,3460,2.2257278389732e-11,1.1074624440908e-05,2.0493218316581e-13,-2.28308620211e-15
3461,0,0,3461,2.2259566911889e-11,1.1073489757375e-05,2.0537771945923e-13,-2.2885221565072e-15
3462,0,0,3462,2.2261860873191e-11,1.1072352612333e-05,2.058232526542e-13,-2.2939613020606e-15
3463,0,0,3463,2.2264160276838e-11,1.1071213005798e-05,2.0626878274151e-13,-2.2994036473198e-15
3464,0,0,3464,2.2266465126039e-11,1.1070070937789e-05,2.0671430971228e-13,-2.3048492008345e-15
3465,0,0,3465,2.226877542401e-11,1.1068926408322e-05,2.0715983355945e-13,-2.3102979711836e-15
3466,0,0,3466,2.2271091173977e-11,1.1067779417414e-05,2.0760535427382e-13,-2.3157499669361e-15
3467,0,0,3467,2.2273412379174e-11,1.1066629965083e-05,2.0805087184712e-13,-2.3212051966934e-15
3468,0,0,3468,2.2275739042843e-11,1.1065478051347e-05,2.0849638627075e-13,-2.3266636690471e-15
3469,0,0,3469,2.2278071168235e-11,1.1064323676222e-05,2.0894189753675e-13,-2.3321253926213e-15
3470,0,0,3470,2.2280408758611e-11,1.1063166839727e-05,2.0938740563623e-13,-2.3375903760399e-15
3471,0,0,3471,2.2282751817239e-11,1.1062007541879e-05,2.098329105612e-13,-2.34305862794e-15
3472,0,0,3472,2.2285100347396e-11,1.1060845782695e-05,2.1027841230279e-13,-2.3485301569746e-15
3473,0,0,3473,2.2287454352368e-11,1.1059681562193e-05,2.1072391085301e-13,-2.3540049717967e-15
3474,0,0,3474,2.2289813835449e-11,1.1058514880391e-05,2.1116940620298e-13,-2.3594830810886e-15
3475,0,0,3475,2.2292178799943e-11,1.1057345737306e-05,2.1161489834442e-13,-2.3649644935324e-15
3476,0,0,3476,2.2294549249161e-11,1.1056174132956e-05,2.1206038726843e-13,-2.3704492178199e-15
3477,0,0,3477,2.2296925186423e-11,1.105500006736e-05,2.1250587296734e-13,-2.3759372626722e-15
3478,0,0,3478,2.229930661506e-11,1.1053823540534e-05,2.1295135543167e-13,-2.3814286367972e-15
3479,0,0,3479,2.2301693538409e-11,1.1052644552497e-05,2.1339683465372e-13,-2.3869233489384e-15
3480,0,0,3480,2.2304085959817e-11,1.1051463103268e-05,2.1384231062402e-13,-2.3924214078298e-15
3481,0,0,3481,2.2306483882639e-11,1.1050279192862e-05,2.1428778333518e-13,-2.3979228222375e-15
3482,0,0,3482,2.230888731024e-11,1.10490928213e-05,2.1473325277771e-13,-2.4034276009277e-15
3483,0,0,3483,2.2311296245993e-11,1.1047903988599e-05,2.1517871894333e-13,-2.4089357526763e-15
3484,0,0,3484,2.2313710693279e-11,1.1046712694776e-05,2.1562418182345e-13,-2.4144472862849e-15
3485,0,0,3485,2.2316130655489e-11,1.1045518939852e-05,2.1606964140919e-13,-2.4199622105553e-15
3486,0,0,3486,2.2318556136024e-11,1.1044322723842e-05,2.1651509769287e-13,-2.4254805343022e-15
3487,0,0,3487,2.232098713829e-11,1.1043124046767e-05,2.1696055066468e-13,-2.4310022663628e-15
3488,0,0,3488,2.2323423665706e-11,1.1041922908643e-05,2.1740600031635e-13,-2.4365274155679e-15
3489,0,0,3489,2.2325865721696e-11,1.1040719309491e-05,2.178514466399e-13,-2.442055990787e-15
3490,0,0,3490,2.2328313309697e-11,1.1039513249327e-05,2.1829688962552e-13,-2.4475880008705e-15
3491,0,0,3491,2.2330766433152e-11,1.1038304728171e-05,2.1874232926554e-13,-2.4531234547136e-15
3492,0,0,3492,2.2333225095513e-11,1.1037093746041e-05,2.1918776555077e-13,-2.4586623611989e-15
3493,0,0,3493,2.2335689300243e-11,1.1035880302955e-05,2.1963319847262e-13,-2.4642047292347e-15
3494,0,0,3494,2.233815905081e-11,1.1034664398933e-05,2.2007862802251e-13,-2.4697505677294e-15
3495,0,0,3495,2.2340634350696e-11,1.1033446033993e-05,2.2052405419092e-13,-2.4752998856269e-15
3496,0,0,3496,2.2343115203388e-11,1.1032225208153e-05,2.209694769705e-13,-2.4808526918548e-15
3497,0,0,3497,2.2345601612383e-11,1.1031001921433e-05,2.2141489635114e-13,-2.4864089953798e-15
3498,0,0,3498,2.2348093581188e-11,1.1029776173851e-05,2.2186031232486e-13,-2.4919688051651e-15
3499,0,0,3499,2.2350591113318e-11,1.1028547965426e-05,2.2230572488306e-13,-2.4975321301836e-15
3500,0,0,3500,2.2353094212298e-11,1.1027317296178e-05,2.2275113401596e-13,-2.5030989794375e-15
3501,0,0,3501,2.235560288166e-11,1.1026084166124e-05,2.2319653971586e-13,-2.5086693619319e-15
3502,0,0,3502,2.2358117124947e-11,1.1024848575284e-05,2.2364194197297e-13,-2.5142432866819e-15
3503,0,0,3503,2.2360636945709e-11,1.1023610523678e-05,2.2408734077932e-13,-2.5198207627154e-15
3504,0,0,3504,2.2363162347508e-11,1.1022370011323e-05,2.2453273612569e-13,-2.5254017990861e-15
3505,0,0,3505,2.2365693333913e-11,1.1021127038241e-05,2.249781280029e-13,-2.5309864048445e-15
3506,0,0,3506,2.2368229908502e-11,1.1019881604448e-05,2.2542351640267e-13,-2.5365745890639e-15
3507,0,0,3507,2.2370772074863e-11,1.1018633709966e-05,2.2586890131548e-13,-2.5421663608236e-15
3508,0,0,3508,2.2373319836592e-11,1.1017383354813e-05,2.2631428273338e-13,-2.5477617292294e-15
3509,0,0,3509,2.2375873197296e-11,1.1016130539008e-05,2.2675966064623e-13,-2.5533607033768e-15
3510,0,0,3510,2.2378432160588e-11,1.1014875262571e-05,2.2720503504637e-13,-2.5589632924004e-15
3511,0,0,3511,2.2380996730093e-11,1.1013617525522e-05,2.276504059237e-13,-2.5645695054283e-15
3512,0,0,3512,2.2383566909445e-11,1.101235732788e-05,2.2809577327022e-13,-2.5701793516176e-15
3513,0,0,3513,2.2386142702285e-11,1.1011094669664e-05,2.2854113707613e-13,-2.5757928401223e-15
3514,0,0,3514,2.2388724112265e-11,1.1009829550894e-05,2.2898649733316e-13,-2.5814099801253e-15
3515,0,0,3515,2.2391311143046e-11,1.100856197159e-05,2.2943185403209e-13,-2.5870307808064e-15
3516,0,0,3516,2.2393903798298e-11,1.1007291931771e-05,2.2987720716375e-13,-2.5926552513777e-15
3517,0,0,3517,2.2396502081699e-11,1.1006019431458e-05,2.3032255671922e-13,-2.5982834010513e-15
3518,0,0,3518,2.2399105996938e-11,1.100474447067e-05,2.3076790268962e-13,-2.6039152390521e-15
3519,0,0,3519,2.2401715547712e-11,1.1003467049426e-05,2.3121324506576e-13,-2.6095507746311e-15
3520,0,0,3520,2.2404330737729e-11,1.1002187167747e-05,2.3165858383842e-13,-2.615190017039e-15
3521,0,0,3521,2.2406951570705e-11,1.1000904825654e-05,2.3210391899903e-13,-2.6208329755461e-15
3522,0,0,3522,2.2409578050364e-11,1.0999620023164e-05,2.3254925053809e-13,-2.6264796594389e-15
3523,0,0,3523,2.2412210180442e-11,1.09983327603e-05,2.3299457844608e-13,-2.6321300780101e-15
3524,0,0,3524,2.2414847964683e-11,1.0997043037081e-05,2.3343990271534e-13,-2.6377842405784e-15
3525,0,0,3525,2.2417491406839e-11,1.0995750853526e-05,2.3388522333513e-13,-2.6434421564562e-15
3526,0,0,3526,2.2420140510674e-11,1.0994456209657e-05,2.3433054029719e-13,-2.6491038349944e-15
3527,0,0,3527,2.242279527996e-11,1.0993159105494e-05,2.3477585359231e-13,-2.6547692855376e-15
3528,0,0,3528,2.2425455718477e-11,1.0991859541056e-05,2.3522116321098e-13,-2.6604385174561e-15
3529,0,0,3529,2.2428121830017e-11,1.0990557516365e-05,2.3566646914432e-13,-2.666111540127e-15
3530,0,0,3530,2.243079361838e-11,1.098925303144e-05,2.3611177138312e-13,-2.6717883629463e-15
3531,0,0,3531,2.2433471087376e-11,1.0987946086302e-05,2.3655706991818e-13,-2.6774689953201e-15
3532,0,0,3532,2.2436154240822e-11,1.0986636680972e-05,2.370023647397e-13,-2.6831534466737e-15
3533,0,0,3533,2.2438843082549e-11,1.098532481547e-05,2.374476558394e-13,-2.6888417264389e-15
3534,0,0,3534,2.2441537616393e-11,1.0984010489817e-05,2.3789294320745e-13,-2.6945338440702e-15
3535,0,0,3535,2.2444237846202e-11,1.0982693704034e-05,2.3833822683467e-13,-2.7002298090315e-15
3536,0,0,3536,2.2446943775833e-11,1.098137445814e-05,2.3878350671216e-13,-2.7059296307967e-15
3537,0,0,3537,2.2449655409152e-11,1.0980052752158e-05,2.392287828295e-13,-2.7116333188656e-15
3538,0,0,3538,2.2452372750034e-11,1.0978728586107e-05,2.3967405517902e-13,-2.7173408827409e-15
3539,0,0,3539,2.2455095802366e-11,1.0977401960009e-05,2.4011932374998e-13,-2.7230523319449e-15
3540,0,0,3540,2.2457824570042e-11,1.0976072873884e-05,2.4056458853351e-13,-2.7287676760128e-15
3541,0,0,3541,2.2460559056967e-11,1.0974741327755e-05,2.41009849521e-13,-2.7344869244993e-15
3542,0,0,3542,2.2463299267054e-11,1.097340732164e-05,2.4145510670173e-13,-2.7402100869588e-15
3543,0,0,3543,2.2466045204227e-11,1.0972070855562e-05,2.4190036006773e-13,-2.7459371729848e-15
3544,0,0,3544,2.2468796872419e-11,1.0970731929542e-05,2.4234560960827e-13,-2.7516681921609e-15
3545,0,0,3545,2.2471554275573e-11,1.0969390543602e-05,2.4279085531475e-13,-2.7574031540966e-15
3546,0,0,3546,2.2474317417641e-11,1.0968046697761e-05,2.4323609717768e-13,-2.7631420684176e-15
3547,0,0,3547,2.2477086302586e-11,1.0966700392041e-05,2.4368133518786e-13,-2.7688849447625e-15
3548,0,0,3548,2.2479860934379e-11,1.0965351626465e-05,2.4412656933485e-13,-2.7746317927796e-15
3549,0,0,3549,2.2482641317001e-11,1.0964000401053e-05,2.4457179961008e-13,-2.7803826221397e-15
3550,0,0,3550,2.2485427454444e-11,1.0962646715826e-05,2.4501702600373e-13,-2.7861374425235e-15
3551,0,0,3551,2.2488219350707e-11,1.0961290570807e-05,2.454622485066e-13,-2.7918962636245e-15
3552,0,0,3552,2.2491017009802e-11,1.0959931966016e-05,2.4590746710889e-13,-2.7976590951588e-15
3553,0,0,3553,2.2493820435749e-11,1.0958570901476e-05,2.4635268180108e-13,-2.8034259468555e-15
3554,0,0,3554,2.2496629632578e-11,1.0957207377208e-05,2.4679789257367e-13,-2.8091968284437e-15
3555,0,0,3555,2.2499444604327e-11,1.0955841393233e-05,2.4724309941747e-13,-2.8149717496977e-15
3556,0,0,3556,2.2502265355048e-11,1.0954472949574e-05,2.4768830232204e-13,-2.8207507203723e-15
3557,0,0,3557,2.2505091888798e-11,1.0953102046252e-05,2.4813350127849e-13,-2.8265337502678e-15
3558,0,0,3558,2.2507924209647e-11,1.0951728683289e-05,2.4857869627702e-13,-2.8323208491778e-15
3559,0,0,3559,2.2510762321674e-11,1.0950352860707e-05,2.4902388730843e-13,-2.8381120269219e-15
3560,0,0,3560,2.2513606228967e-11,1.0948974578528e-05,2.4946907436228e-13,-2.8439072933293e-15
3561,0,0,3561,2.2516455935626e-11,1.0947593836774e-05,2.4991425742968e-13,-2.849706658255e-15
3562,0,0,3562,2.2519311445757e-11,1.0946210635468e-05,2.5035943649991e-13,-2.8555101315542e-15
3563,0,0,3563,2.252217276348e-11,1.094482497463e-05,2.50804611565e-13,-2.861317723111e-15
3564,0,0,3564,2.2525039892923e-11,1.0943436854284e-05,2.5124978261359e-13,-2.8671294428128e-15
3565,0,0,3565,2.2527912838224e-11,1.0942046274452e-05,2.5169494963679e-13,-2.8729453005794e-15
3566,0,0,3566,2.253079160353e-11,1.0940653235156e-05,2.521401126248e-13,-2.8787653063207e-15
3567,0,0,3567,2.2533676193e-11,1.0939257736418e-05,2.5258527156749e-13,-2.8845894699887e-15
3568,0,0,3568,2.2536566610802e-11,1.0937859778261e-05,2.5303042645598e-13,-2.8904178015355e-15
3569,0,0,3569,2.2539462861113e-11,1.0936459360707e-05,2.5347557727983e-13,-2.8962503109324e-15
3570,0,0,3570,2.2542364948121e-11,1.0935056483778e-05,2.5392072402893e-13,-2.9020870081671e-15
3571,0,0,3571,2.2545272876024e-11,1.0933651147498e-05,2.5436586669438e-13,-2.9079279032368e-15
3572,0,0,3572,2.254818664903e-11,1.0932243351889e-05,2.5481100526546e-13,-2.913773006171e-15
3573,0,0,3573,2.2551106271357e-11,1.0930833096974e-05,2.5525613973297e-13,-2.9196223269961e-15
3574,0,0,3574,2.2554031747233e-11,1.0929420382774e-05,2.5570127008708e-13,-2.9254758757642e-15
3575,0,0,3575,2.2556963080895e-11,1.0928005209314e-05,2.5614639631739e-13,-2.9313336625438e-15
3576,0,0,3576,2.2559900276593e-11,1.0926587576615e-05,2.5659151841438e-13,-2.9371956974128e-15
3577,0,0,3577,2.2562843338583e-11,1.0925167484702e-05,2.5703663636824e-13,-2.9430619904751e-15
3578,0,0,3578,2.2565792271135e-11,1.0923744933596e-05,2.5748175016885e-13,-2.9489325518378e-15
3579,0,0,3579,2.2568747078527e-11,1.0922319923321e-05,2.579268598064e-13,-2.9548073916371e-15
3580,0,0,3580,2.2571707765047e-11,1.0920892453899e-05,2.5837196527077e-13,-2.960686520019e-15
3581,0,0,3581,2.2574674334994e-11,1.0919462525355e-05,2.5881706655184e-13,-2.9665699471454e-15
3582,0,0,3582,2.2577646792677e-11,1.091803013771e-05,2.5926216364042e-13,-2.9724576831913e-15
3583,0,0,3583,2.2580625142416e-11,1.0916595290989e-05,2.5970725652577e-13,-2.9783497383544e-15
3584,0,0,3584,2.2583609388538e-11,1.0915157985215e-05,2.6015234519838e-13,-2.9842461228515e-15
3585,0,0,3585,2.2586599535385e-11,1.091371822041e-05,2.6059742964753e-13,-2.9901468469061e-15
3586,0,0,3586,2.2589595587306e-11,1.0912275996599e-05,2.610425098634e-13,-2.9960519207578e-15
3587,0,0,3587,2.2592597548661e-11,1.0910831313804e-05,2.614875858368e-13,-3.0019613546754e-15
3588,0,0,3588,2.259560542382e-11,1.0909384172049e-05,2.6193265755668e-13,-3.0078751589338e-15
3589,0,0,3589,2.2598619217163e-11,1.0907934571359e-05,2.6237772501324e-13,-3.0137933438244e-15
3590,0,0,3590,2.2601638933083e-11,1.0906482511755e-05,2.6282278819635e-13,-3.0197159196579e-15
3591,0,0,3591,2.260466457598e-11,1.0905027993263e-05,2.6326784709589e-13,-3.0256428967676e-15
3592,0,0,3592,2.2607696150265e-11,1.0903571015906e-05,2.6371290170144e-13,-3.03157428549e-15
3593,0,0,3593,2.2610733660362e-11,1.0902111579707e-05,2.6415795200381e-13,-3.0375100961907e-15
3594,0,0,3594,2.2613777110701e-11,1.090064968469e-05,2.6460299799164e-13,-3.0434503392417e-15
3595,0,0,3595,2.2616826505726e-11,1.089918533088e-05,2.6504803965513e-13,-3.0493950250443e-15
3596,0,0,3596,2.261988184989e-11,1.08977185183e-05,2.6549307698446e-13,-3.0553441640028e-15
3597,0,0,3597,2.2622943147656e-11,1.0896249246974e-05,2.6593810996921e-13,-3.0612977665507e-15
3598,0,0,3598,2.26260104035e-11,1.0894777516927e-05,2.6638313859895e-13,-3.0672558431311e-15
3599,0,0,3599,2.2629083621904e-11,1.0893303328182e-05,2.6682816286326e-13,-3.0732184042065e-15
3600,0,0,3600,2.2632162807364e-11,1.0891826680763e-05,2.6727318275232e-13,-3.0791854602558e-15
3601,0,0,3601,2.2635247964386e-11,1.0890347574695e-05,2.677181982554e-13,-3.0851570217768e-15
3602,0,0,3602,2.2638339097485e-11,1.0888866010003e-05,2.681632093627e-13,-3.0911330992808e-15
3603,0,0,3603,2.2641436211188e-11,1.088738198671e-05,2.6860821606347e-13,-3.0971137033012e-15
3604,0,0,3604,2.2644539310033e-11,1.088589550484e-05,2.690532183476e-13,-3.1030988443847e-15
3605,0,0,3605,2.2647648398566e-11,1.0884406564419e-05,2.6949821620436e-13,-3.1090885331004e-15
3606,0,0,3606,2.2650763481346e-11,1.0882915165471e-05,2.6994320962394e-13,-3.1150827800239e-15
3607,0,0,3607,2.2653884562942e-11,1.088142130802e-05,2.703881985953e-13,-3.12108159576e-15
3608,0,0,3608,2.2657011647933e-11,1.0879924992092e-05,2.7083318310862e-13,-3.1270849909295e-15
3609,0,0,3609,2.2660144740909e-11,1.0878426217709e-05,2.7127816315287e-13,-3.1330929761663e-15
3610,0,0,3610,2.2663283846471e-11,1.0876924984899e-05,2.7172313871792e-13,-3.1391055621169e-15
3611,0,0,3611,2.266642896923e-11,1.0875421293685e-05,2.7216810979367e-13,-3.1451227594606e-15
3612,0,0,3612,2.2669580113809e-11,1.0873915144091e-05,2.7261307636907e-13,-3.1511445788827e-15
3613,0,0,3613,2.267273728484e-11,1.0872406536144e-05,2.7305803843369e-13,-3.1571710310882e-15
3614,0,0,3614,2.2675900486967e-11,1.0870895469868e-05,2.7350299597712e-13,-3.1632021268045e-15
3615,0,0,3615,2.2679069724844e-11,1.0869381945288e-05,2.7394794898892e-13,-3.1692378767657e-15
3616,0,0,3616,2.2682245003136e-11,1.0867865962429e-05,2.7439289745836e-13,-3.1752782917443e-15
3617,0,0,3617,2.2685426326518e-11,1.0866347521317e-05,2.7483784137472e-13,-3.1813233825036e-15
3618,0,0,3618,2.2688613699678e-11,1.0864826621976e-05,2.7528278072786e-13,-3.1873731598485e-15
3619,0,0,3619,2.2691807127313e-11,1.0863303264431e-05,2.7572771550677e-13,-3.1934276345905e-15
3620,0,0,3620,2.269500661413e-11,1.0861777448709e-05,2.761726457013e-13,-3.1994868175638e-15
3621,0,0,3621,2.269821216485e-11,1.0860249174835e-05,2.7661757130013e-13,-3.2055507196122e-15
3622,0,0,3622,2.2701423784201e-11,1.0858718442833e-05,2.7706249229283e-13,-3.2116193516086e-15
3623,0,0,3623,2.2704641476926e-11,1.085718525273e-05,2.7750740866896e-13,-3.2176927244388e-15
3624,0,0,3624,2.2707865247775e-11,1.0855649604551e-05,2.779523204175e-13,-3.2237708490047e-15
3625,0,0,3625,2.2711095101511e-11,1.0854111498321e-05,2.7839722752801e-13,-3.2298537362376e-15
3626,0,0,3626,2.2714331042908e-11,1.0852570934067e-05,2.7884212998977e-13,-3.2359413970716e-15
3627,0,0,3627,2.2717573076751e-11,1.0851027911814e-05,2.7928702779173e-13,-3.2420338424637e-15
3628,0,0,3628,2.2720821207834e-11,1.0849482431588e-05,2.7973192092316e-13,-3.248131083403e-15
3629,0,0,3629,2.2724075440965e-11,1.0847934493415e-05,2.8017680937365e-13,-3.2542331308789e-15
3630,0,0,3630,2.2727335780961e-11,1.084638409732e-05,2.8062169313153e-13,-3.2603399959096e-15
3631,0,0,3631,2.273060223265e-11,1.084483124333e-05,2.81066572187e-13,-3.2664516895263e-15
3632,0,0,3632,2.2733874800873e-11,1.0843275931471e-05,2.815114465287e-13,-3.2725682227894e-15
3633,0,0,3633,2.273715349048e-11,1.0841718161768e-05,2.8195631614561e-13,-3.2786896067656e-15
3634,0,0,3634,2.2740438306332e-11,1.0840157934249e-05,2.8240118102729e-13,-3.2848158525444e-15
3635,0,0,3635,2.2743729253304e-11,1.0838595248939e-05,2.828460411621e-13,-3.2909469712408e-15
3636,0,0,3636,2.2747026336278e-11,1.0837030105864e-05,2.8329089653991e-13,-3.2970829739768e-15
3637,0,0,3637,2.2750329560149e-11,1.0835462505051e-05,2.8373574714938e-13,-3.3032238719095e-15
3638,0,0,3638,2.2753638929826e-11,1.0833892446526e-05,2.8418059297948e-13,-3.3093696761928e-15
3639,0,0,3639,2.2756954450224e-11,1.0832319930316e-05,2.8462543401946e-13,-3.3155203980229e-15
3640,0,0,3640,2.2760276126272e-11,1.0830744956447e-05,2.8507027025799e-13,-3.3216760486055e-15
3641,0,0,3641,2.2763603962911e-11,1.0829167524946e-05,2.8551510168464e-13,-3.3278366391559e-15
3642,0,0,3642,2.2766937965092e-11,1.082758763584e-05,2.8595992828744e-13,-3.3340021809219e-15
3643,0,0,3643,2.2770278137778e-11,1.0826005289154e-05,2.8640475005629e-13,-3.3401726851706e-15
3644,0,0,3644,2.2773624485941e-11,1.0824420484917e-05,2.8684956697954e-13,-3.3463481631787e-15
3645,0,0,3645,2.2776977014567e-11,1.0822833223154e-05,2.8729437904644e-13,-3.352528626249e-15
3646,0,0,3646,2.2780335728653e-11,1.0821243503893e-05,2.8773918624504e-13,-3.3587140857066e-15
3647,0,0,3647,2.2783700633206e-11,1.0819651327161e-05,2.8818398856552e-13,-3.3649045528866e-15
3648,0,0,3648,2.2787071733245e-11,1.0818056692984e-05,2.8862878599533e-13,-3.371100039153e-15
3649,0,0,3649,2.2790449033801e-11,1.081645960139e-05,2.8907357852464e-13,-3.377300555886e-15
3650,0,0,3650,2.2793832539915e-11,1.0814860052406e-05,2.8951836614119e-13,-3.3835061144819e-15
3651,0,0,3651,2.2797222256641e-11,1.0813258046059e-05,2.8996314883424e-13,-3.3897167263597e-15
3652,0,0,3652,2.2800618189044e-11,1.0811653582376e-05,2.9040792659246e-13,-3.3959324029674e-15
3653,0,0,3653,2.28040203422e-11,1.0810046661385e-05,2.908526994045e-13,-3.4021531557564e-15
3654,0,0,3654,2.2807428721196e-11,1.0808437283112e-05,2.9129746725931e-13,-3.4083789962038e-15
3655,0,0,3655,2.2810843331132e-11,1.0806825447587e-05,2.9174223014556e-13,-3.4146099358158e-15
3656,0,0,3656,2.2814264177118e-11,1.0805211154835e-05,2.9218698805128e-13,-3.420845986105e-15
3657,0,0,3657,2.2817691264277e-11,1.0803594404885e-05,2.9263174096636e-13,-3.4270871586196e-15
3658,0,0,3658,2.2821124597742e-11,1.0801975197764e-05,2.9307648887853e-13,-3.4333334649112e-15
3659,0,0,3659,2.2824564182658e-11,1.08003535335e-05,2.9352123177645e-13,-3.4395849165603e-15
3660,0,0,3660,2.2828010024184e-11,1.0798729412121e-05,2.9396596964876e-13,-3.4458415251699e-15
3661,0,0,3661,2.2831462127486e-11,1.0797102833654e-05,2.9441070248475e-13,-3.4521033023594e-15
3662,0,0,3662,2.2834920497746e-11,1.0795473798128e-05,2.9485543027214e-13,-3.4583702597675e-15
3663,0,0,3663,2.2838385140155e-11,1.079384230557e-05,2.9530015299959e-13,-3.4646424090588e-15
3664,0,0,3664,2.2841856059917e-11,1.0792208356008e-05,2.9574487065576e-13,-3.4709197619106e-15
3665,0,0,3665,2.2845333262247e-11,1.0790571949471e-05,2.9618958322929e-13,-3.4772023300328e-15
3666,0,0,3666,2.2848816752372e-11,1.0788933085986e-05,2.9663429070854e-13,-3.4834901251383e-15
3667,0,0,3667,2.2852306535531e-11,1.0787291765583e-05,2.9707899308216e-13,-3.4897831589791e-15
3668,0,0,3668,2.2855802616974e-11,1.0785647988288e-05,2.9752369033789e-13,-3.4960814433164e-15
3669,0,0,3669,2.2859305001964e-11,1.0784001754131e-05,2.9796838246499e-13,-3.5023849899377e-15
3670,0,0,3670,2.2862813695775e-11,1.0782353063139e-05,2.984130694512e-13,-3.50869381064e-15
3671,0,0,3671,2.2866328703692e-11,1.0780701915342e-05,2.9885775128548e-13,-3.5150079172622e-15
3672,0,0,3672,2.2869850031014e-11,1.0779048310768e-05,2.9930242795557e-13,-3.5213273216467e-15
3673,0,0,3673,2.2873377683049e-11,1.0777392249445e-05,2.9974709945043e-13,-3.5276520356648e-15
3674,0,0,3674,2.287691166512e-11,1.0775733731402e-05,3.001917657581e-13,-3.5339820712007e-15
3675,0,0,3675,2.2880451982561e-11,1.0774072756668e-05,3.0063642686631e-13,-3.540317440171e-15
3676,0,0,3676,2.2883998640715e-11,1.0772409325271e-05,3.0108108276433e-13,-3.5466581545084e-15
3677,0,0,3677,2.2887551644941e-11,1.0770743437241e-05,3.015257334399e-13,-3.5530042261651e-15
3678,0,0,3678,2.2891111000608e-11,1.0769075092607e-05,3.0197037888106e-13,-3.5593556671191e-15
3679,0,0,3679,2.2894676713098e-11,1.0767404291396e-05,3.0241501907646e-13,-3.5657124893611e-15
3680,0,0,3680,2.2898248787803e-11,1.0765731033639e-05,3.0285965401353e-13,-3.5720747049144e-15
3681,0,0,3681,2.2901827230129e-11,1.0764055319365e-05,3.0330428368155e-13,-3.5784423258183e-15
3682,0,0,3682,2.2905412045493e-11,1.0762377148602e-05,3.0374890806762e-13,-3.5848153641284e-15
3683,0,0,3683,2.2909003239325e-11,1.076069652138e-05,3.0419352716042e-13,-3.5911938319358e-15
3684,0,0,3684,2.2912600817066e-11,1.0759013437728e-05,3.0463814094827e-13,-3.5975777413379e-15
3685,0,0,3685,2.291620478417e-11,1.0757327897676e-05,3.0508274941801e-13,-3.6039671044645e-15
3686,0,0,3686,2.2919815146104e-11,1.0755639901253e-05,3.0552735255951e-13,-3.6103619334649e-15
3687,0,0,3687,2.2923431908344e-11,1.0753949448489e-05,3.0597195035928e-13,-3.6167622405077e-15
3688,0,0,3688,2.2927055076382e-11,1.0752256539413e-05,3.0641654280597e-13,-3.6231680377809e-15
3689,0,0,3689,2.293068465572e-11,1.0750561174054e-05,3.0686112988763e-13,-3.629579337508e-15
3690,0,0,3690,2.2934320651872e-11,1.0748863352443e-05,3.073057115923e-13,-3.6359961519125e-15
3691,0,0,3691,2.2937963070365e-11,1.0747163074609e-05,3.0775028790709e-13,-3.6424184932664e-15
3692,0,0,3692,2.2941611916739e-11,1.0745460340583e-05,3.0819485882098e-13,-3.6488463738418e-15
3693,0,0,3693,2.2945267196545e-11,1.0743755150393e-05,3.0863942432139e-13,-3.6552798059397e-15
3694,0,0,3694,2.2948928915346e-11,1.0742047504071e-05,3.0908398439636e-13,-3.6617188018902e-15
3695,0,0,3695,2.2952597078721e-11,1.0740337401645e-05,3.0952853903331e-13,-3.6681633740366e-15
3696,0,0,3696,2.2956271692255e-11,1.0738624843146e-05,3.099730882203e-13,-3.6746135347573e-15
3697,0,0,3697,2.2959952761552e-11,1.0736909828605e-05,3.1041763194567e-13,-3.6810692964375e-15
3698,0,0,3698,2.2963640292223e-11,1.0735192358052e-05,3.1086217019623e-13,-3.6875306714881e-15
3699,0,0,3699,2.2967334289896e-11,1.0733472431516e-05,3.1130670296094e-13,-3.6939976723556e-15
3700,0,0,3700,2.2971034760207e-11,1.0731750049029e-05,3.1175123022602e-13,-3.7004703114962e-15
3701,0,0,3701,2.2974741708808e-11,1.073002521062e-05,3.1219575198071e-13,-3.7069486013984e-15
3702,0,0,3702,2.2978455141363e-11,1.072829791632e-05,3.1264026821155e-13,-3.7134325545571e-15
3703,0,0,3703,2.2982175063547e-11,1.0726568166161e-05,3.1308477890717e-13,-3.7199221835125e-15
3704,0,0,3704,2.2985901481047e-11,1.0724835960171e-05,3.1352928405409e-13,-3.726417500808e-15
3705,0,0,3705,2.2989634399566e-11,1.0723101298383e-05,3.1397378364096e-13,-3.7329185190259e-15
3706,0,0,3706,2.2993373824817e-11,1.0721364180827e-05,3.1441827765521e-13,-3.7394252507611e-15
3707,0,0,3707,2.2997119762526e-11,1.0719624607534e-05,3.1486276608366e-13,-3.7459377086316e-15
3708,0,0,3708,2.3000872218431e-11,1.0717882578534e-05,3.1530724891495e-13,-3.7524559052873e-15
3709,0,0,3709,2.3004631198284e-11,1.071613809386e-05,3.1575172613561e-13,-3.7589798533944e-15
3710,0,0,3710,2.300839670785e-11,1.0714391153541e-05,3.1619619773366e-13,-3.7655095656417e-15
3711,0,0,3711,2.3012168752905e-11,1.0712641757609e-05,3.1664066369686e-13,-3.7720450547472e-15
3712,0,0,3712,2.3015947339238e-11,1.0710889906095e-05,3.170851240123e-13,-3.7785863334449e-15
3713,0,0,3713,2.3019732472653e-11,1.070913559903e-05,3.1752957866683e-13,-3.785133414498e-15
3714,0,0,3714,2.3023524158963e-11,1.0707378836447e-05,3.1797402764938e-13,-3.7916863106953e-15
3715,0,0,3715,2.3027322403998e-11,1.0705619618375e-05,3.1841847094586e-13,-3.7982450348422e-15
3716,0,0,3716,2.3031127213598e-11,1.0703857944847e-05,3.1886290854462e-13,-3.8048095997727e-15
3717,0,0,3717,2.3034938593616e-11,1.0702093815895e-05,3.1930734043217e-13,-3.8113800183405e-15
3718,0,0,3718,2.303875654992e-11,1.0700327231549e-05,3.1975176659654e-13,-3.8179563034348e-15
3719,0,0,3719,2.3042581088388e-11,1.0698558191841e-05,3.2019618702486e-13,-3.8245384679448e-15
3720,0,0,3720,2.3046412214913e-11,1.0696786696804e-05,3.2064060170425e-13,-3.8311265248176e-15
3721,0,0,3721,2.30502499354e-11,1.0695012746469e-05,3.2108501062184e-13,-3.8377204869878e-15
3722,0,0,3722,2.3054094255767e-11,1.0693236340869e-05,3.2152941376504e-13,-3.8443203674479e-15
3723,0,0,3723,2.3057945181946e-11,1.0691457480034e-05,3.219738111213e-13,-3.8509261791871e-15
3724,0,0,3724,2.3061802719881e-11,1.0689676163997e-05,3.2241820267711e-13,-3.8575379352369e-15
3725,0,0,3725,2.306566687553e-11,1.068789239279e-05,3.2286258842052e-13,-3.8641556486479e-15
3726,0,0,3726,2.3069537654863e-11,1.0686106166446e-05,3.2330696833773e-13,-3.870779332487e-15
3727,0,0,3727,2.3073415063862e-11,1.0684317484996e-05,3.2375134241648e-13,-3.8774089998599e-15
3728,0,0,3728,2.3077299108526e-11,1.0682526348473e-05,3.2419571064357e-13,-3.8840446638883e-15
3729,0,0,3729,2.3081189794864e-11,1.0680732756909e-05,3.2464007300645e-13,-3.8906863377198e-15
3730,0,0,3730,2.3085087128899e-11,1.0678936710338e-05,3.2508442949131e-13,-3.8973340345281e-15
3731,0,0,3731,2.3088991116666e-11,1.067713820879e-05,3.2552878008588e-13,-3.9039877675092e-15
3732,0,0,3732,2.3092901764216e-11,1.06753372523e-05,3.2597312477729e-13,-3.9106475498818e-15
3733,0,0,3733,2.3096819077611e-11,1.0673533840899e-05,3.2641746355143e-13,-3.9173133949003e-15
3734,0,0,3734,2.3100743062927e-11,1.067172797462e-05,3.2686179639666e-13,-3.9239853158317e-15
3735,0,0,3735,2.3104673726253e-11,1.0669919653497e-05,3.2730612329855e-13,-3.930663325979e-15
3736,0,0,3736,2.3108611073691e-11,1.0668108877562e-05,3.2775044424485e-13,-3.9373474386576e-15
3737,0,0,3737,2.3112555111359e-11,1.0666295646848e-05,3.2819475922206e-13,-3.9440376672221e-15
3738,0,0,3738,2.3116505845384e-11,1.0664479961388e-05,3.2863906821731e-13,-3.9507340250399e-15
3739,0,0,3739,2.3120463281909e-11,1.0662661821216e-05,3.290833712168e-13,-3.9574365255106e-15
3740,0,0,3740,2.3124427427091e-11,1.0660841226364e-05,3.2952766820794e-13,-3.9641451820598e-15
3741,0,0,3741,2.3128398287099e-11,1.0659018176866e-05,3.2997195917727e-13,-3.9708600081387e-15
3742,0,0,3742,2.3132375868117e-11,1.0657192672755e-05,3.3041624411127e-13,-3.9775810172151e-15
3743,0,0,3743,2.3136360176339e-11,1.0655364714064e-05,3.3086052299677e-13,-3.9843082227983e-15
3744,0,0,3744,2.3140351217978e-11,1.0653534300827e-05,3.3130479582089e-13,-3.9910416384077e-15
3745,0,0,3745,2.3144348999255e-11,1.0651701433078e-05,3.3174906256952e-13,-3.9977812776012e-15
3746,0,0,3746,2.3148353526409e-11,1.0649866110851e-05,3.321933232301e-13,-4.0045271539498e-15
3747,0,0,3747,2.315236480569e-11,1.0648028334178e-05,3.3263757778821e-13,-4.01127928106e-15
3748,0,0,3748,2.3156382843363e-11,1.0646188103094e-05,3.3308182623127e-13,-4.0180376725704e-15
3749,0,0,3749,2.3160407645705e-11,1.0644345417632e-05,3.335260685455e-13,-4.0248023421201e-15
3750,0,0,3750,2.3164439219008e-11,1.0642500277827e-05,3.339703047177e-13,-4.031573303409e-15
3751,0,0,3751,2.3168477569579e-11,1.0640652683712e-05,3.3441453473377e-13,-4.0383505701309e-15
3752,0,0,3752,2.3172522703735e-11,1.0638802635322e-05,3.3485875858053e-13,-4.0451341560313e-15
3753,0,0,3753,2.3176574627809e-11,1.0636950132691e-05,3.353029762451e-13,-4.0519240748684e-15
3754,0,0,3754,2.318063334815e-11,1.0635095175853e-05,3.3574718771215e-13,-4.0587203404201e-15
3755,0,0,3755,2.3184698871116e-11,1.0633237764842e-05,3.3619139297002e-13,-4.0655229665157e-15
3756,0,0,3756,2.3188771203083e-11,1.0631377899693e-05,3.3663559200369e-13,-4.0723319669878e-15
3757,0,0,3757,2.3192850350439e-11,1.062951558044e-05,3.3707978480028e-13,-4.0791473557048e-15
3758,0,0,3758,2.3196936319586e-11,1.0627650807118e-05,3.3752397134538e-13,-4.0859691465605e-15
3759,0,0,3759,2.3201029116939e-11,1.0625783579761e-05,3.3796815162612e-13,-4.0927973534783e-15
3760,0,0,3760,2.320512874893e-11,1.0623913898404e-05,3.3841232562838e-13,-4.0996319904005e-15
3761,0,0,3761,2.3209235222001e-11,1.0622041763081e-05,3.3885649333776e-13,-4.1064730713117e-15
3762,0,0,3762,2.3213348542611e-11,1.0620167173828e-05,3.3930065474138e-13,-4.1133206102029e-15
3763,0,0,3763,2.3217468717232e-11,1.061829013068e-05,3.3974480982482e-13,-4.1201746211104e-15
3764,0,0,3764,2.322159575235e-11,1.0616410633672e-05,3.4018895857491e-13,-4.1270351180896e-15
3765,0,0,3765,2.3225729654465e-11,1.0614528682837e-05,3.4063310097691e-13,-4.1339021152221e-15
3766,0,0,3766,2.3229870430092e-11,1.0612644278213e-05,3.4107723701735e-13,-4.1407756266217e-15
3767,0,0,3767,2.3234018085759e-11,1.0610757419834e-05,3.4152136668243e-13,-4.1476556664279e-15
3768,0,0,3768,2.3238172628007e-11,1.0608868107734e-05,3.4196548995803e-13,-4.1545422487998e-15
3769,0,0,3769,2.3242334063395e-11,1.0606976341951e-05,3.4240960682975e-13,-4.1614353879351e-15
3770,0,0,3770,2.3246502398493e-11,1.0605082122518e-05,3.428537172841e-13,-4.1683350980608e-15
3771,0,0,3771,2.3250677639887e-11,1.0603185449472e-05,3.4329782130727e-13,-4.1752413934165e-15
3772,0,0,3772,2.3254859794175e-11,1.0601286322849e-05,3.4374191888425e-13,-4.1821542882874e-15
3773,0,0,3773,2.3259048867972e-11,1.0599384742683e-05,3.4418601000154e-13,-4.1890737969713e-15
3774,0,0,3774,2.3263244867906e-11,1.0597480709011e-05,3.4463009464534e-13,-4.195999933805e-15
3775,0,0,3775,2.3267447800619e-11,1.0595574221868e-05,3.4507417280094e-13,-4.202932713151e-15
3776,0,0,3776,2.3271657672768e-11,1.0593665281291e-05,3.4551824445392e-13,-4.2098721493978e-15
3777,0,0,3777,2.3275874491025e-11,1.0591753887316e-05,3.4596230959079e-13,-4.2168182569565e-15
3778,0,0,3778,2.3280098262076e-11,1.0589840039978e-05,3.4640636819715e-13,-4.2237710502832e-15
3779,0,0,3779,2.3284328992619e-11,1.0587923739313e-05,3.4685042025796e-13,-4.2307305438407e-15
3780,0,0,3780,2.3288566689372e-11,1.0586004985359e-05,3.4729446576004e-13,-4.2376967521467e-15
3781,0,0,3781,2.3292811359061e-11,1.058408377815e-05,3.4773850468806e-13,-4.2446696897156e-15
3782,0,0,3782,2.3297063008432e-11,1.0582160117725e-05,3.4818253702823e-13,-4.2516493711168e-15
3783,0,0,3783,2.3301321644243e-11,1.0580234004118e-05,3.4862656276643e-13,-4.258635810939e-15
3784,0,0,3784,2.3305587273267e-11,1.0578305437368e-05,3.4907058188734e-13,-4.2656290237969e-15
3785,0,0,3785,2.3309859902291e-11,1.0576374417509e-05,3.4951459437715e-13,-4.2726290243406e-15
3786,0,0,3786,2.3314139538119e-11,1.057444094458e-05,3.4995860022146e-13,-4.2796358272363e-15
3787,0,0,3787,2.3318426187566e-11,1.0572505018616e-05,3.5040259940525e-13,-4.2866494472021e-15
3788,0,0,3788,2.3322719857465e-11,1.0570566639655e-05,3.508465919147e-13,-4.2936698989592e-15
3789,0,0,3789,2.3327020554662e-11,1.0568625807734e-05,3.512905777345e-13,-4.3006971972773e-15
3790,0,0,3790,2.3331328286019e-11,1.056668252289e-05,3.5173455685054e-13,-4.3077313569423e-15
3791,0,0,3791,2.3335643058412e-11,1.0564736785159e-05,3.5217852924779e-13,-4.3147723927852e-15
3792,0,0,3792,2.3339964878732e-11,1.0562788594579e-05,3.5262249491245e-13,-4.3218203196501e-15
3793,0,0,3793,2.3344293753884e-11,1.0560837951188e-05,3.5306645382889e-13,-4.3288751524133e-15
3794,0,0,3794,2.334862969079e-11,1.0558884855022e-05,3.535104059827e-13,-4.3359369059995e-15
3795,0,0,3795,2.3352972696385e-11,1.055692930612e-05,3.5395435135946e-13,-4.3430055953304e-15
3796,0,0,3796,2.3357322777621e-11,1.0554971304518e-05,3.5439828994384e-13,-4.350081235389e-15
3797,0,0,3797,2.3361679941462e-11,1.0553010850254e-05,3.5484222172143e-13,-4.3571638411742e-15
3798,0,0,3798,2.336604419489e-11,1.0551047943367e-05,3.5528614667782e-13,-4.3642534277046e-15
3799,0,0,3799,2.33704155449e-11,1.0549082583893e-05,3.5573006479676e-13,-4.3713500100504e-15
3800,0,0,3800,2.3374793998503e-11,1.054711477187e-05,3.5617397606507e-13,-4.3784536032948e-15
3801,0,0,3801,2.3379179562725e-11,1.0545144507337e-05,3.5661788046648e-13,-4.3855642225661e-15
3802,0,0,3802,2.3383572244608e-11,1.0543171790332e-05,3.5706177798691e-13,-4.3926818830087e-15
3803,0,0,3803,2.3387972051208e-11,1.0541196620892e-05,3.575056686107e-13,-4.3998065997996e-15
3804,0,0,3804,2.3392378989596e-11,1.0539218999056e-05,3.5794955232345e-13,-4.4069383881608e-15
3805,0,0,3805,2.339679306686e-11,1.0537238924862e-05,3.5839342910983e-13,-4.4140772633208e-15
3806,0,0,3806,2.34012142901e-11,1.0535256398348e-05,3.5883729895451e-13,-4.4212232405662e-15
3807,0,0,3807,2.3405642666436e-11,1.0533271419554e-05,3.5928116184307e-13,-4.4283763351871e-15
3808,0,0,3808,2.3410078202998e-11,1.0531283988516e-05,3.5972501775956e-13,-4.4355365625283e-15
3809,0,0,3809,2.3414520906936e-11,1.0529294105275e-05,3.6016886668959e-13,-4.4427039379475e-15
3810,0,0,3810,2.3418970785413e-11,1.0527301769868e-05,3.606127086172e-13,-4.4498784768445e-15
3811,0,0,3811,2.3423427845607e-11,1.0525306982335e-05,3.6105654352768e-13,-4.4570601946449e-15
3812,0,0,3812,2.3427892094714e-11,1.0523309742714e-05,3.61500371406e-13,-4.4642491068132e-15
3813,0,0,3813,2.3432363539943e-11,1.0521310051044e-05,3.6194419223621e-13,-4.4714452288233e-15
3814,0,0,3814,2.3436842188519e-11,1.0519307907364e-05,3.6238800600299e-13,-4.4786485762174e-15
3815,0,0,3815,2.3441328047684e-11,1.0517303311714e-05,3.6283181269192e-13,-4.4858591645308e-15
3816,0,0,3816,2.3445821124693e-11,1.0515296264133e-05,3.6327561228676e-13,-4.4930770093541e-15
3817,0,0,3817,2.345032142682e-11,1.0513286764659e-05,3.6371940477185e-13,-4.5003021263065e-15
3818,0,0,3818,2.3454828961351e-11,1.0511274813332e-05,3.6416319013311e-13,-4.5075345310304e-15
3819,0,0,3819,2.345934373559e-11,1.0509260410192e-05,3.6460696835336e-13,-4.5147742392033e-15
3820,0,0,3820,2.3463865756856e-11,1.0507243555278e-05,3.6505073941819e-13,-4.5220212665482e-15
3821,0,0,3821,2.3468395032485e-11,1.050522424863e-05,3.6549450331165e-13,-4.5292756287911e-15
3822,0,0,3822,2.3472931569827e-11,1.0503202490287e-05,3.6593826001871e-13,-4.5365373417229e-15
3823,0,0,3823,2.3477475376248e-11,1.050117828029e-05,3.6638200952283e-13,-4.5438064211439e-15
3824,0,0,3824,2.3482026459131e-11,1.0499151618678e-05,3.6682575180897e-13,-4.5510828828901e-15
3825,0,0,3825,2.3486584825874e-11,1.0497122505491e-05,3.672694868615e-13,-4.558366742846e-15
3826,0,0,3826,2.3491150483891e-11,1.0495090940769e-05,3.6771321466448e-13,-4.5656580169026e-15
3827,0,0,3827,2.3495723440612e-11,1.0493056924552e-05,3.6815693520226e-13,-4.5729567210056e-15
3828,0,0,3828,2.3500303703483e-11,1.0491020456881e-05,3.686006484589e-13,-4.5802628711235e-15
3829,0,0,3829,2.3504891279966e-11,1.0488981537796e-05,3.6904435441906e-13,-4.5875764832571e-15
3830,0,0,3830,2.3509486177539e-11,1.0486940167337e-05,3.6948805306651e-13,-4.5948975734427e-15
3831,0,0,3831,2.3514088403697e-11,1.0484896345545e-05,3.699317443856e-13,-4.6022261577522e-15
3832,0,0,3832,2.3518697965949e-11,1.048285007246e-05,3.7037542835977e-13,-4.6095622522801e-15
3833,0,0,3833,2.3523314871823e-11,1.0480801348123e-05,3.708191049743e-13,-4.6169058731692e-15
3834,0,0,3834,2.3527939128859e-11,1.0478750172575e-05,3.7126277421234e-13,-4.6242570365852e-15
3835,0,0,3835,2.3532570744618e-11,1.0476696545856e-05,3.7170643605793e-13,-4.6316157587195e-15
3836,0,0,3836,2.3537209726674e-11,1.0474640468008e-05,3.7215009049513e-13,-4.6389820558249e-15
3837,0,0,3837,2.3541856082618e-11,1.0472581939072e-05,3.7259373750831e-13,-4.6463559441541e-15
3838,0,0,3838,2.3546509820058e-11,1.0470520959088e-05,3.7303737708059e-13,-4.653737440015e-15
3839,0,0,3839,2.3551170946618e-11,1.0468457528098e-05,3.7348100919634e-13,-4.6611265597411e-15
3840,0,0,3840,2.3555839469937e-11,1.0466391646143e-05,3.7392463383962e-13,-4.668523319708e-15
3841,0,0,3841,2.3560515397674e-11,1.0464323313264e-05,3.7436825099387e-13,-4.6759277363106e-15
3842,0,0,3842,2.35651987375e-11,1.0462252529504e-05,3.7481186064222e-13,-4.6833398259925e-15
3843,0,0,3843,2.3569889497105e-11,1.0460179294903e-05,3.7525546276996e-13,-4.6907596052165e-15
3844,0,0,3844,2.3574587684195e-11,1.0458103609503e-05,3.7569905735899e-13,-4.6981870905003e-15
3845,0,0,3845,2.3579293306494e-11,1.0456025473346e-05,3.761426443946e-13,-4.7056222983746e-15
3846,0,0,3846,2.3584006371739e-11,1.0453944886474e-05,3.7658622385962e-13,-4.7130652454153e-15
3847,0,0,3847,2.3588726887687e-11,1.0451861848929e-05,3.7702979573718e-13,-4.7205159482339e-15
3848,0,0,3848,2.3593454862111e-11,1.0449776360752e-05,3.7747336001164e-13,-4.727974423471e-15
3849,0,0,3849,2.3598190302799e-11,1.0447688421986e-05,3.7791691666644e-13,-4.7354406878059e-15
3850,0,0,3850,2.3602933217557e-11,1.0445598032673e-05,3.7836046568473e-13,-4.7429147579534e-15
3851,0,0,3851,2.3607683614207e-11,1.0443505192855e-05,3.7880400704994e-13,-4.750396650651e-15
3852,0,0,3852,2.361244150059e-11,1.0441409902574e-05,3.7924754074552e-13,-4.7578863826976e-15
3853,0,0,3853,2.3617206884561e-11,1.0439312161874e-05,3.7969106675552e-13,-4.7653839708953e-15
3854,0,0,3854,2.3621979773993e-11,1.0437211970796e-05,3.8013458506246e-13,-4.7728894321108e-15
3855,0,0,3855,2.3626760176776e-11,1.0435109329384e-05,3.8057809564979e-13,-4.7804027832206e-15
3856,0,0,3856,2.3631548100817e-11,1.0433004237679e-05,3.8102159850125e-13,-4.7879240411559e-15
3857,0,0,3857,2.363634355404e-11,1.0430896695726e-05,3.8146509359937e-13,-4.7954532228709e-15
3858,0,0,3858,2.3641146544386e-11,1.0428786703566e-05,3.8190858092789e-13,-4.8029903453679e-15
3859,0,0,3859,2.3645957079811e-11,1.0426674261243e-05,3.8235206047026e-13,-4.8105354256654e-15
3860,0,0,3860,2.3650775168292e-11,1.04245593688e-05,3.8279553220839e-13,-4.8180884808436e-15
3861,0,0,3861,2.365560081782e-11,1.042244202628e-05,3.8323899612695e-13,-4.8256495279889e-15
3862,0,0,3862,2.3660434036404e-11,1.0420322233726e-05,3.8368245220784e-13,-4.8332185842554e-15
3863,0,0,3863,2.3665274832071e-11,1.0418199991182e-05,3.841259004345e-13,-4.8407956668106e-15
3864,0,0,3864,2.3670123212864e-11,1.0416075298692e-05,3.8456934078977e-13,-4.8483807928571e-15
3865,0,0,3865,2.3674979186844e-11,1.0413948156298e-05,3.8501277325709e-13,-4.8559739796527e-15
3866,0,0,3866,2.3679842762088e-11,1.0411818564045e-05,3.8545619781868e-13,-4.8635752444808e-15
3867,0,0,3867,2.3684713946693e-11,1.0409686521976e-05,3.8589961445797e-13,-4.8711846046542e-15
3868,0,0,3868,2.368959274877e-11,1.0407552030136e-05,3.8634302315749e-13,-4.8788020775307e-15
3869,0,0,3869,2.3694479176451e-11,1.0405415088567e-05,3.8678642390006e-13,-4.886427680507e-15
3870,0,0,3870,2.3699373237882e-11,1.0403275697315e-05,3.8722981666852e-13,-4.894061431012e-15
3871,0,0,3871,2.3704274941228e-11,1.0401133856423e-05,3.87673201446e-13,-4.9017033465133e-15
3872,0,0,3872,2.3709184294673e-11,1.0398989565935e-05,3.8811657821442e-13,-4.9093534445112e-15
3873,0,0,3873,2.3714101306415e-11,1.0396842825897e-05,3.885599469569e-13,-4.9170117425508e-15
3874,0,0,3874,2.3719025984674e-11,1.0394693636352e-05,3.8900330765597e-13,-4.9246782582065e-15
3875,0,0,3875,2.3723958337683e-11,1.0392541997345e-05,3.8944666029445e-13,-4.9323530091043e-15
3876,0,0,3876,2.3728898373696e-11,1.039038790892e-05,3.8989000485427e-13,-4.9400360128866e-15
3877,0,0,3877,2.3733846100983e-11,1.0388231371123e-05,3.9033334131885e-13,-4.9477272872439e-15
3878,0,0,3878,2.3738801527833e-11,1.0386072383997e-05,3.907766696695e-13,-4.9554268499153e-15
3879,0,0,3879,2.3743764662551e-11,1.0383910947589e-05,3.9121998988996e-13,-4.9631347186595e-15
3880,0,0,3880,2.3748735513463e-11,1.0381747061943e-05,3.9166330196183e-13,-4.9708509112834e-15
3881,0,0,3881,2.3753714088908e-11,1.0379580727104e-05,3.9210660586703e-13,-4.9785754456297e-15
3882,0,0,3882,2.3758700397248e-11,1.0377411943117e-05,3.9254990158931e-13,-4.9863083395762e-15
3883,0,0,3883,2.3763694446859e-11,1.0375240710028e-05,3.9299318910965e-13,-4.9940496110432e-15
3884,0,0,3884,2.3768696246137e-11,1.0373067027882e-05,3.9343646841057e-13,-5.0017992779928e-15
3885,0,0,3885,2.3773705803495e-11,1.0370890896725e-05,3.938797394746e-13,-5.0095573584161e-15
3886,0,0,3886,2.3778723127366e-11,1.0368712316602e-05,3.9432300228396e-13,-5.0173238703463e-15
3887,0,0,3887,2.3783748226198e-11,1.0366531287559e-05,3.9476625682024e-13,-5.0250988318619e-15
3888,0,0,3888,2.3788781108459e-11,1.0364347809641e-05,3.9520950306627e-13,-5.032882261067e-15
3889,0,0,3889,2.3793821782635e-11,1.0362161882895e-05,3.9565274100305e-13,-5.040674176121e-15
3890,0,0,3890,2.379887025723e-11,1.0359973507367e-05,3.9609597061371e-13,-5.0484745952088e-15
3891,0,0,3891,2.3803926540767e-11,1.0357782683103e-05,3.9653919187955e-13,-5.0562835365607e-15
3892,0,0,3892,2.3808990641785e-11,1.0355589410148e-05,3.9698240478308e-13,-5.0641010184491e-15
3893,0,0,3893,2.3814062568844e-11,1.035339368855e-05,3.9742560930499e-13,-5.071927059172e-15
3894,0,0,3894,2.3819142330521e-11,1.0351195518354e-05,3.9786880542873e-13,-5.0797616770858e-15
3895,0,0,3895,2.3824229935412e-11,1.0348994899607e-05,3.9831199313466e-13,-5.0876048905727e-15
3896,0,0,3896,2.382932539213e-11,1.0346791832356e-05,3.9875517240593e-13,-5.0954567180631e-15
3897,0,0,3897,2.3834428709308e-11,1.0344586316648e-05,3.991983432229e-13,-5.1033171780169e-15
3898,0,0,3898,2.3839539895597e-11,1.0342378352529e-05,3.9964150556811e-13,-5.1111862889519e-15
3899,0,0,3899,2.3844658959666e-11,1.0340167940046e-05,4.0008465942316e-13,-5.1190640694053e-15
3900,0,0,3900,2.3849785910204e-11,1.0337955079246e-05,4.0052780476964e-13,-5.1269505379629e-15
3901,0,0,3901,2.3854920755918e-11,1.0335739770177e-05,4.0097094158855e-13,-5.1348457132621e-15
3902,0,0,3902,2.3860063505531e-11,1.0333522012884e-05,4.014140698621e-13,-5.1427496139564e-15
3903,0,0,3903,2.386521416779e-11,1.0331301807417e-05,4.0185718957189e-13,-5.1506622587672e-15
3904,0,0,3904,2.3870372751457e-11,1.0329079153822e-05,4.0230030069861e-13,-5.1585836664354e-15
3905,0,0,3905,2.3875539265312e-11,1.0326854052147e-05,4.0274340322417e-13,-5.1665138557503e-15
3906,0,0,3906,2.3880713718158e-11,1.0324626502439e-05,4.0318649713017e-13,-5.1744528455464e-15
3907,0,0,3907,2.3885896118813e-11,1.0322396504746e-05,4.0362958239728e-13,-5.1824006546936e-15
3908,0,0,3908,2.3891086476115e-11,1.0320164059116e-05,4.0407265900743e-13,-5.1903573021074e-15
3909,0,0,3909,2.3896284798922e-11,1.0317929165597e-05,4.0451572694129e-13,-5.1983228067321e-15
3910,0,0,3910,2.3901491096109e-11,1.0315691824237e-05,4.0495878618047e-13,-5.2062971875766e-15
3911,0,0,3911,2.3906705376573e-11,1.0313452035084e-05,4.0540183670595e-13,-5.2142804636663e-15
3912,0,0,3912,2.3911927649227e-11,1.0311209798186e-05,4.0584487849933e-13,-5.2222726540875e-15
3913,0,0,3913,2.3917157923005e-11,1.0308965113592e-05,4.062879115407e-13,-5.2302737779527e-15
3914,0,0,3914,2.3922396206859e-11,1.030671798135e-05,4.0673093581225e-13,-5.2382838544324e-15
3915,0,0,3915,2.3927642509762e-11,1.0304468401509e-05,4.0717395129407e-13,-5.2463029027263e-15
3916,0,0,3916,2.3932896840704e-11,1.0302216374117e-05,4.0761695796713e-13,-5.2543309420825e-15
3917,0,0,3917,2.3938159208696e-11,1.0299961899223e-05,4.0805995581336e-13,-5.2623679917846e-15
3918,0,0,3918,2.3943429622767e-11,1.0297704976876e-05,4.0850294481251e-13,-5.2704140711713e-15
3919,0,0,3919,2.3948708091967e-11,1.0295445607125e-05,4.0894592494557e-13,-5.2784691996101e-15
3920,0,0,3920,2.3953994625363e-11,1.0293183790019e-05,4.0938889619414e-13,-5.2865333965172e-15
3921,0,0,3921,2.3959289232044e-11,1.0290919525607e-05,4.098318585383e-13,-5.294606681354e-15
3922,0,0,3922,2.3964591921118e-11,1.0288652813938e-05,4.1027481195872e-13,-5.3026890736206e-15
3923,0,0,3923,2.3969902701711e-11,1.0286383655063e-05,4.1071775643578e-13,-5.3107805928623e-15
3924,0,0,3924,2.397522158297e-11,1.028411204903e-05,4.1116069195109e-13,-5.3188812586666e-15
3925,0,0,3925,2.398054857406e-11,1.0281837995889e-05,4.116036184844e-13,-5.326991090666e-15
3926,0,0,3926,2.3985883684169e-11,1.027956149569e-05,4.1204653601641e-13,-5.3351101085321e-15
3927,0,0,3927,2.3991226922501e-11,1.0277282548483e-05,4.1248944452778e-13,-5.3432383319845e-15
3928,0,0,3928,2.3996578298282e-11,1.0275001154317e-05,4.129323439989e-13,-5.3513757807819e-15
3929,0,0,3929,2.4001937820756e-11,1.0272717313243e-05,4.1337523440954e-13,-5.3595224747315e-15
3930,0,0,3930,2.400730549919e-11,1.0270431025311e-05,4.1381811574128e-13,-5.3676784336888e-15
3931,0,0,3931,2.4012681342868e-11,1.0268142290571e-05,4.1426098797329e-13,-5.3758436775352e-15
3932,0,0,3932,2.4018065361094e-11,1.0265851109073e-05,4.1470385108625e-13,-5.3840182262135e-15
3933,0,0,3933,2.4023457563193e-11,1.0263557480868e-05,4.1514670506083e-13,-5.3922020997119e-15
3934,0,0,3934,2.4028857958512e-11,1.0261261406007e-05,4.1558954987649e-13,-5.4003953180408e-15
3935,0,0,3935,2.4034266556413e-11,1.025896288454e-05,4.1603238551362e-13,-5.4085979012886e-15
3936,0,0,3936,2.4039683366282e-11,1.0256661916518e-05,4.1647521195227e-13,-5.4168098695596e-15
3937,0,0,3937,2.4045108397525e-11,1.0254358501993e-05,4.1691802917313e-13,-5.4250312430131e-15
3938,0,0,3938,2.4050541659567e-11,1.0252052641014e-05,4.1736083715475e-13,-5.4332620418601e-15
3939,0,0,3939,2.4055983161854e-11,1.0249744333633e-05,4.178036358784e-13,-5.4415022863471e-15
3940,0,0,3940,2.406143291385e-11,1.0247433579902e-05,4.1824642532356e-13,-5.4497519967692e-15
3941,0,0,3941,2.4066890925044e-11,1.0245120379872e-05,4.1868920546997e-13,-5.4580111934665e-15
3942,0,0,3942,2.4072357204941e-11,1.0242804733594e-05,4.1913197629772e-13,-5.4662798968311e-15
3943,0,0,3943,2.4077831763068e-11,1.024048664112e-05,4.1957473778595e-13,-5.474558127284e-15
3944,0,0,3944,2.4083314608973e-11,1.0238166102502e-05,4.2001748991504e-13,-5.4828459053139e-15
3945,0,0,3945,2.4088805752225e-11,1.0235843117791e-05,4.2046023266444e-13,-5.4911432514357e-15
3946,0,0,3946,2.4094305202411e-11,1.0233517687039e-05,4.2090296601391e-13,-5.499450186219e-15
3947,0,0,3947,2.4099812969141e-11,1.0231189810299e-05,4.2134568994292e-13,-5.5077667302852e-15
3948,0,0,3948,2.4105329062045e-11,1.0228859487623e-05,4.2178840443091e-13,-5.5160929042944e-15
3949,0,0,3949,2.4110853490774e-11,1.0226526719063e-05,4.2223110945704e-13,-5.5244287289454e-15
3950,0,0,3950,2.4116386264999e-11,1.022419150467e-05,4.2267380500199e-13,-5.5327742250084e-15
3951,0,0,3951,2.4121927394413e-11,1.0221853844499e-05,4.2311649104369e-13,-5.5411294132693e-15
3952,0,0,3952,2.4127476888727e-11,1.0219513738601e-05,4.235591675625e-13,-5.5494943145888e-15
3953,0,0,3953,2.4133034757677e-11,1.0217171187029e-05,4.2400183453727e-13,-5.5578689498562e-15
3954,0,0,3954,2.4138601011017e-11,1.0214826189835e-05,4.2444449194716e-13,-5.5662533400097e-15
3955,0,0,3955,2.4144175658523e-11,1.0212478747074e-05,4.2488713977192e-13,-5.5746475060486e-15
3956,0,0,3956,2.4149758709992e-11,1.0210128858798e-05,4.2532977799039e-13,-5.5830514690047e-15
3957,0,0,3957,2.4155350175242e-11,1.020777652506e-05,4.2577240658112e-13,-5.5914652499581e-15
3958,0,0,3958,2.4160950064112e-11,1.0205421745914e-05,4.2621502552417e-13,-5.5998888700472e-15
3959,0,0,3959,2.4166558386463e-11,1.0203064521412e-05,4.2665763479807e-13,-5.6083223504491e-15
3960,0,0,3960,2.4172175152175e-11,1.0200704851609e-05,4.2710023438168e-13,-5.6167657123958e-15
3961,0,0,3961,2.4177800371152e-11,1.0198342736558e-05,4.2754282425444e-13,-5.6252189771549e-15
3962,0,0,3962,2.4183434053318e-11,1.0195978176312e-05,4.2798540439429e-13,-5.6336821660587e-15
3963,0,0,3963,2.4189076208619e-11,1.0193611170927e-05,4.2842797478098e-13,-5.6421553004748e-15
3964,0,0,3964,2.4194726847021e-11,1.0191241720455e-05,4.2887053539304e-13,-5.6506384018293e-15
3965,0,0,3965,2.4200385978512e-11,1.0188869824951e-05,4.2931308620902e-13,-5.6591314915867e-15
3966,0,0,3966,2.4206053613103e-11,1.0186495484469e-05,4.2975562720745e-13,-5.6676345912636e-15
3967,0,0,3967,2.4211729760826e-11,1.0184118699064e-05,4.3019815836718e-13,-5.6761477224376e-15
3968,0,0,3968,2.4217414431733e-11,1.018173946879e-05,4.3064067966735e-13,-5.6846709067189e-15
3969,0,0,3969,2.4223107635898e-11,1.0179357793701e-05,4.3108319108557e-13,-5.6932041657692e-15
3970,0,0,3970,2.422880938342e-11,1.0176973673852e-05,4.315256926004e-13,-5.701747521315e-15
3971,0,0,3971,2.4234519684415e-11,1.0174587109298e-05,4.3196818419127e-13,-5.7103009951085e-15
3972,0,0,3972,2.4240238549024e-11,1.0172198100095e-05,4.3241066583521e-13,-5.7188646089732e-15
3973,0,0,3973,2.4245965987409e-11,1.0169806646297e-05,4.3285313751165e-13,-5.727438384771e-15
3974,0,0,3974,2.4251702009753e-11,1.0167412747958e-05,4.3329559919822e-13,-5.7360223444159e-15
3975,0,0,3975,2.4257446626263e-11,1.0165016405136e-05,4.3373805087345e-13,-5.7446165098733e-15
3976,0,0,3976,2.4263199847166e-11,1.0162617617884e-05,4.3418049251557e-13,-5.7532209031541e-15
3977,0,0,3977,2.4268961682712e-11,1.016021638626e-05,4.3462292410252e-13,-5.7618355463303e-15
3978,0,0,3978,2.4274732143174e-11,1.0157812710317e-05,4.350653456122e-13,-5.7704604615129e-15
3979,0,0,3979,2.4280511238845e-11,1.0155406590112e-05,4.3550775702346e-13,-5.7790956708678e-15
3980,0,0,3980,2.4286298980041e-11,1.0152998025702e-05,4.3595015831331e-13,-5.7877411966189e-15
3981,0,0,3981,2.4292095377102e-11,1.0150587017141e-05,4.3639254945997e-13,-5.7963970610291e-15
3982,0,0,3982,2.4297900440389e-11,1.0148173564487e-05,4.3683493044198e-13,-5.805063286416e-15
3983,0,0,3983,2.4303714180284e-11,1.0145757667795e-05,4.3727730123604e-13,-5.8137398951557e-15
3984,0,0,3984,2.4309536607194e-11,1.0143339327122e-05,4.3771966182099e-13,-5.8224269096723e-15
3985,0,0,3985,2.4315367731546e-11,1.0140918542524e-05,4.3816201217413e-13,-5.8311243524323e-15
3986,0,0,3986,2.4321207563792e-11,1.0138495314059e-05,4.3860435227249e-13,-5.8398322459731e-15
3987,0,0,3987,2.4327056114405e-11,1.0136069641782e-05,4.3904668209488e-13,-5.848550612858e-15
3988,0,0,3988,2.4332913393881e-11,1.0133641525751e-05,4.3948900161802e-13,-5.8572794757311e-15
3989,0,0,3989,2.4338779412738e-11,1.0131210966023e-05,4.3993131081982e-13,-5.8660188572687e-15
3990,0,0,3990,2.4344654181518e-11,1.0128777962654e-05,4.403736096776e-13,-5.8747687802054e-15
3991,0,0,3991,2.4350537710785e-11,1.0126342515703e-05,4.4081589816866e-13,-5.8835292673307e-15
3992,0,0,3992,2.4356430011127e-11,1.0123904625226e-05,4.4125817627062e-13,-5.8923003414792e-15
3993,0,0,3993,2.4362331093152e-11,1.0121464291282e-05,4.4170044396048e-13,-5.9010820255535e-15
3994,0,0,3994,2.4368240967495e-11,1.0119021513927e-05,4.4214270121587e-13,-5.9098743424951e-15
3995,0,0,3995,2.437415964481e-11,1.011657629322e-05,4.4258494801378e-13,-5.9186773153e-15
3996,0,0,3996,2.4380087135777e-11,1.0114128629218e-05,4.4302718433121e-13,-5.9274909670261e-15
3997,0,0,3997,2.4386023451098e-11,1.011167852198e-05,4.4346941014578e-13,-5.9363153207794e-15
3998,0,0,3998,2.4391968601498e-11,1.0109225971563e-05,4.4391162543358e-13,-5.9451503997177e-15
3999,0,0,3999,2.4397922597725e-11,1.0106770978026e-05,4.4435383017253e-13,-5.953996227057e-15
4000,0,0,4000,2.4403885450551e-11,1.0104313541427e-05,4.4479602433902e-13,-5.9628528260619e-15
4001,0,0,4001,2.4409857170771e-11,1.0101853661826e-05,4.4523820791066e-13,-5.9717202200645e-15
4002,0,0,4002,2.4415837769203e-11,1.009939133928e-05,4.4568038086292e-13,-5.9805984324264e-15
4003,0,0,4003,2.442182725669e-11,1.0096926573848e-05,4.4612254317374e-13,-5.9894874865928e-15
4004,0,0,4004,2.4427825644096e-11,1.0094459365589e-05,4.4656469481979e-13,-5.9983874060448e-15
4005,0,0,4005,2.443383294231e-11,1.0091989714563e-05,4.4700683577687e-13,-6.0072982143149e-15
4006,0,0,4006,2.4439849162245e-11,1.0089517620828e-05,4.4744896602258e-13,-6.0162199350102e-15
4007,0,0,4007,2.4445874314837e-11,1.0087043084443e-05,4.4789108553271e-13,-6.0251525917796e-15
4008,0,0,4008,2.4451908411045e-11,1.008456610547e-05,4.4833319428394e-13,-6.0340962083237e-15
4009,0,0,4009,2.4457951461854e-11,1.0082086683965e-05,4.4877529225329e-13,-6.0430508084111e-15
4010,0,0,4010,2.446400347827e-11,1.0079604819991e-05,4.4921737941622e-13,-6.0520164158523e-15
4011,0,0,4011,2.4470064471324e-11,1.0077120513605e-05,4.4965945574973e-13,-6.0609930545322e-15
4012,0,0,4012,2.4476134452073e-11,1.0074633764869e-05,4.5010152122961e-13,-6.0699807483646e-15
4013,0,0,4013,2.4482213431594e-11,1.0072144573843e-05,4.5054357583285e-13,-6.0789795213475e-15
4014,0,0,4014,2.4488301420991e-11,1.0069652940585e-05,4.5098561953463e-13,-6.0879893975177e-15
4015,0,0,4015,2.4494398431392e-11,1.0067158865158e-05,4.5142765231162e-13,-6.0970104009796e-15
4016,0,0,4016,2.4500504473948e-11,1.0064662347622e-05,4.5186967413993e-13,-6.1060425558765e-15
4017,0,0,4017,2.4506619559835e-11,1.0062163388036e-05,4.5231168499531e-13,-6.1150858864327e-15
4018,0,0,4018,2.4512743700252e-11,1.0059661986462e-05,4.5275368485356e-13,-6.124140416911e-15
4019,0,0,4019,2.4518876906423e-11,1.0057158142961e-05,4.5319567369107e-13,-6.1332061716389e-15
4020,0,0,4020,2.4525019189598e-11,1.0054651857594e-05,4.5363765148298e-13,-6.1422831750021e-15
4021,0,0,4021,2.453117056105e-11,1.0052143130422e-05,4.540796182057e-13,-6.1513714514411e-15
4022,0,0,4022,2.4537331032075e-11,1.0049631961505e-05,4.5452157383439e-13,-6.1604710254581e-15
4023,0,0,4023,2.4543500613997e-11,1.0047118350907e-05,4.5496351834512e-13,-6.1695819216001e-15
4024,0,0,4024,2.4549679318161e-11,1.0044602298687e-05,4.5540545171307e-13,-6.1787041644953e-15
4025,0,0,4025,2.455586715594e-11,1.0042083804909e-05,4.5584737391432e-13,-6.1878377788071e-15
4026,0,0,4026,2.4562064138729e-11,1.0039562869633e-05,4.5628928492372e-13,-6.1969827892767e-15
4027,0,0,4027,2.456827027795e-11,1.0037039492922e-05,4.5673118471705e-13,-6.2061392206839e-15
4028,0,0,4028,2.4574485585048e-11,1.0034513674837e-05,4.5717307326979e-13,-6.2153070978895e-15
4029,0,0,4029,2.4580710071494e-11,1.0031985415442e-05,4.5761495055647e-13,-6.2244864457928e-15
4030,0,0,4030,2.4586943748783e-11,1.0029454714798e-05,4.5805681655349e-13,-6.2336772893675e-15
4031,0,0,4031,2.4593186628437e-11,1.0026921572968e-05,4.5849867123509e-13,-6.2428796536392e-15
4032,0,0,4032,2.4599438722e-11,1.0024385990015e-05,4.5894051457645e-13,-6.2520935636914e-15
4033,0,0,4033,2.4605700041045e-11,1.0021847966001e-05,4.5938234655363e-13,-6.2613190446724e-15
4034,0,0,4034,2.4611970597167e-11,1.0019307500989e-05,4.5982416713996e-13,-6.2705561217885e-15
4035,0,0,4035,2.4618250401987e-11,1.0016764595042e-05,4.6026597631184e-13,-6.2798048203107e-15
4036,0,0,4036,2.4624539467153e-11,1.0014219248224e-05,4.607077740432e-13,-6.2890651655522e-15
4037,0,0,4037,2.4630837804336e-11,1.0011671460598e-05,4.6114956030951e-13,-6.2983371829163e-15
4038,0,0,4038,2.4637145425234e-11,1.0009121232228e-05,4.6159133508532e-13,-6.3076208978422e-15
4039,0,0,4039,2.4643462341569e-11,1.0006568563176e-05,4.6203309834518e-13,-6.3169163358366e-15
4040,0,0,4040,2.4649788565092e-11,1.0004013453507e-05,4.6247485006364e-13,-6.3262235224711e-15
4041,0,0,4041,2.4656124107575e-11,1.0001455903285e-05,4.6291659021525e-13,-6.3355424833754e-15
4042,0,0,4042,2.4662468980819e-11,9.9988959125735e-06,4.6335831877517e-13,-6.3448732442503e-15
4043,0,0,4043,2.466882319665e-11,9.996333481437e-06,4.6380003571673e-13,-6.3542158308353e-15
4044,0,0,4044,2.4675186766919e-11,9.9937686099397e-06,4.642417410157e-13,-6.3635702689538e-15
4045,0,0,4045,2.4681559703504e-11,9.991201298146e-06,4.646834346448e-13,-6.3729365844813e-15
4046,0,0,4046,2.4687942018307e-11,9.9886315461207e-06,4.6512511657979e-13,-6.3823148033607e-15
4047,0,0,4047,2.4694333723259e-11,9.9860593539285e-06,4.6556678679402e-13,-6.3917049515901e-15
4048,0,0,4048,2.4700734830314e-11,9.9834847216342e-06,4.660084452617e-13,-6.4011070552354e-15
4049,0,0,4049,2.4707145351454e-11,9.980907649303e-06,4.664500919571e-13,-6.4105211404206e-15
4050,0,0,4050,2.4713565298688e-11,9.9783281369999e-06,4.6689172685446e-13,-6.4199472333376e-15
4051,0,0,4051,2.4719994684048e-11,9.9757461847904e-06,4.6733334992678e-13,-6.4293853602429e-15
4052,0,0,4052,2.4726433519595e-11,9.9731617927398e-06,4.6777496114893e-13,-6.4388355474481e-15
4053,0,0,4053,2.4732881817417e-11,9.9705749609139e-06,4.6821656049424e-13,-6.4482978213356e-15
4054,0,0,4054,2.4739339589625e-11,9.9679856893783e-06,4.6865814793694e-13,-6.4577722083493e-15
4055,0,0,4055,2.474580684836e-11,9.9653939781991e-06,4.6909972345005e-13,-6.4672587349947e-15
4056,0,0,4056,2.4752283605788e-11,9.9627998274421e-06,4.6954128700751e-13,-6.4767574278415e-15
4057,0,0,4057,2.4758769874101e-11,9.9602032371737e-06,4.6998283858325e-13,-6.4862683135309e-15
4058,0,0,4058,2.476526566552e-11,9.9576042074602e-06,4.7042437814999e-13,-6.4957914187589e-15
4059,0,0,4059,2.477177099229e-11,9.955002738368e-06,4.7086590568197e-13,-6.5053267702924e-15
4060,0,0,4060,2.4778285866685e-11,9.9523988299638e-06,4.713074211522e-13,-6.5148743949632e-15
4061,0,0,4061,2.4784810301005e-11,9.9497924823145e-06,4.7174892453371e-13,-6.5244343196578e-15
4062,0,0,4062,2.4791344307576e-11,9.9471836954869e-06,4.7219041579981e-13,-6.53400657135e-15
4063,0,0,4063,2.4797887898753e-11,9.944572469548e-06,4.7263189492445e-13,-6.5435911770526e-15
4064,0,0,4064,2.4804441086917e-11,9.9419588045653e-06,4.7307336188002e-13,-6.5531881638622e-15
4065,0,0,4065,2.4811003884476e-11,9.939342700606e-06,4.7351481663955e-13,-6.5627975589366e-15
4066,0,0,4066,2.4817576303866e-11,9.9367241577376e-06,4.7395625917605e-13,-6.5724193895019e-15
4067,0,0,4067,2.4824158357549e-11,9.9341031760278e-06,4.7439768946284e-13,-6.5820536828388e-15
4068,0,0,4068,2.4830750058015e-11,9.9314797555446e-06,4.7483910747203e-13,-6.591700466309e-15
4069,0,0,4069,2.4837351417782e-11,9.9288538963557e-06,4.7528051317723e-13,-6.6013597673385e-15
4070,0,0,4070,2.4843962449396e-11,9.9262255985295e-06,4.7572190655086e-13,-6.6110316134087e-15
4071,0,0,4071,2.4850583165428e-11,9.9235948621341e-06,4.7616328756532e-13,-6.6207160320877e-15
4072,0,0,4072,2.4857213578479e-11,9.920961687238e-06,4.7660465619301e-13,-6.6304130509861e-15
4073,0,0,4073,2.4863853701177e-11,9.9183260739098e-06,4.7704601240726e-13,-6.6401226978079e-15
4074,0,0,4074,2.4870503546177e-11,9.9156880222182e-06,4.7748735617955e-13,-6.6498450003056e-15
4075,0,0,4075,2.4877163126163e-11,9.9130475322321e-06,4.7792868748289e-13,-6.6595799863062e-15
4076,0,0,4076,2.4883832453847e-11,9.9104046040206e-06,4.7837000628969e-13,-6.6693276837076e-15
4077,0,0,4077,2.4890511541967e-11,9.9077592376528e-06,4.7881131257144e-13,-6.6790881204755e-15
4078,0,0,4078,2.4897200403292e-11,9.9051114331981e-06,4.7925260630115e-13,-6.6888613246373e-15
4079,0,0,4079,2.4903899050616e-11,9.902461190726e-06,4.7969388745e-13,-6.6986473242977e-15
4080,0,0,4080,2.4910607496764e-11,9.8998085103061e-06,4.8013515599131e-13,-6.708446147626e-15
4081,0,0,4081,2.4917325754587e-11,9.8971533920083e-06,4.8057641189564e-13,-6.718257822866e-15
4082,0,0,4082,2.4924053836965e-11,9.8944958359026e-06,4.8101765513602e-13,-6.7280823783194e-15
4083,0,0,4083,2.4930791756807e-11,9.8918358420591e-06,4.8145888568331e-13,-6.737919842369e-15
4084,0,0,4084,2.4937539527051e-11,9.889173410548e-06,4.8190010350992e-13,-6.7477702434619e-15
4085,0,0,4085,2.4944297160661e-11,9.8865085414397e-06,4.8234130858733e-13,-6.7576336101166e-15
4086,0,0,4086,2.4951064670632e-11,9.883841234805e-06,4.8278250088733e-13,-6.7675099709257e-15
4087,0,0,4087,2.4957842069987e-11,9.8811714907145e-06,4.8322368038109e-13,-6.7773993545433e-15
4088,0,0,4088,2.4964629371776e-11,9.8784993092391e-06,4.8366484704011e-13,-6.7873017897073e-15
4089,0,0,4089,2.4971426589081e-11,9.87582469045e-06,4.8410600083648e-13,-6.7972173052076e-15
4090,0,0,4090,2.4978233735011e-11,9.8731476344183e-06,4.8454714174076e-13,-6.8071459299245e-15
4091,0,0,4091,2.4985050822704e-11,9.8704681412154e-06,4.8498826972413e-13,-6.8170876928027e-15
4092,0,0,4092,2.4991877865327e-11,9.8677862109129e-06,4.8542938475839e-13,-6.8270426228517e-15
4093,0,0,4093,2.4998714876076e-11,9.8651018435824e-06,4.8587048681439e-13,-6.8370107491651e-15
4094,0,0,4094,2.5005561868177e-11,9.8624150392958e-06,4.8631157586301e-13,-6.8469921009009e-15
4095,0,0,4095,2.5012418854884e-11,9.8597257981253e-06,4.8675265187544e-13,-6.8569867072885e-15
4096,0,0,4096,2.5019285849482e-11,9.8570341201428e-06,4.8719371482253e-13,-6.8669945976312e-15
4097,0,0,4097,2.5026162865283e-11,9.8543400054209e-06,4.8763476467485e-13,-6.8770158013069e-15
4098,0,0,4098,2.5033049915631e-11,9.8516434540319e-06,4.8807580140359e-13,-6.8870503477742e-15
4099,0,0,4099,2.5039947013898e-11,9.8489444660486e-06,4.8851682497899e-13,-6.8970982665435e-15
4100,0,0,4100,2.5046854173485e-11,9.8462430415438e-06,4.8895783537193e-13,-6.907159587222e-15
4101,0,0,4101,2.5053771407824e-11,9.8435391805904e-06,4.8939883255298e-13,-6.9172343394719e-15
4102,0,0,4102,2.5060698730377e-11,9.8408328832617e-06,4.8983981649207e-13,-6.9273225530426e-15
4103,0,0,4103,2.5067636154635e-11,9.838124149631e-06,4.9028078716071e-13,-6.9374242577513e-15
4104,0,0,4104,2.5074583694119e-11,9.8354129797718e-06,4.907217445276e-13,-6.947539483493e-15
4105,0,0,4105,2.5081541362379e-11,9.8326993737576e-06,4.9116268856454e-13,-6.9576682602334e-15
4106,0,0,4106,2.5088509172997e-11,9.8299833316623e-06,4.9160361924088e-13,-6.9678106180129e-15
4107,0,0,4107,2.5095487139584e-11,9.82726485356e-06,4.9204453652655e-13,-6.9779665869525e-15
4108,0,0,4108,2.5102475275781e-11,9.8245439395247e-06,4.9248544039182e-13,-6.9881361972474e-15
4109,0,0,4109,2.510947359526e-11,9.8218205896307e-06,4.9292633080694e-13,-6.9983194791576e-15
4110,0,0,4110,2.5116482111723e-11,9.8190948039526e-06,4.9336720774156e-13,-7.0085164630336e-15
4111,0,0,4111,2.5123500838903e-11,9.8163665825649e-06,4.9380807116502e-13,-7.0187271792968e-15
4112,0,0,4112,2.5130529790561e-11,9.8136359255426e-06,4.9424892104726e-13,-7.0289516584398e-15
4113,0,0,4113,2.5137568980492e-11,9.8109028329605e-06,4.9468975735823e-13,-7.0391899310393e-15
4114,0,0,4114,2.514461842252e-11,9.8081673048938e-06,4.9513058006759e-13,-7.0494420277429e-15
4115,0,0,4115,2.5151678130499e-11,9.8054293414179e-06,4.9557138914375e-13,-7.059707979279e-15
4116,0,0,4116,2.5158748118315e-11,9.8026889426082e-06,4.9601218455727e-13,-7.0699878164474e-15
4117,0,0,4117,2.5165828399886e-11,9.7999461085403e-06,4.9645296627718e-13,-7.0802815701378e-15
4118,0,0,4118,2.5172918989157e-11,9.7972008392902e-06,4.968937342722e-13,-7.0905892713052e-15
4119,0,0,4119,2.5180019900108e-11,9.7944531349338e-06,4.973344885123e-13,-7.1009109509847e-15
4120,0,0,4120,2.5187131146748e-11,9.7917029955472e-06,4.9777522896557e-13,-7.1112466402927e-15
4121,0,0,4121,2.5194252743119e-11,9.7889504212069e-06,4.9821595560198e-13,-7.1215963704326e-15
4122,0,0,4122,2.5201384703291e-11,9.7861954119893e-06,4.9865666839023e-13,-7.1319601726596e-15
4123,0,0,4123,2.520852704137e-11,9.783437967971e-06,4.9909736729845e-13,-7.1423380783451e-15
4124,0,0,4124,2.5215679771489e-11,9.7806780892291e-06,4.9953805229628e-13,-7.1527301189091e-15
4125,0,0,4125,2.5222842907814e-11,9.7779157758404e-06,4.9997872335183e-13,-7.1631363258587e-15
4126,0,0,4126,2.5230016464545e-11,9.7751510278822e-06,5.0041938043443e-13,-7.1735567307948e-15
4127,0,0,4127,2.5237200455911e-11,9.7723838454318e-06,5.0086002351159e-13,-7.1839913653829e-15
4128,0,0,4128,2.5244394896172e-11,9.7696142285669e-06,5.0130065255264e-13,-7.1944402613727e-15
4129,0,0,4129,2.5251599799623e-11,9.7668421773651e-06,5.0174126752569e-13,-7.2049034505942e-15
4130,0,0,4130,2.5258815180588e-11,9.7640676919044e-06,5.0218186839855e-13,-7.2153809649652e-15
4131,0,0,4131,2.5266041053424e-11,9.7612907722627e-06,5.0262245514025e-13,-7.2258728364709e-15
4132,0,0,4132,2.5273277432521e-11,9.7585114185184e-06,5.0306302771828e-13,-7.2363790971906e-15
4133,0,0,4133,2.52805243323e-11,9.7557296307499e-06,5.0350358610106e-13,-7.2468997792775e-15
4134,0,0,4134,2.5287781767215e-11,9.7529454090358e-06,5.039441302564e-13,-7.2574349149756e-15
4135,0,0,4135,2.5295049751752e-11,9.7501587534548e-06,5.043846601518e-13,-7.2679845365934e-15
4136,0,0,4136,2.5302328300429e-11,9.747369664086e-06,5.0482517575567e-13,-7.2785486765396e-15
4137,0,0,4137,2.5309617427796e-11,9.7445781410084e-06,5.0526567703551e-13,-7.2891273673036e-15
4138,0,0,4138,2.5316917148437e-11,9.7417841843015e-06,5.0570616395881e-13,-7.2997206414396e-15
4139,0,0,4139,2.5324227476969e-11,9.7389877940446e-06,5.061466364937e-13,-7.3103285316081e-15
4140,0,0,4140,2.5331548428039e-11,9.7361889703175e-06,5.0658709460643e-13,-7.3209510705411e-15
4141,0,0,4141,2.5338880016331e-11,9.7333877132e-06,5.0702753826574e-13,-7.3315882910575e-15
4142,0,0,4142,2.5346222256557e-11,9.7305840227722e-06,5.0746796743819e-13,-7.3422402260508e-15
4143,0,0,4143,2.5353575163465e-11,9.7277778991142e-06,5.0790838209069e-13,-7.3529069085176e-15
4144,0,0,4144,2.5360938751837e-11,9.7249693423065e-06,5.0834878219164e-13,-7.3635883715226e-15
4145,0,0,4145,2.5368313036485e-11,9.7221583524297e-06,5.0878916770639e-13,-7.3742846482143e-15
4146,0,0,4146,2.5375698032257e-11,9.7193449295645e-06,5.0922953860336e-13,-7.3849957718449e-15
4147,0,0,4147,2.5383093754032e-11,9.7165290737919e-06,5.0966989484822e-13,-7.3957217757341e-15
4148,0,0,4148,2.5390500216726e-11,9.7137107851929e-06,5.1011023640906e-13,-7.4064626932859e-15
4149,0,0,4149,2.5397917435284e-11,9.710890063849e-06,5.1055056325156e-13,-7.4172185580075e-15
4150,0,0,4150,2.5405345424687e-11,9.7080669098416e-06,5.1099087534289e-13,-7.4279894034708e-15
4151,0,0,4151,2.5412784199951e-11,9.7052413232523e-06,5.1143117264872e-13,-7.4387752633576e-15
4152,0,0,4152,2.5420233776122e-11,9.7024133041632e-06,5.1187145513686e-13,-7.449576171411e-15
4153,0,0,4153,2.5427694168283e-11,9.6995828526562e-06,5.1231172277265e-13,-7.4603921614777e-15
4154,0,0,4154,2.5435165391551e-11,9.6967499688135e-06,5.1275197552236e-13,-7.4712232674913e-15
4155,0,0,4155,2.5442647461074e-11,9.6939146527176e-06,5.1319221335319e-13,-7.4820695234632e-15
4156,0,0,4156,2.5450140392038e-11,9.6910769044512e-06,5.1363243622956e-13,-7.4929309635018e-15
4157,0,0,4157,2.545764419966e-11,9.6882367240969e-06,5.1407264411929e-13,-7.5038076217992e-15
4158,0,0,4158,2.5465158899192e-11,9.6853941117379e-06,5.145128369871e-13,-7.514699532635e-15
4159,0,0,4159,2.5472684505923e-11,9.6825490674572e-06,5.1495301479866e-13,-7.5256067303792e-15
4160,0,0,4160,2.5480221035172e-11,9.6797015913383e-06,5.1539317752116e-13,-7.5365292494956e-15
4161,0,0,4161,2.5487768502297e-11,9.6768516834647e-06,5.1583332511842e-13,-7.5474671245253e-15
4162,0,0,4162,2.5495326922687e-11,9.6739993439202e-06,5.1627345755732e-13,-7.5584203901066e-15
4163,0,0,4163,2.5502896311768e-11,9.6711445727887e-06,5.167135748029e-13,-7.5693890809746e-15
4164,0,0,4164,2.5510476685e-11,9.6682873701543e-06,5.1715367682052e-13,-7.5803732319387e-15
4165,0,0,4165,2.5518068057878e-11,9.6654277361014e-06,5.1759376357522e-13,-7.5913728779053e-15
4166,0,0,4166,2.5525670445931e-11,9.6625656707145e-06,5.1803383503297e-13,-7.6023880538809e-15
4167,0,0,4167,2.5533283864726e-11,9.6597011740783e-06,5.1847389115788e-13,-7.6134187949464e-15
4168,0,0,4168,2.5540908329863e-11,9.6568342462776e-06,5.1891393191563e-13,-7.6244651362893e-15
4169,0,0,4169,2.5548543856976e-11,9.6539648873977e-06,5.1935395727094e-13,-7.6355271131746e-15
4170,0,0,4170,2.5556190461737e-11,9.6510930975237e-06,5.1979396718856e-13,-7.6466047609676e-15
4171,0,0,4171,2.5563848159852e-11,9.6482188767412e-06,5.2023396163383e-13,-7.6576981151335e-15
4172,0,0,4172,2.5571516967063e-11,9.6453422251358e-06,5.2067394057057e-13,-7.6688072112089e-15
4173,0,0,4173,2.5579196899148e-11,9.6424631427935e-06,5.2111390396384e-13,-7.6799320848369e-15
4174,0,0,4174,2.558688797192e-11,9.6395816298003e-06,5.2155385177774e-13,-7.6910727717606e-15
4175,0,0,4175,2.5594590201228e-11,9.6366976862424e-06,5.2199378397703e-13,-7.7022293077944e-15
4176,0,0,4176,2.5602303602956e-11,9.6338113122063e-06,5.2243370052613e-13,-7.713401728869e-15
4177,0,0,4177,2.5610028193027e-11,9.6309225077788e-06,5.2287360138825e-13,-7.7245900709958e-15
4178,0,0,4178,2.5617763987398e-11,9.6280312730466e-06,5.2331348652874e-13,-7.7357943702864e-15
4179,0,0,4179,2.5625511002061e-11,9.6251376080968e-06,5.237533559108e-13,-7.7470146629397e-15
4180,0,0,4180,2.5633269253046e-11,9.6222415130167e-06,5.2419320949856e-13,-7.7582509852579e-15
4181,0,0,4181,2.564103875642e-11,9.6193429878937e-06,5.2463304725584e-13,-7.7695033736369e-15
4182,0,0,4182,2.5648819528284e-11,9.6164420328156e-06,5.2507286914614e-13,-7.78077186456e-15
4183,0,0,4183,2.5656611584779e-11,9.6135386478701e-06,5.255126751333e-13,-7.7920564946169e-15
4184,0,0,4184,2.5664414942079e-11,9.6106328331453e-06,5.2595246518111e-13,-7.8033573004913e-15
4185,0,0,4185,2.5672229616398e-11,9.6077245887295e-06,5.2639223925218e-13,-7.8146743189505e-15
4186,0,0,4186,2.5680055623985e-11,9.6048139147113e-06,5.2683199731064e-13,-7.8260075868817e-15
4187,0,0,4187,2.5687892981126e-11,9.6019008111791e-06,5.2727173931967e-13,-7.8373571412463e-15
4188,0,0,4188,2.5695741704145e-11,9.598985278222e-06,5.2771146524128e-13,-7.8487230191188e-15
4189,0,0,4189,2.5703601809403e-11,9.5960673159289e-06,5.2815117504018e-13,-7.8601052576642e-15
4190,0,0,4190,2.5711473313297e-11,9.5931469243893e-06,5.2859086867837e-13,-7.8715038941443e-15
4191,0,0,4191,2.5719356232263e-11,9.5902241036925e-06,5.2903054611842e-13,-7.8829189659245e-15
4192,0,0,4192,2.5727250582774e-11,9.5872988539283e-06,5.2947020732356e-13,-7.8943505104702e-15
4193,0,0,4193,2.5735156381339e-11,9.5843711751865e-06,5.2990985225636e-13,-7.9057985653309e-15
4194,0,0,4194,2.5743073644507e-11,9.5814410675573e-06,5.3034948087973e-13,-7.9172631681788e-15
4195,0,0,4195,2.5751002388864e-11,9.5785085311311e-06,5.3078909315503e-13,-7.9287443567639e-15
4196,0,0,4196,2.5758942631033e-11,9.5755735659982e-06,5.3122868904578e-13,-7.9402421689489e-15
4197,0,0,4197,2.5766894387676e-11,9.5726361722495e-06,5.3166826851333e-13,-7.9517566426969e-15
4198,0,0,4198,2.5774857675492e-11,9.5696963499759e-06,5.3210783152059e-13,-7.9632878160615e-15
4199,0,0,4199,2.5782832511219e-11,9.5667540992686e-06,5.3254737802893e-13,-7.9748357272094e-15
4200,0,0,4200,2.5790818911633e-11,9.5638094202189e-06,5.3298690800062e-13,-7.9864004143975e-15
4201,0,0,4201,2.5798816893549e-11,9.5608623129183e-06,5.3342642139764e-13,-7.9979819159961e-15
4202,0,0,4202,2.580682647382e-11,9.5579127774588e-06,5.3386591818106e-13,-8.0095802704659e-15
4203,0,0,4203,2.5814847669336e-11,9.5549608139322e-06,5.3430539831347e-13,-8.0211955163807e-15
4204,0,0,4204,2.5822880497028e-11,9.5520064224308e-06,5.3474486175592e-13,-8.0328276924046e-15
4205,0,0,4205,2.5830924973866e-11,9.549049603047e-06,5.3518430846916e-13,-8.0444768373149e-15
4206,0,0,4206,2.5838981116856e-11,9.5460903558734e-06,5.356237384158e-13,-8.0561429899925e-15
4207,0,0,4207,2.5847048943045e-11,9.5431286810029e-06,5.3606315155626e-13,-8.0678261894085e-15
4208,0,0,4208,2.585512846952e-11,9.5401645785286e-06,5.3650254785193e-13,-8.0795264746601e-15
4209,0,0,4209,2.5863219713405e-11,9.5371980485437e-06,5.3694192726354e-13,-8.0912438849253e-15
4210,0,0,4210,2.5871322691864e-11,9.5342290911418e-06,5.3738128975247e-13,-8.1029784595016e-15
4211,0,0,4211,2.5879437422102e-11,9.5312577064165e-06,5.3782063527855e-13,-8.1147302377932e-15
4212,0,0,4212,2.5887563921361e-11,9.5282838944617e-06,5.3825996380406e-13,-8.1264992592948e-15
4213,0,0,4213,2.5895702206925e-11,9.5253076553718e-06,5.3869927528791e-13,-8.1382855636237e-15
4214,0,0,4214,2.5903852296116e-11,9.5223289892409e-06,5.3913856969178e-13,-8.1500891904944e-15
4215,0,0,4215,2.5912014206295e-11,9.5193478961636e-06,5.395778469755e-13,-8.1619101797246e-15
4216,0,0,4216,2.5920187954866e-11,9.5163643762349e-06,5.4001710709951e-13,-8.1737485712451e-15
4217,0,0,4217,2.5928373559272e-11,9.5133784295497e-06,5.4045635002395e-13,-8.1856044050999e-15
4218,0,0,4218,2.5936571036993e-11,9.5103900562032e-06,5.4089557570896e-13,-8.1974777214235e-15
4219,0,0,4219,2.5944780405553e-11,9.507399256291e-06,5.4133478411407e-13,-8.2093685604729e-15
4220,0,0,4220,2.5953001682516e-11,9.5044060299087e-06,5.4177397519942e-13,-8.2212769626024e-15
4221,0,0,4221,2.5961234885484e-11,9.5014103771522e-06,5.4221314892513e-13,-8.2332029682824e-15
4222,0,0,4222,2.5969480032102e-11,9.4984122981177e-06,5.4265230525013e-13,-8.2451466180964e-15
4223,0,0,4223,2.5977737140055e-11,9.4954117929015e-06,5.4309144413456e-13,-8.2571079527185e-15
4224,0,0,4224,2.5986006227068e-11,9.4924088616002e-06,5.4353056553702e-13,-8.2690870129617e-15
4225,0,0,4225,2.5994287310908e-11,9.4894035043106e-06,5.4396966941794e-13,-8.2810838397131e-15
4226,0,0,4226,2.6002580409382e-11,9.4863957211297e-06,5.4440875573503e-13,-8.2930984740056e-15
4227,0,0,4227,2.6010885540339e-11,9.4833855121548e-06,5.4484782444904e-13,-8.3051309569557e-15
4228,0,0,4228,2.6019202721669e-11,9.4803728774835e-06,5.4528687551764e-13,-8.3171813298063e-15
4229,0,0,4229,2.6027531971303e-11,9.4773578172133e-06,5.4572590890005e-13,-8.3292496339098e-15
4230,0,0,4230,2.6035873307213e-11,9.4743403314423e-06,5.461649245555e-13,-8.3413359107222e-15
4231,0,0,4231,2.6044226747415e-11,9.4713204202686e-06,5.4660392244168e-13,-8.3534402018223e-15
4232,0,0,4232,2.6052592309964e-11,9.4682980837906e-06,5.4704290251779e-13,-8.3655625488955e-15
4233,0,0,4233,2.6060970012958e-11,9.4652733221069e-06,5.4748186474214e-13,-8.377702993737e-15
4234,0,0,4234,2.6069359874536e-11,9.4622461353165e-06,5.4792080907303e-13,-8.389861578268e-15
4235,0,0,4235,2.607776191288e-11,9.4592165235183e-06,5.4835973546845e-13,-8.4020383445068e-15
4236,0,0,4236,2.6086176146215e-11,9.4561844868117e-06,5.4879864388669e-13,-8.4142333346007e-15
4237,0,0,4237,2.6094602592806e-11,9.4531500252963e-06,5.4923753428515e-13,-8.4264465908039e-15
4238,0,0,4238,2.6103041270961e-11,9.4501131390719e-06,5.4967640662211e-13,-8.4386781554868e-15
4239,0,0,4239,2.6111492199032e-11,9.4470738282385e-06,5.5011526085587e-13,-8.4509280711295e-15
4240,0,0,4240,2.6119955395413e-11,9.4440320928962e-06,5.505540969426e-13,-8.4631963803416e-15
4241,0,0,4241,2.6128430878539e-11,9.4409879331457e-06,5.5099291484119e-13,-8.475483125836e-15
4242,0,0,4242,2.6136918666889e-11,9.4379413490877e-06,5.514317145078e-13,-8.4877883504451e-15
4243,0,0,4243,2.6145418778986e-11,9.434892340823e-06,5.5187049590074e-13,-8.5001120971241e-15
4244,0,0,4244,2.6153931233395e-11,9.431840908453e-06,5.5230925897677e-13,-8.512454408935e-15
4245,0,0,4245,2.6162456048724e-11,9.428787052079e-06,5.5274800369234e-13,-8.5248153290688e-15
4246,0,0,4246,2.6170993243625e-11,9.4257307718027e-06,5.5318673000514e-13,-8.5371949008296e-15
4247,0,0,4247,2.6179542836793e-11,9.4226720677261e-06,5.5362543787132e-13,-8.5495931676349e-15
4248,0,0,4248,2.6188104846966e-11,9.4196109399512e-06,5.5406412724827e-13,-8.5620101730247e-15
4249,0,0,4249,2.6196679292926e-11,9.4165473885806e-06,5.5450279809183e-13,-8.574445960665e-15
4250,0,0,4250,2.6205266193501e-11,9.4134814137167e-06,5.5494145035876e-13,-8.5869005743318e-15
4251,0,0,4251,2.6213865567559e-11,9.4104130154625e-06,5.5538008400522e-13,-8.5993740579239e-15
4252,0,0,4252,2.6222477434014e-11,9.4073421939212e-06,5.5581869898736e-13,-8.611866455466e-15
4253,0,0,4253,2.6231101811825e-11,9.404268949196e-06,5.5625729526164e-13,-8.6243778110927e-15
4254,0,0,4254,2.6239738719994e-11,9.4011932813905e-06,5.566958727836e-13,-8.6369081690743e-15
4255,0,0,4255,2.6248388177568e-11,9.3981151906087e-06,5.5713443150908e-13,-8.6494575737877e-15
4256,0,0,4256,2.6257050203638e-11,9.3950346769546e-06,5.5757297139363e-13,-8.6620260697393e-15
4257,0,0,4257,2.6265724817339e-11,9.3919517405325e-06,5.5801149239339e-13,-8.6746137015643e-15
4258,0,0,4258,2.6274412037853e-11,9.3888663814471e-06,5.5844999446329e-13,-8.6872205140081e-15
4259,0,0,4259,2.6283111884405e-11,9.3857785998031e-06,5.5888847755887e-13,-8.6998465519453e-15
4260,0,0,4260,2.6291824376266e-11,9.3826883957057e-06,5.5932694163537e-13,-8.7124918603829e-15
4261,0,0,4261,2.630054953275e-11,9.3795957692601e-06,5.5976538664771e-13,-8.7251564844313e-15
4262,0,0,4262,2.6309287373219e-11,9.376500720572e-06,5.6020381255081e-13,-8.7378404693431e-15
4263,0,0,4263,2.631803791708e-11,9.3734032497471e-06,5.606422192996e-13,-8.7505438605002e-15
4264,0,0,4264,2.6326801183783e-11,9.3703033568916e-06,5.6108060684871e-13,-8.7632667033812e-15
4265,0,0,4265,2.6335577192827e-11,9.3672010421118e-06,5.6151897515305e-13,-8.7760090436299e-15
4266,0,0,4266,2.6344365963754e-11,9.3640963055142e-06,5.6195732416664e-13,-8.7887709269834e-15
4267,0,0,4267,2.6353167516153e-11,9.3609891472056e-06,5.6239565384408e-13,-8.801552399318e-15
4268,0,0,4268,2.636198186966e-11,9.3578795672933e-06,5.6283396413909e-13,-8.8143535066488e-15
4269,0,0,4269,2.6370809043955e-11,9.3547675658844e-06,5.6327225500659e-13,-8.8271742950944e-15
4270,0,0,4270,2.6379649058766e-11,9.3516531430866e-06,5.6371052639997e-13,-8.8400148109251e-15
4271,0,0,4271,2.6388501933866e-11,9.3485362990077e-06,5.6414877827262e-13,-8.8528751005246e-15
4272,0,0,4272,2.6397367689077e-11,9.3454170337559e-06,5.6458701057916e-13,-8.8657552104023e-15
4273,0,0,4273,2.6406246344264e-11,9.3422953474395e-06,5.6502522327269e-13,-8.8786551872228e-15
4274,0,0,4274,2.6415137919342e-11,9.3391712401671e-06,5.6546341630658e-13,-8.8915750777413e-15
4275,0,0,4275,2.6424042434271e-11,9.3360447120476e-06,5.6590158963394e-13,-8.9045149288808e-15
4276,0,0,4276,2.6432959909058e-11,9.3329157631901e-06,5.6633974320814e-13,-8.9174747876679e-15
4277,0,0,4277,2.644189036376e-11,9.329784393704e-06,5.667778769829e-13,-8.9304547012777e-15
4278,0,0,4278,2.6450833818477e-11,9.3266506036989e-06,5.6721599090976e-13,-8.9434547170081e-15
4279,0,0,4279,2.6459790293359e-11,9.3235143932849e-06,5.6765408494242e-13,-8.9564748822863e-15
4280,0,0,4280,2.6468759808604e-11,9.320375762572e-06,5.6809215903305e-13,-8.9695152446816e-15
4281,0,0,4281,2.6477742384456e-11,9.3172347116707e-06,5.6853021313505e-13,-8.982575851896e-15
4282,0,0,4282,2.6486738041207e-11,9.3140912406917e-06,5.6896824719934e-13,-8.9956567517474e-15
4283,0,0,4283,2.64957467992e-11,9.310945349746e-06,5.6940626117934e-13,-9.0087579922092e-15
4284,0,0,4284,2.6504768678821e-11,9.3077970389447e-06,5.6984425502688e-13,-9.0218796213839e-15
4285,0,0,4285,2.6513803700508e-11,9.3046463083994e-06,5.7028222869354e-13,-9.0350216874935e-15
4286,0,0,4286,2.6522851884747e-11,9.3014931582219e-06,5.7072018213147e-13,-9.0481842389184e-15
4287,0,0,4287,2.6531913252071e-11,9.2983375885242e-06,5.7115811529253e-13,-9.0613673241585e-15
4288,0,0,4288,2.6540987823063e-11,9.2951795994185e-06,5.7159602812736e-13,-9.0745709918526e-15
4289,0,0,4289,2.6550075618354e-11,9.2920191910175e-06,5.7203392058905e-13,-9.0877952907819e-15
4290,0,0,4290,2.6559176658624e-11,9.2888563634339e-06,5.724717926273e-13,-9.1010402698597e-15
4291,0,0,4291,2.6568290964602e-11,9.2856911167809e-06,5.7290964419367e-13,-9.1143059781387e-15
4292,0,0,4292,2.6577418557067e-11,9.2825234511718e-06,5.7334747524002e-13,-9.1275924648134e-15
4293,0,0,4293,2.6586559456846e-11,9.2793533667203e-06,5.7378528571606e-13,-9.1408997792044e-15
4294,0,0,4294,2.6595713684817e-11,9.2761808635404e-06,5.7422307557336e-13,-9.1542279707843e-15
4295,0,0,4295,2.6604881261906e-11,9.2730059417461e-06,5.7466084476161e-13,-9.1675770891612e-15
4296,0,0,4296,2.661406220909e-11,9.269828601452e-06,5.7509859323267e-13,-9.1809471840857e-15
4297,0,0,4297,2.6623256547396e-11,9.2666488427728e-06,5.7553632093536e-13,-9.1943383054372e-15
4298,0,0,4298,2.6632464297899e-11,9.2634666658235e-06,5.7597402782059e-13,-9.207750503257e-15
4299,0,0,4299,2.6641685481727e-11,9.2602820707194e-06,5.764117138387e-13,-9.2211838276995e-15
4300,0,0,4300,2.6650920120056e-11,9.2570950575761e-06,5.768493789388e-13,-9.2346383290933e-15
4301,0,0,4301,2.6660168234114e-11,9.2539056265094e-06,5.772870230712e-13,-9.2481140578867e-15
4302,0,0,4302,2.6669429845178e-11,9.2507137776355e-06,5.77724646185e-13,-9.2616110646736e-15
4303,0,0,4303,2.6678704974578e-11,9.2475195110707e-06,5.7816224823023e-13,-9.2751294002028e-15
4304,0,0,4304,2.6687993643694e-11,9.2443228269317e-06,5.7859982915599e-13,-9.2886691153554e-15
4305,0,0,4305,2.6697295873955e-11,9.2411237253355e-06,5.7903738891137e-13,-9.3022302611648e-15
4306,0,0,4306,2.6706611686844e-11,9.2379222063993e-06,5.7947492744548e-13,-9.3158128887997e-15
4307,0,0,4307,2.6715941103893e-11,9.2347182702407e-06,5.7991244470711e-13,-9.3294170495842e-15
4308,0,0,4308,2.6725284146688e-11,9.2315119169775e-06,5.8034994064505e-13,-9.3430427949844e-15
4309,0,0,4309,2.6734640836865e-11,9.2283031467277e-06,5.8078741520748e-13,-9.3566901766151e-15
4310,0,0,4310,2.6744011196111e-11,9.2250919596098e-06,5.8122486834382e-13,-9.3703592462332e-15
4311,0,0,4311,2.6753395246167e-11,9.2218783557424e-06,5.8166230000162e-13,-9.3840500557475e-15
4312,0,0,4312,2.6762793008824e-11,9.2186623352445e-06,5.8209971012907e-13,-9.397762657209e-15
4313,0,0,4313,2.6772204505927e-11,9.2154438982352e-06,5.8253709867435e-13,-9.4114971028303e-15
4314,0,0,4314,2.6781629759372e-11,9.2122230448342e-06,5.8297446558502e-13,-9.4252534449532e-15
4315,0,0,4315,2.6791068791108e-11,9.2089997751612e-06,5.8341181080927e-13,-9.4390317360874e-15
4316,0,0,4316,2.6800521623137e-11,9.2057740893364e-06,5.8384913429435e-13,-9.4528320288882e-15
4317,0,0,4317,2.6809988277513e-11,9.2025459874801e-06,5.8428643598752e-13,-9.4666543761498e-15
4318,0,0,4318,2.6819468776344e-11,9.199315469713e-06,5.8472371583606e-13,-9.4804988308343e-15
4319,0,0,4319,2.682896314179e-11,9.1960825361562e-06,5.8516097378782e-13,-9.4943654460428e-15
4320,0,0,4320,2.6838471396065e-11,9.1928471869309e-06,5.8559820978823e-13,-9.5082542750348e-15
4321,0,0,4321,2.6847993561436e-11,9.1896094221586e-06,5.8603542378547e-13,-9.5221653712281e-15
4322,0,0,4322,2.6857529660224e-11,9.1863692419612e-06,5.8647261572558e-13,-9.5360987881729e-15
4323,0,0,4323,2.6867079714804e-11,9.1831266464609e-06,5.869097855552e-13,-9.5500545796036e-15
4324,0,0,4324,2.6876643747603e-11,9.1798816357801e-06,5.8734693322066e-13,-9.5640327993775e-15
4325,0,0,4325,2.6886221781105e-11,9.1766342100416e-06,5.877840586674e-13,-9.5780335015359e-15
4326,0,0,4326,2.6895813837845e-11,9.1733843693684e-06,5.8822116184298e-13,-9.5920567402559e-15
4327,0,0,4327,2.6905419940415e-11,9.170132113884e-06,5.886582426919e-13,-9.6061025698698e-15
4328,0,0,4328,2.691504011146e-11,9.1668774437118e-06,5.8909530116019e-13,-9.6201710448842e-15
4329,0,0,4329,2.692467437368e-11,9.1636203589759e-06,5.895323371939e-13,-9.6342622199479e-15
4330,0,0,4330,2.693432274983e-11,9.1603608598006e-06,5.8996935073781e-13,-9.6483761498682e-15
4331,0,0,4331,2.6943985262719e-11,9.1570989463103e-06,5.9040634173736e-13,-9.662512889617e-15
4332,0,0,4332,2.6953661935214e-11,9.15383461863e-06,5.9084331013797e-13,-9.6766724943214e-15
4333,0,0,4333,2.6963352790233e-11,9.1505678768848e-06,5.9128025588382e-13,-9.69085501927e-15
4334,0,0,4334,2.6973057850753e-11,9.1472987212001e-06,5.9171717892066e-13,-9.7050605199032e-15
4335,0,0,4335,2.6982777139805e-11,9.1440271517018e-06,5.9215407919174e-13,-9.7192890518361e-15
4336,0,0,4336,2.6992510680475e-11,9.140753168516e-06,5.9259095664311e-13,-9.7335406708355e-15
4337,0,0,4337,2.7002258495908e-11,9.1374767717689e-06,5.9302781121743e-13,-9.7478154328234e-15
4338,0,0,4338,2.7012020609302e-11,9.1341979615874e-06,5.9346464286011e-13,-9.7621133939057e-15
4339,0,0,4339,2.7021797043912e-11,9.1309167380983e-06,5.9390145151444e-13,-9.7764346103212e-15
4340,0,0,4340,2.7031587823051e-11,9.1276331014291e-06,5.9433823712398e-13,-9.7907791385023e-15
4341,0,0,4341,2.7041392970086e-11,9.1243470517074e-06,5.9477499963325e-13,-9.8051470350268e-15
4342,0,0,4342,2.7051212508443e-11,9.1210585890611e-06,5.952117389846e-13,-9.8195383566374e-15
4343,0,0,4343,2.7061046461603e-11,9.1177677136184e-06,5.956484551219e-13,-9.8339531602545e-15
4344,0,0,4344,2.7070894853106e-11,9.114474425508e-06,5.9608514798876e-13,-9.8483915029438e-15
4345,0,0,4345,2.7080757706548e-11,9.1111787248587e-06,5.965218175269e-13,-9.8628534419585e-15
4346,0,0,4346,2.7090635045583e-11,9.1078806117997e-06,5.9695846368022e-13,-9.8773390347068e-15
4347,0,0,4347,2.7100526893921e-11,9.1045800864605e-06,5.9739508639106e-13,-9.8918483387716e-15
4348,0,0,4348,2.7110433275333e-11,9.101277148971e-06,5.9783168560117e-13,-9.9063814118875e-15
4349,0,0,4349,2.7120354213645e-11,9.0979717994613e-06,5.9826826125413e-13,-9.9209383119862e-15
4350,0,0,4350,2.7130289732742e-11,9.0946640380619e-06,5.9870481329077e-13,-9.935519097135e-15
4351,0,0,4351,2.7140239856568e-11,9.0913538649036e-06,5.9914134165373e-13,-9.9501238255987e-15
4352,0,0,4352,2.7150204609124e-11,9.0880412801175e-06,5.9957784628508e-13,-9.9647525558031e-15
4353,0,0,4353,2.716018401447e-11,9.084726283835e-06,6.0001432712531e-13,-9.9794053463361e-15
4354,0,0,4354,2.7170178096726e-11,9.081408876188e-06,6.004507841168e-13,-9.9940822559726e-15
4355,0,0,4355,2.718018688007e-11,9.0780890573084e-06,6.0088721720097e-13,-1.0008783343649e-14
4356,0,0,4356,2.7190210388738e-11,9.0747668273287e-06,6.0132362631804e-13,-1.002350866848e-14
4357,0,0,4357,2.7200248647028e-11,9.0714421863817e-06,6.0176001140942e-13,-1.0038258289755e-14
4358,0,0,4358,2.7210301679295e-11,9.0681151346004e-06,6.0219637241565e-13,-1.0053032266923e-14
4359,0,0,4359,2.7220369509954e-11,9.0647856721182e-06,6.0263270927785e-13,-1.0067830659636e-14
4360,0,0,4360,2.7230452163482e-11,9.0614537990689e-06,6.0306902193591e-13,-1.0082653527692e-14
4361,0,0,4361,2.7240549664413e-11,9.0581195155864e-06,6.0350531032975e-13,-1.0097500931085e-14
4362,0,0,4362,2.7250662037343e-11,9.0547828218051e-06,6.0394157440017e-13,-1.0112372929977e-14
4363,0,0,4363,2.7260789306928e-11,9.0514437178599e-06,6.0437781408648e-13,-1.0127269584709e-14
4364,0,0,4364,2.7270931497884e-11,9.0481022038857e-06,6.0481402932887e-13,-1.0142190955804e-14
4365,0,0,4365,2.7281088634988e-11,9.044758280018e-06,6.0525022006603e-13,-1.0157137103951e-14
4366,0,0,4366,2.7291260743078e-11,9.0414119463923e-06,6.0568638623785e-13,-1.0172108090034e-14
4367,0,0,4367,2.7301447847053e-11,9.0380632031449e-06,6.0612252778332e-13,-1.0187103975113e-14
4368,0,0,4368,2.7311649971873e-11,9.0347120504121e-06,6.0655864464202e-13,-1.0202124820416e-14
4369,0,0,4369,2.7321867142561e-11,9.0313584883306e-06,6.0699473675142e-13,-1.0217170687373e-14
4370,0,0,4370,2.7332099384198e-11,9.0280025170375e-06,6.074308040514e-13,-1.0232241637577e-14
4371,0,0,4371,2.7342346721931e-11,9.0246441366702e-06,6.0786684647942e-13,-1.0247337732815e-14
4372,0,0,4372,2.7352609180966e-11,9.0212833473665e-06,6.0830286397446e-13,-1.0262459035055e-14
4373,0,0,4373,2.7362886786573e-11,9.0179201492644e-06,6.0873885647428e-13,-1.0277605606443e-14
4374,0,0,4374,2.7373179564082e-11,9.0145545425024e-06,6.0917482391663e-13,-1.0292777509314e-14
4375,0,0,4375,2.7383487538888e-11,9.0111865272193e-06,6.0961076623895e-13,-1.0307974806197e-14
4376,0,0,4376,2.7393810736448e-11,9.0078161035543e-06,6.1004668337962e-13,-1.0323197559786e-14
4377,0,0,4377,2.7404149182281e-11,9.0044432716467e-06,6.1048257527485e-13,-1.0338445832986e-14
4378,0,0,4378,2.741450290197e-11,9.0010680316364e-06,6.1091844186241e-13,-1.0353719688869e-14
4379,0,0,4379,2.742487192116e-11,8.9976903836636e-06,6.1135428307943e-13,-1.0369019190705e-14
4380,0,0,4380,2.7435256265562e-11,8.9943103278687e-06,6.1179009886214e-13,-1.0384344401951e-14
4381,0,0,4381,2.7445655960949e-11,8.9909278643928e-06,6.1222588914706e-13,-1.0399695386255e-14
4382,0,0,4382,2.7456071033156e-11,8.9875429933769e-06,6.1266165387134e-13,-1.0415072207445e-14
4383,0,0,4383,2.7466501508086e-11,8.9841557149627e-06,6.1309739296997e-13,-1.0430474929559e-14
4384,0,0,4384,2.7476947411702e-11,8.9807660292921e-06,6.1353310637979e-13,-1.0445903616809e-14
4385,0,0,4385,2.7487408770036e-11,8.9773739365074e-06,6.1396879403671e-13,-1.0461358333607e-14
4386,0,0,4386,2.7497885609181e-11,8.9739794367512e-06,6.1440445587542e-13,-1.0476839144551e-14
4387,0,0,4387,2.7508377955295e-11,8.9705825301665e-06,6.1484009183214e-13,-1.0492346114442e-14
4388,0,0,4388,2.7518885834603e-11,8.9671832168966e-06,6.1527570184187e-13,-1.0507879308272e-14
4389,0,0,4389,2.7529409273394e-11,8.9637814970854e-06,6.157112858396e-13,-1.052343879122e-14
4390,0,0,4390,2.7539948298023e-11,8.9603773708767e-06,6.1614684375971e-13,-1.0539024628675e-14
4391,0,0,4391,2.7550502934909e-11,8.9569708384152e-06,6.1658237553782e-13,-1.0554636886212e-14
4392,0,0,4392,2.7561073210539e-11,8.9535618998455e-06,6.1701788110739e-13,-1.05702756296e-14
4393,0,0,4393,2.7571659151464e-11,8.9501505553129e-06,6.174533604031e-13,-1.058594092482e-14
4394,0,0,4394,2.7582260784302e-11,8.9467368049629e-06,6.1788881335903e-13,-1.0601632838036e-14
4395,0,0,4395,2.7592878135737e-11,8.9433206489413e-06,6.1832423990864e-13,-1.0617351435622e-14
4396,0,0,4396,2.7603511232522e-11,8.9399020873944e-06,6.18759639986e-13,-1.0633096784144e-14
4397,0,0,4397,2.7614160101472e-11,8.9364811204689e-06,6.1919501352428e-13,-1.0648868950378e-14
4398,0,0,4398,2.7624824769473e-11,8.9330577483116e-06,6.1963036045694e-13,-1.0664668001294e-14
4399,0,0,4399,2.7635505263477e-11,8.9296319710701e-06,6.2006568071651e-13,-1.0680494004065e-14
4400,0,0,4400,2.7646201610503e-11,8.926203788892e-06,6.2050097423616e-13,-1.0696347026067e-14
4401,0,0,4401,2.7656913837638e-11,8.9227732019254e-06,6.2093624094872e-13,-1.071222713489e-14
4402,0,0,4402,2.7667641972037e-11,8.9193402103189e-06,6.2137148078645e-13,-1.0728134398308e-14
4403,0,0,4403,2.7678386040921e-11,8.9159048142212e-06,6.2180669368095e-13,-1.0744068884317e-14
4404,0,0,4404,2.7689146071582e-11,8.9124670137816e-06,6.2224187956539e-13,-1.0760030661115e-14
4405,0,0,4405,2.7699922091379e-11,8.9090268091497e-06,6.2267703837047e-13,-1.0776019797102e-14
4406,0,0,4406,2.771071412774e-11,8.9055842004755e-06,6.2311217002842e-13,-1.0792036360892e-14
4407,0,0,4407,2.7721522208161e-11,8.9021391879094e-06,6.2354727447056e-13,-1.0808080421303e-14
4408,0,0,4408,2.7732346360209e-11,8.8986917716021e-06,6.239823516276e-13,-1.082415204736e-14
4409,0,0,4409,2.7743186611517e-11,8.8952419517047e-06,6.2441740143114e-13,-1.0840251308303e-14
4410,0,0,4410,2.7754042989791e-11,8.8917897283687e-06,6.2485242381129e-13,-1.0856378273586e-14
4411,0,0,4411,2.7764915522803e-11,8.888335101746e-06,6.2528741869936e-13,-1.0872533012857e-14
4412,0,0,4412,2.7775804238399e-11,8.884878071989e-06,6.2572238602513e-13,-1.0888715595997e-14
4413,0,0,4413,2.7786709164493e-11,8.8814186392502e-06,6.261573257187e-13,-1.0904926093093e-14
4414,0,0,4414,2.7797630329067e-11,8.8779568036828e-06,6.2659223771014e-13,-1.092116457443e-14
4415,0,0,4415,2.7808567760177e-11,8.8744925654401e-06,6.2702712192925e-13,-1.0937431110541e-14
4416,0,0,4416,2.781952148595e-11,8.8710259246759e-06,6.2746197830519e-13,-1.0953725772133e-14
4417,0,0,4417,2.783049153458e-11,8.8675568815446e-06,6.2789680676744e-13,-1.0970048630164e-14
4418,0,0,4418,2.7841477934336e-11,8.8640854362007e-06,6.2833160724486e-13,-1.0986399755797e-14
4419,0,0,4419,2.7852480713556e-11,8.8606115887993e-06,6.2876637966662e-13,-1.1002779220401e-14
4420,0,0,4420,2.7863499900652e-11,8.8571353394956e-06,6.2920112396097e-13,-1.1019187095584e-14
4421,0,0,4421,2.7874535524105e-11,8.8536566884456e-06,6.2963584005647e-13,-1.1035623453151e-14
4422,0,0,4422,2.788558761247e-11,8.8501756358053e-06,6.3007052788105e-13,-1.1052088365154e-14
4423,0,0,4423,2.7896656194374e-11,8.8466921817315e-06,6.3050518736298e-13,-1.1068581903839e-14
4424,0,0,4424,2.7907741298515e-11,8.8432063263811e-06,6.3093981842988e-13,-1.1085104141691e-14
4425,0,0,4425,2.7918842953667e-11,8.8397180699114e-06,6.3137442100878e-13,-1.1101655151412e-14
4426,0,0,4426,2.7929961188673e-11,8.8362274124803e-06,6.3180899502793e-13,-1.1118235005932e-14
4427,0,0,4427,2.7941096032451e-11,8.832734354246e-06,6.3224354041374e-13,-1.1134843778393e-14
4428,0,0,4428,2.7952247513993e-11,8.829238895367e-06,6.3267805709292e-13,-1.115148154218e-14
4429,0,0,4429,2.7963415662364e-11,8.8257410360024e-06,6.3311254499219e-13,-1.1168148370886e-14
4430,0,0,4430,2.7974600506703e-11,8.8222407763116e-06,6.3354700403796e-13,-1.1184844338345e-14
4431,0,0,4431,2.7985802076221e-11,8.8187381164544e-06,6.3398143415664e-13,-1.1201569518615e-14
4432,0,0,4432,2.7997020400207e-11,8.815233056591e-06,6.3441583527403e-13,-1.1218323985977e-14
4433,0,0,4433,2.8008255508022e-11,8.8117255968821e-06,6.348502073153e-13,-1.1235107814945e-14
4434,0,0,4434,2.8019507429102e-11,8.8082157374887e-06,6.3528455020627e-13,-1.1251921080266e-14
4435,0,0,4435,2.8030776192959e-11,8.8047034785722e-06,6.3571886387272e-13,-1.1268763856913e-14
4436,0,0,4436,2.8042061829179e-11,8.8011888202947e-06,6.361531482386e-13,-1.1285636220094e-14
4437,0,0,4437,2.8053364367425e-11,8.7976717628183e-06,6.3658740322942e-13,-1.1302538245252e-14
4438,0,0,4438,2.8064683837433e-11,8.7941523063057e-06,6.3702162876943e-13,-1.1319470008064e-14
4439,0,0,4439,2.8076020269017e-11,8.7906304509202e-06,6.374558247832e-13,-1.1336431584429e-14
4440,0,0,4440,2.8087373692068e-11,8.7871061968252e-06,6.3788999119408e-13,-1.1353423050507e-14
4441,0,0,4441,2.809874413655e-11,8.7835795441847e-06,6.3832412792663e-13,-1.1370444482663e-14
4442,0,0,4442,2.8110131632508e-11,8.7800504931631e-06,6.3875823490421e-13,-1.1387495957525e-14
4443,0,0,4443,2.812153621006e-11,8.7765190439253e-06,6.3919231204984e-13,-1.1404577551948e-14
4444,0,0,4444,2.8132957899403e-11,8.7729851966364e-06,6.3962635928718e-13,-1.1421689343027e-14
4445,0,0,4445,2.8144396730811e-11,8.7694489514622e-06,6.4006037653865e-13,-1.1438831408098e-14
4446,0,0,4446,2.8155852734636e-11,8.7659103085687e-06,6.4049436372698e-13,-1.145600382474e-14
4447,0,0,4447,2.8167325941306e-11,8.7623692681224e-06,6.4092832077459e-13,-1.1473206670768e-14
4448,0,0,4448,2.8178816381331e-11,8.7588258302903e-06,6.4136224760392e-13,-1.1490440024248e-14
4449,0,0,4449,2.8190324085294e-11,8.7552799952398e-06,6.4179614413645e-13,-1.1507703963484e-14
4450,0,0,4450,2.8201849083861e-11,8.7517317631388e-06,6.422300102937e-13,-1.1524998567019e-14
4451,0,0,4451,2.8213391407775e-11,8.7481811341554e-06,6.4266384599779e-13,-1.1542323913663e-14
4452,0,0,4452,2.8224951087857e-11,8.7446281084583e-06,6.4309765116868e-13,-1.1559680082441e-14
4453,0,0,4453,2.823652815501e-11,8.7410726862167e-06,6.4353142572879e-13,-1.1577067152659e-14
4454,0,0,4454,2.8248122640214e-11,8.7375148676001e-06,6.439651695978e-13,-1.159448520384e-14
4455,0,0,4455,2.825973457453e-11,8.7339546527786e-06,6.4439888269597e-13,-1.161193431578e-14
4456,0,0,4456,2.8271363989098e-11,8.7303920419226e-06,6.448325649442e-13,-1.1629414568517e-14
4457,0,0,4457,2.828301091514e-11,8.7268270352029e-06,6.4526621626185e-13,-1.1646926042337e-14
4458,0,0,4458,2.8294675383958e-11,8.7232596327909e-06,6.4569983656858e-13,-1.1664468817779e-14
4459,0,0,4459,2.8306357426934e-11,8.7196898348584e-06,6.4613342578436e-13,-1.1682042975642e-14
4460,0,0,4460,2.8318057075531e-11,8.7161176415776e-06,6.4656698382794e-13,-1.1699648596971e-14
4461,0,0,4461,2.8329774361294e-11,8.7125430531211e-06,6.4700051061805e-13,-1.1717285763073e-14
4462,0,0,4462,2.8341509315849e-11,8.7089660696622e-06,6.4743400607315e-13,-1.17349545555e-14
4463,0,0,4463,2.8353261970905e-11,8.7053866913742e-06,6.4786747011257e-13,-1.1752655056074e-14
4464,0,0,4464,2.8365032358252e-11,8.7018049184314e-06,6.4830090265385e-13,-1.1770387346876e-14
4465,0,0,4465,2.8376820509762e-11,8.6982207510081e-06,6.4873430361419e-13,-1.1788151510223e-14
4466,0,0,4466,2.8388626457391e-11,8.6946341892793e-06,6.4916767291264e-13,-1.1805947628727e-14
4467,0,0,4467,2.8400450233176e-11,8.6910452334204e-06,6.4960101046519e-13,-1.1823775785236e-14
4468,0,0,4468,2.8412291869239e-11,8.6874538836072e-06,6.5003431618967e-13,-1.1841636062857e-14
4469,0,0,4469,2.8424151397784e-11,8.683860140016e-06,6.5046759000266e-13,-1.1859528544984e-14
4470,0,0,4470,2.84360288511e-11,8.6802640028236e-06,6.5090083182108e-13,-1.1877453315257e-14
4471,0,0,4471,2.8447924261557e-11,8.6766654722073e-06,6.513340415606e-13,-1.189541045758e-14
4472,0,0,4472,2.8459837661613e-11,8.6730645483446e-06,6.5176721913782e-13,-1.1913400056136e-14
4473,0,0,4473,2.8471769083809e-11,8.6694612314139e-06,6.5220036446811e-13,-1.1931422195361e-14
4474,0,0,4474,2.8483718560769e-11,8.6658555215936e-06,6.5263347746684e-13,-1.1949476959969e-14
4475,0,0,4475,2.8495686125204e-11,8.662247419063e-06,6.5306655805e-13,-1.196756443494e-14
4476,0,0,4476,2.8507671809909e-11,8.6586369240015e-06,6.5349960613142e-13,-1.1985684705522e-14
4477,0,0,4477,2.8519675647766e-11,8.6550240365892e-06,6.539326216271e-13,-1.2003837857238e-14
4478,0,0,4478,2.8531697671742e-11,8.6514087570066e-06,6.5436560444994e-13,-1.2022023975884e-14
4479,0,0,4479,2.854373791489e-11,8.6477910854347e-06,6.5479855451532e-13,-1.2040243147521e-14
4480,0,0,4480,2.8555796410348e-11,8.6441710220549e-06,6.5523147173677e-13,-1.2058495458495e-14
4481,0,0,4481,2.8567873191344e-11,8.6405485670492e-06,6.5566435602721e-13,-1.2076780995421e-14
4482,0,0,4482,2.8579968291189e-11,8.6369237206e-06,6.5609720730109e-13,-1.20950998452e-14
4483,0,0,4483,2.8592081743284e-11,8.6332964828903e-06,6.5653002547011e-13,-1.2113452094992e-14
4484,0,0,4484,2.8604213581116e-11,8.6296668541033e-06,6.5696281044839e-13,-1.2131837832257e-14
4485,0,0,4485,2.8616363838261e-11,8.6260348344229e-06,6.5739556214765e-13,-1.2150257144718e-14
4486,0,0,4486,2.8628532548381e-11,8.6224004240335e-06,6.5782828047988e-13,-1.216871012039e-14
4487,0,0,4487,2.8640719745229e-11,8.6187636231199e-06,6.5826096535706e-13,-1.2187196847564e-14
4488,0,0,4488,2.8652925462644e-11,8.6151244318675e-06,6.5869361669183e-13,-1.220571741482e-14
4489,0,0,4489,2.8665149734555e-11,8.611482850462e-06,6.5912623439402e-13,-1.2224271911017e-14
4490,0,0,4490,2.867739259498e-11,8.6078388790897e-06,6.5955881837564e-13,-1.2242860425292e-14
4491,0,0,4491,2.8689654078027e-11,8.6041925179375e-06,6.5999136854746e-13,-1.2261483047094e-14
4492,0,0,4492,2.8701934217893e-11,8.6005437671927e-06,6.6042388481933e-13,-1.2280139866128e-14
4493,0,0,4493,2.8714233048866e-11,8.596892627043e-06,6.6085636710172e-13,-1.2298830972409e-14
4494,0,0,4494,2.8726550605322e-11,8.5932390976766e-06,6.6128881530509e-13,-1.2317556456235e-14
4495,0,0,4495,2.873888692173e-11,8.5895831792825e-06,6.6172122933837e-13,-1.2336316408194e-14
4496,0,0,4496,2.8751242032649e-11,8.5859248720498e-06,6.6215360911111e-13,-1.2355110919166e-14
4497,0,0,4497,2.8763615972729e-11,8.5822641761684e-06,6.6258595453224e-13,-1.2373940080331e-14
4498,0,0,4498,2.8776008776713e-11,8.5786010918286e-06,6.6301826551069e-13,-1.2392803983153e-14
4499,0,0,4499,2.8788420479432e-11,8.5749356192211e-06,6.6345054195479e-13,-1.24117027194e-14
4500,0,0,4500,2.8800851115813e-11,8.5712677585373e-06,6.6388278377284e-13,-1.2430636381128e-14
4501,0,0,4501,2.8813300720874e-11,8.5675975099689e-06,6.6431499087195e-13,-1.2449605060705e-14
4502,0,0,4502,2.8825769329725e-11,8.5639248737084e-06,6.6474716316074e-13,-1.2468608850779e-14
4503,0,0,4503,2.8838256977569e-11,8.5602498499485e-06,6.6517930054568e-13,-1.2487647844317e-14
4504,0,0,4504,2.8850763699703e-11,8.5565724388825e-06,6.6561140293418e-13,-1.2506722134572e-14
4505,0,0,4505,2.8863289531519e-11,8.5528926407044e-06,6.6604347023272e-13,-1.2525831815114e-14
4506,0,0,4506,2.8875834508498e-11,8.5492104556086e-06,6.6647550234716e-13,-1.2544976979803e-14
4507,0,0,4507,2.8888398666221e-11,8.5455258837899e-06,6.6690749918428e-13,-1.2564157722811e-14
4508,0,0,4508,2.890098204036e-11,8.5418389254438e-06,6.6733946064935e-13,-1.2583374138622e-14
4509,0,0,4509,2.8913584666682e-11,8.5381495807662e-06,6.6777138664791e-13,-1.2602626322013e-14
4510,0,0,4510,2.892620658105e-11,8.5344578499535e-06,6.6820327708492e-13,-1.2621914368079e-14
4511,0,0,4511,2.8938847819422e-11,8.5307637332029e-06,6.6863513186562e-13,-1.2641238372228e-14
4512,0,0,4512,2.8951508417852e-11,8.5270672307118e-06,6.6906695089405e-13,-1.2660598430169e-14
4513,0,0,4513,2.896418841249e-11,8.5233683426782e-06,6.6949873407454e-13,-1.2679994637935e-14
4514,0,0,4514,2.8976887839582e-11,8.5196670693008e-06,6.699304813108e-13,-1.2699427091858e-14
4515,0,0,4515,2.8989606735471e-11,8.5159634107787e-06,6.7036219250656e-13,-1.2718895888603e-14
4516,0,0,4516,2.9002345136596e-11,8.5122573673115e-06,6.7079386756522e-13,-1.273840112513e-14
4517,0,0,4517,2.9015103079495e-11,8.5085489390994e-06,6.7122550638898e-13,-1.2757942898738e-14
4518,0,0,4518,2.9027880600802e-11,8.5048381263431e-06,6.7165710888155e-13,-1.2777521307028e-14
4519,0,0,4519,2.904067773725e-11,8.501124929244e-06,6.720886749442e-13,-1.2797136447928e-14
4520,0,0,4520,2.9053494525669e-11,8.4974093480038e-06,6.7252020447912e-13,-1.2816788419684e-14
4521,0,0,4521,2.906633100299e-11,8.4936913828248e-06,6.729516973885e-13,-1.2836477320873e-14
4522,0,0,4522,2.907918720624e-11,8.48997103391e-06,6.7338315357267e-13,-1.285620325038e-14
4523,0,0,4523,2.9092063172548e-11,8.4862483014629e-06,6.7381457293352e-13,-1.2875966307432e-14
4524,0,0,4524,2.9104958939139e-11,8.4825231856874e-06,6.742459553714e-13,-1.2895766591567e-14
4525,0,0,4525,2.9117874543342e-11,8.478795686788e-06,6.7467730078665e-13,-1.2915604202664e-14
4526,0,0,4526,2.9130810022583e-11,8.4750658049699e-06,6.7510860907869e-13,-1.2935479240927e-14
4527,0,0,4527,2.914376541439e-11,8.4713335404387e-06,6.7553988014819e-13,-1.2955391806868e-14
4528,0,0,4528,2.9156740756391e-11,8.4675988934006e-06,6.7597111389396e-13,-1.2975342001385e-14
4529,0,0,4529,2.9169736086317e-11,8.4638618640624e-06,6.7640231021481e-13,-1.2995329925633e-14
4530,0,0,4530,2.9182751441998e-11,8.4601224526314e-06,6.7683346900954e-13,-1.3015355681179e-14
4531,0,0,4531,2.9195786861368e-11,8.4563806593155e-06,6.7726459017699e-13,-1.3035419369865e-14
4532,0,0,4532,2.9208842382462e-11,8.4526364843232e-06,6.7769567361442e-13,-1.3055521093912e-14
4533,0,0,4533,2.9221918043418e-11,8.4488899278634e-06,6.7812671922003e-13,-1.3075660955831e-14
4534,0,0,4534,2.9235013882476e-11,8.4451409901457e-06,6.7855772689081e-13,-1.3095839058543e-14
4535,0,0,4535,2.9248129937982e-11,8.4413896713804e-06,6.7898869652372e-13,-1.3116055505238e-14
4536,0,0,4536,2.9261266248381e-11,8.4376359717781e-06,6.7941962801574e-13,-1.3136310399489e-14
4537,0,0,4537,2.9274422852226e-11,8.4338798915501e-06,6.7985052126292e-13,-1.3156603845202e-14
4538,0,0,4538,2.9287599788173e-11,8.4301214309084e-06,6.8028137616131e-13,-1.3176935946636e-14
4539,0,0,4539,2.9300797094981e-11,8.4263605900652e-06,6.8071219260636e-13,-1.319730680839e-14
4540,0,0,4540,2.9314014811517e-11,8.4225973692338e-06,6.811429704932e-13,-1.3217716535393e-14
4541,0,0,4541,2.932725297675e-11,8.4188317686276e-06,6.8157370971727e-13,-1.3238165232963e-14
4542,0,0,4542,2.9340511629756e-11,8.4150637884609e-06,6.8200441017279e-13,-1.3258653006738e-14
4543,0,0,4543,2.9353790809719e-11,8.4112934289485e-06,6.8243507175366e-13,-1.3279179962708e-14
4544,0,0,4544,2.9367090555926e-11,8.4075206903056e-06,6.828656943544e-13,-1.3299746207237e-14
4545,0,0,4545,2.9380410907773e-11,8.4037455727483e-06,6.8329627786769e-13,-1.332035184703e-14
4546,0,0,4546,2.9393751904762e-11,8.3999680764932e-06,6.8372682218775e-13,-1.3340996989138e-14
4547,0,0,4547,2.9407113586503e-11,8.3961882017572e-06,6.8415732720603e-13,-1.3361681741003e-14
4548,0,0,4548,2.9420495992714e-11,8.3924059487582e-06,6.8458779281583e-13,-1.3382406210391e-14
4549,0,0,4549,2.9433899163219e-11,8.3886213177145e-06,6.8501821890951e-13,-1.3403170505449e-14
4550,0,0,4550,2.9447323137954e-11,8.384834308845e-06,6.8544860537763e-13,-1.3423974734674e-14
4551,0,0,4551,2.9460767956961e-11,8.3810449223693e-06,6.8587895211254e-13,-1.3444819006943e-14
4552,0,0,4552,2.9474233660392e-11,8.3772531585074e-06,6.8630925900448e-13,-1.3465703431477e-14
4553,0,0,4553,2.948772028851e-11,8.3734590174801e-06,6.867395259449e-13,-1.3486628117877e-14
4554,0,0,4554,2.9501227881686e-11,8.3696624995087e-06,6.8716975282311e-13,-1.3507593176126e-14
4555,0,0,4555,2.9514756480403e-11,8.3658636048151e-06,6.8759993952964e-13,-1.3528598716535e-14
4556,0,0,4556,2.9528306125253e-11,8.362062333622e-06,6.8803008595381e-13,-1.3549644849826e-14
4557,0,0,4557,2.954187685694e-11,8.3582586861525e-06,6.8846019198461e-13,-1.357073168709e-14
4558,0,0,4558,2.955546871628e-11,8.3544526626303e-06,6.8889025751074e-13,-1.3591859339754e-14
4559,0,0,4559,2.9569081744199e-11,8.3506442632799e-06,6.8932028242058e-13,-1.3613027919666e-14
4560,0,0,4560,2.9582715981738e-11,8.3468334883263e-06,6.8975026660222e-13,-1.3634237539039e-14
4561,0,0,4561,2.9596371470049e-11,8.3430203379952e-06,6.9018020994374e-13,-1.3655488310441e-14
4562,0,0,4562,2.9610048250396e-11,8.3392048125127e-06,6.9061011233139e-13,-1.3676780346852e-14
4563,0,0,4563,2.9623746364157e-11,8.3353869121057e-06,6.9103997365293e-13,-1.3698113761611e-14
4564,0,0,4564,2.9637465852826e-11,8.3315666370019e-06,6.9146979379399e-13,-1.3719488668466e-14
4565,0,0,4565,2.9651206758007e-11,8.3277439874293e-06,6.9189957264174e-13,-1.3740905181517e-14
4566,0,0,4566,2.9664969121422e-11,8.3239189636167e-06,6.9232931008058e-13,-1.3762363415271e-14
4567,0,0,4567,2.9678752984907e-11,8.3200915657935e-06,6.9275900599675e-13,-1.3783863484621e-14
4568,0,0,4568,2.9692558390412e-11,8.3162617941898e-06,6.9318866027496e-13,-1.380540550485e-14
4569,0,0,4569,2.9706385380004e-11,8.3124296490362e-06,6.936182727993e-13,-1.3826989591632e-14
4570,0,0,4570,2.9720233995865e-11,8.3085951305641e-06,6.9404784345479e-13,-1.3848615861027e-14
4571,0,0,4571,2.9734104280294e-11,8.3047582390054e-06,6.9447737212461e-13,-1.3870284429504e-14
4572,0,0,4572,2.9747996275708e-11,8.3009189745927e-06,6.9490685869193e-13,-1.3891995413903e-14
4573,0,0,4573,2.9761910024639e-11,8.2970773375593e-06,6.9533630303961e-13,-1.3913748931497e-14
4574,0,0,4574,2.9775845569739e-11,8.2932333281392e-06,6.9576570505115e-13,-1.3935545099938e-14
4575,0,0,4575,2.9789802953777e-11,8.2893869465667e-06,6.9619506460788e-13,-1.3957384037261e-14
4576,0,0,4576,2.9803782219639e-11,8.2855381930773e-06,6.9662438159113e-13,-1.3979265861941e-14
4577,0,0,4577,2.9817783410331e-11,8.2816870679067e-06,6.9705365588346e-13,-1.4001190692846e-14
4578,0,0,4578,2.9831806568981e-11,8.2778335712914e-06,6.9748288736499e-13,-1.4023158649232e-14
4579,0,0,4579,2.9845851738831e-11,8.2739777034686e-06,6.9791207591644e-13,-1.4045169850776e-14
4580,0,0,4580,2.9859918963249e-11,8.2701194646763e-06,6.9834122141761e-13,-1.4067224417561e-14
4581,0,0,4581,2.9874008285719e-11,8.2662588551528e-06,6.9877032374891e-13,-1.4089322470103e-14
4582,0,0,4582,2.9888119749848e-11,8.2623958751374e-06,6.9919938278892e-13,-1.4111464129294e-14
4583,0,0,4583,2.9902253399365e-11,8.2585305248699e-06,6.9962839841684e-13,-1.4133649516457e-14
4584,0,0,4584,2.9916409278118e-11,8.2546628045908e-06,7.0005737051093e-13,-1.4155878753349e-14
4585,0,0,4585,2.993058743008e-11,8.2507927145414e-06,7.0048629894976e-13,-1.417815196211e-14
4586,0,0,4586,2.9944787899346e-11,8.2469202549634e-06,7.0091518361038e-13,-1.4200469265329e-14
4587,0,0,4587,2.9959010730132e-11,8.2430454260995e-06,7.0134402437015e-13,-1.4222830786011e-14
4588,0,0,4588,2.9973255966779e-11,8.2391682281929e-06,7.0177282110609e-13,-1.4245236647575e-14
4589,0,0,4589,2.9987523653753e-11,8.2352886614874e-06,7.0220157369404e-13,-1.4267686973863e-14
4590,0,0,4590,3.0001813835642e-11,8.2314067262276e-06,7.0263028201041e-13,-1.4290181889162e-14
4591,0,0,4591,3.001612655716e-11,8.227522422659e-06,7.0305894593041e-13,-1.4312721518167e-14
4592,0,0,4592,3.0030461863146e-11,8.2236357510273e-06,7.0348756532925e-13,-1.4335305986022e-14
4593,0,0,4593,3.0044819798565e-11,8.2197467115793e-06,7.0391614008183e-13,-1.4357935418291e-14
4594,0,0,4594,3.0059200408506e-11,8.2158553045624e-06,7.0434467006149e-13,-1.4380609940963e-14
4595,0,0,4595,3.0073603738186e-11,8.2119615302246e-06,7.0477315514285e-13,-1.4403329680495e-14
4596,0,0,4596,3.008802983295e-11,8.2080653888147e-06,7.0520159519925e-13,-1.4426094763754e-14
4597,0,0,4597,3.0102478738268e-11,8.2041668805821e-06,7.0562999010253e-13,-1.4448905318042e-14
4598,0,0,4598,3.0116950499739e-11,8.2002660057769e-06,7.0605833972636e-13,-1.4471761471134e-14
4599,0,0,4599,3.013144516309e-11,8.1963627646502e-06,7.0648664394227e-13,-1.4494663351215e-14
4600,0,0,4600,3.0145962774177e-11,8.1924571574534e-06,7.0691490262146e-13,-1.451761108694e-14
4601,0,0,4601,3.0160503378985e-11,8.1885491844388e-06,7.0734311563577e-13,-1.4540604807386e-14
4602,0,0,4602,3.0175067023627e-11,8.1846388458595e-06,7.0777128285489e-13,-1.4563644642104e-14
4603,0,0,4603,3.0189653754348e-11,8.1807261419692e-06,7.0819940415003e-13,-1.4586730721078e-14
4604,0,0,4604,3.0204263617523e-11,8.1768110730223e-06,7.0862747939057e-13,-1.4609863174756e-14
4605,0,0,4605,3.0218896659657e-11,8.172893639274e-06,7.0905550844558e-13,-1.4633042134029e-14
4606,0,0,4606,3.0233552927387e-11,8.1689738409801e-06,7.0948349118413e-13,-1.4656267730261e-14
4607,0,0,4607,3.0248232467482e-11,8.1650516783974e-06,7.0991142747438e-13,-1.4679540095259e-14
4608,0,0,4608,3.0262935326843e-11,8.1611271517831e-06,7.1033931718477e-13,-1.4702859361288e-14
4609,0,0,4609,3.0277661552505e-11,8.1572002613954e-06,7.1076716018192e-13,-1.4726225661091e-14
4610,0,0,4610,3.0292411191632e-11,8.153271007493e-06,7.11194956334e-13,-1.474963912787e-14
4611,0,0,4611,3.0307184291528e-11,8.1493393903355e-06,7.1162270550638e-13,-1.4773099895279e-14
4612,0,0,4612,3.0321980899625e-11,8.1454054101832e-06,7.12050407566e-13,-1.4796608097463e-14
4613,0,0,4613,3.0336801063494e-11,8.1414690672971e-06,7.1247806237762e-13,-1.4820163869015e-14
4614,0,0,4614,3.0351644830839e-11,8.1375303619391e-06,7.1290566980726e-13,-1.4843767345022e-14
4615,0,0,4615,3.03665122495e-11,8.1335892943716e-06,7.1333322971909e-13,-1.4867418661027e-14
4616,0,0,4616,3.0381403367453e-11,8.1296458648579e-06,7.1376074197695e-13,-1.4891117953048e-14
4617,0,0,4617,3.0396318232811e-11,8.125700073662e-06,7.1418820644562e-13,-1.491486535761e-14
4618,0,0,4618,3.0411256893823e-11,8.1217519210489e-06,7.1461562298683e-13,-1.4938661011669e-14
4619,0,0,4619,3.0426219398875e-11,8.1178014072839e-06,7.1504299146473e-13,-1.496250505271e-14
4620,0,0,4620,3.0441205796494e-11,8.1138485326334e-06,7.1547031174041e-13,-1.4986397618687e-14
4621,0,0,4621,3.0456216135342e-11,8.1098932973644e-06,7.1589758367652e-13,-1.5010338848016e-14
4622,0,0,4622,3.0471250464222e-11,8.1059357017449e-06,7.1632480713416e-13,-1.5034328879651e-14
4623,0,0,4623,3.0486308832075e-11,8.1019757460434e-06,7.1675198197349e-13,-1.5058367852977e-14
4624,0,0,4624,3.0501391287983e-11,8.0980134305293e-06,7.1717910805531e-13,-1.5082455907918e-14
4625,0,0,4625,3.0516497881167e-11,8.0940487554727e-06,7.176061852395e-13,-1.5106593184888e-14
4626,0,0,4626,3.0531628660992e-11,8.0900817211446e-06,7.180332133853e-13,-1.5130779824759e-14
4627,0,0,4627,3.0546783676961e-11,8.0861123278167e-06,7.1846019235138e-13,-1.5155015968953e-14
4628,0,0,4628,3.056196297872e-11,8.0821405757615e-06,7.1888712199606e-13,-1.5179301759351e-14
4629,0,0,4629,3.0577166616059e-11,8.0781664652522e-06,7.1931400217708e-13,-1.5203637338378e-14
4630,0,0,4630,3.0592394638908e-11,8.074189996563e-06,7.1974083275154e-13,-1.5228022848921e-14
4631,0,0,4631,3.0607647097342e-11,8.0702111699686e-06,7.2016761357717e-13,-1.5252458434407e-14
4632,0,0,4632,3.0622924041581e-11,8.0662299857448e-06,7.2059434450924e-13,-1.5276944238751e-14
4633,0,0,4633,3.0638225521987e-11,8.062246444168e-06,7.2102102540364e-13,-1.5301480406407e-14
4634,0,0,4634,3.065355158907e-11,8.0582605455154e-06,7.2144765611594e-13,-1.5326067082306e-14
4635,0,0,4635,3.0668902293482e-11,8.0542722900651e-06,7.2187423650082e-13,-1.5350704411928e-14
4636,0,0,4636,3.0684277686023e-11,8.050281678096e-06,7.2230076641261e-13,-1.5375392541264e-14
4637,0,0,4637,3.069967781764e-11,8.0462887098877e-06,7.2272724570475e-13,-1.5400131616796e-14
4638,0,0,4638,3.0715102739425e-11,8.0422933857207e-06,7.2315367423007e-13,-1.5424921785581e-14
4639,0,0,4639,3.073055250262e-11,8.0382957058762e-06,7.2358005184199e-13,-1.5449763195155e-14
4640,0,0,4640,3.0746027158614e-11,8.0342956706365e-06,7.2400637839242e-13,-1.5474655993609e-14
4641,0,0,4641,3.0761526758944e-11,8.0302932802844e-06,7.2443265373263e-13,-1.5499600329551e-14
4642,0,0,4642,3.0777051355296e-11,8.0262885351037e-06,7.2485887771362e-13,-1.5524596352126e-14
4643,0,0,4643,3.0792600999507e-11,8.0222814353789e-06,7.2528505018636e-13,-1.554964421102e-14
4644,0,0,4644,3.0808175743563e-11,8.0182719813954e-06,7.257111710006e-13,-1.5574744056426e-14
4645,0,0,4645,3.0823775639602e-11,8.0142601734396e-06,7.2613724000579e-13,-1.5599896039117e-14
4646,0,0,4646,3.0839400739913e-11,8.0102460117984e-06,7.2656325705077e-13,-1.5625100310382e-14
4647,0,0,4647,3.0855051096935e-11,8.0062294967599e-06,7.2698922198405e-13,-1.5650357022061e-14
4648,0,0,4648,3.0870726763261e-11,8.0022106286126e-06,7.2741513465325e-13,-1.5675666326529e-14
4649,0,0,4649,3.0886427791638e-11,7.9981894076463e-06,7.2784099490598e-13,-1.5701028376738e-14
4650,0,0,4650,3.0902154234964e-11,7.9941658341513e-06,7.2826680258861e-13,-1.5726443326149e-14
4651,0,0,4651,3.0917906146293e-11,7.990139908419e-06,7.2869255754722e-13,-1.5751911328817e-14
4652,0,0,4652,3.0933683578832e-11,7.9861116307415e-06,7.2911825962788e-13,-1.5777432539323e-14
4653,0,0,4653,3.0949486585945e-11,7.9820810014118e-06,7.2954390867545e-13,-1.580300711282e-14
4654,0,0,4654,3.096531522115e-11,7.9780480207238e-06,7.2996950453414e-13,-1.5828635205013e-14
4655,0,0,4655,3.0981169538122e-11,7.9740126889721e-06,7.303950470482e-13,-1.5854316972187e-14
4656,0,0,4656,3.0997049590693e-11,7.9699750064524e-06,7.3082053606064e-13,-1.5880052571176e-14
4657,0,0,4657,3.1012955432853e-11,7.9659349734612e-06,7.3124597141477e-13,-1.5905842159372e-14
4658,0,0,4658,3.1028887118748e-11,7.9618925902957e-06,7.3167135295268e-13,-1.5931685894778e-14
4659,0,0,4659,3.1044844702683e-11,7.9578478572542e-06,7.3209668051552e-13,-1.595758393591e-14
4660,0,0,4660,3.1060828239125e-11,7.9538007746357e-06,7.3252195394479e-13,-1.5983536441922e-14
4661,0,0,4661,3.1076837782698e-11,7.9497513427402e-06,7.3294717308103e-13,-1.6009543572499e-14
4662,0,0,4662,3.1092873388186e-11,7.9456995618686e-06,7.3337233776419e-13,-1.603560548792e-14
4663,0,0,4663,3.1108935110535e-11,7.9416454323226e-06,7.3379744783329e-13,-1.6061722349065e-14
4664,0,0,4664,3.1125023004852e-11,7.9375889544047e-06,7.3422250312703e-13,-1.6087894317363e-14
4665,0,0,4665,3.1141137126407e-11,7.9335301284186e-06,7.3464750348414e-13,-1.6114121554866e-14
4666,0,0,4666,3.1157277530631e-11,7.9294689546687e-06,7.350724487418e-13,-1.6140404224203e-14
4667,0,0,4667,3.117344427312e-11,7.9254054334602e-06,7.3549733873688e-13,-1.6166742488589e-14
4668,0,0,4668,3.1189637409632e-11,7.9213395650994e-06,7.3592217330625e-13,-1.619313651183e-14
4669,0,0,4669,3.120585699609e-11,7.9172713498934e-06,7.3634695228496e-13,-1.6219586458367e-14
4670,0,0,4670,3.1222103088583e-11,7.9132007881503e-06,7.3677167550866e-13,-1.6246092493186e-14
4671,0,0,4671,3.1238375743365e-11,7.9091278801789e-06,7.3719634281236e-13,-1.6272654781933e-14
4672,0,0,4672,3.1254675016856e-11,7.9050526262893e-06,7.3762095402898e-13,-1.629927349081e-14
4673,0,0,4673,3.1271000965643e-11,7.9009750267921e-06,7.3804550899261e-13,-1.6325948786659e-14
4674,0,0,4674,3.128735364648e-11,7.896895081999e-06,7.3847000753615e-13,-1.6352680836935e-14
4675,0,0,4675,3.1303733116289e-11,7.8928127922228e-06,7.3889444949096e-13,-1.6379469809676e-14
4676,0,0,4676,3.1320139432163e-11,7.8887281577771e-06,7.3931883468931e-13,-1.6406315873583e-14
4677,0,0,4677,3.1336572651361e-11,7.8846411789762e-06,7.3974316296194e-13,-1.6433219197937e-14
4678,0,0,4678,3.1353032831313e-11,7.8805518561356e-06,7.4016743413899e-13,-1.6460179952647e-14
4679,0,0,4679,3.1369520029622e-11,7.8764601895718e-06,7.4059164804996e-13,-1.6487198308285e-14
4680,0,0,4680,3.1386034304058e-11,7.8723661796021e-06,7.4101580452408e-13,-1.6514274435988e-14
4681,0,0,4681,3.1402575712565e-11,7.8682698265446e-06,7.4143990338992e-13,-1.6541408507576e-14
4682,0,0,4682,3.1419144313261e-11,7.8641711307188e-06,7.4186394447518e-13,-1.6568600695485e-14
4683,0,0,4683,3.1435740164434e-11,7.8600700924447e-06,7.422879276066e-13,-1.6595851172782e-14
4684,0,0,4684,3.1452363324547e-11,7.8559667120436e-06,7.4271185261095e-13,-1.6623160113176e-14
4685,0,0,4685,3.1469013852238e-11,7.8518609898374e-06,7.4313571931436e-13,-1.6650527691014e-14
4686,0,0,4686,3.1485691806319e-11,7.8477529261494e-06,7.4355952754145e-13,-1.6677954081303e-14
4687,0,0,4687,3.1502397245779e-11,7.8436425213034e-06,7.4398327711713e-13,-1.6705439459677e-14
4688,0,0,4688,3.1519130229781e-11,7.8395297756246e-06,7.444069678654e-13,-1.6732984002441e-14
4689,0,0,4689,3.1535890817668e-11,7.8354146894389e-06,7.4483059960934e-13,-1.6760587886529e-14
4690,0,0,4690,3.1552679068957e-11,7.8312972630733e-06,7.4525417217141e-13,-1.6788251289558e-14
4691,0,0,4691,3.1569495043347e-11,7.8271774968558e-06,7.4567768537407e-13,-1.6815974389778e-14
4692,0,0,4692,3.1586338800713e-11,7.8230553911152e-06,7.4610113903764e-13,-1.684375736612e-14
4693,0,0,4693,3.1603210401111e-11,7.8189309461816e-06,7.4652453298397e-13,-1.6871600398178e-14
4694,0,0,4694,3.1620109904778e-11,7.8148041623859e-06,7.4694786703185e-13,-1.6899503666207e-14
4695,0,0,4695,3.1637037372129e-11,7.8106750400599e-06,7.4737114100128e-13,-1.6927467351127e-14
4696,0,0,4696,3.1653992863763e-11,7.8065435795366e-06,7.4779435471075e-13,-1.6955491634555e-14
4697,0,0,4697,3.1670976440462e-11,7.80240978115e-06,7.482175079778e-13,-1.6983576698756e-14
4698,0,0,4698,3.1687988163189e-11,7.798273645235e-06,7.4864060062001e-13,-1.7011722726698e-14
4699,0,0,4699,3.1705028093091e-11,7.7941351721275e-06,7.49063632454e-13,-1.7039929902027e-14
4700,0,0,4700,3.17220962915e-11,7.7899943621645e-06,7.4948660329519e-13,-1.7068198409052e-14
4701,0,0,4701,3.1739192819933e-11,7.7858512156841e-06,7.4990951295959e-13,-1.7096528432819e-14
4702,0,0,4702,3.1756317740092e-11,7.7817057330252e-06,7.503323612608e-13,-1.7124920159007e-14
4703,0,0,4703,3.1773471113866e-11,7.7775579145279e-06,7.5075514801298e-13,-1.7153373774047e-14
4704,0,0,4704,3.1790653003331e-11,7.7734077605333e-06,7.511778730294e-13,-1.718188946503e-14
4705,0,0,4705,3.180786347075e-11,7.7692552713834e-06,7.516005361221e-13,-1.7210467419752e-14
4706,0,0,4706,3.1825102578577e-11,7.7651004474215e-06,7.5202313710312e-13,-1.7239107826734e-14
4707,0,0,4707,3.1842370389452e-11,7.7609432889918e-06,7.5244567578358e-13,-1.7267810875199e-14
4708,0,0,4708,3.1859666966207e-11,7.7567837964394e-06,7.5286815197276e-13,-1.7296576755055e-14
4709,0,0,4709,3.1876992371864e-11,7.7526219701108e-06,7.5329056548147e-13,-1.7325405656963e-14
4710,0,0,4710,3.1894346669637e-11,7.7484578103533e-06,7.5371291611775e-13,-1.7354297772272e-14
4711,0,0,4711,3.191172992293e-11,7.7442913175152e-06,7.5413520369028e-13,-1.7383253293061e-14
4712,0,0,4712,3.1929142195342e-11,7.7401224919461e-06,7.5455742800557e-13,-1.7412272412136e-14
4713,0,0,4713,3.1946583550665e-11,7.7359513339965e-06,7.5497958887138e-13,-1.7441355323038e-14
4714,0,0,4714,3.1964054052885e-11,7.7317778440181e-06,7.5540168609299e-13,-1.7470502220005e-14
4715,0,0,4715,3.1981553766183e-11,7.7276020223636e-06,7.5582371947569e-13,-1.7499713298064e-14
4716,0,0,4716,3.1999082754936e-11,7.7234238693866e-06,7.5624568882386e-13,-1.7528988752915e-14
4717,0,0,4717,3.2016641083717e-11,7.7192433854422e-06,7.5666759394187e-13,-1.7558328781045e-14
4718,0,0,4718,3.2034228817297e-11,7.7150605708862e-06,7.5708943463164e-13,-1.7587733579678e-14
4719,0,0,4719,3.2051846020643e-11,7.7108754260757e-06,7.5751121069601e-13,-1.7617203346758e-14
4720,0,0,4720,3.2069492758924e-11,7.7066879513689e-06,7.5793292193691e-13,-1.7646738281013e-14
4721,0,0,4721,3.2087169097506e-11,7.702498147125e-06,7.583545681544e-13,-1.7676338581898e-14
4722,0,0,4722,3.2104875101956e-11,7.6983060137043e-06,7.5877614914826e-13,-1.7706004449654e-14
4723,0,0,4723,3.2122610838041e-11,7.6941115514682e-06,7.5919766471857e-13,-1.7735736085242e-14
4724,0,0,4724,3.2140376371732e-11,7.6899147607795e-06,7.5961911466297e-13,-1.7765533690423e-14
4725,0,0,4725,3.2158171769199e-11,7.6857156420017e-06,7.6004049877968e-13,-1.7795397467726e-14
4726,0,0,4726,3.217599709682e-11,7.6815141954997e-06,7.6046181686542e-13,-1.7825327620412e-14
4727,0,0,4727,3.2193852421172e-11,7.6773104216394e-06,7.6088306871628e-13,-1.7855324352562e-14
4728,0,0,4728,3.2211737809041e-11,7.6731043207878e-06,7.6130425412774e-13,-1.7885387869e-14
4729,0,0,4729,3.2229653327417e-11,7.6688958933133e-06,7.6172537289406e-13,-1.7915518375364e-14
4730,0,0,4730,3.2247599043495e-11,7.6646851395851e-06,7.6214642480949e-13,-1.7945716078049e-14
4731,0,0,4731,3.2265575024679e-11,7.6604720599736e-06,7.6256740966674e-13,-1.7975981184237e-14
4732,0,0,4732,3.2283581338581e-11,7.6562566548507e-06,7.6298832725824e-13,-1.8006313901946e-14
4733,0,0,4733,3.2301618053021e-11,7.6520389245889e-06,7.6340917737486e-13,-1.8036714439935e-14
4734,0,0,4734,3.2319685236029e-11,7.6478188695624e-06,7.6382995980811e-13,-1.8067183007784e-14
4735,0,0,4735,3.2337782955844e-11,7.6435964901461e-06,7.6425067434732e-13,-1.8097719815881e-14
4736,0,0,4736,3.235591128092e-11,7.6393717867164e-06,7.6467132078092e-13,-1.8128325075436e-14
4737,0,0,4737,3.2374070279918e-11,7.6351447596506e-06,7.6509189889827e-13,-1.8158998998421e-14
4738,0,0,4738,3.2392260021716e-11,7.6309154093275e-06,7.6551240848595e-13,-1.8189741797678e-14
4739,0,0,4739,3.2410480575403e-11,7.6266837361268e-06,7.6593284933102e-13,-1.8220553686814e-14
4740,0,0,4740,3.2428732010283e-11,7.6224497404294e-06,7.6635322121851e-13,-1.8251434880302e-14
4741,0,0,4741,3.2447014395877e-11,7.6182134226176e-06,7.6677352393411e-13,-1.8282385593416e-14
4742,0,0,4742,3.2465327801919e-11,7.6139747830748e-06,7.6719375726149e-13,-1.8313406042276e-14
4743,0,0,4743,3.2483672298363e-11,7.6097338221853e-06,7.6761392098402e-13,-1.8344496443803e-14
4744,0,0,4744,3.2502047955378e-11,7.6054905403352e-06,7.6803401488399e-13,-1.8375657015792e-14
4745,0,0,4745,3.2520454843355e-11,7.6012449379112e-06,7.6845403874324e-13,-1.8406887976851e-14
4746,0,0,4746,3.2538893032902e-11,7.5969970153015e-06,7.6887399234238e-13,-1.8438189546454e-14
4747,0,0,4747,3.2557362594847e-11,7.5927467728957e-06,7.6929387546125e-13,-1.8469561944902e-14
4748,0,0,4748,3.257586360024e-11,7.5884942110842e-06,7.6971368787893e-13,-1.8501005393364e-14
4749,0,0,4749,3.2594396120354e-11,7.5842393302589e-06,7.7013342937357e-13,-1.8532520113853e-14
4750,0,0,4750,3.2612960226683e-11,7.5799821308129e-06,7.7055309972241e-13,-1.8564106329255e-14
4751,0,0,4751,3.2631555990946e-11,7.5757226131405e-06,7.7097269870223e-13,-1.859576426331e-14
4752,0,0,4752,3.2650183485087e-11,7.5714607776373e-06,7.7139222608826e-13,-1.8627494140624e-14
4753,0,0,4753,3.2668842781274e-11,7.5671966247e-06,7.718116816553e-13,-1.865929618668e-14
4754,0,0,4754,3.2687533951902e-11,7.5629301547266e-06,7.7223106517751e-13,-1.8691170627842e-14
4755,0,0,4755,3.2706257069593e-11,7.5586613681165e-06,7.7265037642722e-13,-1.8723117691338e-14
4756,0,0,4756,3.2725012207198e-11,7.5543902652702e-06,7.7306961517722e-13,-1.8755137605297e-14
4757,0,0,4757,3.2743799437797e-11,7.5501168465896e-06,7.7348878119816e-13,-1.8787230598718e-14
4758,0,0,4758,3.2762618834698e-11,7.5458411124776e-06,7.7390787426069e-13,-1.8819396901511e-14
4759,0,0,4759,3.2781470471443e-11,7.5415630633388e-06,7.7432689413405e-13,-1.8851636744468e-14
4760,0,0,4760,3.2800354421802e-11,7.5372826995786e-06,7.747458405866e-13,-1.8883950359281e-14
4761,0,0,4761,3.2819270759781e-11,7.5330000216041e-06,7.7516471338608e-13,-1.8916337978565e-14
4762,0,0,4762,3.2838219559617e-11,7.5287150298235e-06,7.7558351229943e-13,-1.8948799835815e-14
4763,0,0,4763,3.2857200895782e-11,7.5244277246462e-06,7.760022370921e-13,-1.8981336165461e-14
4764,0,0,4764,3.2876214842985e-11,7.520138106483e-06,7.7642088752906e-13,-1.9013947202829e-14
4765,0,0,4765,3.2895261476169e-11,7.5158461757461e-06,7.768394633742e-13,-1.9046633184201e-14
4766,0,0,4766,3.2914340870516e-11,7.511551932849e-06,7.7725796439066e-13,-1.907939434674e-14
4767,0,0,4767,3.2933453101444e-11,7.5072553782062e-06,7.7767639034033e-13,-1.9112230928563e-14
4768,0,0,4768,3.2952598244613e-11,7.5029565122339e-06,7.7809474098437e-13,-1.9145143168738e-14
4769,0,0,4769,3.297177637592e-11,7.4986553353495e-06,7.7851301608344e-13,-1.9178131307226e-14
4770,0,0,4770,3.2990987571505e-11,7.4943518479716e-06,7.7893121539609e-13,-1.9211195584969e-14
4771,0,0,4771,3.3010231907749e-11,7.4900460505203e-06,7.7934933868129e-13,-1.9244336243846e-14
4772,0,0,4772,3.3029509461276e-11,7.485737943417e-06,7.7976738569605e-13,-1.9277553526667e-14
4773,0,0,4773,3.3048820308953e-11,7.4814275270844e-06,7.8018535619692e-13,-1.931084767723e-14
4774,0,0,4774,3.3068164527893e-11,7.4771148019467e-06,7.8060324993919e-13,-1.9344218940277e-14
4775,0,0,4775,3.3087542195455e-11,7.4727997684291e-06,7.8102106667773e-13,-1.9377667561495e-14
4776,0,0,4776,3.3106953389242e-11,7.4684824269586e-06,7.8143880616555e-13,-1.9411193787582e-14
4777,0,0,4777,3.3126398187109e-11,7.4641627779632e-06,7.818564681555e-13,-1.9444797866177e-14
4778,0,0,4778,3.3145876667154e-11,7.4598408218726e-06,7.8227405239938e-13,-1.9478480045912e-14
4779,0,0,4779,3.3165388907731e-11,7.4555165591177e-06,7.8269155864727e-13,-1.9512240576382e-14
4780,0,0,4780,3.3184934987439e-11,7.4511899901307e-06,7.8310898664914e-13,-1.9546079708197e-14
4781,0,0,4781,3.3204514985132e-11,7.4468611153453e-06,7.835263361534e-13,-1.9579997692935e-14
4782,0,0,4782,3.3224128979915e-11,7.4425299351966e-06,7.8394360690783e-13,-1.9613994783192e-14
4783,0,0,4783,3.3243777051148e-11,7.4381964501212e-06,7.8436079865887e-13,-1.9648071232543e-14
4784,0,0,4784,3.3263459278443e-11,7.4338606605568e-06,7.8477791115247e-13,-1.9682227295572e-14
4785,0,0,4785,3.3283175741671e-11,7.4295225669428e-06,7.8519494413276e-13,-1.9716463227891e-14
4786,0,0,4786,3.3302926520957e-11,7.4251821697199e-06,7.8561189734369e-13,-1.97507792861e-14
4787,0,0,4787,3.3322711696685e-11,7.4208394693302e-06,7.8602877052757e-13,-1.9785175727854e-14
4788,0,0,4788,3.3342531349497e-11,7.4164944662174e-06,7.8644556342619e-13,-1.9819652811795e-14
4789,0,0,4789,3.3362385560295e-11,7.4121471608263e-06,7.8686227577986e-13,-1.9854210797606e-14
4790,0,0,4790,3.3382274410241e-11,7.4077975536035e-06,7.8727890732809e-13,-1.9888849946016e-14
4791,0,0,4791,3.3402197980759e-11,7.4034456449969e-06,7.8769545780948e-13,-1.9923570518784e-14
4792,0,0,4792,3.3422156353538e-11,7.3990914354556e-06,7.8811192696141e-13,-1.9958372778713e-14
4793,0,0,4793,3.3442149610528e-11,7.3947349254307e-06,7.8852831451988e-13,-1.9993256989642e-14
4794,0,0,4794,3.3462177833944e-11,7.3903761153742e-06,7.8894462022057e-13,-2.0028223416495e-14
4795,0,0,4795,3.3482241106269e-11,7.3860150057399e-06,7.8936084379764e-13,-2.006327232521e-14
4796,0,0,4796,3.3502339510252e-11,7.3816515969831e-06,7.8977698498401e-13,-2.0098403982832e-14
4797,0,0,4797,3.352247312891e-11,7.3772858895604e-06,7.9019304351231e-13,-2.0133618657443e-14
4798,0,0,4798,3.3542642045528e-11,7.37291788393e-06,7.9060901911302e-13,-2.0168916618202e-14
4799,0,0,4799,3.3562846343663e-11,7.3685475805514e-06,7.9102491151646e-13,-2.0204298135356e-14
4800,0,0,4800,3.3583086107143e-11,7.3641749798859e-06,7.9144072045126e-13,-2.0239763480241e-14
4801,0,0,4801,3.3603361420069e-11,7.3598000823962e-06,7.9185644564544e-13,-2.0275312925263e-14
4802,0,0,4802,3.3623672366813e-11,7.3554228885463e-06,7.9227208682566e-13,-2.0310946743911e-14
4803,0,0,4803,3.3644019032023e-11,7.351043398802e-06,7.9268764371716e-13,-2.0346665210819e-14
4804,0,0,4804,3.3664401500625e-11,7.3466616136305e-06,7.9310311604492e-13,-2.0382468601679e-14
4805,0,0,4805,3.3684819857818e-11,7.3422775335005e-06,7.9351850353219e-13,-2.0418357193293e-14
4806,0,0,4806,3.3705274189082e-11,7.3378911588822e-06,7.9393380590088e-13,-2.0454331263618e-14
4807,0,0,4807,3.3725764580174e-11,7.3335024902476e-06,7.9434902287271e-13,-2.0490391091681e-14
4808,0,0,4808,3.3746291117131e-11,7.3291115280699e-06,7.9476415416712e-13,-2.0526536957655e-14
4809,0,0,4809,3.3766853886274e-11,7.324718272824e-06,7.9517919950371e-13,-2.0562769142853e-14
4810,0,0,4810,3.3787452974204e-11,7.3203227249864e-06,7.9559415859961e-13,-2.0599087929687e-14
4811,0,0,4811,3.3808088467806e-11,7.3159248850352e-06,7.9600903117165e-13,-2.0635493601763e-14
4812,0,0,4812,3.3828760454249e-11,7.3115247534499e-06,7.9642381693544e-13,-2.0671986443761e-14
4813,0,0,4813,3.3849469020991e-11,7.3071223307118e-06,7.968385156052e-13,-2.0708566741587e-14
4814,0,0,4814,3.3870214255773e-11,7.3027176173035e-06,7.9725312689423e-13,-2.0745234782241e-14
4815,0,0,4815,3.3890996246627e-11,7.2983106137095e-06,7.9766765051417e-13,-2.0781990853912e-14
4816,0,0,4816,3.3911815081873e-11,7.2939013204157e-06,7.9808208617646e-13,-2.081883524597e-14
4817,0,0,4817,3.3932670850122e-11,7.2894897379097e-06,7.9849643359012e-13,-2.0855768248924e-14
4818,0,0,4818,3.3953563640277e-11,7.2850758666806e-06,7.9891069246432e-13,-2.0892790154472e-14
4819,0,0,4819,3.3974493541532e-11,7.2806597072193e-06,7.9932486250577e-13,-2.0929901255506e-14
4820,0,0,4820,3.3995460643378e-11,7.276241260018e-06,7.9973894342103e-13,-2.0967101846102e-14
4821,0,0,4821,3.40164650356e-11,7.271820525571e-06,8.0015293491466e-13,-2.1004392221525e-14
4822,0,0,4822,3.4037506808278e-11,7.2673975043738e-06,8.0056683669093e-13,-2.1041772678228e-14
4823,0,0,4823,3.4058586051792e-11,7.2629721969238e-06,8.0098064845179e-13,-2.10792435139e-14
4824,0,0,4824,3.4079702856819e-11,7.2585446037199e-06,8.0139436989874e-13,-2.1116805027412e-14
4825,0,0,4825,3.4100857314338e-11,7.2541147252629e-06,8.0180800073206e-13,-2.1154457518874e-14
4826,0,0,4826,3.4122049515628e-11,7.2496825620548e-06,8.0222154065064e-13,-2.1192201289594e-14
4827,0,0,4827,3.414327955227e-11,7.2452481145999e-06,8.0263498935183e-13,-2.1230036642126e-14
4828,0,0,4828,3.416454751615e-11,7.2408113834036e-06,8.0304834653224e-13,-2.1267963880246e-14
4829,0,0,4829,3.4185853499459e-11,7.2363723689732e-06,8.0346161188724e-13,-2.1305983308989e-14
4830,0,0,4830,3.4207197594694e-11,7.2319310718179e-06,8.0387478511018e-13,-2.1344095234613e-14
4831,0,0,4831,3.4228579894658e-11,7.2274874924483e-06,8.0428786589445e-13,-2.1382299964622e-14
4832,0,0,4832,3.4250000492466e-11,7.2230416313769e-06,8.0470085393098e-13,-2.1420597807819e-14
4833,0,0,4833,3.427145948154e-11,7.2185934891177e-06,8.0511374891006e-13,-2.1458989074216e-14
4834,0,0,4834,3.4292956955615e-11,7.2141430661867e-06,8.0552655052093e-13,-2.1497474075124e-14
4835,0,0,4835,3.4314493008739e-11,7.2096903631013e-06,8.0593925845053e-13,-2.1536053123127e-14
4836,0,0,4836,3.4336067735271e-11,7.205235380381e-06,8.0635187238564e-13,-2.1574726532081e-14
4837,0,0,4837,3.4357681229888e-11,7.2007781185466e-06,8.067643920115e-13,-2.1613494617143e-14
4838,0,0,4838,3.4379333587583e-11,7.1963185781212e-06,8.0717681701138e-13,-2.1652357694727e-14
4839,0,0,4839,3.4401024903665e-11,7.1918567596291e-06,8.0758914706807e-13,-2.1691316082589e-14
4840,0,0,4840,3.4422755273765e-11,7.1873926635967e-06,8.0800138186267e-13,-2.1730370099774e-14
4841,0,0,4841,3.4444524793832e-11,7.1829262905521e-06,8.0841352107492e-13,-2.1769520066627e-14
4842,0,0,4842,3.4466333560136e-11,7.1784576410251e-06,8.0882556438347e-13,-2.1808766304805e-14
4843,0,0,4843,3.4488181669274e-11,7.1739867155474e-06,8.0923751146545e-13,-2.1848109137316e-14
4844,0,0,4844,3.4510069218162e-11,7.1695135146524e-06,8.096493619969e-13,-2.1887548888479e-14
4845,0,0,4845,3.4531996304046e-11,7.1650380388753e-06,8.1006111565203e-13,-2.1927085883944e-14
4846,0,0,4846,3.4553963024497e-11,7.1605602887532e-06,8.1047277210445e-13,-2.1966720450708e-14
4847,0,0,4847,3.4575969477414e-11,7.1560802648248e-06,8.108843310256e-13,-2.200645291712e-14
4848,0,0,4848,3.4598015761027e-11,7.151597967631e-06,8.1129579208647e-13,-2.2046283612879e-14
4849,0,0,4849,3.4620101973896e-11,7.1471133977141e-06,8.1170715495575e-13,-2.2086212869043e-14
4850,0,0,4850,3.4642228214914e-11,7.1426265556185e-06,8.1211841930153e-13,-2.2126241018041e-14
4851,0,0,4851,3.4664394583308e-11,7.1381374418904e-06,8.1252958478988e-13,-2.2166368393662e-14
4852,0,0,4852,3.4686601178639e-11,7.1336460570778e-06,8.1294065108612e-13,-2.22065953311e-14
4853,0,0,4853,3.4708848100806e-11,7.1291524017305e-06,8.1335161785388e-13,-2.2246922166901e-14
4854,0,0,4854,3.4731135450045e-11,7.1246564764004e-06,8.1376248475512e-13,-2.228734923904e-14
4855,0,0,4855,3.4753463326931e-11,7.120158281641e-06,8.14173251451e-13,-2.2327876886868e-14
4856,0,0,4856,3.4775831832383e-11,7.1156578180078e-06,8.1458391760071e-13,-2.2368505451131e-14
4857,0,0,4857,3.4798241067657e-11,7.1111550860583e-06,8.1499448286237e-13,-2.2409235274024e-14
4858,0,0,4858,3.4820691134356e-11,7.1066500863517e-06,8.1540494689286e-13,-2.245006669913e-14
4859,0,0,4859,3.4843182134427e-11,7.1021428194492e-06,8.1581530934692e-13,-2.2491000071455e-14
4860,0,0,4860,3.4865714170165e-11,7.097633285914e-06,8.1622556987852e-13,-2.2532035737464e-14
4861,0,0,4861,3.488828734421e-11,7.093121486311e-06,8.1663572813994e-13,-2.257317404504e-14
4862,0,0,4862,3.4910901759553e-11,7.0886074212073e-06,8.170457837821e-13,-2.2614415343497e-14
4863,0,0,4863,3.4933557519537e-11,7.0840910911716e-06,8.1745573645422e-13,-2.265575998365e-14
4864,0,0,4864,3.4956254727855e-11,7.0795724967749e-06,8.1786558580474e-13,-2.2697208317718e-14
4865,0,0,4865,3.4978993488554e-11,7.0750516385899e-06,8.1827533147937e-13,-2.273876069941e-14
4866,0,0,4866,3.5001773906038e-11,7.0705285171914e-06,8.186849731241e-13,-2.2780417483922e-14
4867,0,0,4867,3.5024596085066e-11,7.0660031331562e-06,8.190945103814e-13,-2.2822179027893e-14
4868,0,0,4868,3.5047460130755e-11,7.0614754870628e-06,8.1950394289437e-13,-2.2864045689479e-14
4869,0,0,4869,3.5070366148584e-11,7.0569455794921e-06,8.1991327030271e-13,-2.2906017828322e-14
4870,0,0,4870,3.5093314244389e-11,7.0524134110267e-06,8.2032249224615e-13,-2.2948095805551e-14
4871,0,0,4871,3.5116304524373e-11,7.0478789822512e-06,8.2073160836179e-13,-2.2990279983814e-14
4872,0,0,4872,3.51393370951e-11,7.0433422937524e-06,8.2114061828582e-13,-2.3032570727264e-14
4873,0,0,4873,3.5162412063502e-11,7.0388033461189e-06,8.2154952165273e-13,-2.3074968401586e-14
4874,0,0,4874,3.5185529536876e-11,7.0342621399416e-06,8.2195831809567e-13,-2.3117473373984e-14
4875,0,0,4875,3.5208689622889e-11,7.0297186758132e-06,8.2236700724589e-13,-2.3160086013199e-14
4876,0,0,4876,3.5231892429578e-11,7.0251729543285e-06,8.2277558873347e-13,-2.3202806689511e-14
4877,0,0,4877,3.5255138065353e-11,7.0206249760843e-06,8.2318406218662e-13,-2.3245635774763e-14
4878,0,0,4878,3.5278426638996e-11,7.0160747416797e-06,8.2359242723232e-13,-2.3288573642331e-14
4879,0,0,4879,3.5301758259663e-11,7.0115222517157e-06,8.2400068349573e-13,-2.3331620667167e-14
4880,0,0,4880,3.5325133036889e-11,7.0069675067952e-06,8.2440883060061e-13,-2.3374777225811e-14
4881,0,0,4881,3.5348551080585e-11,7.0024105075236e-06,8.2481686816875e-13,-2.3418043696345e-14
4882,0,0,4882,3.5372012501043e-11,6.997851254508e-06,8.25224795821e-13,-2.3461420458463e-14
4883,0,0,4883,3.5395517408937e-11,6.9932897483578e-06,8.2563261317623e-13,-2.3504907893443e-14
4884,0,0,4884,3.5419065915321e-11,6.9887259896846e-06,8.2604031985176e-13,-2.3548506384167e-14
4885,0,0,4885,3.5442658131636e-11,6.984159979102e-06,8.2644791546308e-13,-2.3592216315106e-14
4886,0,0,4886,3.5466294169708e-11,6.9795917172256e-06,8.2685539962462e-13,-2.3636038072386e-14
4887,0,0,4887,3.5489974141752e-11,6.9750212046734e-06,8.272627719485e-13,-2.3679972043708e-14
4888,0,0,4888,3.5513698160371e-11,6.9704484420654e-06,8.2767003204605e-13,-2.3724018618435e-14
4889,0,0,4889,3.5537466338558e-11,6.9658734300238e-06,8.2807717952589e-13,-2.3768178187552e-14
4890,0,0,4890,3.5561278789702e-11,6.961296169173e-06,8.2848421399613e-13,-2.3812451143693e-14
4891,0,0,4891,3.5585135627583e-11,6.9567166601395e-06,8.2889113506231e-13,-2.385683788115e-14
4892,0,0,4892,3.5609036966379e-11,6.9521349035521e-06,8.2929794232902e-13,-2.3901338795873e-14
4893,0,0,4893,3.5632982920664e-11,6.9475509000416e-06,8.2970463539828e-13,-2.394595428545e-14
4894,0,0,4894,3.5656973605414e-11,6.9429646502412e-06,8.3011121387161e-13,-2.399068474921e-14
4895,0,0,4895,3.5681009136002e-11,6.9383761547862e-06,8.3051767734796e-13,-2.4035530588089e-14
4896,0,0,4896,3.5705089628206e-11,6.9337854143143e-06,8.3092402542487e-13,-2.4080492204776e-14
4897,0,0,4897,3.572921519821e-11,6.9291924294651e-06,8.3133025769837e-13,-2.4125570003607e-14
4898,0,0,4898,3.5753385962601e-11,6.9245972008808e-06,8.3173637376218e-13,-2.417076439067e-14
4899,0,0,4899,3.5777602038374e-11,6.9199997292056e-06,8.3214237320909e-13,-2.4216075773732e-14
4900,0,0,4900,3.5801863542937e-11,6.9154000150861e-06,8.3254825562961e-13,-2.4261504562306e-14
4901,0,0,4901,3.5826170594104e-11,6.9107980591711e-06,8.3295402061286e-13,-2.4307051167611e-14
4902,0,0,4902,3.5850523310107e-11,6.9061938621117e-06,8.3335966774598e-13,-2.4352716002622e-14
4903,0,0,4903,3.5874921809589e-11,6.9015874245614e-06,8.3376519661439e-13,-2.4398499482062e-14
4904,0,0,4904,3.5899366211611e-11,6.8969787471757e-06,8.34170606802e-13,-2.4444402022383e-14
4905,0,0,4905,3.5923856635653e-11,6.8923678306128e-06,8.3457589789075e-13,-2.4490424041828e-14
4906,0,0,4906,3.5948393201614e-11,6.8877546755329e-06,8.3498106946054e-13,-2.4536565960379e-14
4907,0,0,4907,3.5972976029813e-11,6.8831392825987e-06,8.3538612109007e-13,-2.4582828199827e-14
4908,0,0,4908,3.5997605240997e-11,6.8785216524752e-06,8.3579105235604e-13,-2.4629211183728e-14
4909,0,0,4909,3.6022280956335e-11,6.8739017858297e-06,8.3619586283318e-13,-2.4675715337432e-14
4910,0,0,4910,3.6047003297423e-11,6.8692796833319e-06,8.3660055209449e-13,-2.4722341088109e-14
4911,0,0,4911,3.6071772386287e-11,6.864655345654e-06,8.3700511971116e-13,-2.4769088864702e-14
4912,0,0,4912,3.6096588345385e-11,6.8600287734703e-06,8.3740956525285e-13,-2.4815959098011e-14
4913,0,0,4913,3.6121451297606e-11,6.8553999674576e-06,8.3781388828705e-13,-2.4862952220645e-14
4914,0,0,4914,3.6146361366273e-11,6.8507689282953e-06,8.3821808837928e-13,-2.4910068667049e-14
4915,0,0,4915,3.6171318675147e-11,6.8461356566649e-06,8.3862216509367e-13,-2.4957308873502e-14
4916,0,0,4916,3.6196323348425e-11,6.8415001532506e-06,8.3902611799236e-13,-2.5004673278151e-14
4917,0,0,4917,3.6221375510746e-11,6.8368624187388e-06,8.3942994663533e-13,-2.5052162320992e-14
4918,0,0,4918,3.624647528719e-11,6.8322224538185e-06,8.3983365058121e-13,-2.5099776443887e-14
4919,0,0,4919,3.627162280328e-11,6.827580259181e-06,8.40237229386e-13,-2.5147516090581e-14
4920,0,0,4920,3.6296818184987e-11,6.8229358355202e-06,8.4064068260477e-13,-2.5195381706698e-14
4921,0,0,4921,3.6322061558727e-11,6.8182891835324e-06,8.4104400978987e-13,-2.5243373739762e-14
4922,0,0,4922,3.6347353051366e-11,6.8136403039164e-06,8.4144721049223e-13,-2.5291492639183e-14
4923,0,0,4923,3.6372692790222e-11,6.8089891973736e-06,8.4185028426066e-13,-2.5339738856299e-14
4924,0,0,4924,3.6398080903067e-11,6.8043358646076e-06,8.4225323064211e-13,-2.5388112844366e-14
4925,0,0,4925,3.6423517518125e-11,6.7996803063248e-06,8.4265604918171e-13,-2.5436615058546e-14
4926,0,0,4926,3.6449002764081e-11,6.7950225232341e-06,8.4305873942227e-13,-2.5485245955955e-14
4927,0,0,4927,3.6474536770077e-11,6.7903625160468e-06,8.4346130090539e-13,-2.5534005995663e-14
4928,0,0,4928,3.6500119665715e-11,6.7857002854768e-06,8.4386373316976e-13,-2.5582895638656e-14
4929,0,0,4929,3.6525751581063e-11,6.7810358322405e-06,8.4426603575282e-13,-2.5631915347917e-14
4930,0,0,4930,3.6551432646652e-11,6.7763691570572e-06,8.4466820819005e-13,-2.5681065588398e-14
4931,0,0,4931,3.6577162993479e-11,6.7717002606483e-06,8.4507025001443e-13,-2.5730346827004e-14
4932,0,0,4932,3.6602942753011e-11,6.767029143738e-06,8.4547216075746e-13,-2.5779759532637e-14
4933,0,0,4933,3.6628772057188e-11,6.7623558070532e-06,8.4587393994816e-13,-2.582930417622e-14
4934,0,0,4934,3.6654651038418e-11,6.7576802513233e-06,8.4627558711401e-13,-2.5878981230656e-14
4935,0,0,4935,3.6680579829589e-11,6.7530024772803e-06,8.4667710178021e-13,-2.5928791170856e-14
4936,0,0,4936,3.6706558564063e-11,6.7483224856589e-06,8.4707848347025e-13,-2.5978734473793e-14
4937,0,0,4937,3.6732587375681e-11,6.7436402771965e-06,8.4747973170519e-13,-2.6028811618424e-14
4938,0,0,4938,3.6758666398767e-11,6.7389558526329e-06,8.4788084600394e-13,-2.6079023085781e-14
4939,0,0,4939,3.6784795768126e-11,6.7342692127109e-06,8.4828182588401e-13,-2.612936935893e-14
4940,0,0,4940,3.6810975619049e-11,6.7295803581758e-06,8.4868267086048e-13,-2.6179850922994e-14
4941,0,0,4941,3.6837206087314e-11,6.7248892897755e-06,8.4908338044596e-13,-2.6230468265181e-14
4942,0,0,4942,3.6863487309189e-11,6.7201960082608e-06,8.4948395415169e-13,-2.6281221874757e-14
4943,0,0,4943,3.6889819421432e-11,6.7155005143852e-06,8.4988439148647e-13,-2.6332112243085e-14
4944,0,0,4944,3.6916202561296e-11,6.7108028089048e-06,8.5028469195708e-13,-2.6383139863619e-14
4945,0,0,4945,3.6942636866527e-11,6.7061028925785e-06,8.5068485506816e-13,-2.6434305231916e-14
4946,0,0,4946,3.6969122475373e-11,6.7014007661678e-06,8.5108488032207e-13,-2.6485608845643e-14
4947,0,0,4947,3.6995659526578e-11,6.6966964304374e-06,8.5148476721915e-13,-2.6537051204609e-14
4948,0,0,4948,3.7022248159388e-11,6.6919898861542e-06,8.5188451525823e-13,-2.6588632810714e-14
4949,0,0,4949,3.7048888513557e-11,6.6872811340882e-06,8.522841239349e-13,-2.6640354168047e-14
4950,0,0,4950,3.7075580729339e-11,6.6825701750123e-06,8.5268359274324e-13,-2.6692215782809e-14
4951,0,0,4951,3.7102324947503e-11,6.6778570097019e-06,8.5308292117516e-13,-2.6744218163387e-14
4952,0,0,4952,3.7129121309323e-11,6.6731416389355e-06,8.5348210872044e-13,-2.679636182032e-14
4953,0,0,4953,3.7155969956589e-11,6.6684240634943e-06,8.5388115486625e-13,-2.6848647266317e-14
4954,0,0,4954,3.7182871031606e-11,6.6637042841622e-06,8.5428005909807e-13,-2.6901075016299e-14
4955,0,0,4955,3.7209824677193e-11,6.6589823017263e-06,8.5467882089908e-13,-2.6953645587369e-14
4956,0,0,4956,3.7236831036692e-11,6.6542581169763e-06,8.5507743975016e-13,-2.7006359498836e-14
4957,0,0,4957,3.7263890253964e-11,6.6495317307049e-06,8.5547591512959e-13,-2.7059217272217e-14
4958,0,0,4958,3.7291002473395e-11,6.6448031437076e-06,8.5587424651441e-13,-2.711221943126e-14
4959,0,0,4959,3.7318167839897e-11,6.6400723567828e-06,8.5627243337847e-13,-2.7165366501962e-14
4960,0,0,4960,3.734538649891e-11,6.635339370732e-06,8.5667047519375e-13,-2.7218659012534e-14
4961,0,0,4961,3.7372658596403e-11,6.6306041863595e-06,8.5706837143008e-13,-2.7272097493466e-14
4962,0,0,4962,3.7399984278881e-11,6.6258668044725e-06,8.5746612155503e-13,-2.7325682477493e-14
4963,0,0,4963,3.742736369338e-11,6.6211272258811e-06,8.5786372503336e-13,-2.7379414499615e-14
4964,0,0,4964,3.7454796987478e-11,6.6163854513986e-06,8.5826118132849e-13,-2.7433294097149e-14
4965,0,0,4965,3.7482284309287e-11,6.6116414818412e-06,8.5865848990091e-13,-2.7487321809656e-14
4966,0,0,4966,3.7509825807466e-11,6.6068953180279e-06,8.590556502085e-13,-2.7541498179038e-14
4967,0,0,4967,3.7537421631216e-11,6.6021469607809e-06,8.5945266170792e-13,-2.7595823749474e-14
4968,0,0,4968,3.7565071930283e-11,6.5973964109253e-06,8.5984952385231e-13,-2.7650299067486e-14
4969,0,0,4969,3.7592776854965e-11,6.5926436692894e-06,8.6024623609341e-13,-2.7704924681908e-14
4970,0,0,4970,3.7620536556109e-11,6.5878887367045e-06,8.6064279788007e-13,-2.7759701143934e-14
4971,0,0,4971,3.7648351185116e-11,6.5831316140047e-06,8.6103920865882e-13,-2.781462900707e-14
4972,0,0,4972,3.7676220893943e-11,6.5783723020275e-06,8.6143546787438e-13,-2.7869708827226e-14
4973,0,0,4973,3.7704145835106e-11,6.5736108016133e-06,8.6183157496821e-13,-2.792494116264e-14
4974,0,0,4974,3.773212616168e-11,6.5688471136057e-06,8.6222752938026e-13,-2.7980326573939e-14
4975,0,0,4975,3.7760162027304e-11,6.5640812388513e-06,8.6262333054758e-13,-2.8035865624157e-14
4976,0,0,4976,3.7788253586183e-11,6.5593131781999e-06,8.6301897790505e-13,-2.8091558878696e-14
4977,0,0,4977,3.7816400993088e-11,6.5545429325044e-06,8.6341447088464e-13,-2.8147406905371e-14
4978,0,0,4978,3.7844604403363e-11,6.5497705026208e-06,8.638098089168e-13,-2.8203410274432e-14
4979,0,0,4979,3.7872863972921e-11,6.5449958894085e-06,8.6420499142906e-13,-2.8259569558528e-14
4980,0,0,4980,3.7901179858254e-11,6.5402190937298e-06,8.6460001784602e-13,-2.8315885332762e-14
4981,0,0,4981,3.7929552216429e-11,6.5354401164503e-06,8.6499488759079e-13,-2.8372358174662e-14
4982,0,0,4982,3.7957981205093e-11,6.5306589584388e-06,8.6538960008367e-13,-2.8428988664255e-14
4983,0,0,4983,3.7986466982477e-11,6.5258756205673e-06,8.6578415474194e-13,-2.8485777383968e-14
4984,0,0,4984,3.8015009707395e-11,6.5210901037111e-06,8.661785509813e-13,-2.8542724918752e-14
4985,0,0,4985,3.8043609539252e-11,6.5163024087485e-06,8.6657278821412e-13,-2.8599831856036e-14
4986,0,0,4986,3.8072266638037e-11,6.5115125365615e-06,8.6696686585105e-13,-2.8657098785721e-14
4987,0,0,4987,3.8100981164337e-11,6.506720488035e-06,8.673607832997e-13,-2.8714526300217e-14
4988,0,0,4988,3.8129753279332e-11,6.5019262640573e-06,8.6775453996522e-13,-2.8772114994475e-14
4989,0,0,4989,3.8158583144798e-11,6.49712986552e-06,8.681481352509e-13,-2.8829865465938e-14
4990,0,0,4990,3.8187470923112e-11,6.492331293318e-06,8.6854156855607e-13,-2.8887778314597e-14
4991,0,0,4991,3.8216416777255e-11,6.4875305483496e-06,8.6893483927928e-13,-2.8945854142982e-14
4992,0,0,4992,3.8245420870812e-11,6.4827276315164e-06,8.6932794681495e-13,-2.9004093556181e-14
4993,0,0,4993,3.8274483367973e-11,6.4779225437233e-06,8.697208905561e-13,-2.9062497161831e-14
4994,0,0,4994,3.8303604433544e-11,6.4731152858786e-06,8.7011366989256e-13,-2.912106557017e-14
4995,0,0,4995,3.8332784232938e-11,6.468305858894e-06,8.7050628421169e-13,-2.9179799393971e-14
4996,0,0,4996,3.8362022932186e-11,6.4634942636846e-06,8.7089873289808e-13,-2.9238699248664e-14
4997,0,0,4997,3.8391320697938e-11,6.4586805011689e-06,8.712910153345e-13,-2.9297765752216e-14
4998,0,0,4998,3.8420677697464e-11,6.4538645722689e-06,8.7168313090003e-13,-2.9356999525246e-14
4999,0,0,4999,3.8450094098655e-11,6.44904647791e-06,8.7207507897191e-13,-2.9416401190996e-14
5000,0,0,5000,3.847957007003e-11,6.4442262190209e-06,8.7246685892418e-13,-2.9475971375305e-14
5001,0,0,5001,3.8509105780737e-11,6.439403796534e-06,8.72858470129e-13,-2.9535710706702e-14
5002,0,0,5002,3.8538701400553e-11,6.4345792113851e-06,8.7324991195519e-13,-2.9595619816318e-14
5003,0,0,5003,3.8568357099891e-11,6.4297524645134e-06,8.7364118376881e-13,-2.9655699337988e-14
5004,0,0,5004,3.8598073049799e-11,6.4249235568618e-06,8.740322849339e-13,-2.9715949908194e-14
5005,0,0,5005,3.8627849421965e-11,6.4200924893767e-06,8.7442321481178e-13,-2.9776372166095e-14
5006,0,0,5006,3.8657686388719e-11,6.4152592630079e-06,8.7481397276005e-13,-2.9836966753564e-14
5007,0,0,5007,3.8687584123034e-11,6.4104238787088e-06,8.7520455813511e-13,-2.9897734315156e-14
5008,0,0,5008,3.8717542798532e-11,6.4055863374364e-06,8.7559497028936e-13,-2.9958675498132e-14
5009,0,0,5009,3.8747562589485e-11,6.4007466401515e-06,8.7598520857322e-13,-3.001979095249e-14
5010,0,0,5010,3.8777643670816e-11,6.3959047878182e-06,8.763752723342e-13,-3.0081081330951e-14
5011,0,0,5011,3.8807786218105e-11,6.3910607814043e-06,8.7676516091701e-13,-3.0142547288972e-14
5012,0,0,5012,3.8837990407589e-11,6.3862146218813e-06,8.7715487366335e-13,-3.0204189484764e-14
5013,0,0,5013,3.8868256416169e-11,6.3813663102243e-06,8.7754440991305e-13,-3.0266008579288e-14
5014,0,0,5014,3.8898584421405e-11,6.3765158474121e-06,8.7793376900211e-13,-3.0328005236287e-14
5015,0,0,5015,3.8928974601527e-11,6.3716632344272e-06,8.7832295026438e-13,-3.0390180122279e-14
5016,0,0,5016,3.8959427135434e-11,6.3668084722558e-06,8.7871195303065e-13,-3.0452533906552e-14
5017,0,0,5017,3.8989942202695e-11,6.3619515618877e-06,8.7910077662911e-13,-3.0515067261228e-14
5018,0,0,5018,3.9020519983556e-11,6.3570925043165e-06,8.7948942038517e-13,-3.0577780861202e-14
5019,0,0,5019,3.905116065894e-11,6.3522313005396e-06,8.798778836209e-13,-3.0640675384207e-14
5020,0,0,5020,3.9081864410451e-11,6.347367951558e-06,8.8026616565649e-13,-3.0703751510793e-14
5021,0,0,5021,3.9112631420376e-11,6.3425024583768e-06,8.8065426580833e-13,-3.0767009924347e-14
5022,0,0,5022,3.9143461871687e-11,6.3376348220045e-06,8.8104218339049e-13,-3.0830451311112e-14
5023,0,0,5023,3.9174355948047e-11,6.3327650434536e-06,8.8142991771414e-13,-3.0894076360175e-14
5024,0,0,5024,3.920531383381e-11,6.3278931237404e-06,8.8181746808753e-13,-3.0957885763491e-14
5025,0,0,5025,3.9236335714026e-11,6.323019063885e-06,8.82204833816e-13,-3.1021880215899e-14
5026,0,0,5026,3.9267421774441e-11,6.3181428649115e-06,8.8259201420213e-13,-3.1086060415093e-14
5027,0,0,5027,3.9298572201503e-11,6.3132645278478e-06,8.8297900854512e-13,-3.1150427061709e-14
5028,0,0,5028,3.9329787182362e-11,6.3083840537254e-06,8.8336581614235e-13,-3.1214980859243e-14
5029,0,0,5029,3.9361066904876e-11,6.3035014435802e-06,8.8375243628688e-13,-3.1279722514109e-14
5030,0,0,5030,3.9392411557612e-11,6.2986166984516e-06,8.8413886826995e-13,-3.1344652735678e-14
5031,0,0,5031,3.9423821329848e-11,6.2937298193832e-06,8.8452511137958e-13,-3.1409772236205e-14
5032,0,0,5032,3.9455296411579e-11,6.2888408074225e-06,8.849111649004e-13,-3.1475081730915e-14
5033,0,0,5033,3.9486836993517e-11,6.2839496636207e-06,8.8529702811476e-13,-3.1540581937971e-14
5034,0,0,5034,3.9518443267096e-11,6.2790563890334e-06,8.8568270030148e-13,-3.1606273578506e-14
5035,0,0,5035,3.9550115424472e-11,6.2741609847199e-06,8.8606818073691e-13,-3.1672157376593e-14
5036,0,0,5036,3.9581853658532e-11,6.2692634517437e-06,8.8645346869405e-13,-3.1738234059317e-14
5037,0,0,5037,3.9613658162888e-11,6.2643637911722e-06,8.8683856344297e-13,-3.1804504356738e-14
5038,0,0,5038,3.964552913189e-11,6.2594620040769e-06,8.8722346425115e-13,-3.1870969001891e-14
5039,0,0,5039,3.9677466760621e-11,6.2545580915334e-06,8.8760817038222e-13,-3.1937628730838e-14
5040,0,0,5040,3.9709471244904e-11,6.2496520546212e-06,8.8799268109768e-13,-3.2004484282647e-14
5041,0,0,5041,3.9741542781303e-11,6.2447438944242e-06,8.8837699565563e-13,-3.2071536399407e-14
5042,0,0,5042,3.9773681567129e-11,6.2398336120303e-06,8.8876111331099e-13,-3.2138785826234e-14
5043,0,0,5043,3.9805887800441e-11,6.2349212085313e-06,8.8914503331589e-13,-3.2206233311293e-14
5044,0,0,5044,3.9838161680046e-11,6.2300066850234e-06,8.895287549194e-13,-3.2273879605787e-14
5045,0,0,5045,3.987050340551e-11,6.225090042607e-06,8.8991227736723e-13,-3.2341725463983e-14
5046,0,0,5046,3.9902913177154e-11,6.2201712823866e-06,8.9029559990246e-13,-3.2409771643215e-14
5047,0,0,5047,3.9935391196057e-11,6.2152504054708e-06,8.9067872176483e-13,-3.247801890387e-14
5048,0,0,5048,3.9967937664067e-11,6.2103274129725e-06,8.9106164219097e-13,-3.2546468009461e-14
5049,0,0,5049,4.0000552783793e-11,6.2054023060088e-06,8.9144436041465e-13,-3.2615119726545e-14
5050,0,0,5050,4.0033236758618e-11,6.2004750857013e-06,8.9182687566637e-13,-3.2683974824801e-14
5051,0,0,5051,4.0065989792695e-11,6.1955457531755e-06,8.9220918717328e-13,-3.2753034077028e-14
5052,0,0,5052,4.0098812090954e-11,6.1906143095613e-06,8.9259129415994e-13,-3.2822298259117e-14
5053,0,0,5053,4.0131703859105e-11,6.1856807559931e-06,8.9297319584766e-13,-3.2891768150084e-14
5054,0,0,5054,4.0164665303637e-11,6.1807450936094e-06,8.9335489145409e-13,-3.2961444532104e-14
5055,0,0,5055,4.0197696631827e-11,6.1758073235531e-06,8.9373638019457e-13,-3.3031328190458e-14
5056,0,0,5056,4.0230798051741e-11,6.1708674469714e-06,8.9411766128031e-13,-3.3101419913603e-14
5057,0,0,5057,4.0263969772234e-11,6.165925465016e-06,8.9449873392036e-13,-3.3171720493139e-14
5058,0,0,5058,4.0297212002958e-11,6.160981378843e-06,8.9487959732011e-13,-3.324223072383e-14
5059,0,0,5059,4.0330524954361e-11,6.1560351896127e-06,8.9526025068171e-13,-3.3312951403603e-14
5060,0,0,5060,4.0363908837695e-11,6.15108689849e-06,8.9564069320411e-13,-3.3383883333588e-14
5061,0,0,5061,4.0397363865013e-11,6.1461365066443e-06,8.9602092408332e-13,-3.3455027318082e-14
5062,0,0,5062,4.0430890249177e-11,6.1411840152492e-06,8.9640094251231e-13,-3.3526384164589e-14
5063,0,0,5063,4.0464488203861e-11,6.136229425483e-06,8.9678074768037e-13,-3.3597954683797e-14
5064,0,0,5064,4.0498157943551e-11,6.1312727385284e-06,8.9716033877354e-13,-3.3669739689613e-14
5065,0,0,5065,4.053189968355e-11,6.1263139555728e-06,8.9753971497515e-13,-3.3741739999175e-14
5066,0,0,5066,4.0565713639983e-11,6.1213530778078e-06,8.9791887546526e-13,-3.3813956432821e-14
5067,0,0,5067,4.0599600029797e-11,6.1163901064298e-06,8.9829781941997e-13,-3.3886389814117e-14
5068,0,0,5068,4.0633559070767e-11,6.1114250426396e-06,8.9867654601324e-13,-3.395904096989e-14
5069,0,0,5069,4.0667590981497e-11,6.1064578876429e-06,8.9905505441471e-13,-3.4031910730203e-14
5070,0,0,5070,4.0701695981425e-11,6.1014886426496e-06,8.9943334379176e-13,-3.4104999928355e-14
5071,0,0,5071,4.0735874290826e-11,6.0965173088744e-06,8.9981141330743e-13,-3.4178309400898e-14
5072,0,0,5072,4.0770126130814e-11,6.0915438875367e-06,9.0018926212266e-13,-3.4251839987686e-14
5073,0,0,5073,4.0804451723346e-11,6.0865683798605e-06,9.0056688939436e-13,-3.4325592531801e-14
5074,0,0,5074,4.0838851291225e-11,6.0815907870744e-06,9.0094429427596e-13,-3.4399567879619e-14
5075,0,0,5075,4.0873325058106e-11,6.0766111104119e-06,9.0132147591886e-13,-3.4473766880803e-14
5076,0,0,5076,4.0907873248495e-11,6.0716293511109e-06,9.0169843346941e-13,-3.4548190388291e-14
5077,0,0,5077,4.0942496087753e-11,6.0666455104144e-06,9.0207516607197e-13,-3.4622839258313e-14
5078,0,0,5078,4.0977193802103e-11,6.0616595895698e-06,9.0245167286753e-13,-3.4697714350433e-14
5079,0,0,5079,4.1011966618631e-11,6.0566715898295e-06,9.028279529928e-13,-3.4772816527464e-14
5080,0,0,5080,4.1046814765286e-11,6.0516815124506e-06,9.032040055823e-13,-3.4848146655574e-14
5081,0,0,5081,4.1081738470891e-11,6.046689358695e-06,9.0357982976662e-13,-3.492370560424e-14
5082,0,0,5082,4.1116737965137e-11,6.0416951298294e-06,9.0395542467308e-13,-3.4999494246247e-14
5083,0,0,5083,4.1151813478595e-11,6.0366988271254e-06,9.0433078942582e-13,-3.5075513457703e-14
5084,0,0,5084,4.1186965242713e-11,6.0317004518594e-06,9.0470592314573e-13,-3.5151764118068e-14
5085,0,0,5085,4.1222193489823e-11,6.0267000053127e-06,9.0508082494989e-13,-3.5228247110126e-14
5086,0,0,5086,4.1257498453143e-11,6.0216974887716e-06,9.0545549395291e-13,-3.5304963319999e-14
5087,0,0,5087,4.129288036678e-11,6.016692903527e-06,9.0582992926482e-13,-3.5381913637165e-14
5088,0,0,5088,4.1328339465734e-11,6.0116862508751e-06,9.0620412999363e-13,-3.5459098954424e-14
5089,0,0,5089,4.1363875985902e-11,6.0066775321168e-06,9.0657809524309e-13,-3.5536520167981e-14
5090,0,0,5090,4.139949016408e-11,6.0016667485582e-06,9.0695182411385e-13,-3.5614178177343e-14
5091,0,0,5091,4.1435182237965e-11,5.9966539015101e-06,9.0732531570321e-13,-3.5692073885403e-14
5092,0,0,5092,4.1470952446163e-11,5.9916389922885e-06,9.0769856910524e-13,-3.5770208198428e-14
5093,0,0,5093,4.150680102819e-11,5.9866220222145e-06,9.0807158341034e-13,-3.5848582026052e-14
5094,0,0,5094,4.1542728224471e-11,5.9816029926139e-06,9.0844435770584e-13,-3.5927196281243e-14
5095,0,0,5095,4.1578734276351e-11,5.9765819048179e-06,9.0881689107569e-13,-3.6006051880408e-14
5096,0,0,5096,4.1614819426094e-11,5.9715587601626e-06,9.0918918259985e-13,-3.6085149743274e-14
5097,0,0,5097,4.1650983916887e-11,5.9665335599894e-06,9.0956123135601e-13,-3.6164490792982e-14
5098,0,0,5098,4.1687227992843e-11,5.9615063056445e-06,9.0993303641753e-13,-3.6244075956044e-14
5099,0,0,5099,4.1723551899006e-11,5.9564769984796e-06,9.1030459685472e-13,-3.6323906162361e-14
5100,0,0,5100,4.1759955881351e-11,5.9514456398512e-06,9.1067591173438e-13,-3.6403982345218e-14
5101,0,0,5101,4.1796440186792e-11,5.9464122311213e-06,9.1104698012036e-13,-3.6484305441301e-14
5102,0,0,5102,4.1833005063183e-11,5.9413767736568e-06,9.1141780107241e-13,-3.6564876390668e-14
5103,0,0,5103,4.186965075932e-11,5.93633926883e-06,9.1178837364764e-13,-3.6645696136788e-14
5104,0,0,5104,4.1906377524946e-11,5.9312997180184e-06,9.121586968992e-13,-3.6726765626514e-14
5105,0,0,5105,4.1943185610756e-11,5.9262581226047e-06,9.1252876987701e-13,-3.6808085810101e-14
5106,0,0,5106,4.1980075268398e-11,5.921214483977e-06,9.1289859162745e-13,-3.6889657641191e-14
5107,0,0,5107,4.2017046750474e-11,5.9161688035284e-06,9.1326816119433e-13,-3.6971482076838e-14
5108,0,0,5108,4.2054100310552e-11,5.9111210826576e-06,9.1363747761651e-13,-3.7053560077491e-14
5109,0,0,5109,4.2091236203159e-11,5.9060713227684e-06,9.1400653993119e-13,-3.7135892606975e-14
5110,0,0,5110,4.2128454683791e-11,5.9010195252703e-06,9.1437534717066e-13,-3.7218480632536e-14
5111,0,0,5111,4.2165756008916e-11,5.8959656915776e-06,9.1474389836476e-13,-3.7301325124813e-14
5112,0,0,5112,4.2203140435974e-11,5.8909098231106e-06,9.1511219253994e-13,-3.738442705785e-14
5113,0,0,5113,4.2240608223383e-11,5.8858519212944e-06,9.1548022871839e-13,-3.7467787409057e-14
5114,0,0,5114,4.2278159630542e-11,5.8807919875601e-06,9.1584800591996e-13,-3.755140715927e-14
5115,0,0,5115,4.2315794917835e-11,5.8757300233437e-06,9.1621552316039e-13,-3.7635287292725e-14
5116,0,0,5116,4.2353514346632e-11,5.8706660300871e-06,9.165827794522e-13,-3.7719428797003e-14
5117,0,0,5117,4.2391318179295e-11,5.8656000092373e-06,9.1694977380497e-13,-3.7803832663139e-14
5118,0,0,5118,4.2429206679181e-11,5.8605319622471e-06,9.1731650522402e-13,-3.7888499885513e-14
5119,0,0,5119,4.2467180110643e-11,5.8554618905747e-06,9.176829727122e-13,-3.7973431461899e-14
5120,0,0,5120,4.2505238739036e-11,5.8503897956837e-06,9.1804917526821e-13,-3.8058628393477e-14
5121,0,0,5121,4.2543382830721e-11,5.8453156790434e-06,9.1841511188787e-13,-3.8144091684779e-14
5122,0,0,5122,4.2581612653065e-11,5.8402395421287e-06,9.1878078156328e-13,-3.8229822343731e-14
5123,0,0,5123,4.2619928474446e-11,5.83516138642e-06,9.1914618328382e-13,-3.8315821381641e-14
5124,0,0,5124,4.265833056426e-11,5.8300812134032e-06,9.195113160344e-13,-3.840208981316e-14
5125,0,0,5125,4.2696819192916e-11,5.8249990245701e-06,9.1987617879762e-13,-3.8488628656342e-14
5126,0,0,5126,4.2735394631848e-11,5.8199148214179e-06,9.2024077055198e-13,-3.8575438932573e-14
5127,0,0,5127,4.2774057153515e-11,5.8148286054495e-06,9.2060509027333e-13,-3.8662521666608e-14
5128,0,0,5128,4.2812807031402e-11,5.8097403781736e-06,9.2096913693325e-13,-3.8749877886567e-14
5129,0,0,5129,4.2851644540026e-11,5.8046501411046e-06,9.2133290950087e-13,-3.8837508623893e-14
5130,0,0,5130,4.2890569954939e-11,5.7995578957623e-06,9.2169640694148e-13,-3.8925414913389e-14
5131,0,0,5131,4.2929583552732e-11,5.7944636436727e-06,9.2205962821715e-13,-3.9013597793192e-14
5132,0,0,5132,4.2968685611037e-11,5.7893673863673e-06,9.2242257228658e-13,-3.9102058304755e-14
5133,0,0,5133,4.300787640853e-11,5.7842691253833e-06,9.2278523810509e-13,-3.9190797492873e-14
5134,0,0,5134,4.3047156224935e-11,5.7791688622638e-06,9.2314762462494e-13,-3.9279816405646e-14
5135,0,0,5135,4.308652534103e-11,5.7740665985578e-06,9.2350973079502e-13,-3.9369116094468e-14
5136,0,0,5136,4.3125984038644e-11,5.7689623358199e-06,9.2387155556054e-13,-3.945869761407e-14
5137,0,0,5137,4.3165532600666e-11,5.7638560756107e-06,9.2423309786393e-13,-3.9548562022437e-14
5138,0,0,5138,4.3205171311047e-11,5.7587478194966e-06,9.2459435664383e-13,-3.9638710380867e-14
5139,0,0,5139,4.3244900454801e-11,5.75363756905e-06,9.2495533083623e-13,-3.9729143753915e-14
5140,0,0,5140,4.3284720318011e-11,5.748525325849e-06,9.2531601937331e-13,-3.9819863209401e-14
5141,0,0,5141,4.3324631187829e-11,5.7434110914779e-06,9.2567642118403e-13,-3.991086981842e-14
5142,0,0,5142,4.3364633352484e-11,5.7382948675265e-06,9.2603653519473e-13,-4.0002164655285e-14
5143,0,0,5143,4.3404727101282e-11,5.733176655591e-06,9.2639636032747e-13,-4.0093748797581e-14
5144,0,0,5144,4.3444912724608e-11,5.7280564572733e-06,9.2675589550217e-13,-4.0185623326078e-14
5145,0,0,5145,4.3485190513933e-11,5.7229342741814e-06,9.2711513963474e-13,-4.0277789324781e-14
5146,0,0,5146,4.3525560761814e-11,5.7178101079293e-06,9.2747409163819e-13,-4.0370247880892e-14
5147,0,0,5147,4.3566023761898e-11,5.7126839601369e-06,9.2783275042233e-13,-4.0463000084815e-14
5148,0,0,5148,4.3606579808928e-11,5.7075558324303e-06,9.2819111489402e-13,-4.0556047030102e-14
5149,0,0,5149,4.3647229198742e-11,5.7024257264416e-06,9.2854918395647e-13,-4.0649389813498e-14
5150,0,0,5150,4.3687972228277e-11,5.6972936438089e-06,9.2890695650997e-13,-4.0743029534875e-14
5151,0,0,5151,4.3728809195574e-11,5.6921595861766e-06,9.2926443145203e-13,-4.0836967297265e-14
5152,0,0,5152,4.3769740399781e-11,5.6870235551949e-06,9.296216076762e-13,-4.0931204206797e-14
5153,0,0,5153,4.3810766141154e-11,5.6818855525205e-06,9.2997848407387e-13,-4.1025741372732e-14
5154,0,0,5154,4.3851886721061e-11,5.6767455798159e-06,9.3033505953291e-13,-4.112057990739e-14
5155,0,0,5155,4.3893102441987e-11,5.6716036387499e-06,9.3069133293767e-13,-4.1215720926197e-14
5156,0,0,5156,4.3934413607535e-11,5.6664597309976e-06,9.3104730317018e-13,-4.1311165547632e-14
5157,0,0,5157,4.3975820522428e-11,5.6613138582401e-06,9.3140296910926e-13,-4.1406914893201e-14
5158,0,0,5158,4.4017323492516e-11,5.6561660221648e-06,9.3175832963022e-13,-4.1502970087452e-14
5159,0,0,5159,4.4058922824773e-11,5.6510162244653e-06,9.321133836062e-13,-4.1599332257934e-14
5160,0,0,5160,4.4100618827309e-11,5.6458644668415e-06,9.3246812990606e-13,-4.169600253517e-14
5161,0,0,5161,4.4142411809361e-11,5.6407107509996e-06,9.3282256739743e-13,-4.179298205269e-14
5162,0,0,5162,4.4184302081308e-11,5.6355550786518e-06,9.331766949435e-13,-4.1890271946935e-14
5163,0,0,5163,4.4226289954666e-11,5.630397451517e-06,9.3353051140514e-13,-4.1987873357289e-14
5164,0,0,5164,4.4268375742092e-11,5.6252378713201e-06,9.3388401564018e-13,-4.2085787426063e-14
5165,0,0,5165,4.431055975739e-11,5.6200763397924e-06,9.3423720650399e-13,-4.2184015298435e-14
5166,0,0,5166,4.4352842315512e-11,5.6149128586717e-06,9.3459008284854e-13,-4.228255812245e-14
5167,0,0,5167,4.4395223732561e-11,5.609747429702e-06,9.3494264352278e-13,-4.2381417049018e-14
5168,0,0,5168,4.4437704325793e-11,5.6045800546336e-06,9.3529488737364e-13,-4.2480593231845e-14
5169,0,0,5169,4.4480284413621e-11,5.5994107352234e-06,9.3564681324482e-13,-4.258008782745e-14
5170,0,0,5170,4.4522964315616e-11,5.5942394732346e-06,9.3599841997683e-13,-4.2679901995127e-14
5171,0,0,5171,4.4565744352513e-11,5.5890662704368e-06,9.3634970640816e-13,-4.2780036896911e-14
5172,0,0,5172,4.460862484621e-11,5.583891128606e-06,9.3670067137424e-13,-4.2880493697562e-14
5173,0,0,5173,4.4651606119775e-11,5.5787140495247e-06,9.3705131370761e-13,-4.2981273564541e-14
5174,0,0,5174,4.4694688497443e-11,5.5735350349819e-06,9.3740163223863e-13,-4.3082377667987e-14
5175,0,0,5175,4.4737872304624e-11,5.5683540867731e-06,9.3775162579431e-13,-4.3183807180661e-14
5176,0,0,5176,4.4781157867902e-11,5.5631712067002e-06,9.3810129319996e-13,-4.3285563277967e-14
5177,0,0,5177,4.4824545515039e-11,5.5579863965716e-06,9.3845063327738e-13,-4.3387647137874e-14
5178,0,0,5178,4.486803557498e-11,5.5527996582023e-06,9.3879964484636e-13,-4.3490059940925e-14
5179,0,0,5179,4.4911628377851e-11,5.5476109934138e-06,9.3914832672424e-13,-4.3592802870181e-14
5180,0,0,5180,4.4955324254962e-11,5.5424204040341e-06,9.394966777253e-13,-4.3695877111206e-14
5181,0,0,5181,4.4999123538814e-11,5.5372278918978e-06,9.3984469666198e-13,-4.3799283852019e-14
5182,0,0,5182,4.5043026563097e-11,5.5320334588462e-06,9.4019238234412e-13,-4.3903024283094e-14
5183,0,0,5183,4.5087033662694e-11,5.526837106727e-06,9.4053973357862e-13,-4.4007099597289e-14
5184,0,0,5184,4.5131145173684e-11,5.5216388373945e-06,9.4088674917073e-13,-4.4111510989837e-14
5185,0,0,5185,4.5175361433342e-11,5.5164386527099e-06,9.4123342792337e-13,-4.4216259658287e-14
5186,0,0,5186,4.5219682780145e-11,5.5112365545406e-06,9.415797686361e-13,-4.4321346802523e-14
5187,0,0,5187,4.5264109553769e-11,5.506032544761e-06,9.4192577010787e-13,-4.4426773624652e-14
5188,0,0,5188,4.5308642095098e-11,5.500826625252e-06,9.4227143113395e-13,-4.4532541329029e-14
5189,0,0,5189,4.5353280746221e-11,5.4956187979011e-06,9.4261675050807e-13,-4.4638651122195e-14
5190,0,0,5190,4.5398025850433e-11,5.4904090646026e-06,9.4296172702213e-13,-4.4745104212834e-14
5191,0,0,5191,4.5442877752245e-11,5.4851974272575e-06,9.4330635946509e-13,-4.4851901811739e-14
5192,0,0,5192,4.5487836797377e-11,5.4799838877734e-06,9.4365064662443e-13,-4.4959045131795e-14
5193,0,0,5193,4.5532903332765e-11,5.4747684480647e-06,9.4399458728542e-13,-4.5066535387893e-14
5194,0,0,5194,4.5578077706562e-11,5.4695511100523e-06,9.4433818023154e-13,-4.5174373796924e-14
5195,0,0,5195,4.562336026814e-11,5.4643318756642e-06,9.4468142424395e-13,-4.5282561577719e-14
5196,0,0,5196,4.5668751368091e-11,5.4591107468349e-06,9.4502431810227e-13,-4.5391099951029e-14
5197,0,0,5197,4.571425135823e-11,5.4538877255058e-06,9.45366860584e-13,-4.5499990139441e-14
5198,0,0,5198,4.5759860591597e-11,5.4486628136247e-06,9.4570905046476e-13,-4.5609233367388e-14
5199,0,0,5199,4.5805579422458e-11,5.4434360131467e-06,9.4605088651899e-13,-4.5718830861023e-14
5200,0,0,5200,4.5851408206307e-11,5.4382073260334e-06,9.4639236751863e-13,-4.582878384827e-14
5201,0,0,5201,4.5897347299865e-11,5.4329767542531e-06,9.4673349223459e-13,-4.59390935587e-14
5202,0,0,5202,4.5943397061089e-11,5.427744299781e-06,9.4707425943529e-13,-4.6049761223515e-14
5203,0,0,5203,4.5989557849164e-11,5.4225099645993e-06,9.4741466788902e-13,-4.616078807549e-14
5204,0,0,5204,4.6035830024513e-11,5.4172737506968e-06,9.4775471636101e-13,-4.6272175348935e-14
5205,0,0,5205,4.6082213948793e-11,5.4120356600691e-06,9.4809440361584e-13,-4.6383924279624e-14
5206,0,0,5206,4.6128709984898e-11,5.4067956947187e-06,9.484337284166e-13,-4.6496036104737e-14
5207,0,0,5207,4.6175318496961e-11,5.401553856655e-06,9.4877268952498e-13,-4.6608512062865e-14
5208,0,0,5208,4.6222039850354e-11,5.3963101478943e-06,9.4911128570128e-13,-4.6721353393856e-14
5209,0,0,5209,4.6268874411693e-11,5.3910645704594e-06,9.4944951570413e-13,-4.6834561338868e-14
5210,0,0,5210,4.6315822548834e-11,5.3858171263805e-06,9.4978737829232e-13,-4.6948137140217e-14
5211,0,0,5211,4.6362884630875e-11,5.3805678176942e-06,9.5012487222154e-13,-4.7062082041388e-14
5212,0,0,5212,4.6410061028162e-11,5.3753166464442e-06,9.5046199624813e-13,-4.7176397286939e-14
5213,0,0,5213,4.6457352112284e-11,5.370063614681e-06,9.5079874912658e-13,-4.7291084122448e-14
5214,0,0,5214,4.6504758256079e-11,5.3648087244622e-06,9.5113512961013e-13,-4.7406143794471e-14
5215,0,0,5215,4.6552279833629e-11,5.359551977852e-06,9.5147113645221e-13,-4.7521577550454e-14
5216,0,0,5216,4.6599917220268e-11,5.3542933769216e-06,9.5180676840424e-13,-4.763738663867e-14
5217,0,0,5217,4.6647670792576e-11,5.3490329237491e-06,9.5214202421762e-13,-4.7753572308195e-14
5218,0,0,5218,4.6695540928385e-11,5.3437706204196e-06,9.5247690264241e-13,-4.7870135808782e-14
5219,0,0,5219,4.6743528006776e-11,5.3385064690249e-06,9.5281140242879e-13,-4.798707839085e-14
5220,0,0,5220,4.6791632408081e-11,5.333240471664e-06,9.5314552232573e-13,-4.8104401305375e-14
5221,0,0,5221,4.6839854513885e-11,5.3279726304426e-06,9.5347926108235e-13,-4.8222105803849e-14
5222,0,0,5222,4.6888194707023e-11,5.3227029474732e-06,9.5381261744639e-13,-4.8340193138189e-14
5223,0,0,5223,4.6936653371584e-11,5.3174314248756e-06,9.5414559016605e-13,-4.8458664560669e-14
5224,0,0,5224,4.6985230892908e-11,5.3121580647763e-06,9.5447817798892e-13,-4.8577521323875e-14
5225,0,0,5225,4.7033927657588e-11,5.3068828693085e-06,9.5481037966258e-13,-4.8696764680603e-14
5226,0,0,5226,4.7082744053472e-11,5.3016058406127e-06,9.5514219393385e-13,-4.881639588376e-14
5227,0,0,5227,4.7131680469658e-11,5.2963269808362e-06,9.5547361955032e-13,-4.8936416186357e-14
5228,0,0,5228,4.71807372965e-11,5.2910462921331e-06,9.5580465525927e-13,-4.9056826841385e-14
5229,0,0,5229,4.7229914925601e-11,5.2857637766646e-06,9.5613529980751e-13,-4.9177629101713e-14
5230,0,0,5230,4.7279213749822e-11,5.2804794365986e-06,9.5646555194326e-13,-4.9298824220066e-14
5231,0,0,5231,4.732863416327e-11,5.2751932741101e-06,9.5679541041347e-13,-4.9420413448907e-14
5232,0,0,5232,4.7378176561311e-11,5.269905291381e-06,9.5712487396682e-13,-4.9542398040361e-14
5233,0,0,5233,4.7427841340557e-11,5.2646154906001e-06,9.5745394135149e-13,-4.9664779246125e-14
5234,0,0,5234,4.7477628898874e-11,5.259323873963e-06,9.5778261131677e-13,-4.9787558317396e-14
5235,0,0,5235,4.7527539635379e-11,5.2540304436723e-06,9.5811088261177e-13,-4.9910736504759e-14
5236,0,0,5236,4.7577573950437e-11,5.2487352019376e-06,9.584387539873e-13,-5.0034315058131e-14
5237,0,0,5237,4.7627732245664e-11,5.2434381509752e-06,9.5876622419432e-13,-5.0158295226657e-14
5238,0,0,5238,4.7678014923922e-11,5.2381392930084e-06,9.5909329198439e-13,-5.0282678258599e-14
5239,0,0,5239,4.7728422389324e-11,5.2328386302675e-06,9.5941995611064e-13,-5.0407465401266e-14
5240,0,0,5240,4.7778955047225e-11,5.2275361649894e-06,9.5974621532738e-13,-5.0532657900904e-14
5241,0,0,5241,4.7829613304227e-11,5.2222318994182e-06,9.6007206838911e-13,-5.0658257002639e-14
5242,0,0,5242,4.7880397568178e-11,5.2169258358046e-06,9.6039751405245e-13,-5.0784263950299e-14
5243,0,0,5243,4.7931308248164e-11,5.2116179764064e-06,9.6072255107526e-13,-5.0910679986399e-14
5244,0,0,5244,4.7982345754516e-11,5.2063083234881e-06,9.6104717821617e-13,-5.1037506352001e-14
5245,0,0,5245,4.8033510498803e-11,5.2009968793211e-06,9.6137139423642e-13,-5.1164744286597e-14
5246,0,0,5246,4.8084802893831e-11,5.1956836461835e-06,9.616951978983e-13,-5.1292395028042e-14
5247,0,0,5247,4.8136223353643e-11,5.1903686263605e-06,9.6201858796549e-13,-5.1420459812417e-14
5248,0,0,5248,4.8187772293517e-11,5.1850518221439e-06,9.623415632043e-13,-5.1548939873946e-14
5249,0,0,5249,4.8239450129962e-11,5.1797332358324e-06,9.6266412238285e-13,-5.1677836444843e-14
5250,0,0,5250,4.8291257280717e-11,5.1744128697314e-06,9.6298626427079e-13,-5.1807150755281e-14
5251,0,0,5251,4.834319416475e-11,5.1690907261533e-06,9.6330798764072e-13,-5.1936884033178e-14
5252,0,0,5252,4.8395261202254e-11,5.163766807417e-06,9.6362929126705e-13,-5.2067037504188e-14
5253,0,0,5253,4.8447458814646e-11,5.1584411158484e-06,9.6395017392679e-13,-5.219761239148e-14
5254,0,0,5254,4.8499787424562e-11,5.1531136537799e-06,9.6427063439943e-13,-5.2328609915707e-14
5255,0,0,5255,4.8552247455857e-11,5.1477844235508e-06,9.645906714675e-13,-5.2460031294854e-14
5256,0,0,5256,4.8604839333601e-11,5.142453427507e-06,9.649102839157e-13,-5.2591877744081e-14
5257,0,0,5257,4.8657563484076e-11,5.1371206680013e-06,9.6522947053208e-13,-5.2724150475661e-14
5258,0,0,5258,4.8710420334775e-11,5.131786147393e-06,9.6554823010746e-13,-5.2856850698821e-14
5259,0,0,5259,4.8763410314395e-11,5.1264498680481e-06,9.6586656143635e-13,-5.2989979619623e-14
5260,0,0,5260,4.8816533852836e-11,5.1211118323391e-06,9.6618446331586e-13,-5.3123538440814e-14
5261,0,0,5261,4.8869791381197e-11,5.1157720426455e-06,9.6650193454707e-13,-5.3257528361741e-14
5262,0,0,5262,4.8923183331775e-11,5.110430501353e-06,9.6681897393414e-13,-5.3391950578158e-14
5263,0,0,5263,4.8976710138058e-11,5.1050872108542e-06,9.6713558028552e-13,-5.3526806282168e-14
5264,0,0,5264,4.903037223472e-11,5.0997421735481e-06,9.674517524129e-13,-5.3662096661984e-14
5265,0,0,5265,4.9084170057621e-11,5.0943953918402e-06,9.6776748913222e-13,-5.3797822901902e-14
5266,0,0,5266,4.9138104043804e-11,5.0890468681426e-06,9.680827892639e-13,-5.3933986182069e-14
5267,0,0,5267,4.9192174631482e-11,5.0836966048739e-06,9.6839765163158e-13,-5.4070587678414e-14
5268,0,0,5268,4.9246382260044e-11,5.0783446044592e-06,9.687120750647e-13,-5.4207628562412e-14
5269,0,0,5269,4.9300727370045e-11,5.0729908693299e-06,9.6902605839578e-13,-5.4345110001047e-14
5270,0,0,5270,4.9355210403202e-11,5.067635401924e-06,9.6933960046334e-13,-5.4483033156564e-14
5271,0,0,5271,4.9409831802388e-11,5.0622782046859e-06,9.696527001097e-13,-5.4621399186385e-14
5272,0,0,5272,4.9464592011631e-11,5.0569192800661e-06,9.6996535618302e-13,-5.4760209242926e-14
5273,0,0,5273,4.9519491476105e-11,5.0515586305217e-06,9.7027756753606e-13,-5.489946447343e-14
5274,0,0,5274,4.9574530642125e-11,5.046196258516e-06,9.7058933302725e-13,-5.503916601985e-14
5275,0,0,5275,4.9629709957143e-11,5.0408321665186e-06,9.7090065151993e-13,-5.5179315018637e-14
5276,0,0,5276,4.9685029869744e-11,5.0354663570055e-06,9.7121152188388e-13,-5.5319912600617e-14
5277,0,0,5277,4.9740490829635e-11,5.0300988324585e-06,9.7152194299409e-13,-5.5460959890815e-14
5278,0,0,5278,4.9796093287643e-11,5.0247295953661e-06,9.7183191373183e-13,-5.5602458008282e-14
5279,0,0,5279,4.9851837695709e-11,5.0193586482225e-06,9.721414329842e-13,-5.5744408065913e-14
5280,0,0,5280,4.9907724506879e-11,5.0139859935284e-06,9.7245049964505e-13,-5.5886811170313e-14
5281,0,0,5281,4.9963754175301e-11,5.0086116337902e-06,9.7275911261436e-13,-5.6029668421595e-14
5282,0,0,5282,5.0019927156214e-11,5.0032355715206e-06,9.7306727079886e-13,-5.61729809132e-14
5283,0,0,5283,5.0076243905946e-11,4.9978578092382e-06,9.7337497311201e-13,-5.6316749731721e-14
5284,0,0,5284,5.0132704881902e-11,4.9924783494676e-06,9.7368221847465e-13,-5.6460975956745e-14
5285,0,0,5285,5.0189310542563e-11,4.9870971947393e-06,9.7398900581466e-13,-5.660566066064e-14
5286,0,0,5286,5.0246061347471e-11,4.9817143475898e-06,9.7429533406697e-13,-5.6750804908357e-14
5287,0,0,5287,5.0302957757229e-11,4.9763298105612e-06,9.7460120217479e-13,-5.6896409757302e-14
5288,0,0,5288,5.0360000233486e-11,4.9709435862016e-06,9.749066090884e-13,-5.7042476257073e-14
5289,0,0,5289,5.0417189238935e-11,4.9655556770648e-06,9.7521155376649e-13,-5.7189005449288e-14
5290,0,0,5290,5.0474525237303e-11,4.9601660857102e-06,9.7551603517574e-13,-5.7335998367441e-14
5291,0,0,5291,5.0532008693339e-11,4.9547748147031e-06,9.7582005229139e-13,-5.7483456036594e-14
5292,0,0,5292,5.0589640072812e-11,4.9493818666141e-06,9.7612360409683e-13,-5.7631379473281e-14
5293,0,0,5293,5.0647419842498e-11,4.9439872440198e-06,9.7642668958495e-13,-5.7779769685241e-14
5294,0,0,5294,5.0705348470169e-11,4.9385909495018e-06,9.7672930775691e-13,-5.7928627671231e-14
5295,0,0,5295,5.076342642459e-11,4.9331929856475e-06,9.7703145762323e-13,-5.8077954420797e-14
5296,0,0,5296,5.0821654175504e-11,4.9277933550497e-06,9.773331382044e-13,-5.8227750914084e-14
5297,0,0,5297,5.0880032193625e-11,4.9223920603064e-06,9.7763434852979e-13,-5.8378018121619e-14
5298,0,0,5298,5.0938560950629e-11,4.9169891040211e-06,9.7793508763889e-13,-5.8528757004064e-14
5299,0,0,5299,5.0997240919141e-11,4.9115844888024e-06,9.7823535458132e-13,-5.8679968511998e-14
5300,0,0,5300,5.1056072572727e-11,4.9061782172642e-06,9.7853514841743e-13,-5.8831653585738e-14
5301,0,0,5301,5.1115056385882e-11,4.9007702920255e-06,9.788344682169e-13,-5.898381315506e-14
5302,0,0,5302,5.1174192834021e-11,4.8953607157102e-06,9.7913331306155e-13,-5.9136448138955e-14
5303,0,0,5303,5.1233482393467e-11,4.8899494909475e-06,9.7943168204315e-13,-5.9289559445475e-14
5304,0,0,5304,5.1292925541438e-11,4.8845366203715e-06,9.7972957426544e-13,-5.9443147971405e-14
5305,0,0,5305,5.135252275604e-11,4.879122106621e-06,9.8002698884288e-13,-5.9597214602062e-14
5306,0,0,5306,5.1412274516251e-11,4.8737059523397e-06,9.803239249025e-13,-5.9751760211071e-14
5307,0,0,5307,5.1472181301911e-11,4.8682881601763e-06,9.8062038158253e-13,-5.990678566007e-14
5308,0,0,5308,5.153224359371e-11,4.8628687327838e-06,9.8091635803378e-13,-6.0062291798502e-14
5309,0,0,5309,5.1592461873173e-11,4.8574476728202e-06,9.8121185341976e-13,-6.0218279463333e-14
5310,0,0,5310,5.1652836622652e-11,4.8520249829477e-06,9.8150686691611e-13,-6.0374749478827e-14
5311,0,0,5311,5.1713368325308e-11,4.8466006658333e-06,9.8180139771166e-13,-6.0531702656236e-14
5312,0,0,5312,5.1774057465102e-11,4.8411747241482e-06,9.8209544500918e-13,-6.0689139793583e-14
5313,0,0,5313,5.1834904526777e-11,4.8357471605679e-06,9.8238900802354e-13,-6.0847061675383e-14
5314,0,0,5314,5.1895909995849e-11,4.8303179777724e-06,9.8268208598497e-13,-6.1005469072356e-14
5315,0,0,5315,5.1957074358591e-11,4.8248871784457e-06,9.8297467813657e-13,-6.1164362741172e-14
5316,0,0,5316,5.2018398102015e-11,4.8194547652759e-06,9.8326678373629e-13,-6.1323743424141e-14
5317,0,0,5317,5.2079881713864e-11,4.8140207409551e-06,9.8355840205666e-13,-6.1483611849014e-14
5318,0,0,5318,5.2141525682592e-11,4.8085851081795e-06,9.8384953238509e-13,-6.1643968728582e-14
5319,0,0,5319,5.2203330497353e-11,4.803147869649e-06,9.84140174024e-13,-6.1804814760481e-14
5320,0,0,5320,5.226529664798e-11,4.7977090280673e-06,9.8443032629162e-13,-6.1966150626851e-14
5321,0,0,5321,5.2327424624974e-11,4.7922685861418e-06,9.8471998852179e-13,-6.212797699407e-14
5322,0,0,5322,5.2389714919486e-11,4.7868265465834e-06,9.8500916006416e-13,-6.2290294512443e-14
5323,0,0,5323,5.2452168023302e-11,4.7813829121067e-06,9.8529784028524e-13,-6.2453103815883e-14
5324,0,0,5324,5.2514784428824e-11,4.7759376854295e-06,9.8558602856795e-13,-6.2616405521627e-14
5325,0,0,5325,5.2577564629054e-11,4.7704908692731e-06,9.8587372431222e-13,-6.2780200229924e-14
5326,0,0,5326,5.2640509117577e-11,4.7650424663618e-06,9.8616092693531e-13,-6.2944488523697e-14
5327,0,0,5327,5.2703618388546e-11,4.7595924794233e-06,9.8644763587211e-13,-6.3109270968273e-14
5328,0,0,5328,5.2766892936657e-11,4.7541409111881e-06,9.867338505756e-13,-6.3274548111e-14
5329,0,0,5329,5.2830333257138e-11,4.7486877643897e-06,9.8701957051653e-13,-6.3440320480969e-14
5330,0,0,5330,5.2893939845726e-11,4.7432330417643e-06,9.8730479518499e-13,-6.3606588588661e-14
5331,0,0,5331,5.2957713198652e-11,4.7377767460511e-06,9.8758952408962e-13,-6.3773352925628e-14
5332,0,0,5332,5.3021653812616e-11,4.7323188799917e-06,9.878737567579e-13,-6.3940613964112e-14
5333,0,0,5333,5.3085762184773e-11,4.7268594463302e-06,9.8815749273802e-13,-6.4108372156788e-14
5334,0,0,5334,5.3150038812709e-11,4.721398447813e-06,9.8844073159717e-13,-6.4276627936323e-14
5335,0,0,5335,5.3214484194424e-11,4.7159358871892e-06,9.8872347292295e-13,-6.4445381715087e-14
5336,0,0,5336,5.3279098828309e-11,4.7104717672095e-06,9.8900571632441e-13,-6.4614633884768e-14
5337,0,0,5337,5.3343883213125e-11,4.705006090627e-06,9.8928746143068e-13,-6.4784384816034e-14
5338,0,0,5338,5.3408837847983e-11,4.6995388601966e-06,9.8956870789282e-13,-6.4954634858155e-14
5339,0,0,5339,5.3473963232322e-11,4.6940700786752e-06,9.8984945538336e-13,-6.5125384338631e-14
5340,0,0,5340,5.3539259865885e-11,4.688599748821e-06,9.9012970359766e-13,-6.5296633562845e-14
5341,0,0,5341,5.3604728248698e-11,4.6831278733942e-06,9.9040945225224e-13,-6.5468382813643e-14
5342,0,0,5342,5.3670368881049e-11,4.6776544551562e-06,9.9068870108817e-13,-6.5640632351005e-14
5343,0,0,5343,5.3736182263461e-11,4.6721794968696e-06,9.9096744986827e-13,-6.5813382411607e-14
5344,0,0,5344,5.3802168896669e-11,4.6667030012985e-06,9.9124569838019e-13,-6.5986633208487e-14
5345,0,0,5345,5.38683292816e-11,4.6612249712077e-06,9.915234464349e-13,-6.6160384930585e-14
5346,0,0,5346,5.3934663919342e-11,4.6557454093631e-06,9.9180069386822e-13,-6.6334637742387e-14
5347,0,0,5347,5.4001173311126e-11,4.6502643185314e-06,9.9207744054076e-13,-6.6509391783519e-14
5348,0,0,5348,5.4067857958294e-11,4.6447817014798e-06,9.9235368633847e-13,-6.6684647168331e-14
5349,0,0,5349,5.413471836228e-11,4.6392975609761e-06,9.9262943117243e-13,-6.6860403985456e-14
5350,0,0,5350,5.4201755024577e-11,4.6338118997883e-06,9.9290467498101e-13,-6.7036662297442e-14
5351,0,0,5351,5.4268968446717e-11,4.6283247206848e-06,9.9317941772786e-13,-6.7213422140297e-14
5352,0,0,5352,5.433635913024e-11,4.622836026434e-06,9.9345365940426e-13,-6.7390683523043e-14
5353,0,0,5353,5.4403927576668e-11,4.617345819804e-06,9.937274000289e-13,-6.7568446427326e-14
5354,0,0,5354,5.4471674287475e-11,4.6118541035628e-06,9.9400063964824e-13,-6.7746710806941e-14
5355,0,0,5355,5.4539599764062e-11,4.6063608804781e-06,9.9427337833664e-13,-6.7925476587416e-14
5356,0,0,5356,5.4607704507728e-11,4.6008661533168e-06,9.9454561619788e-13,-6.8104743665541e-14
5357,0,0,5357,5.4675989019637e-11,4.5953699248452e-06,9.9481735336413e-13,-6.8284511908901e-14
5358,0,0,5358,5.4744453800792e-11,4.5898721978286e-06,9.9508858999821e-13,-6.8464781155474e-14
5359,0,0,5359,5.4813099352005e-11,4.5843729750314e-06,9.953593262919e-13,-6.8645551213094e-14
5360,0,0,5360,5.4881926173864e-11,4.5788722592167e-06,9.9562956246859e-13,-6.882682185903e-14
5361,0,0,5361,5.4950934766704e-11,4.5733700531461e-06,9.9589929878185e-13,-6.9008592839507e-14
5362,0,0,5362,5.5020125630573e-11,4.5678663595797e-06,9.9616853551761e-13,-6.9190863869178e-14
5363,0,0,5363,5.5089499265204e-11,4.5623611812758e-06,9.9643727299293e-13,-6.9373634630717e-14
5364,0,0,5364,5.5159056169978e-11,4.556854520991e-06,9.9670551155858e-13,-6.955690477424e-14
5365,0,0,5365,5.5228796843895e-11,4.5513463814794e-06,9.9697325159677e-13,-6.9740673916871e-14
5366,0,0,5366,5.5298721785537e-11,4.5458367654931e-06,9.9724049352498e-13,-6.9924941642228e-14
5367,0,0,5367,5.5368831493037e-11,4.5403256757815e-06,9.9750723779318e-13,-7.0109707499874e-14
5368,0,0,5368,5.5439126464042e-11,4.5348131150915e-06,9.9777348488675e-13,-7.0294971004853e-14
5369,0,0,5369,5.5509607195679e-11,4.5292990861671e-06,9.9803923532589e-13,-7.048073163714e-14
5370,0,0,5370,5.558027418452e-11,4.523783591749e-06,9.9830448966667e-13,-7.066698884113e-14
5371,0,0,5371,5.5651127926545e-11,4.518266634575e-06,9.9856924850056e-13,-7.0853742025077e-14
5372,0,0,5372,5.5722168917106e-11,4.5127482173791e-06,9.9883351245646e-13,-7.1040990560608e-14
5373,0,0,5373,5.5793397650888e-11,4.5072283428918e-06,9.9909728220004e-13,-7.1228733782109e-14
5374,0,0,5374,5.5864814621874e-11,4.5017070138397e-06,9.9936055843487e-13,-7.1416970986256e-14
5375,0,0,5375,5.5936420323305e-11,4.4961842329452e-06,9.9962334190298e-13,-7.160570143137e-14
5376,0,0,5376,5.6008215247642e-11,4.4906600029265e-06,9.9988563338488e-13,-7.1794924336951e-14
5377,0,0,5377,5.6080199886525e-11,4.4851343264972e-06,1.0001474337008e-12,-7.1984638882996e-14
5378,0,0,5378,5.6152374730735e-11,4.4796072063662e-06,1.000408743711e-12,-7.2174844209541e-14
5379,0,0,5379,5.6224740270151e-11,4.4740786452374e-06,1.000669564316e-12,-7.2365539416001e-14
5380,0,0,5380,5.6297296993711e-11,4.4685486458094e-06,1.0009298964582e-12,-7.2556723560597e-14
5381,0,0,5381,5.6370045389371e-11,4.4630172107756e-06,1.0011897411209e-12,-7.2748395659786e-14
5382,0,0,5382,5.6442985944059e-11,4.4574843428235e-06,1.0014490993305e-12,-7.2940554687638e-14
5383,0,0,5383,5.6516119143634e-11,4.4519500446348e-06,1.0017079721563e-12,-7.3133199575229e-14
5384,0,0,5384,5.6589445472844e-11,4.446414318885e-06,1.0019663607104e-12,-7.3326329210045e-14
5385,0,0,5385,5.6662965415279e-11,4.4408771682433e-06,1.0022242661505e-12,-7.351994243534e-14
5386,0,0,5386,5.6736679453329e-11,4.4353385953722e-06,1.0024816896778e-12,-7.3714038049511e-14
5387,0,0,5387,5.6810588068134e-11,4.4297986029272e-06,1.0027386325398e-12,-7.3908614805499e-14
5388,0,0,5388,5.6884691739545e-11,4.4242571935569e-06,1.00299509603e-12,-7.4103671410085e-14
5389,0,0,5389,5.6958990946068e-11,4.4187143699022e-06,1.0032510814883e-12,-7.4299206523288e-14
5390,0,0,5390,5.7033486164826e-11,4.4131701345967e-06,1.0035065903027e-12,-7.4495218757719e-14
5391,0,0,5391,5.7108177871503e-11,4.4076244902657e-06,1.0037616239086e-12,-7.4691706677878e-14
5392,0,0,5392,5.7183066540303e-11,4.4020774395265e-06,1.0040161837905e-12,-7.4888668799491e-14
5393,0,0,5393,5.7258152643892e-11,4.3965289849879e-06,1.0042702714824e-12,-7.5086103588896e-14
5394,0,0,5394,5.7333436653354e-11,4.39097912925e-06,1.0045238885682e-12,-7.5284009462267e-14
5395,0,0,5395,5.7408919038139e-11,4.3854278749037e-06,1.0047770366828e-12,-7.5482384784993e-14
5396,0,0,5396,5.748460026601e-11,4.3798752245307e-06,1.0050297175124e-12,-7.5681227870936e-14
5397,0,0,5397,5.7560480802992e-11,4.3743211807031e-06,1.0052819327956e-12,-7.5880536981776e-14
5398,0,0,5398,5.7636561113318e-11,4.3687657459831e-06,1.0055336843239e-12,-7.6080310326236e-14
5399,0,0,5399,5.7712841659377e-11,4.3632089229226e-06,1.0057849739424e-12,-7.628054605941e-14
5400,0,0,5400,5.7789322901659e-11,4.3576507140632e-06,1.0060358035505e-12,-7.6481242282021e-14
5401,0,0,5401,5.7866005298699e-11,4.3520911219356e-06,1.0062861751031e-12,-7.6682397039668e-14
5402,0,0,5402,5.7942889307021e-11,4.3465301490593e-06,1.0065360906102e-12,-7.6884008322115e-14
5403,0,0,5403,5.8019975381084e-11,4.3409677979425e-06,1.0067855521391e-12,-7.7086074062501e-14
5404,0,0,5404,5.809726397322e-11,4.3354040710816e-06,1.0070345618142e-12,-7.7288592136634e-14
5405,0,0,5405,5.8174755533583e-11,4.3298389709611e-06,1.007283121818e-12,-7.7491560362159e-14
5406,0,0,5406,5.825245051008e-11,4.3242725000529e-06,1.0075312343918e-12,-7.7694976497849e-14
5407,0,0,5407,5.8330349348323e-11,4.3187046608162e-06,1.0077789018371e-12,-7.789883824276e-14
5408,0,0,5408,5.8408452491559e-11,4.3131354556973e-06,1.0080261265152e-12,-7.8103143235485e-14
5409,0,0,5409,5.8486760380612e-11,4.3075648871291e-06,1.008272910849e-12,-7.830788905336e-14
5410,0,0,5410,5.8565273453824e-11,4.3019929575306e-06,1.0085192573237e-12,-7.8513073211613e-14
5411,0,0,5411,5.8643992146986e-11,4.2964196693069e-06,1.0087651684867e-12,-7.8718693162565e-14
5412,0,0,5412,5.8722916893281e-11,4.2908450248486e-06,1.00901064695e-12,-7.8924746294847e-14
5413,0,0,5413,5.8802048123214e-11,4.2852690265316e-06,1.0092556953898e-12,-7.9131229932517e-14
5414,0,0,5414,5.8881386264548e-11,4.2796916767164e-06,1.0095003165474e-12,-7.9338141334232e-14
5415,0,0,5415,5.896093174224e-11,4.2741129777483e-06,1.0097445132304e-12,-7.95454776924e-14
5416,0,0,5416,5.9040684978373e-11,4.2685329319565e-06,1.009988288314e-12,-7.9753236132362e-14
5417,0,0,5417,5.9120646392084e-11,4.262951541654e-06,1.0102316447413e-12,-7.9961413711435e-14
5418,0,0,5418,5.9200816399502e-11,4.2573688091373e-06,1.0104745855232e-12,-8.0170007418165e-14
5419,0,0,5419,5.9281195413673e-11,4.2517847366857e-06,1.0107171137419e-12,-8.0379014171265e-14
5420,0,0,5420,5.9361783844492e-11,4.2461993265611e-06,1.0109592325491e-12,-8.0588430818932e-14
5421,0,0,5421,5.944258209863e-11,4.2406125810077e-06,1.0112009451684e-12,-8.0798254137772e-14
5422,0,0,5422,5.9523590579462e-11,4.2350245022514e-06,1.0114422548959e-12,-8.1008480831988e-14
5423,0,0,5423,5.9604809686994e-11,4.2294350924995e-06,1.0116831651007e-12,-8.1219107532395e-14
5424,0,0,5424,5.968623981779e-11,4.2238443539402e-06,1.0119236792267e-12,-8.1430130795582e-14
5425,0,0,5425,5.9767881364893e-11,4.2182522887424e-06,1.0121638007929e-12,-8.1641547102813e-14
5426,0,0,5426,5.9849734717752e-11,4.2126588990552e-06,1.0124035333942e-12,-8.1853352859318e-14
5427,0,0,5427,5.9931800262145e-11,4.2070641870071e-06,1.0126428807023e-12,-8.2065544393046e-14
5428,0,0,5428,6.0014078380099e-11,4.2014681547062e-06,1.0128818464683e-12,-8.2278117954002e-14
5429,0,0,5429,6.0096569449812e-11,4.1958708042392e-06,1.0131204345212e-12,-8.2491069712971e-14
5430,0,0,5430,6.0179273845573e-11,4.1902721376714e-06,1.0133586487701e-12,-8.2704395760801e-14
5431,0,0,5431,6.026219193768e-11,4.184672157046e-06,1.0135964932058e-12,-8.2918092107226e-14
5432,0,0,5432,6.034532409236e-11,4.1790708643835e-06,1.0138339719006e-12,-8.3132154679905e-14
5433,0,0,5433,6.0428670671684e-11,4.1734682616818e-06,1.0140710890107e-12,-8.3346579323458e-14
5434,0,0,5434,6.0512232033482e-11,4.1678643509151e-06,1.0143078487747e-12,-8.3561361798417e-14
5435,0,0,5435,6.0596008531262e-11,4.1622591340338e-06,1.0145442555184e-12,-8.3776497780125e-14
5436,0,0,5436,6.068000051412e-11,4.1566526129639e-06,1.0147803136524e-12,-8.3991982857773e-14
5437,0,0,5437,6.0764208326653e-11,4.1510447896066e-06,1.015016027675e-12,-8.4207812533318e-14
5438,0,0,5438,6.0848632308874e-11,4.1454356658377e-06,1.0152514021727e-12,-8.4423982220434e-14
5439,0,0,5439,6.0933272796117e-11,4.1398252435072e-06,1.0154864418214e-12,-8.4640487243351e-14
5440,0,0,5440,6.1018130118953e-11,4.1342135244387e-06,1.0157211513879e-12,-8.4857322835908e-14
5441,0,0,5441,6.1103204603093e-11,4.1286005104292e-06,1.0159555357294e-12,-8.5074484140343e-14
5442,0,0,5442,6.1188496569299e-11,4.122986203248e-06,1.0161895997972e-12,-8.5291966206227e-14
5443,0,0,5443,6.1274006333289e-11,4.1173706046367e-06,1.0164233486353e-12,-8.550976398936e-14
5444,0,0,5444,6.1359734205639e-11,4.1117537163086e-06,1.0166567873833e-12,-8.5727872350611e-14
5445,0,0,5445,6.1445680491694e-11,4.106135539948e-06,1.0168899212764e-12,-8.5946286054781e-14
5446,0,0,5446,6.1531845491464e-11,4.1005160772096e-06,1.0171227556472e-12,-8.6164999769526e-14
5447,0,0,5447,6.1618229499528e-11,4.0948953297183e-06,1.0173552959268e-12,-8.638400806407e-14
5448,0,0,5448,6.1704832804936e-11,4.0892732990683e-06,1.0175875476456e-12,-8.660330540813e-14
5449,0,0,5449,6.1791655691107e-11,4.0836499868228e-06,1.0178195164347e-12,-8.6822886170685e-14
5450,0,0,5450,6.1878698435725e-11,4.0780253945133e-06,1.0180512080273e-12,-8.7042744618819e-14
5451,0,0,5451,6.1965961310642e-11,4.0723995236389e-06,1.0182826282598e-12,-8.7262874916501e-14
5452,0,0,5452,6.2053444581765e-11,4.0667723756661e-06,1.0185137830724e-12,-8.7483271123333e-14
5453,0,0,5453,6.2141148508959e-11,4.061143952028e-06,1.0187446785118e-12,-8.7703927193361e-14
5454,0,0,5454,6.2229073345933e-11,4.0555142541234e-06,1.0189753207304e-12,-8.7924836973837e-14
5455,0,0,5455,6.2317219340136e-11,4.0498832833168e-06,1.0192057159896e-12,-8.8145994203957e-14
5456,0,0,5456,6.240558673265e-11,4.0442510409375e-06,1.0194358706594e-12,-8.8367392513593e-14
5457,0,0,5457,6.2494175758072e-11,4.0386175282788e-06,1.0196657912212e-12,-8.8589025422003e-14
5458,0,0,5458,6.2582986644409e-11,4.0329827465977e-06,1.0198954842672e-12,-8.881088633661e-14
5459,0,0,5459,6.267201961296e-11,4.0273466971143e-06,1.020124956504e-12,-8.9032968551628e-14
5460,0,0,5460,6.2761274878207e-11,4.0217093810107e-06,1.0203542147515e-12,-8.9255265246759e-14
5461,0,0,5461,6.2850752647693e-11,4.0160707994309e-06,1.0205832659463e-12,-8.9477769485952e-14
5462,0,0,5462,6.2940453121909e-11,4.0104309534798e-06,1.0208121171418e-12,-8.9700474215993e-14
5463,0,0,5463,6.3030376494174e-11,4.0047898442229e-06,1.0210407755099e-12,-8.9923372265162e-14
5464,0,0,5464,6.3120522950516e-11,3.9991474726851e-06,1.0212692483424e-12,-9.014645634186e-14
5465,0,0,5465,6.3210892669549e-11,3.9935038398505e-06,1.021497543052e-12,-9.0369719033374e-14
5466,0,0,5466,6.3301485822354e-11,3.9878589466617e-06,1.0217256671746e-12,-9.0593152804257e-14
5467,0,0,5467,6.3392302572349e-11,3.9822127940188e-06,1.0219536283698e-12,-9.0816749995151e-14
5468,0,0,5468,6.348334307517e-11,3.9765653827789e-06,1.0221814344223e-12,-9.1040502821254e-14
5469,0,0,5469,6.3574607478541e-11,3.9709167137554e-06,1.0224090932441e-12,-9.126440337097e-14
5470,0,0,5470,6.3666095922145e-11,3.9652667877174e-06,1.0226366128754e-12,-9.1488443604363e-14
5471,0,0,5471,6.3757808537497e-11,3.9596156053888e-06,1.0228640014859e-12,-9.17126153519e-14
5472,0,0,5472,6.384974544781e-11,3.9539631674475e-06,1.0230912673765e-12,-9.1936910312758e-14
5473,0,0,5473,6.3941906767864e-11,3.9483094745249e-06,1.0233184189808e-12,-9.216132005356e-14
5474,0,0,5474,6.403429260387e-11,3.9426545272052e-06,1.0235454648667e-12,-9.2385836006769e-14
5475,0,0,5475,6.412690305334e-11,3.9369983260244e-06,1.0237724137373e-12,-9.2610449469218e-14
5476,0,0,5476,6.421973820494e-11,3.9313408714695e-06,1.0239992744335e-12,-9.2835151600594e-14
5477,0,0,5477,6.4312798138362e-11,3.9256821639781e-06,1.0242260559339e-12,-9.3059933421957e-14
5478,0,0,5478,6.4406082924176e-11,3.9200222039375e-06,1.0244527673585e-12,-9.3284785814091e-14
5479,0,0,5479,6.4499592623692e-11,3.9143609916835e-06,1.024679417968e-12,-9.3509699516115e-14
5480,0,0,5480,6.4593327288816e-11,3.9086985275003e-06,1.024906017167e-12,-9.3734665123736e-14
5481,0,0,5481,6.4687286961904e-11,3.903034811619e-06,1.0251325745046e-12,-9.3959673087812e-14
5482,0,0,5482,6.4781471675617e-11,3.8973698442175e-06,1.0253590996773e-12,-9.4184713712702e-14
5483,0,0,5483,6.4875881452771e-11,3.891703625419e-06,1.0255856025284e-12,-9.4409777154618e-14
5484,0,0,5484,6.4970516306191e-11,3.8860361552916e-06,1.0258120930518e-12,-9.4634853420122e-14
5485,0,0,5485,6.5065376238556e-11,3.8803674338475e-06,1.0260385813926e-12,-9.4859932364308e-14
5486,0,0,5486,6.5160461242245e-11,3.8746974610417e-06,1.026265077849e-12,-9.5085003689359e-14
5487,0,0,5487,6.5255771299188e-11,3.8690262367717e-06,1.0264915928735e-12,-9.531005694275e-14
5488,0,0,5488,6.5351306380703e-11,3.8633537608762e-06,1.0267181370751e-12,-9.5535081515566e-14
5489,0,0,5489,6.5447066447344e-11,3.8576800331347e-06,1.0269447212212e-12,-9.5760066640888e-14
5490,0,0,5490,6.5543051448736e-11,3.852005053266e-06,1.0271713562385e-12,-9.5985001392062e-14
5491,0,0,5491,6.5639261323417e-11,3.8463288209277e-06,1.0273980532156e-12,-9.6209874680872e-14
5492,0,0,5492,6.5735695998673e-11,3.8406513357156e-06,1.0276248234037e-12,-9.6434675256008e-14
5493,0,0,5493,6.5832355390374e-11,3.8349725971619e-06,1.0278516782195e-12,-9.6659391701099e-14
5494,0,0,5494,6.5929239402807e-11,3.8292926047351e-06,1.0280786292463e-12,-9.6884012433122e-14
5495,0,0,5495,6.6026347928508e-11,3.8236113578388e-06,1.028305688236e-12,-9.7108525700501e-14
5496,0,0,5496,6.6123680848089e-11,3.8179288558105e-06,1.0285328671104e-12,-9.7332919581356e-14
5497,0,0,5497,6.6221238030071e-11,3.8122450979212e-06,1.0287601779636e-12,-9.7557181981748e-14
5498,0,0,5498,6.6319019330705e-11,3.8065600833739e-06,1.0289876330641e-12,-9.7781300633724e-14
5499,0,0,5499,6.6417024593798e-11,3.8008738113029e-06,1.0292152448555e-12,-9.8005263093618e-14
5500,0,0,5500,6.6515253650538e-11,3.7951862807727e-06,1.0294430259594e-12,-9.8229056740076e-14
5501,0,0,5501,6.6613706319311e-11,3.7894974907773e-06,1.0296709891769e-12,-9.8452668772271e-14
5502,0,0,5502,6.6712382405519e-11,3.7838074402386e-06,1.0298991474905e-12,-9.8676086207991e-14
5503,0,0,5503,6.68112817014e-11,3.7781161280062e-06,1.0301275140656e-12,-9.8899295881674e-14
5504,0,0,5504,6.6910403985843e-11,3.7724235528557e-06,1.0303561022534e-12,-9.9122284442599e-14
5505,0,0,5505,6.7009749024196e-11,3.7667297134878e-06,1.0305849255919e-12,-9.9345038352857e-14
5506,0,0,5506,6.7109316568081e-11,3.7610346085275e-06,1.0308139978085e-12,-9.9567543885503e-14
5507,0,0,5507,6.7209106355204e-11,3.755338236523e-06,1.0310433328211e-12,-9.9789787122446e-14
5508,0,0,5508,6.7309118109156e-11,3.7496405959443e-06,1.0312729447413e-12,-1.0001175395258e-13
5509,0,0,5509,6.7409351539226e-11,3.7439416851825e-06,1.0315028478752e-12,-1.0023343006982e-13
5510,0,0,5510,6.7509806340197e-11,3.7382415025487e-06,1.0317330567264e-12,-1.004548009709e-13
5511,0,0,5511,6.7610482192151e-11,3.7325400462725e-06,1.0319635859973e-12,-1.006758519536e-13
5512,0,0,5512,6.7711378760265e-11,3.7268373145012e-06,1.0321944505915e-12,-1.0089656811446e-13
5513,0,0,5513,6.7812495694612e-11,3.7211333052989e-06,1.0324256656158e-12,-1.0111693434689e-13
5514,0,0,5514,6.7913832629951e-11,3.7154280166449e-06,1.0326572463822e-12,-1.01336935339e-13
5515,0,0,5515,6.8015389185523e-11,3.7097214464327e-06,1.0328892084104e-12,-1.0155655557155e-13
5516,0,0,5516,6.8117164964838e-11,3.704013592469e-06,1.0331215674292e-12,-1.017757793158e-13
5517,0,0,5517,6.821915955547e-11,3.6983044524724e-06,1.0333543393791e-12,-1.0199459063138e-13
5518,0,0,5518,6.8321372528834e-11,3.6925940240723e-06,1.0335875404144e-12,-1.022129733642e-13
5519,0,0,5519,6.8423803439978e-11,3.6868823048077e-06,1.0338211869053e-12,-1.0243091114426e-13
5520,0,0,5520,6.8526451827362e-11,3.6811692921257e-06,1.0340552954404e-12,-1.0264838738342e-13
5521,0,0,5521,6.8629317212635e-11,3.6754549833808e-06,1.0342898828279e-12,-1.0286538527325e-13
5522,0,0,5522,6.8732399100418e-11,3.6697393758333e-06,1.0345249660992e-12,-1.0308188778286e-13
5523,0,0,5523,6.8835696978074e-11,3.6640224666481e-06,1.0347605625102e-12,-1.0329787765656e-13
5524,0,0,5524,6.8939210315486e-11,3.6583042528937e-06,1.0349966895435e-12,-1.035133374117e-13
5525,0,0,5525,6.9042938564822e-11,3.6525847315406e-06,1.0352333649113e-12,-1.0372824933638e-13
5526,0,0,5526,6.914688116031e-11,3.6468638994602e-06,1.0354706065574e-12,-1.0394259548716e-13
5527,0,0,5527,6.9251037517996e-11,3.6411417534234e-06,1.0357084326591e-12,-1.0415635768677e-13
5528,0,0,5528,6.9355407035518e-11,3.6354182900995e-06,1.0359468616302e-12,-1.0436951752178e-13
5529,0,0,5529,6.9459989091858e-11,3.6296935060546e-06,1.0361859121225e-12,-1.0458205634027e-13
5530,0,0,5530,6.9564783047108e-11,3.6239673977506e-06,1.0364256030293e-12,-1.0479395524947e-13
5531,0,0,5531,6.9669788242221e-11,3.6182399615435e-06,1.0366659534867e-12,-1.050051951134e-13
5532,0,0,5532,6.9775003998772e-11,3.6125111936823e-06,1.0369069828763e-12,-1.0521575655053e-13
5533,0,0,5533,6.9880429618703e-11,3.6067810903075e-06,1.037148710828e-12,-1.0542561993124e-13
5534,0,0,5534,6.9986064384078e-11,3.60104964745e-06,1.037391157222e-12,-1.0563476537549e-13
5535,0,0,5535,7.0091907556829e-11,3.595316861029e-06,1.0376343421915e-12,-1.0584317275045e-13
5536,0,0,5536,7.0197958378497e-11,3.5895827268515e-06,1.0378782861248e-12,-1.0605082166785e-13
5537,0,0,5537,7.0304216069978e-11,3.5838472406103e-06,1.0381230096682e-12,-1.0625769148164e-13
5538,0,0,5538,7.0410679831264e-11,3.5781103978825e-06,1.0383685337282e-12,-1.064637612855e-13
5539,0,0,5539,7.0517348841174e-11,3.5723721941285e-06,1.0386148794742e-12,-1.066690099102e-13
5540,0,0,5540,7.0624222257095e-11,3.5666326246901e-06,1.0388620683409e-12,-1.0687341592123e-13
5541,0,0,5541,7.0731299214711e-11,3.5608916847894e-06,1.0391101220313e-12,-1.070769576161e-13
5542,0,0,5542,7.0838578827733e-11,3.5551493695269e-06,1.039359062518e-12,-1.0727961302188e-13
5543,0,0,5543,7.0946060187626e-11,3.5494056738802e-06,1.0396089120476e-12,-1.0748135989253e-13
5544,0,0,5544,7.1053742363332e-11,3.5436605927026e-06,1.0398596931419e-12,-1.0768217570638e-13
5545,0,0,5545,7.1161624400996e-11,3.5379141207214e-06,1.0401114286012e-12,-1.0788203766334e-13
5546,0,0,5546,7.1269705323678e-11,3.5321662525363e-06,1.0403641415065e-12,-1.0808092268251e-13
5547,0,0,5547,7.1377984131077e-11,3.5264169826179e-06,1.0406178552229e-12,-1.0827880739924e-13
5548,0,0,5548,7.148645979924e-11,3.5206663053063e-06,1.040872593401e-12,-1.0847566816265e-13
5549,0,0,5549,7.1595131280273e-11,3.5149142148092e-06,1.0411283799815e-12,-1.0867148103286e-13
5550,0,0,5550,7.1703997502051e-11,3.5091607052004e-06,1.0413852391957e-12,-1.0886622177818e-13
5551,0,0,5551,7.1813057367924e-11,3.5034057704182e-06,1.0416431955703e-12,-1.0905986587256e-13
5552,0,0,5552,7.1922309756416e-11,3.4976494042639e-06,1.0419022739286e-12,-1.0925238849265e-13
5553,0,0,5553,7.2031753520931e-11,3.4918916003999e-06,1.0421624993942e-12,-1.0944376451508e-13
5554,0,0,5554,7.2141387489445e-11,3.486132352348e-06,1.0424238973936e-12,-1.0963396851378e-13
5555,0,0,5555,7.2251210464202e-11,3.480371653488e-06,1.0426864936585e-12,-1.0982297475691e-13
5556,0,0,5556,7.2361221221406e-11,3.4746094970558e-06,1.0429503142294e-12,-1.1001075720431e-13
5557,0,0,5557,7.2471418510911e-11,3.4688458761416e-06,1.0432153854581e-12,-1.101972895044e-13
5558,0,0,5558,7.2581801055902e-11,3.4630807836885e-06,1.0434817340105e-12,-1.1038254499148e-13
5559,0,0,5559,7.2692367552585e-11,3.4573142124904e-06,1.0437493868696e-12,-1.1056649668276e-13
5560,0,0,5560,7.280311666986e-11,3.4515461551901e-06,1.0440183713384e-12,-1.1074911727539e-13
5561,0,0,5561,7.2914047049004e-11,3.4457766042783e-06,1.0442887150428e-12,-1.1093037914368e-13
5562,0,0,5562,7.302515730334e-11,3.4400055520908e-06,1.0445604459348e-12,-1.1111025433598e-13
5563,0,0,5563,7.3136446017912e-11,3.4342329908074e-06,1.0448335922948e-12,-1.1128871457184e-13
5564,0,0,5564,7.3247911749151e-11,3.4284589124498e-06,1.0451081827355e-12,-1.1146573123892e-13
5565,0,0,5565,7.3359553024541e-11,3.4226833088796e-06,1.0453842462042e-12,-1.1164127539005e-13
5566,0,0,5566,7.3471368342281e-11,3.4169061717968e-06,1.0456618119863e-12,-1.1181531774013e-13
5567,0,0,5567,7.3583356170944e-11,3.4111274927376e-06,1.0459409097079e-12,-1.1198782866313e-13
5568,0,0,5568,7.3695514949133e-11,3.4053472630728e-06,1.0462215693393e-12,-1.1215877818908e-13
5569,0,0,5569,7.3807843085134e-11,3.3995654740054e-06,1.0465038211977e-12,-1.1232813600077e-13
5570,0,0,5570,7.3920338956565e-11,3.3937821165692e-06,1.0467876959508e-12,-1.1249587143086e-13
5571,0,0,5571,7.4033000910023e-11,3.3879971816265e-06,1.0470732246196e-12,-1.1266195345867e-13
5572,0,0,5572,7.414582726073e-11,3.3822106598664e-06,1.0473604385813e-12,-1.1282635070698e-13
5573,0,0,5573,7.4258816292169e-11,3.3764225418025e-06,1.047649369573e-12,-1.1298903143893e-13
5574,0,0,5574,7.4371966255724e-11,3.370632817771e-06,1.0479400496947e-12,-1.1314996355481e-13
5575,0,0,5575,7.4485275370313e-11,3.364841477929e-06,1.0482325114123e-12,-1.1330911458879e-13
5576,0,0,5576,7.4598741822019e-11,3.3590485122518e-06,1.0485267875613e-12,-1.1346645170584e-13
5577,0,0,5577,7.4712363763717e-11,3.3532539105317e-06,1.0488229113493e-12,-1.1362194169829e-13
5578,0,0,5578,7.48261393147e-11,3.347457662375e-06,1.0491209163598e-12,-1.1377555098273e-13
5579,0,0,5579,7.4940066560296e-11,3.3416597572006e-06,1.0494208365559e-12,-1.139272455966e-13
5580,0,0,5580,7.5054143551491e-11,3.3358601842377e-06,1.0497227062827e-12,-1.1407699119494e-13
5581,0,0,5581,7.5168368304538e-11,3.3300589325235e-06,1.0500265602708e-12,-1.1422475304705e-13
5582,0,0,5582,7.5282738800572e-11,3.3242559909012e-06,1.0503324336406e-12,-1.1437049603316e-13
5583,0,0,5583,7.5397252985213e-11,3.3184513480178e-06,1.0506403619042e-12,-1.14514184641e-13
5584,0,0,5584,7.5511908768175e-11,3.3126449923218e-06,1.05095038097e-12,-1.146557829625e-13
5585,0,0,5585,7.5626704022865e-11,3.3068369120613e-06,1.0512625271457e-12,-1.147952546903e-13
5586,0,0,5586,7.574163658598e-11,3.3010270952815e-06,1.0515768371413e-12,-1.1493256311437e-13
5587,0,0,5587,7.5856704257098e-11,3.2952155298226e-06,1.0518933480733e-12,-1.1506767111858e-13
5588,0,0,5588,7.5971904798275e-11,3.2894022033172e-06,1.0522120974676e-12,-1.1520054117713e-13
5589,0,0,5589,7.6087235933627e-11,3.2835871031887e-06,1.0525331232633e-12,-1.1533113535121e-13
5590,0,0,5590,7.6202695348912e-11,3.2777702166483e-06,1.0528564638159e-12,-1.1545941528537e-13
5591,0,0,5591,7.6318280691116e-11,3.271951530693e-06,1.0531821579013e-12,-1.1558534220409e-13
5592,0,0,5592,7.6433989568024e-11,3.2661310321034e-06,1.0535102447189e-12,-1.1570887690813e-13
5593,0,0,5593,7.6549819547795e-11,3.260308707441e-06,1.0538407638951e-12,-1.1582997977106e-13
5594,0,0,5594,7.6665768158531e-11,3.2544845430461e-06,1.0541737554878e-12,-1.1594861073562e-13
5595,0,0,5595,7.6781832887841e-11,3.2486585250351e-06,1.0545092599884e-12,-1.1606472931014e-13
5596,0,0,5596,7.6898011182406e-11,3.2428306392985e-06,1.0548473183271e-12,-1.1617829456488e-13
5597,0,0,5597,7.7014300447534e-11,3.237000871498e-06,1.0551879718755e-12,-1.1628926512848e-13
5598,0,0,5598,7.7130698046719e-11,3.2311692070646e-06,1.0555312624505e-12,-1.1639759918415e-13
5599,0,0,5599,7.7247201301185e-11,3.2253356311955e-06,1.055877232318e-12,-1.1650325446614e-13
5600,0,0,5600,7.7363807489441e-11,3.2195001288518e-06,1.0562259241968e-12,-1.166061882559e-13
5601,0,0,5601,7.7480513846819e-11,3.2136626847565e-06,1.0565773812621e-12,-1.1670635737852e-13
5602,0,0,5602,7.7597317565018e-11,3.207823283391e-06,1.0569316471491e-12,-1.1680371819878e-13
5603,0,0,5603,7.7714215791636e-11,3.2019819089934e-06,1.0572887659574e-12,-1.1689822661765e-13
5604,0,0,5604,7.7831205629704e-11,3.1961385455556e-06,1.0576487822536e-12,-1.1698983806826e-13
5605,0,0,5605,7.7948284137216e-11,3.1902931768203e-06,1.0580117410766e-12,-1.1707850751229e-13
5606,0,0,5606,7.8065448326652e-11,3.1844457862792e-06,1.05837768794e-12,-1.1716418943603e-13
5607,0,0,5607,7.8182695164499e-11,3.1785963571696e-06,1.0587466688371e-12,-1.1724683784669e-13
5608,0,0,5608,7.8300021570767e-11,3.1727448724722e-06,1.0591187302439e-12,-1.1732640626838e-13
5609,0,0,5609,7.8417424418506e-11,3.1668913149079e-06,1.0594939191232e-12,-1.1740284773837e-13
5610,0,0,5610,7.8534900533309e-11,3.161035666936e-06,1.0598722829287e-12,-1.1747611480314e-13
5611,0,0,5611,7.8652446692823e-11,3.1551779107503e-06,1.060253869609e-12,-1.1754615951452e-13
5612,0,0,5612,7.8770059626249e-11,3.1493180282773e-06,1.0606387276109e-12,-1.1761293342568e-13
5613,0,0,5613,7.8887736013836e-11,3.143456001173e-06,1.0610269058841e-12,-1.1767638758731e-13
5614,0,0,5614,7.900547248638e-11,3.13759181082e-06,1.0614184538845e-12,-1.1773647254359e-13
5615,0,0,5615,7.9123265624708e-11,3.1317254383251e-06,1.0618134215786e-12,-1.1779313832821e-13
5616,0,0,5616,7.9241111959168e-11,3.125856864516e-06,1.0622118594475e-12,-1.1784633446037e-13
5617,0,0,5617,7.9359007969109e-11,3.1199860699387e-06,1.0626138184905e-12,-1.1789600994082e-13
5618,0,0,5618,7.9476950082357e-11,3.1141130348546e-06,1.0630193502296e-12,-1.1794211324781e-13
5619,0,0,5619,7.959493467469e-11,3.1082377392374e-06,1.0634285067134e-12,-1.1798459233305e-13
5620,0,0,5620,7.9712958069308e-11,3.1023601627704e-06,1.0638413405211e-12,-1.1802339461755e-13
5621,0,0,5621,7.9831016536295e-11,3.0964802848435e-06,1.0642579047663e-12,-1.1805846698776e-13
5622,0,0,5622,7.9949106292087e-11,3.0905980845501e-06,1.0646782531016e-12,-1.1808975579125e-13
5623,0,0,5623,8.0067223498919e-11,3.0847135406842e-06,1.0651024397227e-12,-1.1811720683275e-13
5624,0,0,5624,8.0185364264289e-11,3.0788266317374e-06,1.065530519372e-12,-1.1814076536995e-13
5625,0,0,5625,8.0303524640399e-11,3.0729373358958e-06,1.065962547343e-12,-1.1816037610939e-13
5626,0,0,5626,8.0421700623601e-11,3.0670456310367e-06,1.0663985794848e-12,-1.1817598320228e-13
5627,0,0,5627,8.0539888153841e-11,3.0611514947262e-06,1.0668386722059e-12,-1.1818753024038e-13
5628,0,0,5628,8.0658083114093e-11,3.0552549042153e-06,1.0672828824786e-12,-1.1819496025173e-13
5629,0,0,5629,8.077628132979e-11,3.0493558364371e-06,1.0677312678425e-12,-1.1819821569652e-13
5630,0,0,5630,8.0894478568252e-11,3.0434542680039e-06,1.0681838864101e-12,-1.1819723846287e-13
5631,0,0,5631,8.1012670538115e-11,3.0375501752035e-06,1.0686407968696e-12,-1.1819196986255e-13
5632,0,0,5632,8.1130852888742e-11,3.0316435339964e-06,1.0691020584899e-12,-1.1818235062678e-13
5633,0,0,5633,8.1249021209644e-11,3.0257343200123e-06,1.0695677311251e-12,-1.1816832090192e-13
5634,0,0,5634,8.1367171029889e-11,3.019822508547e-06,1.0700378752179e-12,-1.1814982024534e-13
5635,0,0,5635,8.148529781751e-11,3.0139080745591e-06,1.0705125518045e-12,-1.1812678762093e-13
5636,0,0,5636,8.1603396978905e-11,3.0079909926668e-06,1.070991822519e-12,-1.1809916139493e-13
5637,0,0,5637,8.1721463858237e-11,3.0020712371441e-06,1.0714757495974e-12,-1.1806687933165e-13
5638,0,0,5638,8.1839493736826e-11,2.9961487819183e-06,1.0719643958816e-12,-1.1802987858905e-13
5639,0,0,5639,8.195748183254e-11,2.9902236005656e-06,1.0724578248248e-12,-1.1798809571447e-13
5640,0,0,5640,8.207542329918e-11,2.9842956663088e-06,1.0729561004946e-12,-1.1794146664026e-13
5641,0,0,5641,8.219331322586e-11,2.9783649520128e-06,1.0734592875783e-12,-1.1788992667948e-13
5642,0,0,5642,8.2311146636381e-11,2.9724314301819e-06,1.0739674513868e-12,-1.1783341052139e-13
5643,0,0,5643,8.2428918488609e-11,2.9664950729562e-06,1.0744806578589e-12,-1.1777185222731e-13
5644,0,0,5644,8.2546623673835e-11,2.9605558521077e-06,1.0749989735662e-12,-1.17705185226e-13
5645,0,0,5645,8.2664257016144e-11,2.9546137390375e-06,1.0755224657168e-12,-1.1763334230935e-13
5646,0,0,5646,8.2781813271772e-11,2.9486687047714e-06,1.0760512021603e-12,-1.1755625562809e-13
5647,0,0,5647,8.2899287128459e-11,2.9427207199571e-06,1.0765852513921e-12,-1.1747385668714e-13
5648,0,0,5648,8.3016673204801e-11,2.9367697548601e-06,1.0771246825572e-12,-1.1738607634143e-13
5649,0,0,5649,8.3133966049592e-11,2.9308157793603e-06,1.0776695654557e-12,-1.1729284479128e-13
5650,0,0,5650,8.325116014117e-11,2.9248587629484e-06,1.0782199705462e-12,-1.1719409157811e-13
5651,0,0,5651,8.336824988675e-11,2.9188986747222e-06,1.0787759689511e-12,-1.1708974557987e-13
5652,0,0,5652,8.3485229621757e-11,2.9129354833826e-06,1.0793376324604e-12,-1.1697973500669e-13
5653,0,0,5653,8.3602093609153e-11,2.9069691572305e-06,1.0799050335366e-12,-1.1686398739636e-13
5654,0,0,5654,8.3718836038763e-11,2.9009996641624e-06,1.0804782453187e-12,-1.1674242960988e-13
5655,0,0,5655,8.3835451027332e-11,2.8950269716714e-06,1.0812028559619e-12,-1.1658238719035e-13
5656,0,0,5656,8.3951932617123e-11,2.8890510468387e-06,1.0817894089099e-12,-1.1644748943079e-13
5657,0,0,5657,8.4068274774483e-11,2.8830718563263e-06,1.0823820149266e-12,-1.1630653913293e-13
5658,0,0,5658,8.4184471389869e-11,2.877089366377e-06,1.082980750077e-12,-1.1615946023237e-13
5659,0,0,5659,8.4300516277148e-11,2.8711035428102e-06,1.0835856911256e-12,-1.1600617596438e-13
5660,0,0,5660,8.4416403172896e-11,2.8651143510186e-06,1.0841969155422e-12,-1.1584660885949e-13
5661,0,0,5661,8.4532125735685e-11,2.8591217559635e-06,1.0848145015055e-12,-1.1568068073905e-13
5662,0,0,5662,8.4647677545377e-11,2.8531257221718e-06,1.0857529811252e-12,-1.1541968888076e-13
5663,0,0,5663,8.4763052102399e-11,2.8471262137312e-06,1.0865465203951e-12,-1.1519072367622e-13
5664,0,0,5664,8.4878242826075e-11,2.8411231942815e-06,1.0865465203951e-12,-1.1519072367622e-13
5665,0,0,5665,8.4993243054826e-11,2.8351166270155e-06,1.0871886751584e-12,-1.1500022875047e-13
5666,0,0,5666,8.5108046047393e-11,2.8291064746856e-06,1.088000644864e-12,-1.1475283457353e-13
5667,0,0,5667,8.5222644980199e-11,2.8230926995896e-06,1.0886580821494e-12,-1.1454705832343e-13
5668,0,0,5668,8.5337032945606e-11,2.8170752635608e-06,1.0893224484698e-12,-1.143343535709e-13
5669,0,0,5669,8.5451202952148e-11,2.8110541279694e-06,1.0899938278397e-12,-1.1411463630196e-13
5670,0,0,5670,8.5565147923782e-11,2.8050292537183e-06,1.0906723050225e-12,-1.1388782175298e-13
5671,0,0,5671,8.5678860699137e-11,2.799000601239e-06,1.0913579655365e-12,-1.1365382440627e-13
5672,0,0,5672,8.5792334030756e-11,2.7929681304872e-06,1.0920508956578e-12,-1.1341255798569e-13
5673,0,0,5673,8.5905560584333e-11,2.7869318009391e-06,1.0927511824256e-12,-1.1316393545223e-13
5674,0,0,5674,8.601853293795e-11,2.7808915715866e-06,1.0934589136471e-12,-1.1290786899939e-13
5675,0,0,5675,8.6131243581301e-11,2.7748474009333e-06,1.0945346628065e-12,-1.1250961799424e-13
5676,0,0,5676,8.6243684914921e-11,2.7687992469904e-06,1.0952613943913e-12,-1.1223455251387e-13
5677,0,0,5677,8.6355849249406e-11,2.7627470672719e-06,1.0956276637013e-12,-1.1209411645643e-13
5678,0,0,5678,8.6467728804628e-11,2.7566908187908e-06,1.0967382225262e-12,-1.1166105819173e-13
5679,0,0,5679,8.6579315708946e-11,2.7506304580544e-06,1.097112364061e-12,-1.1151275044452e-13
5680,0,0,5680,8.6690601998416e-11,2.74456594106e-06,1.0978666494726e-12,-1.112101330094e-13
5681,0,0,5681,8.680157961599e-11,2.7384972232906e-06,1.0986290158416e-12,-1.1089943515206e-13
5682,0,0,5682,8.6912240410718e-11,2.7324242597104e-06,1.0993995572729e-12,-1.1058056276831e-13
5683,0,0,5683,8.7022576136942e-11,2.7263470047603e-06,1.1001783686769e-12,-1.1025342094712e-13
5684,0,0,5684,8.7132578453484e-11,2.7202654123534e-06,1.1009655457768e-12,-1.0991791396632e-13
5685,0,0,5685,8.724223892283e-11,2.7141794358708e-06,1.1017611851099e-12,-1.0957394528822e-13
5686,0,0,5686,8.7351549010318e-11,2.7080890281566e-06,1.1025653840343e-12,-1.0922141755544e-13
5687,0,0,5687,8.7460500083309e-11,2.7019941415137e-06,1.1033782407312e-12,-1.0886023258657e-13
5688,0,0,5688,8.756908341036e-11,2.6958947276992e-06,1.1041998542104e-12,-1.08490291372e-13
5689,0,0,5689,8.7677290160397e-11,2.6897907379195e-06,1.1050303243143e-12,-1.0811149406964e-13
5690,0,0,5690,8.7785111401875e-11,2.6836821228263e-06,1.1062928561065e-12,-1.0752647248703e-13
5691,0,0,5691,8.7892538101942e-11,2.6775688325112e-06,1.1067182379529e-12,-1.0732692764594e-13
5692,0,0,5692,8.799956112559e-11,2.6714508165017e-06,1.1075758853718e-12,-1.0692095464071e-13
5693,0,0,5693,8.8106171234812e-11,2.665328023756e-06,1.1084427971923e-12,-1.0650571777161e-13
5694,0,0,5694,8.8212359087749e-11,2.6592004026587e-06,1.109319077481e-12,-1.0608111297208e-13
5695,0,0,5695,8.831811523783e-11,2.6530679010158e-06,1.1102048311621e-12,-1.0564703531838e-13
5696,0,0,5696,8.8423430132916e-11,2.6469304660502e-06,1.1111001640206e-12,-1.052033790256e-13
5697,0,0,5697,8.8528294114436e-11,2.6407880443965e-06,1.1120051827069e-12,-1.0475003744364e-13
5698,0,0,5698,8.8632697416514e-11,2.6346405820966e-06,1.1129199947401e-12,-1.0428690305335e-13
5699,0,0,5699,8.8736630165104e-11,2.6284880245949e-06,1.1138447085129e-12,-1.0381386746242e-13
5700,0,0,5700,8.8840082377107e-11,2.6223303167332e-06,1.1147794332947e-12,-1.0333082140175e-13
5701,0,0,5701,8.8943043959496e-11,2.6161674027458e-06,1.1157242792354e-12,-1.0283765472137e-13
5702,0,0,5702,8.9045504708432e-11,2.609999226255e-06,1.1171607684508e-12,-1.0207868540837e-13
5703,0,0,5703,8.9147454308374e-11,2.6038257302658e-06,1.1176447796208e-12,-1.0182051447563e-13
5704,0,0,5704,8.924888233119e-11,2.5976468571614e-06,1.1186206588033e-12,-1.0129631617268e-13
5705,0,0,5705,8.9349778235262e-11,2.5914625486976e-06,1.1196071086282e-12,-1.0076154776758e-13
5706,0,0,5706,8.9450131364585e-11,2.5852727459987e-06,1.1206042437051e-12,-1.0021609465058e-13
5707,0,0,5707,8.9549930947871e-11,2.5790773895516e-06,1.1216121795474e-12,-9.9659841309008e-14
5708,0,0,5708,8.9649166097637e-11,2.5728764192017e-06,1.122631032574e-12,-9.9092671323704e-14
5709,0,0,5709,8.97478258093e-11,2.5666697741471e-06,1.1236609201143e-12,-9.8514467365719e-14
5710,0,0,5710,8.9845898960262e-11,2.560457392934e-06,1.1247019604107e-12,-9.7925111192709e-14
5711,0,0,5711,8.9943374308997e-11,2.5542392134515e-06,1.1257542726225e-12,-9.7324483645717e-14
5712,0,0,5712,9.0040240494129e-11,2.5480151729266e-06,1.1268179768285e-12,-9.6712464645723e-14
5713,0,0,5713,9.0136486033512e-11,2.541785207919e-06,1.1278931940319e-12,-9.608893319055e-14
5714,0,0,5714,9.02320993233e-11,2.5355492543161e-06,1.1295278736793e-12,-9.513178318124e-14
5715,0,0,5715,9.0327068637026e-11,2.5293072473279e-06,1.1300786560739e-12,-9.480684427044e-14
5716,0,0,5716,9.0421382124662e-11,2.5230591214814e-06,1.1311891475624e-12,-9.4148040156452e-14
5717,0,0,5717,9.051502781169e-11,2.5168048106163e-06,1.1323116453525e-12,-9.3477230283134e-14
5718,0,0,5718,9.0607993598159e-11,2.5105442478788e-06,1.1334462751099e-12,-9.2794288985519e-14
5719,0,0,5719,9.070026725775e-11,2.5042773657174e-06,1.1345931634408e-12,-9.2099089657228e-14
5720,0,0,5720,9.0791836436828e-11,2.4980040958768e-06,1.135752437896e-12,-9.1391504747657e-14
5721,0,0,5721,9.0882688653499e-11,2.4917243693933e-06,1.1369242269735e-12,-9.067140575939e-14
5722,0,0,5722,9.0972811296657e-11,2.4854381165894e-06,1.13810866012e-12,-8.9938663245435e-14
5723,0,0,5723,9.1062191625037e-11,2.4791452670682e-06,1.139305867735e-12,-8.9193146806738e-14
5724,0,0,5724,9.115081676626e-11,2.4728457497087e-06,1.1405159811724e-12,-8.8434725089707e-14
5725,0,0,5725,9.1238673715873e-11,2.46653949266e-06,1.1417391327427e-12,-8.7663265783831e-14
5726,0,0,5726,9.1325749336395e-11,2.4602264233363e-06,1.1435985983883e-12,-8.6481339555523e-14
5727,0,0,5727,9.1412030356355e-11,2.4539064684117e-06,1.1442250843237e-12,-8.6080700365096e-14
5728,0,0,5728,9.1497503369328e-11,2.4475795538145e-06,1.1454881537604e-12,-8.5269324826355e-14
5729,0,0,5729,9.1582154832968e-11,2.4412456047219e-06,1.1467648001869e-12,-8.4444372842764e-14
5730,0,0,5730,9.1665971068046e-11,2.4349045455553e-06,1.1480551607312e-12,-8.3605707286568e-14
5731,0,0,5731,9.1748938257477e-11,2.4285562999741e-06,1.1493593734907e-12,-8.2753190060586e-14
5732,0,0,5732,9.1831042445351e-11,2.4222007908708e-06,1.1506775775338e-12,-8.1886682096627e-14
5733,0,0,5733,9.1912269535959e-11,2.4158379403655e-06,1.1520099129012e-12,-8.1006043353868e-14
5734,0,0,5734,9.1992605292824e-11,2.4094676698006e-06,1.1533565206087e-12,-8.0111132817193e-14
5735,0,0,5735,9.2072035337718e-11,2.4030898997355e-06,1.1547175426467e-12,-7.9201808495984e-14
5736,0,0,5736,9.2150545149693e-11,2.3967045499409e-06,1.1560931219831e-12,-7.8277927422749e-14
5737,0,0,5737,9.2228120064098e-11,2.3903115393935e-06,1.1574834025638e-12,-7.7339345651853e-14
5738,0,0,5738,9.2304745271605e-11,2.3839107862709e-06,1.1595967055587e-12,-7.5903591896747e-14
5739,0,0,5739,9.2380405817222e-11,2.3775022079458e-06,1.1603086481371e-12,-7.5417499338406e-14
5740,0,0,5740,9.2455086599321e-11,2.3710857209807e-06,1.1617439059205e-12,-7.4433942005585e-14
5741,0,0,5741,9.252877236865e-11,2.3646612411226e-06,1.1631944505309e-12,-7.3435098393087e-14
5742,0,0,5742,9.2601447727353e-11,2.3582286832975e-06,1.1646604308178e-12,-7.2420819651803e-14
5743,0,0,5743,9.267309712799e-11,2.3517879616049e-06,1.1661419966127e-12,-7.1390955950087e-14
5744,0,0,5744,9.2743704872551e-11,2.3453389893123e-06,1.1676392987303e-12,-7.0345356473606e-14
5745,0,0,5745,9.2813255111474e-11,2.3388816788502e-06,1.1691524889682e-12,-6.9283869425126e-14
5746,0,0,5746,9.2881731842665e-11,2.3324159418062e-06,1.1706817201064e-12,-6.8206342024544e-14
5747,0,0,5747,9.2949118910509e-11,2.3259416889196e-06,1.1722271459079e-12,-6.7112620509064e-14
5748,0,0,5748,9.3015400004895e-11,2.3194588300764e-06,1.1737889211185e-12,-6.6002550133487e-14
5749,0,0,5749,9.3080558660229e-11,2.3129672743034e-06,1.1761625799976e-12,-6.4306449536204e-14
5750,0,0,5750,9.3144578254453e-11,2.3064669297629e-06,1.1769621436563e-12,-6.373273891259e-14
5751,0,0,5751,9.3207442008067e-11,2.2999577037475e-06,1.1785739053814e-12,-6.2572683669981e-14
5752,0,0,5752,9.3269132983147e-11,2.2934395026745e-06,1.1802026453087e-12,-6.1395650774636e-14
5753,0,0,5753,9.3329634082364e-11,2.2869122320805e-06,1.1818485230851e-12,-6.0201480579791e-14
5754,0,0,5754,9.3388928048794e-11,2.2803757966203e-06,1.1835116982957e-12,-5.8990013500902e-14
5755,0,0,5755,9.3446997462853e-11,2.27383010005e-06,1.1851923346185e-12,-5.7761085859995e-14
5756,0,0,5756,9.3503824742891e-11,2.2672750452305e-06,1.1868905935877e-12,-5.6514536123015e-14
5757,0,0,5757,9.3559392144213e-11,2.2607105341217e-06,1.1886066387489e-12,-5.5250200744542e-14
5758,0,0,5758,9.361368175785e-11,2.254136467776e-06,1.1903406346178e-12,-5.3967915209055e-14
5759,0,0,5759,9.3666675509595e-11,2.2475527463329e-06,1.1920927466779e-12,-5.2667514033333e-14
5760,0,0,5760,9.3718355159031e-11,2.2409592690135e-06,1.1938631413782e-12,-5.1348830768733e-14
5761,0,0,5761,9.376870229857e-11,2.2343559341153e-06,1.1965533798535e-12,-4.9336160480607e-14
5762,0,0,5762,9.3817698352495e-11,2.2277426390071e-06,1.1974594493042e-12,-4.8655947368115e-14
5763,0,0,5763,9.3865324577147e-11,2.2211192801298e-06,1.1995151607894e-12,-4.7108413143913e-14
5764,0,0,5764,9.391156205884e-11,2.2144857529847e-06,1.2013627478579e-12,-4.571253978645e-14
5765,0,0,5765,9.3956391711757e-11,2.2078419521222e-06,1.2032294856279e-12,-4.4297516279376e-14
5766,0,0,5766,9.3999794278136e-11,2.201187771143e-06,1.2051155463954e-12,-4.2863170327383e-14
5767,0,0,5767,9.4041750327333e-11,2.1945231026922e-06,1.2070211033972e-12,-4.1409328693619e-14
5768,0,0,5768,9.4082240254879e-11,2.1878478384549e-06,1.2089463308079e-12,-3.9935817203524e-14
5769,0,0,5769,9.412124428155e-11,2.1811618691505e-06,1.2108914037357e-12,-3.8442460749475e-14
5770,0,0,5770,9.415874245243e-11,2.1744650845279e-06,1.2128564982165e-12,-3.6929083295755e-14
5771,0,0,5771,9.4194714635994e-11,2.1677573733599e-06,1.2148417912098e-12,-3.5395507883149e-14
5772,0,0,5772,9.422914052318e-11,2.161038623439e-06,1.2173520826809e-12,-3.3449864165841e-14
5773,0,0,5773,9.4261999626479e-11,2.1543087215712e-06,1.2193834740807e-12,-3.1870191592355e-14
5774,0,0,5774,9.4293271279026e-11,2.147567553572e-06,1.2209206445939e-12,-3.0671810562481e-14
5775,0,0,5775,9.4322934633695e-11,2.1408150042609e-06,1.2235087775279e-12,-2.8648327460894e-14
5776,0,0,5776,9.4350968662204e-11,2.1340509574564e-06,1.225077491387e-12,-2.7418403916631e-14
5777,0,0,5777,9.4377352154222e-11,2.1272752959712e-06,1.2271877426125e-12,-2.5759873596495e-14
5778,0,0,5778,9.4402063716489e-11,2.1204879016076e-06,1.2293194564442e-12,-2.4079881224664e-14
5779,0,0,5779,9.4425081771937e-11,2.1136886551522e-06,1.2314728170174e-12,-2.2378242666803e-14
5780,0,0,5780,9.4446384558823e-11,2.1068774363712e-06,1.2336480093314e-12,-2.0654772922624e-14
5781,0,0,5781,9.4465950129865e-11,2.1000541240059e-06,1.2358452192466e-12,-1.8909286133381e-14
5782,0,0,5782,9.4483756351392e-11,2.0932185957677e-06,1.238064633471e-12,-1.7141595590037e-14
5783,0,0,5783,9.4499780902494e-11,2.0863707283336e-06,1.2408704118639e-12,-1.4900472580375e-14
5784,0,0,5784,9.4514001274193e-11,2.0795103973416e-06,1.2425708258863e-12,-1.3538852205045e-14
5785,0,0,5785,9.4526394768608e-11,2.072637477386e-06,1.2448579816684e-12,-1.1703421772043e-14
5786,0,0,5786,9.4536938498144e-11,2.0657518420128e-06,1.2471680969252e-12,-9.845032420636e-15
5787,0,0,5787,9.4545609384677e-11,2.0588533637155e-06,1.2495013624841e-12,-7.9634933242897e-15
5788,0,0,5788,9.4552384158761e-11,2.0519419139306e-06,1.2524507915417e-12,-5.5787231274454e-15
5789,0,0,5789,9.4557239358838e-11,2.0450173630331e-06,1.2542381117751e-12,-4.1301986282886e-15
5790,0,0,5790,9.456015133046e-11,2.0380795803324e-06,1.2566419810913e-12,-2.1780574453707e-15
5791,0,0,5791,9.4561096225524e-11,2.031128434068e-06,1.2590697718541e-12,-2.0199537342402e-16
5792,0,0,5792,9.4560050001518e-11,2.0241637914052e-06,1.2615216787533e-12,1.7981822776918e-15
5793,0,0,5793,9.4556988420778e-11,2.0171855184312e-06,1.2639978972177e-12,3.8226709359621e-15
5794,0,0,5794,9.4551887049757e-11,2.0101934801508e-06,1.2671276573327e-12,6.3877680087097e-15
5795,0,0,5795,9.4544721258308e-11,2.003187540483e-06,1.2690240541701e-12,7.9453666018767e-15
5796,0,0,5796,9.4535466218977e-11,1.9961675622563e-06,1.271574387091e-12,1.0043968042273e-14
5797,0,0,5797,9.4524096906317e-11,1.9891334072056e-06,1.2741498204164e-12,1.2167669328339e-14
5798,0,0,5798,9.4510588096207e-11,1.9820849359678e-06,1.2767505530702e-12,1.4316669384038e-14
5799,0,0,5799,9.449491436519e-11,1.975022008079e-06,1.279376784634e-12,1.6491167790525e-14
5800,0,0,5800,9.4477050089824e-11,1.9679444819699e-06,1.2820287153311e-12,1.8691364771209e-14
5801,0,0,5801,9.4456969446053e-11,1.9608522149632e-06,1.2847065460122e-12,2.0917461176711e-14
5802,0,0,5802,9.4434646408585e-11,1.9537450632697e-06,1.2874104781392e-12,2.3169658468368e-14
5803,0,0,5803,9.4410054750295e-11,1.9466228819849e-06,1.2901407137688e-12,2.5448158702415e-14
5804,0,0,5804,9.4383168041639e-11,1.9394855250863e-06,1.2928974555343e-12,2.7753164512925e-14
5805,0,0,5805,9.4353959650086e-11,1.9323328454297e-06,1.2963809666025e-12,3.0672004849423e-14
5806,0,0,5806,9.4322402739571e-11,1.9251646947464e-06,1.2991980909319e-12,3.3037391962907e-14
5807,0,0,5807,9.4288470269962e-11,1.9179809236403e-06,1.3013287522956e-12,3.4829250046322e-14
5808,0,0,5808,9.4252134996547e-11,1.9107813815851e-06,1.3041935558927e-12,3.7242315446184e-14
5809,0,0,5809,9.421336946954e-11,1.9035659169213e-06,1.3070858868436e-12,3.9682907638756e-14
5810,0,0,5810,9.417214603361e-11,1.8963343768541e-06,1.3100059508695e-12,4.2151232345148e-14
5811,0,0,5811,9.4128436827421e-11,1.8890866074503e-06,1.3129539541378e-12,4.4647495732373e-14
5812,0,0,5812,9.4082213783205e-11,1.8818224536362e-06,1.315930103241e-12,4.7171904392977e-14
5813,0,0,5813,9.4033448626347e-11,1.8745417591954e-06,1.3189346051756e-12,4.9724665323272e-14
5814,0,0,5814,9.3982112874995e-11,1.8672443667664e-06,1.3227304197259e-12,5.2955802827687e-14
5815,0,0,5815,9.3928177839691e-11,1.8599301178409e-06,1.3250294974127e-12,5.4916073865145e-14
5816,0,0,5816,9.387161462303e-11,1.8525988527617e-06,1.3281203035265e-12,5.7555137287905e-14
5817,0,0,5817,9.3812394119335e-11,1.8452504107207e-06,1.3320248761903e-12,6.0895030796455e-14
5818,0,0,5818,9.3750487014361e-11,1.8378846297576e-06,1.3343896776515e-12,6.2921024342553e-14
5819,0,0,5819,9.3685863785023e-11,1.8305013467585e-06,1.3375686632741e-12,6.5648265585414e-14
5820,0,0,5820,9.3618494699149e-11,1.8231003974541e-06,1.3407774600903e-12,6.8405317458797e-14
5821,0,0,5821,9.3548349815257e-11,1.8156816164186e-06,1.3440162774862e-12,7.1192389348327e-14
5822,0,0,5822,9.3475398982363e-11,1.808244837069e-06,1.3472853250319e-12,7.4009690824038e-14
5823,0,0,5823,9.3399611839813e-11,1.8007898916637e-06,1.3505848124546e-12,7.6857431612972e-14
5824,0,0,5824,9.3320957817143e-11,1.793316611302e-06,1.3539149496101e-12,7.9735821570748e-14
5825,0,0,5825,9.3239406133968e-11,1.7858248259234e-06,1.3572759464546e-12,8.2645070652969e-14
5826,0,0,5826,9.3154925799903e-11,1.7783143643072e-06,1.3606680130137e-12,8.5585388885653e-14
5827,0,0,5827,9.3067485614506e-11,1.7707850540722e-06,1.3649521080236e-12,8.9304797693286e-14
5828,0,0,5828,9.2977054167265e-11,1.7632367216765e-06,1.3675461955516e-12,9.1560073076359e-14
5829,0,0,5829,9.28835998376e-11,1.7556691924176e-06,1.3710327316595e-12,9.4594859163085e-14
5830,0,0,5830,9.2787090794911e-11,1.7480822904327e-06,1.3745511776766e-12,9.7661554593832e-14
5831,0,0,5831,9.2687494998652e-11,1.7404758386992e-06,1.3781017435139e-12,1.0076036927949e-13
5832,0,0,5832,9.2584780198439e-11,1.732849659035e-06,1.3816846389614e-12,1.0389151300939e-13
5833,0,0,5833,9.2478913934194e-11,1.7252035720995e-06,1.3853000736524e-12,1.0705519541715e-13
5834,0,0,5834,9.236986353632e-11,1.7175373973945e-06,1.3889482570293e-12,1.1025162594482e-13
5835,0,0,5835,9.2257596125919e-11,1.7098509532656e-06,1.3926293983072e-12,1.1348101380699e-13
5836,0,0,5836,9.2142078615041e-11,1.7021440569034e-06,1.3963437064363e-12,1.1674356795403e-13
5837,0,0,5837,9.2023277706971e-11,1.6944165243448e-06,1.4000913900651e-12,1.2003949703424e-13
5838,0,0,5838,9.1901159896554e-11,1.6866681704754e-06,1.4048232462066e-12,1.242066591927e-13
5839,0,0,5839,9.1775691470564e-11,1.6788988090313e-06,1.4076877166749e-12,1.2673231284579e-13
5840,0,0,5840,9.1646838508105e-11,1.6711082526009e-06,1.4115367750922e-12,1.3012961501317e-13
5841,0,0,5841,9.1514566881058e-11,1.663296312628e-06,1.4163962249279e-12,1.3442436873825e-13
5842,0,0,5842,9.1378842254566e-11,1.6554627994141e-06,1.4193377173465e-12,1.3702704306507e-13
5843,0,0,5843,9.1239630087569e-11,1.6476075221216e-06,1.4232900137272e-12,1.4052758149273e-13
5844,0,0,5844,9.1096895633369e-11,1.6397302887765e-06,1.427277134353e-12,1.4406294359754e-13
5845,0,0,5845,9.0950603940253e-11,1.6318309062723e-06,1.4312992840003e-12,1.476333341556e-13
5846,0,0,5846,9.0800719852153e-11,1.6239091803735e-06,1.4353566667667e-12,1.5123895726412e-13
5847,0,0,5847,9.0647208009351e-11,1.6159649157193e-06,1.439449486024e-12,1.5488001629501e-13
5848,0,0,5848,9.0490032849239e-11,1.6079979158282e-06,1.4435779443719e-12,1.5855671384761e-13
5849,0,0,5849,9.0329158607118e-11,1.6000079831019e-06,1.4487889420933e-12,1.6320300977458e-13
5850,0,0,5850,9.0164549317049e-11,1.5919949188305e-06,1.4529983248192e-12,1.669606304245e-13
5851,0,0,5851,8.9996168812755e-11,1.5839585231972e-06,1.4561791673489e-12,1.6980265102339e-13
5852,0,0,5852,8.9823980728575e-11,1.5758985952835e-06,1.4604521908985e-12,1.7362391150014e-13
5853,0,0,5853,8.9647948500463e-11,1.5678149330749e-06,1.4647618532293e-12,1.7748181018818e-13
5854,0,0,5854,8.9468035367048e-11,1.559707333467e-06,1.4691083512604e-12,1.8137654400641e-13
5855,0,0,5855,8.928420437074e-11,1.5515755922708e-06,1.4734918807808e-12,1.8530830874359e-13
5856,0,0,5856,8.90964183589e-11,1.5434195042201e-06,1.477912636394e-12,1.8927729900335e-13
5857,0,0,5857,8.8904639985053e-11,1.5352388629776e-06,1.4823708114629e-12,1.9328370814787e-13
5858,0,0,5858,8.8708831710172e-11,1.5270334611421e-06,1.4868665980511e-12,1.9732772824089e-13
5859,0,0,5859,8.8508955804008e-11,1.5188030902562e-06,1.492539512882e-12,2.0243593414964e-13
5860,0,0,5860,8.8304974346485e-11,1.5105475408136e-06,1.4959717671984e-12,2.0552936268421e-13
5861,0,0,5861,8.8096849229156e-11,1.502266602267e-06,1.500581526863e-12,2.0968735413962e-13
5862,0,0,5862,8.7884542156714e-11,1.4939600630371e-06,1.5052296521361e-12,2.1388371063215e-13
5863,0,0,5863,8.7668014648573e-11,1.4856277105208e-06,1.5099163276944e-12,2.1811861683762e-13
5864,0,0,5864,8.7447228040505e-11,1.4772693311005e-06,1.5146417365491e-12,2.2239225576757e-13
5865,0,0,5865,8.7222143486347e-11,1.4688847101532e-06,1.5194060599831e-12,2.2670480870426e-13
5866,0,0,5866,8.6992721959768e-11,1.4604736320608e-06,1.5242094774835e-12,2.3105645513498e-13
5867,0,0,5867,8.6758924256112e-11,1.4520358802197e-06,1.5290521666753e-12,2.3544737268447e-13
5868,0,0,5868,8.6520710994298e-11,1.4435712370518e-06,1.5351610214512e-12,2.4099151210157e-13
5869,0,0,5869,8.6278042618794e-11,1.435079484015e-06,1.5400927112771e-12,2.4547142899588e-13
5870,0,0,5870,8.6030879401666e-11,1.4265604016148e-06,1.5438176112709e-12,2.4885749891448e-13
5871,0,0,5871,8.5779181444688e-11,1.4180137694159e-06,1.5488191238143e-12,2.5340723752272e-13
5872,0,0,5872,8.5522908681536e-11,1.4094393660542e-06,1.5538607658052e-12,2.5799710500443e-13
5873,0,0,5873,8.5262020880044e-11,1.4008369692494e-06,1.5589427022169e-12,2.6262726633329e-13
5874,0,0,5874,8.4996477644549e-11,1.3922063558178e-06,1.5640650956573e-12,2.6729788411667e-13
5875,0,0,5875,8.4726238418299e-11,1.3835473016858e-06,1.5692281062911e-12,2.7200911851917e-13
5876,0,0,5876,8.4451262485948e-11,1.3748595819036e-06,1.5744318917621e-12,2.767611271842e-13
5877,0,0,5877,8.4171508976125e-11,1.3661429706593e-06,1.5809941991601e-12,2.8275871276646e-13
5878,0,0,5878,8.3886936864086e-11,1.3573972412937e-06,1.5849624047071e-12,2.863880847928e-13
5879,0,0,5879,8.3597504974445e-11,1.3486221663153e-06,1.5916276512368e-12,2.9248860806925e-13
5880,0,0,5880,8.330317198399e-11,1.3398175174158e-06,1.5956578421696e-12,2.9617996461862e-13
5881,0,0,5881,8.3003896424584e-11,1.3309830654865e-06,1.6010677726122e-12,3.0113811537946e-13
5882,0,0,5882,8.2699636686146e-11,1.3221185806341e-06,1.6065193662729e-12,3.0613792878291e-13
5883,0,0,5883,8.2390351019724e-11,1.3132238321982e-06,1.6120127608516e-12,3.1117954252834e-13
5884,0,0,5884,8.2075997540659e-11,1.3042985887688e-06,1.6175480908549e-12,3.1626309112198e-13
5885,0,0,5885,8.1756534231826e-11,1.2953426182038e-06,1.6231254875057e-12,3.2138870578695e-13
5886,0,0,5886,8.1431918946983e-11,1.2863556876479e-06,1.628745078653e-12,3.2655651437181e-13
5887,0,0,5887,8.1102109414196e-11,1.2773375635513e-06,1.6344069886782e-12,3.317666412579e-13
5888,0,0,5888,8.076706323937e-11,1.2682880116893e-06,1.6415440708469e-12,3.3833899369127e-13
5889,0,0,5889,8.0426737909868e-11,1.2592067971823e-06,1.6458582449859e-12,3.4231432955615e-13
5890,0,0,5890,8.0081090798227e-11,1.2500936845161e-06,1.6516478218405e-12,3.4765212153999e-13
5891,0,0,5891,7.9730079165978e-11,1.2409484375636e-06,1.6574801785218e-12,3.5303269277307e-13
5892,0,0,5892,7.9373660167556e-11,1.2317708196056e-06,1.6633554206344e-12,3.5845614885966e-13
5893,0,0,5893,7.9011790854318e-11,1.2225605933537e-06,1.6692736497294e-12,3.6392259135071e-13
5894,0,0,5894,7.8644428178658e-11,1.2133175209726e-06,1.6767320345134e-12,3.7081624206647e-13
5895,0,0,5895,7.8271528998231e-11,1.2040413641036e-06,1.6812394541865e-12,3.7498482086504e-13
5896,0,0,5896,7.7893050080278e-11,1.1947318838884e-06,1.6872872114523e-12,3.8058078979159e-13
5897,0,0,5897,7.7508948106057e-11,1.1853888409939e-06,1.6949078792272e-12,3.8763672132883e-13
5898,0,0,5898,7.7119179675387e-11,1.1760119956368e-06,1.6995128574299e-12,3.9190285735441e-13
5899,0,0,5899,7.6723701311294e-11,1.1666011076096e-06,1.7056909008801e-12,3.9762911072838e-13
5900,0,0,5900,7.6322469464776e-11,1.1571559363069e-06,1.711912519866e-12,4.0339893905884e-13
5901,0,0,5901,7.591544051967e-11,1.1476762407523e-06,1.7181777796925e-12,4.0921240765036e-13
5902,0,0,5902,7.5502570797648e-11,1.1381617796257e-06,1.7260708157444e-12,4.1654070384305e-13
5903,0,0,5903,7.5083816563312e-11,1.1286123112921e-06,1.7308394578206e-12,4.2097050156863e-13
5904,0,0,5904,7.4659134029416e-11,1.1190275938296e-06,1.7372359811156e-12,4.2691523188853e-13
5905,0,0,5905,7.4228479362206e-11,1.1094073850596e-06,1.7452933048197e-12,4.344078135575e-13
5906,0,0,5906,7.3791808686872e-11,1.0997514425767e-06,1.750160618461e-12,4.389362815422e-13
5907,0,0,5907,7.3349078093132e-11,1.0900595237794e-06,1.7566888048462e-12,4.4501267321048e-13
5908,0,0,5908,7.2900243640933e-11,1.0803313859018e-06,1.7632609417653e-12,4.5113301483159e-13
5909,0,0,5909,7.2445261366274e-11,1.0705667860456e-06,1.7698770509521e-12,4.5729732813924e-13
5910,0,0,5910,7.1984087287161e-11,1.0607654812131e-06,1.7782090468262e-12,4.6506457834674e-13
5911,0,0,5911,7.1516677409685e-11,1.050927228341e-06,1.7832412429398e-12,4.6975792662409e-13
5912,0,0,5912,7.1042987734231e-11,1.0410517843342e-06,1.7899893386981e-12,4.760542247583e-13
5913,0,0,5913,7.0562974261815e-11,1.0311389061011e-06,1.7984863294992e-12,4.8398646771071e-13
5914,0,0,5914,7.0076593000556e-11,1.0211883505895e-06,1.8036175144235e-12,4.8877880348925e-13
5915,0,0,5915,6.9583799972279e-11,1.0111998748228e-06,1.8104975686212e-12,4.9520705831631e-13
5916,0,0,5916,6.9084551219254e-11,1.0011732359374e-06,1.8174215719706e-12,5.0167926171223e-13
5917,0,0,5917,6.857880281107e-11,9.9110819122063e-07,1.826138333388e-12,5.0983127236823e-13
5918,0,0,5918,6.806651085165e-11,9.8100449814953e-07,1.8314012993484e-12,5.1475538743441e-13
5919,0,0,5919,6.75476314864e-11,9.7086191443029e-07,1.8384569421872e-12,5.2135922857061e-13
5920,0,0,5920,6.7022120909504e-11,9.606801980386e-07,1.8473380637374e-12,5.2967559717213e-13
5921,0,0,5921,6.6489935371359e-11,9.5045910726073e-07,1.8526995283057e-12,5.3469820953349e-13
5922,0,0,5922,6.5951031186154e-11,9.4019840073536e-07,1.8598863458886e-12,5.4143322366289e-13
5923,0,0,5923,6.5405364739592e-11,9.2989783749633e-07,1.8671167498219e-12,5.4821182355854e-13
5924,0,0,5924,6.4852892496763e-11,9.1955717701602e-07,1.876215921792e-12,5.5674623966009e-13
5925,0,0,5925,6.4293571010162e-11,9.0917617924975e-07,1.8817079791867e-12,5.6189944309521e-13
5926,0,0,5926,6.3727356927855e-11,8.9875460468085e-07,1.889068615506e-12,5.6880827362345e-13
5927,0,0,5927,6.3154207001802e-11,8.8829221436662e-07,1.898330158554e-12,5.7750505861015e-13
5928,0,0,5928,6.2574078096323e-11,8.7778876998517e-07,1.9039193960451e-12,5.8275544082567e-13
5929,0,0,5929,6.1986927196727e-11,8.6724403388304e-07,1.9114093004373e-12,5.8979353767171e-13
5930,0,0,5930,6.1392711418089e-11,8.566577691237e-07,1.9208319010601e-12,5.986513780383e-13
5931,0,0,5931,6.0791388014187e-11,8.4602973953695e-07,1.9265174718452e-12,6.0399809223045e-13
5932,0,0,5932,6.0182914386595e-11,8.3535970976913e-07,1.9341354455321e-12,6.1116425661406e-13
5933,0,0,5933,5.9567248093937e-11,8.2464744533426e-07,1.9437174912383e-12,6.2018153986683e-13
5934,0,0,5934,5.8944346861295e-11,8.1389271266603e-07,1.9494983659454e-12,6.256235566623e-13
5935,0,0,5935,5.8314168589791e-11,8.0309527917069e-07,1.9572429629847e-12,6.3291634263939e-13
5936,0,0,5936,5.7676671366316e-11,7.9225491328089e-07,1.966982526273e-12,6.4209114127483e-13
5937,0,0,5937,5.7031813473435e-11,7.813713845103e-07,1.9728574832686e-12,6.4762723903852e-13
5938,0,0,5938,5.6379553399451e-11,7.7044446350929e-07,1.9807269975419e-12,6.5504494048893e-13
5939,0,0,5939,5.571984984864e-11,7.5947392212145e-07,1.9906218194926e-12,6.6437499558495e-13
5940,0,0,5940,5.5052661751647e-11,7.4845953344101e-07,1.996589434962e-12,6.7000375050096e-13
5941,0,0,5941,5.4377948276055e-11,7.3740107187127e-07,2.0045818868636e-12,6.7754438781701e-13
5942,0,0,5942,5.3695668837124e-11,7.262983131839e-07,2.0126148288403e-12,6.8512551462031e-13
5943,0,0,5943,5.3005783108699e-11,7.151510345792e-07,2.02068799818e-12,6.9274686819843e-13
5944,0,0,5944,5.2308251034287e-11,7.0395901474734e-07,2.030835611305e-12,7.0232971079418e-13
5945,0,0,5945,5.1603032838313e-11,6.9272203393051e-07,2.036953912204e-12,7.0810914893405e-13
5946,0,0,5946,5.0890089037546e-11,6.8143987398606e-07,2.0451460750486e-12,7.1584949425158e-13
5947,0,0,5947,5.0169380452697e-11,6.7011231845058e-07,2.0533773012283e-12,7.2362890231513e-13
5948,0,0,5948,4.9440868220196e-11,6.5873915260495e-07,2.0616472705696e-12,7.3144705295121e-13
5949,0,0,5949,4.8704513804145e-11,6.473201635404e-07,2.0720387075856e-12,7.4127371575674e-13
5950,0,0,5950,4.7960279008445e-11,6.3585514022551e-07,2.0783020977755e-12,7.4719824097821e-13
5951,0,0,5951,4.7208125989104e-11,6.243438735742e-07,2.0887881428314e-12,7.5711951034956e-13
5952,0,0,5952,4.6448017266723e-11,6.1278615651469e-07,2.0951077517205e-12,7.6310025338544e-13
5953,0,0,5953,4.5679915739155e-11,6.0118178405949e-07,2.1056865501026e-12,7.7311427460772e-13
5954,0,0,5954,4.4903784694355e-11,5.8953055337637e-07,2.1120612266241e-12,7.7915008439058e-13
5955,0,0,5955,4.4119587823398e-11,5.7783226386025e-07,2.1205924013006e-12,7.87229436232e-13
5956,0,0,5956,4.3327289233686e-11,5.6608671720625e-07,2.1291593101279e-12,7.9534452163345e-13
5957,0,0,5957,4.2526853462333e-11,5.5429371748353e-07,2.1399175336706e-12,8.0553796506293e-13
5958,0,0,5958,4.171824548973e-11,5.4245307121034e-07,2.1463985775194e-12,8.1168014040032e-13
5959,0,0,5959,4.0901430753293e-11,5.305645874299e-07,2.1572432051886e-12,8.2195998647787e-13
5960,0,0,5960,4.0076375161397e-11,5.1862807778743e-07,2.1637753859315e-12,8.2815329782206e-13
5961,0,0,5961,3.9243045107483e-11,5.0664335660805e-07,2.1747040275672e-12,8.3851715638683e-13
5962,0,0,5962,3.8401407484355e-11,4.9461024097583e-07,2.1812858685208e-12,8.4476012705391e-13
5963,0,0,5963,3.7551429698658e-11,4.8252855081369e-07,2.1900899665654e-12,8.5311239753144e-13
5964,0,0,5964,3.6693079685534e-11,4.7039810896446e-07,2.2011398339111e-12,8.635974795854e-13
5965,0,0,5965,3.5826325923468e-11,4.5821874127284e-07,2.2077932057931e-12,8.6991197984786e-13
5966,0,0,5966,3.4951137449307e-11,4.4599027666841e-07,2.2189204783451e-12,8.8047446562615e-13
5967,0,0,5967,3.4067483873466e-11,4.3371254724965e-07,2.22785612889e-12,8.8895828608495e-13
5968,0,0,5968,3.3175335395318e-11,4.2138538836892e-07,2.2345772108345e-12,8.9534049507555e-13
5969,0,0,5969,3.2274662818758e-11,4.0900863871851e-07,2.2458150931676e-12,9.0601358841029e-13
5970,0,0,5970,3.1365437567957e-11,3.9658214041761e-07,2.254837162362e-12,9.1458382573805e-13
5971,0,0,5971,3.0447631703283e-11,3.8410573910035e-07,2.2616218200921e-12,9.2102960917856e-13
5972,0,0,5972,2.9521217937417e-11,3.7157928400477e-07,2.2706916417998e-12,9.2964759798029e-13
5973,0,0,5973,2.8586169651635e-11,3.5900262806283e-07,2.2820659140781e-12,9.4045707829041e-13
5974,0,0,5974,2.7642460912277e-11,3.4637562799134e-07,2.2911940829849e-12,9.4913341295381e-13
5975,0,0,5975,2.6690066487387e-11,3.3369814438393e-07,2.3003470380099e-12,9.5783453314085e-13
5976,0,0,5976,2.5728961863528e-11,3.20970041804e-07,2.3072275822017e-12,9.6437620081364e-13
5977,0,0,5977,2.4759123262783e-11,3.0819118887852e-07,2.3187243728507e-12,9.753081965205e-13
5978,0,0,5978,2.3780527659914e-11,2.9536145839296e-07,2.3256394540289e-12,9.8188440028707e-13
5979,0,0,5979,2.2793152799708e-11,2.8248072738705e-07,2.3371918794154e-12,9.9287202924293e-13
5980,0,0,5980,2.1796977214481e-11,2.695488772515e-07,2.3464574836728e-12,1.0016857956856e-12
5981,0,0,5981,2.0791980241762e-11,2.5656579382574e-07,2.3557432393876e-12,1.0105197129899e-12
5982,0,0,5982,1.9778142042142e-11,2.4353136749646e-07,2.3650483122673e-12,1.0193729468629e-12
5983,0,0,5983,1.8755443617282e-11,2.3044549329719e-07,2.3743718499023e-12,1.0282446448949e-12
5984,0,0,5984,1.7723866828099e-11,2.1730807100869e-07,2.3813760975418e-12,1.0349100124406e-12
5985,0,0,5985,1.6683394413101e-11,2.0411900526031e-07,2.3930708182382e-12,1.0460399322349e-12
5986,0,0,5986,1.5634010006889e-11,1.9087820563218e-07,2.4024444520774e-12,1.0549617246807e-12
5987,0,0,5987,1.4575698158819e-11,1.7758558675833e-07,2.4118329566327e-12,1.0638983872456e-12
5988,0,0,5988,1.3508444351811e-11,1.642410684306e-07,2.4212353865056e-12,1.0728489745307e-12
5989,0,0,5989,1.2432235021325e-11,1.5084457570348e-07,2.4306507772351e-12,1.0818125220748e-12
5990,0,0,5990,1.1347057574471e-11,1.3739603899969e-07,2.4400781451483e-12,1.0907880462049e-12
5991,0,0,5991,1.0252900409282e-11,1.2389539421666e-07,2.4495164872147e-12,1.0997745438902e-12
5992,0,0,5992,9.1497529341242e-12,1.1034258283377e-07,2.4589647809028e-12,1.108770992599e-12
5993,0,0,5993,8.0376055872479e-12,9.6737552020374e-08,2.4684219840395e-12,1.117776350158e-12
5994,0,0,5994,6.9164498564847e-12,8.3080254744606e-08,2.4778870346737e-12,1.1267895546159e-12
5995,0,0,5995,5.7862782990735e-12,6.9370649882933e-08,2.4873588509422e-12,1.1358095241094e-12
5996,0,0,5996,4.6470845616226e-12,5.5608702330435e-08,2.49683633094e-12,1.1448351567331e-12
5997,0,0,5997,3.498863400199e-12,4.1794383111796e-08,2.5063183525932e-12,1.1538653304132e-12
5998,0,0,5998,2.3416107005434e-12,2.7927669492992e-08,2.5158037735372e-12,1.1628989027844e-12
5999,0,0,5999,1.1753234984059e-12,1.4008545093638e-08,2.5229193713184e-12,1.1696756137427e-12
6000,0,0,6000,0,3.7e-11,2.5324079307514e-12,1.1787123235536e-12
