x,y,z,id,xi,xv,jvx,jix
0,0,0,0,0,3.7e-11,-2.5324079307542e-12,-1.1787123235529e-12
1,0,0,1,1.1753234984052e-12,1.4008545093654e-08,-2.5252914309996e-12,-1.1719347110712e-12
2,0,0,2,2.341610700542e-12,2.7927669493022e-08,-2.5158037735399e-12,-1.1628989027837e-12
3,0,0,3,3.498863400197e-12,4.1794383111842e-08,-2.506318352596e-12,-1.1538653304125e-12
4,0,0,4,4.6470845616199e-12,5.5608702330496e-08,-2.4968363309427e-12,-1.1448351567324e-12
5,0,0,5,5.7862782990701e-12,6.937064988301e-08,-2.487358850945e-12,-1.1358095241087e-12
6,0,0,6,6.9164498564806e-12,8.3080254744698e-08,-2.4778870346765e-12,-1.1267895546153e-12
7,0,0,7,8.0376055872432e-12,9.6737552020482e-08,-2.4684219840423e-12,-1.1177763501573e-12
8,0,0,8,9.1497529341188e-12,1.1034258283389e-07,-2.4589647809056e-12,-1.1087709925983e-12
9,0,0,9,1.0252900409276e-11,1.238953942168e-07,-2.4495164872175e-12,-1.0997745438895e-12
10,0,0,10,1.1347057574464e-11,1.3739603899985e-07,-2.4400781451511e-12,-1.0907880462042e-12
11,0,0,11,1.2432235021317e-11,1.5084457570365e-07,-2.4306507772379e-12,-1.0818125220741e-12
12,0,0,12,1.3508444351803e-11,1.6424106843079e-07,-2.4212353865084e-12,-1.07284897453e-12
13,0,0,13,1.457569815881e-11,1.7758558675853e-07,-2.4118329566354e-12,-1.0638983872449e-12
14,0,0,14,1.563401000688e-11,1.908782056324e-07,-2.4024444520801e-12,-1.05496172468e-12
15,0,0,15,1.6683394413091e-11,2.0411900526054e-07,-2.393070818241e-12,-1.0460399322342e-12
16,0,0,16,1.7723866828089e-11,2.1730807100894e-07,-2.3837129816057e-12,-1.0371339363952e-12
17,0,0,17,1.8755443617271e-11,2.3044549329745e-07,-2.3743718499051e-12,-1.0282446448942e-12
18,0,0,18,1.9778142042129e-11,2.4353136749674e-07,-2.3650483122701e-12,-1.0193729468622e-12
19,0,0,19,2.0791980241749e-11,2.5656579382603e-07,-2.3557432393904e-12,-1.0105197129892e-12
20,0,0,20,2.1796977214467e-11,2.6954887725181e-07,-2.3464574836755e-12,-1.001685795685e-12
21,0,0,21,2.2793152799693e-11,2.8248072738737e-07,-2.3371918794182e-12,-9.9287202924225e-13
22,0,0,22,2.3780527659899e-11,2.953614583933e-07,-2.3279472429589e-12,-9.8407923000195e-13
23,0,0,23,2.4759123262767e-11,3.0819118887887e-07,-2.3187243728534e-12,-9.7530819651982e-13
24,0,0,24,2.5728961863512e-11,3.2097004180436e-07,-2.3095240500405e-12,-9.66559709735e-13
25,0,0,25,2.669006648737e-11,3.3369814438432e-07,-2.3003470380127e-12,-9.5783453314018e-13
26,0,0,26,2.764246091226e-11,3.4637562799173e-07,-2.2911940829877e-12,-9.4913341295314e-13
27,0,0,27,2.8586169651617e-11,3.5900262806324e-07,-2.2820659140809e-12,-9.4045707828973e-13
28,0,0,28,2.9521217937398e-11,3.715792840052e-07,-2.2729632434804e-12,-9.318062413381e-13
29,0,0,29,3.0447631703263e-11,3.841057391008e-07,-2.2638867666218e-12,-9.2318159753403e-13
30,0,0,30,3.1365437567936e-11,3.9658214041807e-07,-2.2548371623647e-12,-9.1458382573738e-13
31,0,0,31,3.2274662818737e-11,4.0900863871898e-07,-2.2458150931704e-12,-9.060135884096e-13
32,0,0,32,3.3175335395296e-11,4.2138538836941e-07,-2.2368212052798e-12,-8.9747153179189e-13
33,0,0,33,3.4067483873443e-11,4.3371254725016e-07,-2.2278561288928e-12,-8.8895828608428e-13
34,0,0,34,3.4951137449284e-11,4.4599027666893e-07,-2.2189204783479e-12,-8.8047446562548e-13
35,0,0,35,3.5826325923445e-11,4.5821874127337e-07,-2.2100148523025e-12,-8.7202066907313e-13
36,0,0,36,3.669307968551e-11,4.7039810896501e-07,-2.2011398339139e-12,-8.6359747958473e-13
37,0,0,37,3.7551429698633e-11,4.8252855081425e-07,-2.1922959910207e-12,-8.5520546499896e-13
38,0,0,38,3.8401407484329e-11,4.9461024097641e-07,-2.183483876324e-12,-8.4684517801734e-13
39,0,0,39,3.9243045107457e-11,5.0664335660865e-07,-2.17470402757e-12,-8.3851715638616e-13
40,0,0,40,4.007637516137e-11,5.1862807778804e-07,-2.1659569677317e-12,-8.3022192307861e-13
41,0,0,41,4.0901430753266e-11,5.3056458743053e-07,-2.1572432051914e-12,-8.219599864772e-13
42,0,0,42,4.1718245489701e-11,5.4245307121098e-07,-2.1485632339228e-12,-8.1373184055582e-13
43,0,0,43,4.2526853462304e-11,5.5429371748419e-07,-2.1399175336735e-12,-8.0553796506226e-13
44,0,0,44,4.3327289233656e-11,5.6608671720692e-07,-2.1313065701471e-12,-7.9737882570046e-13
45,0,0,45,4.4119587823367e-11,5.7783226386095e-07,-2.1227307951854e-12,-7.8925487431236e-13
46,0,0,46,4.4903784694324e-11,5.8953055337707e-07,-2.1141906469504e-12,-7.8116654906001e-13
47,0,0,47,4.5679915739123e-11,6.0118178406021e-07,-2.1056865501054e-12,-7.7311427460705e-13
48,0,0,48,4.644801726669e-11,6.1278615651543e-07,-2.0972189159966e-12,-7.6509846229994e-13
49,0,0,49,4.7208125989071e-11,6.2434387357495e-07,-2.0887881428342e-12,-7.5711951034888e-13
50,0,0,50,4.7960279008411e-11,6.3585514022628e-07,-2.080394615872e-12,-7.4917780400816e-13
51,0,0,51,4.870451380411e-11,6.4732016354118e-07,-2.0720387075883e-12,-7.4127371575607e-13
52,0,0,52,4.9440868220161e-11,6.5873915260575e-07,-2.0637207778647e-12,-7.3340760547436e-13
53,0,0,53,5.0169380452661e-11,6.7011231845139e-07,-2.0554411741645e-12,-7.255798206268e-13
54,0,0,54,5.089008903751e-11,6.8143987398689e-07,-2.0472002317116e-12,-7.177906964374e-13
55,0,0,55,5.1603032838276e-11,6.9272203393136e-07,-2.0389982736677e-12,-7.1004055606773e-13
56,0,0,56,5.2308251034249e-11,7.039590147482e-07,-2.0308356113079e-12,-7.0232971079351e-13
57,0,0,57,5.300578310866e-11,7.1515103458007e-07,-2.0227125441979e-12,-6.946584601806e-13
58,0,0,58,5.3695668837085e-11,7.2629831318479e-07,-2.0146293603685e-12,-6.8702709225979e-13
59,0,0,59,5.4377948276016e-11,7.3740107187218e-07,-2.0065863364894e-12,-6.7943588370112e-13
60,0,0,60,5.5052661751607e-11,7.4845953344193e-07,-1.9985837380427e-12,-6.7188509998694e-13
61,0,0,61,5.5719849848599e-11,7.5947392212238e-07,-1.9906218194954e-12,-6.6437499558428e-13
62,0,0,62,5.637955339941e-11,7.7044446351024e-07,-1.98270082447e-12,-6.5690581411598e-13
63,0,0,63,5.7031813473392e-11,7.8137138451126e-07,-1.9748209859154e-12,-6.4947778853116e-13
64,0,0,64,5.7676671366273e-11,7.9225491328187e-07,-1.9669825262758e-12,-6.4209114127416e-13
65,0,0,65,5.8314168589747e-11,8.0309527917169e-07,-1.9591856576588e-12,-6.3474608445283e-13
66,0,0,66,5.8944346861251e-11,8.1389271266704e-07,-1.9514305820025e-12,-6.2744282000527e-13
67,0,0,67,5.9567248093892e-11,8.2464744533529e-07,-1.943717491241e-12,-6.2018153986621e-13
68,0,0,68,6.018291438655e-11,8.3535970977018e-07,-1.9360465674697e-12,-6.1296242613088e-13
69,0,0,69,6.0791388014141e-11,8.4602973953801e-07,-1.9284179831083e-12,-6.0578565121924e-13
70,0,0,70,6.1392711418042e-11,8.5665776912478e-07,-1.9208319010628e-12,-5.9865137803762e-13
71,0,0,71,6.1986927196679e-11,8.6724403388413e-07,-1.9132884748873e-12,-5.9155976014023e-13
72,0,0,72,6.2574078096275e-11,8.7778876998628e-07,-1.905787848943e-12,-5.8451094188843e-13
73,0,0,73,6.3154207001753e-11,8.8829221436774e-07,-1.8983301585568e-12,-5.7750505860953e-13
74,0,0,74,6.3727356927805e-11,8.9875460468199e-07,-1.8909155301787e-12,-5.7054223675361e-13
75,0,0,75,6.4293571010111e-11,9.0917617925091e-07,-1.8835440815375e-12,-5.6362259404956e-13
76,0,0,76,6.4852892496712e-11,9.1955717701719e-07,-1.8762159217949e-12,-5.5674623965942e-13
77,0,0,77,6.540536473954e-11,9.2989783749751e-07,-1.8689311516988e-12,-5.4991327433136e-13
78,0,0,78,6.5951031186102e-11,9.4019840073656e-07,-1.8616898637354e-12,-5.4312379055156e-13
79,0,0,79,6.6489935371306e-11,9.5045910726194e-07,-1.8544921422787e-12,-5.3637787269442e-13
80,0,0,80,6.702212090945e-11,9.6068019803983e-07,-1.8473380637401e-12,-5.2967559717146e-13
81,0,0,81,6.7547631486346e-11,9.7086191443154e-07,-1.8402276967158e-12,-5.2301703257891e-13
82,0,0,82,6.8066510851595e-11,9.8100449815079e-07,-1.833161102132e-12,-5.1640223984354e-13
83,0,0,83,6.8578802811015e-11,9.9110819122191e-07,-1.8261383333909e-12,-5.0983127236756e-13
84,0,0,84,6.9084551219198e-11,1.0011732359387e-06,-1.8191594365127e-12,-5.0330417617142e-13
85,0,0,85,6.9583799972223e-11,1.0111998748241e-06,-1.8122244502782e-12,-4.9682099003593e-13
86,0,0,86,7.0076593000499e-11,1.0211883505908e-06,-1.8053334063678e-12,-4.9038174564206e-13
87,0,0,87,7.0562974261757e-11,1.0311389061024e-06,-1.7984863295019e-12,-4.8398646771004e-13
88,0,0,88,7.1042987734173e-11,1.0410517843355e-06,-1.7916832375767e-12,-4.776351741365e-13
89,0,0,89,7.1516677409626e-11,1.0509272283424e-06,-1.7849241418008e-12,-4.7132787613006e-13
90,0,0,90,7.1984087287101e-11,1.0607654812145e-06,-1.7782090468291e-12,-4.6506457834607e-13
91,0,0,91,7.2445261366214e-11,1.070566786047e-06,-1.7715379508961e-12,-4.5884527901907e-13
92,0,0,92,7.2900243640872e-11,1.0803313859032e-06,-1.7649108459466e-12,-4.526699700941e-13
93,0,0,93,7.334907809307e-11,1.0900595237808e-06,-1.758327717766e-12,-4.4653863735676e-13
94,0,0,94,7.3791808686809e-11,1.0997514425781e-06,-1.7517885461082e-12,-4.4045126056115e-13
95,0,0,95,7.4228479362143e-11,1.1094073850611e-06,-1.7452933048226e-12,-4.3440781355688e-13
96,0,0,96,7.4659134029353e-11,1.1190275938311e-06,-1.7388419619797e-12,-4.2840826441457e-13
97,0,0,97,7.5083816563248e-11,1.1286123112936e-06,-1.7324344799938e-12,-4.2245257554909e-13
98,0,0,98,7.5502570797583e-11,1.1381617796273e-06,-1.7260708157473e-12,-4.1654070384248e-13
99,0,0,99,7.5915440519605e-11,1.1476762407538e-06,-1.719750920709e-12,-4.1067260076404e-13
100,0,0,100,7.632246946471e-11,1.1571559363085e-06,-1.7134747410552e-12,-4.0484821249032e-13
101,0,0,101,7.6723701311228e-11,1.1666011076112e-06,-1.707242217787e-12,-3.9906748002235e-13
102,0,0,102,7.711917967532e-11,1.1760119956384e-06,-1.701053286846e-12,-3.9333033930239e-13
103,0,0,103,7.7508948105989e-11,1.1853888409955e-06,-1.6949078792301e-12,-3.8763672132816e-13
104,0,0,104,7.7893050080209e-11,1.19473188389e-06,-1.6888059211062e-12,-3.8198655226688e-13
105,0,0,105,7.8271528998162e-11,1.2040413641052e-06,-1.6827473339219e-12,-3.7637975356641e-13
106,0,0,106,7.8644428178588e-11,1.2133175209742e-06,-1.6767320345163e-12,-3.708162420659e-13
107,0,0,107,7.9011790854247e-11,1.2225605933554e-06,-1.6707599352284e-12,-3.6529593010478e-13
108,0,0,108,7.9373660167485e-11,1.2317708196073e-06,-1.6648309440052e-12,-3.598187256301e-13
109,0,0,109,7.9730079165907e-11,1.2409484375653e-06,-1.6589449645068e-12,-3.543845323022e-13
110,0,0,110,8.0081090798155e-11,1.2500936845178e-06,-1.6531018962113e-12,-3.4899324959951e-13
111,0,0,111,8.0426737909795e-11,1.259206797184e-06,-1.6473016345185e-12,-3.4364477292163e-13
112,0,0,112,8.0767063239297e-11,1.268288011691e-06,-1.6415440708499e-12,-3.3833899369071e-13
113,0,0,113,8.1102109414122e-11,1.2773375635531e-06,-1.6358290927504e-12,-3.3307579945159e-13
114,0,0,114,8.1431918946909e-11,1.2863556876497e-06,-1.6301565839861e-12,-3.2785507397088e-13
115,0,0,115,8.1756534231751e-11,1.2953426182056e-06,-1.6245264246427e-12,-3.2267669733396e-13
116,0,0,116,8.2075997540583e-11,1.3042985887706e-06,-1.6189384912198e-12,-3.1754054604095e-13
117,0,0,117,8.2390351019648e-11,1.3132238322e-06,-1.6133926567266e-12,-3.1244649310139e-13
118,0,0,118,8.2699636686069e-11,1.3221185806359e-06,-1.607888790775e-12,-3.073944081272e-13
119,0,0,119,8.3003896424506e-11,1.3309830654883e-06,-1.6024267596709e-12,-3.0238415742438e-13
120,0,0,120,8.3303171983912e-11,1.3398175174177e-06,-1.5970064265044e-12,-2.9741560408349e-13
121,0,0,121,8.3597504974366e-11,1.3486221663171e-06,-1.5916276512397e-12,-2.9248860806868e-13
122,0,0,122,8.3886936864006e-11,1.3573972412956e-06,-1.5862902908015e-12,-2.8760302630522e-13
123,0,0,123,8.4171508976045e-11,1.3661429706612e-06,-1.580994199163e-12,-2.827587127659e-13
124,0,0,124,8.4451262485867e-11,1.3748595819055e-06,-1.5757392274285e-12,-2.7795551855582e-13
125,0,0,125,8.4726238418218e-11,1.3835473016877e-06,-1.5705252239194e-12,-2.7319329199627e-13
126,0,0,126,8.4996477644467e-11,1.3922063558197e-06,-1.5653520342552e-12,-2.6847187870703e-13
127,0,0,127,8.5262020879962e-11,1.4008369692514e-06,-1.5602195014347e-12,-2.6379112168719e-13
128,0,0,128,8.5522908681453e-11,1.4094393660562e-06,-1.5551274659161e-12,-2.5915086139507e-13
129,0,0,129,8.5779181444605e-11,1.4180137694179e-06,-1.5500757656952e-12,-2.5455093582668e-13
130,0,0,130,8.6030879401582e-11,1.4265604016168e-06,-1.5450642363828e-12,-2.4999118059289e-13
131,0,0,131,8.627804261871e-11,1.435079484017e-06,-1.54009271128e-12,-2.4547142899531e-13
132,0,0,132,8.6520710994213e-11,1.4435712370538e-06,-1.5351610214541e-12,-2.4099151210106e-13
133,0,0,133,8.6758924256027e-11,1.4520358802218e-06,-1.5302689958106e-12,-2.3655125881615e-13
134,0,0,134,8.6992721959682e-11,1.4604736320629e-06,-1.5254164611666e-12,-2.3215049595787e-13
135,0,0,135,8.722214348626e-11,1.4688847101553e-06,-1.5206032423216e-12,-2.2778904832554e-13
136,0,0,136,8.7447228040418e-11,1.4772693311026e-06,-1.5158291621263e-12,-2.2346673877062e-13
137,0,0,137,8.7668014648486e-11,1.485627710523e-06,-1.5110940415531e-12,-2.1918338826527e-13
138,0,0,138,8.7884542156626e-11,1.4939600630392e-06,-1.5063976997616e-12,-2.1493881596956e-13
139,0,0,139,8.8096849229067e-11,1.5022666022691e-06,-1.5017399541666e-12,-2.1073283929821e-13
140,0,0,140,8.8304974346396e-11,1.5105475408157e-06,-1.4971206205017e-12,-2.0656527398553e-13
141,0,0,141,8.8508955803918e-11,1.5188030902584e-06,-1.492539512885e-12,-2.0243593414913e-13
142,0,0,142,8.8708831710082e-11,1.5270334611444e-06,-1.4879964438802e-12,-1.9834463235345e-13
143,0,0,143,8.8904639984962e-11,1.5352388629798e-06,-1.4834912245597e-12,-1.9429117967108e-13
144,0,0,144,8.9096418358809e-11,1.5434195042223e-06,-1.4790236645651e-12,-1.9027538574339e-13
145,0,0,145,8.9284204370648e-11,1.5515755922731e-06,-1.4745935721659e-12,-1.8629705884041e-13
146,0,0,146,8.9468035366955e-11,1.5597073334692e-06,-1.4702007543189e-12,-1.8235600591908e-13
147,0,0,147,8.964794850037e-11,1.5678149330772e-06,-1.4658450167254e-12,-1.7845203268103e-13
148,0,0,148,8.9823980728482e-11,1.5758985952858e-06,-1.4615261638875e-12,-1.7458494362838e-13
149,0,0,149,8.9996168812661e-11,1.5839585231995e-06,-1.4572439991635e-12,-1.7075454211972e-13
150,0,0,150,9.0164549316954e-11,1.5919949188329e-06,-1.4529983248222e-12,-1.6696063042398e-13
151,0,0,151,9.0329158607023e-11,1.6000079831043e-06,-1.4487889420963e-12,-1.6320300977407e-13
152,0,0,152,9.0490032849144e-11,1.6079979158306e-06,-1.4446156512343e-12,-1.5948148041893e-13
153,0,0,153,9.0647208009255e-11,1.6159649157217e-06,-1.4404782515528e-12,-1.5579584167484e-13
154,0,0,154,9.0800719852056e-11,1.6239091803759e-06,-1.4363765414852e-12,-1.5214589197603e-13
155,0,0,155,9.0950603940156e-11,1.6318309062747e-06,-1.432310318633e-12,-1.485314289236e-13
156,0,0,156,9.1096895633271e-11,1.6397302887789e-06,-1.4282793798124e-12,-1.4495224933455e-13
157,0,0,157,9.1239630087471e-11,1.647607522124e-06,-1.4242835211033e-12,-1.4140814928842e-13
158,0,0,158,9.1378842254468e-11,1.6554627994166e-06,-1.4203225378947e-12,-1.378989241747e-13
159,0,0,159,9.1514566880959e-11,1.6632963126305e-06,-1.4163962249306e-12,-1.3442436873773e-13
160,0,0,160,9.1646838508006e-11,1.6711082526034e-06,-1.4125043763556e-12,-1.3098427712192e-13
161,0,0,161,9.1775691470464e-11,1.6788988090338e-06,-1.4086467857571e-12,-1.2757844291517e-13
162,0,0,162,9.1901159896454e-11,1.686668170478e-06,-1.4048232462097e-12,-1.2420665919223e-13
163,0,0,163,9.2023277706869e-11,1.6944165243473e-06,-1.4010335503164e-12,-1.2086871855624e-13
164,0,0,164,9.2142078614939e-11,1.7021440569059e-06,-1.3972774902501e-12,-1.1756441318045e-13
165,0,0,165,9.2257596125817e-11,1.7098509532682e-06,-1.3935548577944e-12,-1.1429353484829e-13
166,0,0,166,9.2369863536217e-11,1.7175373973971e-06,-1.3898654443817e-12,-1.1105587499285e-13
167,0,0,167,9.2478913934091e-11,1.7252035721021e-06,-1.3862090411337e-12,-1.0785122473576e-13
168,0,0,168,9.2584780198336e-11,1.7328496590376e-06,-1.3825854388982e-12,-1.0467937492494e-13
169,0,0,169,9.2687494998548e-11,1.7404758387019e-06,-1.3789944282862e-12,-1.0154011617185e-13
170,0,0,170,9.2787090794806e-11,1.7480822904354e-06,-1.3754357997083e-12,-9.8433238887381e-14
171,0,0,171,9.2883599837495e-11,1.7556691924203e-06,-1.3719093434113e-12,-9.5358533317928e-14
172,0,0,172,9.2977054167159e-11,1.7632367216792e-06,-1.3684148495108e-12,-9.231578957964e-14
173,0,0,173,9.30674856144e-11,1.7707850540749e-06,-1.3649521080266e-12,-8.9304797692873e-14
174,0,0,174,9.3154925799796e-11,1.77831436431e-06,-1.3615209089161e-12,-8.6325347614808e-14
175,0,0,175,9.3239406133862e-11,1.7858248259261e-06,-1.3581210421062e-12,-8.3377229272538e-14
176,0,0,176,9.3320957817036e-11,1.7933166113047e-06,-1.3547522975253e-12,-8.0460232594757e-14
177,0,0,177,9.3399611839705e-11,1.8007898916664e-06,-1.3514144651341e-12,-7.7574147542471e-14
178,0,0,178,9.3475398982255e-11,1.8082448370718e-06,-1.3481073349566e-12,-7.4718764139707e-14
179,0,0,179,9.3548349815148e-11,1.8156816164214e-06,-1.3448306971091e-12,-7.1893872503086e-14
180,0,0,180,9.361849469904e-11,1.8231003974569e-06,-1.3415843418295e-12,-6.9099262870822e-14
181,0,0,181,9.3685863784914e-11,1.8305013467614e-06,-1.338368059506e-12,-6.6334725631006e-14
182,0,0,182,9.3750487014251e-11,1.8378846297605e-06,-1.3351816407038e-12,-6.3600051349261e-14
183,0,0,183,9.3812394119225e-11,1.8452504107235e-06,-1.3320248761932e-12,-6.089503079599e-14
184,0,0,184,9.3871614622919e-11,1.8525988527646e-06,-1.3288975569751e-12,-5.8219454972327e-14
185,0,0,185,9.392817783958e-11,1.8599301178439e-06,-1.3257994743072e-12,-5.5573115136195e-14
186,0,0,186,9.3982112874883e-11,1.8672443667693e-06,-1.322730419729e-12,-5.2955802827222e-14
187,0,0,187,9.4033448626235e-11,1.8745417591983e-06,-1.3196901850863e-12,-5.0367309891559e-14
188,0,0,188,9.4082213783093e-11,1.8818224536391e-06,-1.3166785625552e-12,-4.7807428505455e-14
189,0,0,189,9.4128436827308e-11,1.8890866074533e-06,-1.3136953446655e-12,-4.5275951198725e-14
190,0,0,190,9.4172146033496e-11,1.8963343768571e-06,-1.3107403243227e-12,-4.2772670877292e-14
191,0,0,191,9.4213369469426e-11,1.9035659169244e-06,-1.3078132948315e-12,-4.0297380845888e-14
192,0,0,192,9.4252134996432e-11,1.9107813815881e-06,-1.3049140499158e-12,-3.784987482893e-14
193,0,0,193,9.4288470269847e-11,1.9179809236433e-06,-1.3020423837413e-12,-3.5429946992088e-14
194,0,0,194,9.4322402739456e-11,1.9251646947494e-06,-1.2991980909353e-12,-3.3037391962545e-14
195,0,0,195,9.435395964997e-11,1.9323328454328e-06,-1.2963809666056e-12,-3.0672004849009e-14
196,0,0,196,9.4383168041523e-11,1.9394855250894e-06,-1.2935908063625e-12,-2.8333581261302e-14
197,0,0,197,9.4410054750179e-11,1.9466228819881e-06,-1.2908274063348e-12,-2.6021917328975e-14
198,0,0,198,9.4434646408468e-11,1.9537450632728e-06,-1.2880905631907e-12,-2.3736809719969e-14
199,0,0,199,9.4456969445936e-11,1.9608522149664e-06,-1.2853800741537e-12,-2.147805565835e-14
200,0,0,200,9.4477050089707e-11,1.9679444819731e-06,-1.2826957370212e-12,-1.9245452941835e-14
201,0,0,201,9.4494914365072e-11,1.9750220080822e-06,-1.2800373501822e-12,-1.7038799958848e-14
202,0,0,202,9.4510588096089e-11,1.982084935971e-06,-1.2774047126309e-12,-1.4857895704501e-14
203,0,0,203,9.4524096906198e-11,1.9891334072088e-06,-1.2747976239857e-12,-1.2702539797237e-14
204,0,0,204,9.4535466218858e-11,1.9961675622596e-06,-1.2722158845034e-12,-1.0572532493774e-14
205,0,0,205,9.4544721258188e-11,2.0031875404863e-06,-1.2696592950939e-12,-8.4676747046094e-15
206,0,0,206,9.4551887049637e-11,2.0101934801541e-06,-1.2671276573358e-12,-6.3877680083478e-15
207,0,0,207,9.4556988420658e-11,2.0171855184344e-06,-1.2646207734899e-12,-4.3326146660158e-15
208,0,0,208,9.4560050001397e-11,2.0241637914085e-06,-1.262138446513e-12,-2.3020176349713e-15
209,0,0,209,9.4561096225403e-11,2.0311284340713e-06,-1.2596804800729e-12,-2.9578058203479e-16
210,0,0,210,9.4560151330338e-11,2.0380795803358e-06,-1.2572466785571e-12,1.6862921035344e-15
211,0,0,211,9.4557239358716e-11,2.0450173630365e-06,-1.2548368470907e-12,3.6443952972685e-15
212,0,0,212,9.4552384158639e-11,2.0519419139339e-06,-1.2524507915451e-12,5.5787231278073e-15
213,0,0,213,9.4545609384554e-11,2.0588533637189e-06,-1.2500883185497e-12,7.4894689646456e-15
214,0,0,214,9.4536938498021e-11,2.0657518420162e-06,-1.2477492355057e-12,9.3768254072248e-15
215,0,0,215,9.4526394768485e-11,2.0726374773894e-06,-1.2454333505945e-12,1.1240984273611e-14
216,0,0,216,9.4514001274069e-11,2.0795103973451e-06,-1.2431404727896e-12,1.3082136590051e-14
217,0,0,217,9.449978090237e-11,2.0863707283371e-06,-1.2408704118669e-12,1.4900472580788e-14
218,0,0,218,9.4483756351267e-11,2.0932185957712e-06,-1.238622978414e-12,1.6696181657725e-14
219,0,0,219,9.4465950129741e-11,2.1000541240094e-06,-1.2363979838397e-12,1.8469452411733e-14
220,0,0,220,9.4446384558698e-11,2.1068774363747e-06,-1.2341952403843e-12,2.0220472602523e-14
221,0,0,221,9.4425081771812e-11,2.1136886551557e-06,-1.2320145611275e-12,2.1949429150321e-14
222,0,0,222,9.4402063716363e-11,2.1204879016112e-06,-1.2298557599967e-12,2.3656508127338e-14
223,0,0,223,9.4377352154096e-11,2.1272752959748e-06,-1.2277186517763e-12,2.5341894749136e-14
224,0,0,224,9.4350968662077e-11,2.1340509574599e-06,-1.225603052114e-12,2.7005773367236e-14
225,0,0,225,9.4322934633568e-11,2.1408150042645e-06,-1.2235087775306e-12,2.8648327461205e-14
226,0,0,226,9.4293271278899e-11,2.1475675535757e-06,-1.2214356454255e-12,3.0269739631576e-14
227,0,0,227,9.4261999626351e-11,2.1543087215748e-06,-1.2193834740838e-12,3.1870191592716e-14
228,0,0,228,9.4229140523052e-11,2.1610386234426e-06,-1.217352082684e-12,3.3449864166151e-14
229,0,0,229,9.4194714635866e-11,2.1677573733636e-06,-1.2153412913035e-12,3.5008937274314e-14
230,0,0,230,9.4158742452302e-11,2.1744650845315e-06,-1.2133509209249e-12,3.6547589934238e-14
231,0,0,231,9.4121244281421e-11,2.1811618691542e-06,-1.2113807934417e-12,3.8066000251814e-14
232,0,0,232,9.408224025475e-11,2.1878478384586e-06,-1.2094307316653e-12,3.9564345416265e-14
233,0,0,233,9.4041750327203e-11,2.194523102696e-06,-1.207500559328e-12,4.1042801694662e-14
234,0,0,234,9.3999794278006e-11,2.2011877711467e-06,-1.2055901010892e-12,4.2501544427115e-14
235,0,0,235,9.3956391711627e-11,2.207841952126e-06,-1.2036991825407e-12,4.3940748021916e-14
236,0,0,236,9.391156205871e-11,2.2144857529885e-06,-1.201827630211e-12,4.5360585950679e-14
237,0,0,237,9.3865324577016e-11,2.2211192801336e-06,-1.1999752715681e-12,4.6761230744514e-14
238,0,0,238,9.3817698352364e-11,2.227742639011e-06,-1.1974594493073e-12,4.8655947368425e-14
239,0,0,239,9.3768702298439e-11,2.2343559341192e-06,-1.1965533798567e-12,4.9336160480891e-14
240,0,0,240,9.3718355158899e-11,2.2409592690173e-06,-1.1947552469999e-12,5.068258107495e-14
241,0,0,241,9.3666675509463e-11,2.2475527463368e-06,-1.1929756482606e-12,5.2010468103137e-14
242,0,0,242,9.3613681757718e-11,2.2541364677799e-06,-1.1912144157467e-12,5.3319989456956e-14
243,0,0,243,9.355939214408e-11,2.2607105341257e-06,-1.189471382528e-12,5.4611312066754e-14
244,0,0,244,9.3503824742758e-11,2.2672750452345e-06,-1.1877463826377e-12,5.5884601898774e-14
245,0,0,245,9.344699746272e-11,2.273830100054e-06,-1.1860392510766e-12,5.7140023952644e-14
246,0,0,246,9.338892804866e-11,2.2803757966242e-06,-1.1843498238132e-12,5.8377742259108e-14
247,0,0,247,9.3329634082231e-11,2.2869122320845e-06,-1.1818485230885e-12,6.0201480580075e-14
248,0,0,248,9.3269132983013e-11,2.2934395026785e-06,-1.1810234319529e-12,6.0800717856074e-14
249,0,0,249,9.3207442007933e-11,2.2999577037515e-06,-1.1793861431179e-12,6.1986299384213e-14
250,0,0,250,9.3144578254319e-11,2.3064669297669e-06,-1.1777659121865e-12,6.3154823558436e-14
251,0,0,251,9.3080558660094e-11,2.3129672743074e-06,-1.1761625800007e-12,6.4306449536489e-14
252,0,0,252,9.301540000476e-11,2.3194588300805e-06,-1.1745759883818e-12,6.5441335497094e-14
253,0,0,253,9.2949118910374e-11,2.3259416889237e-06,-1.1730059801304e-12,6.6559638639e-14
254,0,0,254,9.2881731842529e-11,2.3324159418103e-06,-1.1714523990287e-12,6.7661515179996e-14
255,0,0,255,9.2813255111338e-11,2.3388816788544e-06,-1.1699150898406e-12,6.874712035624e-14
256,0,0,256,9.2743704872415e-11,2.3453389893165e-06,-1.1683938983117e-12,6.9816608421872e-14
257,0,0,257,9.2673097127854e-11,2.351787961609e-06,-1.16688867117e-12,7.0870132648238e-14
258,0,0,258,9.2601447727216e-11,2.3582286833017e-06,-1.1653992561269e-12,7.1907845324097e-14
259,0,0,259,9.2528772368513e-11,2.3646612411268e-06,-1.1639255018765e-12,7.2929897755233e-14
260,0,0,260,9.2455086599184e-11,2.3710857209849e-06,-1.1624672580955e-12,7.3936440264584e-14
261,0,0,261,9.2380405817085e-11,2.37750220795e-06,-1.1610243754434e-12,7.49276221925e-14
262,0,0,262,9.2304745271467e-11,2.3839107862752e-06,-1.1595967055619e-12,7.5903591897005e-14
263,0,0,263,9.222812006396e-11,2.3903115393978e-06,-1.1581841010746e-12,7.686449675436e-14
264,0,0,264,9.2150545149554e-11,2.3967045499452e-06,-1.1567864155864e-12,7.781048315956e-14
265,0,0,265,9.2072035337579e-11,2.4030898997398e-06,-1.1554035036822e-12,7.8741696527284e-14
266,0,0,266,9.1992605292685e-11,2.409467669805e-06,-1.1540352209271e-12,7.9658281292471e-14
267,0,0,267,9.191226953582e-11,2.4158379403698e-06,-1.1526814238642e-12,8.0560380911555e-14
268,0,0,268,9.1831042445212e-11,2.4222007908751e-06,-1.1513419700146e-12,8.1448137863424e-14
269,0,0,269,9.1748938257338e-11,2.4285562999785e-06,-1.1500167178753e-12,8.2321693650814e-14
270,0,0,270,9.1665971067907e-11,2.4349045455597e-06,-1.1487055269185e-12,8.3181188801502e-14
271,0,0,271,9.1582154832828e-11,2.4412456047263e-06,-1.1474082575894e-12,8.40267628698e-14
272,0,0,272,9.1497503369188e-11,2.4475795538189e-06,-1.1461247713055e-12,8.4858554438163e-14
273,0,0,273,9.1412030356215e-11,2.4539064684162e-06,-1.1448549304542e-12,8.567670111889e-14
274,0,0,274,9.1325749336255e-11,2.4602264233408e-06,-1.1435985983917e-12,8.6481339555755e-14
275,0,0,275,9.1238673715732e-11,2.4665394926644e-06,-1.1423556394404e-12,8.7272605426026e-14
276,0,0,276,9.1150816766119e-11,2.4728457497132e-06,-1.1411259188874e-12,8.8050633442449e-14
277,0,0,277,9.1062191624896e-11,2.4791452670727e-06,-1.1399093029823e-12,8.8815557355167e-14
278,0,0,278,9.0972811296515e-11,2.4854381165939e-06,-1.138705658935e-12,8.9567509954067e-14
279,0,0,279,9.0882688653357e-11,2.4917243693979e-06,-1.1375148549136e-12,9.0306623070932e-14
280,0,0,280,9.0791836436686e-11,2.4980040958814e-06,-1.1363367600421e-12,9.1033027581735e-14
281,0,0,281,9.0700267257608e-11,2.504277365722e-06,-1.1351712443973e-12,9.1746853409175e-14
282,0,0,282,9.0607993598017e-11,2.5105442478834e-06,-1.1340181790071e-12,9.244822952516e-14
283,0,0,283,9.0515027811547e-11,2.5168048106209e-06,-1.1328774358478e-12,9.3137283953389e-14
284,0,0,284,9.0421382124519e-11,2.5230591214861e-06,-1.131748887841e-12,9.3814143771914e-14
285,0,0,285,9.0327068636883e-11,2.5293072473325e-06,-1.1306324088511e-12,9.4478935116189e-14
286,0,0,286,9.0232099323157e-11,2.5355492543208e-06,-1.1295278736826e-12,9.5131783181446e-14
287,0,0,287,9.0136486033368e-11,2.5417852079237e-06,-1.128435158077e-12,9.5772812226034e-14
288,0,0,288,9.0040240493986e-11,2.5480151729313e-06,-1.1273541387101e-12,9.6402145574025e-14
289,0,0,289,8.9943374308854e-11,2.5542392134562e-06,-1.1262846931885e-12,9.7019905618502e-14
290,0,0,290,8.9845898960118e-11,2.5604573929387e-06,-1.1252267000471e-12,9.76262138245e-14
291,0,0,291,8.9747825809156e-11,2.5666697741519e-06,-1.1241800387453e-12,9.822119073219e-14
292,0,0,292,8.9649166097493e-11,2.5728764192065e-06,-1.1231445896646e-12,9.8804955960187e-14
293,0,0,293,8.9549930947727e-11,2.5790773895564e-06,-1.1221202341043e-12,9.9377628208702e-14
294,0,0,294,8.945013136444e-11,2.5852727460035e-06,-1.1211068542791e-12,9.9939325262954e-14
295,0,0,295,8.9349778235117e-11,2.5914625487025e-06,-1.120104333315e-12,1.0049016399661e-13
296,0,0,296,8.9248882331045e-11,2.5976468571662e-06,-1.1191125552467e-12,1.0103026037507e-13
297,0,0,297,8.9147454308229e-11,2.6038257302707e-06,-1.1181314050131e-12,1.0155972945916e-13
298,0,0,298,8.9045504708287e-11,2.6099992262598e-06,-1.117160768454e-12,1.0207868540853e-13
299,0,0,299,8.8943043959351e-11,2.6161674027507e-06,-1.1162005323074e-12,1.0258724148541e-13
300,0,0,300,8.8840082376961e-11,2.6223303167381e-06,-1.1152505842046e-12,1.0308551005807e-13
301,0,0,301,8.8736630164958e-11,2.6284880245999e-06,-1.1143108126673e-12,1.0357360260464e-13
302,0,0,302,8.8632697416368e-11,2.6346405821016e-06,-1.1133811071037e-12,1.0405162971686e-13
303,0,0,303,8.852829411429e-11,2.6407880444014e-06,-1.1124613578043e-12,1.0451970110372e-13
304,0,0,304,8.842343013277e-11,2.6469304660552e-06,-1.111551455939e-12,1.0497792559549e-13
305,0,0,305,8.8318115237683e-11,2.6530679010208e-06,-1.1106512935521e-12,1.0542641114735e-13
306,0,0,306,8.8212359087602e-11,2.6592004026637e-06,-1.1097607635595e-12,1.0586526484348e-13
307,0,0,307,8.8106171234666e-11,2.665328023761e-06,-1.1088797597437e-12,1.0629459290089e-13
308,0,0,308,8.7999561125443e-11,2.6714508165068e-06,-1.1080081767509e-12,1.0671450067342e-13
309,0,0,309,8.7892538101795e-11,2.6775688325163e-06,-1.1071459100861e-12,1.0712509265566e-13
310,0,0,310,8.7785111401728e-11,2.6836821228314e-06,-1.1062928561099e-12,1.0752647248719e-13
311,0,0,311,8.767729016025e-11,2.6897907379247e-06,-1.1054489120332e-12,1.0791874295637e-13
312,0,0,312,8.7569083410212e-11,2.6958947277043e-06,-1.1046139759149e-12,1.0830200600469e-13
313,0,0,313,8.7460500083161e-11,2.7019941415189e-06,-1.1037879466556e-12,1.0867636273072e-13
314,0,0,314,8.735154901017e-11,2.7080890281618e-06,-1.1029707239957e-12,1.0904191339431e-13
315,0,0,315,8.7242238922682e-11,2.714179435876e-06,-1.1021622085094e-12,1.0939875742079e-13
316,0,0,316,8.7132578453335e-11,2.7202654123586e-06,-1.1013623016019e-12,1.0974699340512e-13
317,0,0,317,8.7022576136794e-11,2.7263470047655e-06,-1.1005709055039e-12,1.1008671911624e-13
318,0,0,318,8.691224041057e-11,2.7324242597156e-06,-1.099787923268e-12,1.1041803150111e-13
319,0,0,319,8.6801579615841e-11,2.7384972232959e-06,-1.0990132587648e-12,1.1074102668908e-13
320,0,0,320,8.6690601998267e-11,2.7445659410653e-06,-1.0982468166781e-12,1.1105579999629e-13
321,0,0,321,8.6579315708797e-11,2.7506304580597e-06,-1.0974885025006e-12,1.1136244592974e-13
322,0,0,322,8.6467728804479e-11,2.7566908187961e-06,-1.0967382225295e-12,1.1166105819185e-13
323,0,0,323,8.6355849249257e-11,2.7627470672772e-06,-1.095995883863e-12,1.1195172968459e-13
324,0,0,324,8.6243684914772e-11,2.7687992469958e-06,-1.0952613943945e-12,1.1223455251397e-13
325,0,0,325,8.6131243581152e-11,2.7748474009387e-06,-1.0945346628097e-12,1.1250961799437e-13
326,0,0,326,8.6018532937801e-11,2.780891571592e-06,-1.0938155985815e-12,1.1277701665288e-13
327,0,0,327,8.5905560584184e-11,2.7869318009445e-06,-1.0931041119652e-12,1.1303683823385e-13
328,0,0,328,8.5792334030606e-11,2.7929681304926e-06,-1.0924001139945e-12,1.1328917170307e-13
329,0,0,329,8.5678860698987e-11,2.7990006012444e-06,-1.0917035164776e-12,1.1353410525232e-13
330,0,0,330,8.5565147923632e-11,2.8050292537238e-06,-1.0910142319921e-12,1.1377172630387e-13
331,0,0,331,8.5451202951998e-11,2.8110541279749e-06,-1.0903321738807e-12,1.140021215147e-13
332,0,0,332,8.5337032945456e-11,2.8170752635663e-06,-1.0896572562469e-12,1.1422537678122e-13
333,0,0,333,8.5222644980049e-11,2.8230926995951e-06,-1.0889893939503e-12,1.1444157724343e-13
334,0,0,334,8.5108046047243e-11,2.8291064746911e-06,-1.0880006448674e-12,1.1475283457363e-13
335,0,0,335,8.4993243054675e-11,2.835116627021e-06,-1.0871886751617e-12,1.1500022875057e-13
336,0,0,336,8.4878242825925e-11,2.8411231942871e-06,-1.0871886751617e-12,1.1500022875057e-13
337,0,0,337,8.4763052102249e-11,2.8471262137368e-06,-1.0865465203985e-12,1.1519072367631e-13
338,0,0,338,8.4647677545226e-11,2.8531257221774e-06,-1.0857529811286e-12,1.1541968888089e-13
339,0,0,339,8.4532125735535e-11,2.8591217559692e-06,-1.0851257046967e-12,1.1559530667222e-13
340,0,0,340,8.4416403172745e-11,2.8651143510242e-06,-1.0845049084199e-12,1.1576444484032e-13
341,0,0,341,8.4300516276997e-11,2.8711035428159e-06,-1.0838905130467e-12,1.1592718263613e-13
342,0,0,342,8.4184471389718e-11,2.8770893663827e-06,-1.083282440042e-12,1.1608359859464e-13
343,0,0,343,8.4068274774332e-11,2.883071856332e-06,-1.0826806115821e-12,1.1623377053938e-13
344,0,0,344,8.3951932616972e-11,2.8890510468444e-06,-1.0820849505504e-12,1.1637777558689e-13
345,0,0,345,8.3835451027181e-11,2.8950269716771e-06,-1.0812028559653e-12,1.1658238719042e-13
346,0,0,346,8.3718836038611e-11,2.9009996641682e-06,-1.0804782453221e-12,1.1674242960995e-13
347,0,0,347,8.3602093609002e-11,2.9069691572363e-06,-1.0804782453221e-12,1.1674242960995e-13
348,0,0,348,8.3485229621605e-11,2.9129354833885e-06,-1.07990503354e-12,1.1686398739644e-13
349,0,0,349,8.3368249886598e-11,2.918898674728e-06,-1.0793376324638e-12,1.1697973500677e-13
350,0,0,350,8.3251160141018e-11,2.9248587629543e-06,-1.0787759689545e-12,1.1708974557994e-13
351,0,0,351,8.313396604944e-11,2.9308157793662e-06,-1.0782199705496e-12,1.1719409157818e-13
352,0,0,352,8.3016673204649e-11,2.9367697548659e-06,-1.077669565459e-12,1.1729284479136e-13
353,0,0,353,8.2899287128307e-11,2.942720719963e-06,-1.0771246825606e-12,1.1738607634151e-13
354,0,0,354,8.278181327162e-11,2.9486687047773e-06,-1.0765852513954e-12,1.1747385668721e-13
355,0,0,355,8.2664257015992e-11,2.9546137390434e-06,-1.0760512021638e-12,1.1755625562815e-13
356,0,0,356,8.2546623673683e-11,2.9605558521137e-06,-1.0755224657201e-12,1.1763334230942e-13
357,0,0,357,8.2428918488456e-11,2.9664950729621e-06,-1.0749989735696e-12,1.1770518522607e-13
358,0,0,358,8.2311146636229e-11,2.9724314301879e-06,-1.0744806578623e-12,1.1777185222738e-13
359,0,0,359,8.2193313225708e-11,2.9783649520188e-06,-1.0739674513902e-12,1.1783341052146e-13
360,0,0,360,8.2075423299028e-11,2.9842956663148e-06,-1.0734592875817e-12,1.1788992667953e-13
361,0,0,361,8.1957481832388e-11,2.9902236005717e-06,-1.072956100498e-12,1.1794146664032e-13
362,0,0,362,8.1839493736673e-11,2.9961487819243e-06,-1.0724578248282e-12,1.1798809571453e-13
363,0,0,363,8.1721463858084e-11,3.0020712371502e-06,-1.0719643958851e-12,1.1802987858911e-13
364,0,0,364,8.1603396978752e-11,3.0079909926729e-06,-1.0714757496008e-12,1.180668793317e-13
365,0,0,365,8.1485297817357e-11,3.0139080745653e-06,-1.0709918225225e-12,1.1809916139499e-13
366,0,0,366,8.1367171029737e-11,3.0198225085532e-06,-1.0705125518079e-12,1.1812678762097e-13
367,0,0,367,8.1249021209491e-11,3.0257343200185e-06,-1.0700378752213e-12,1.1814982024539e-13
368,0,0,368,8.1130852888589e-11,3.0316435340026e-06,-1.0695677311285e-12,1.1816832090199e-13
369,0,0,369,8.1012670537962e-11,3.0375501752098e-06,-1.0691020584933e-12,1.1818235062682e-13
370,0,0,370,8.08944785681e-11,3.0434542680102e-06,-1.068640796873e-12,1.1819196986259e-13
371,0,0,371,8.0776281329637e-11,3.0493558364434e-06,-1.0681838864135e-12,1.1819723846292e-13
372,0,0,372,8.065808311394e-11,3.0552549042215e-06,-1.067731267846e-12,1.1819821569656e-13
373,0,0,373,8.0539888153688e-11,3.0611514947325e-06,-1.067282882482e-12,1.1819496025177e-13
374,0,0,374,8.0421700623448e-11,3.067045631043e-06,-1.0668386722094e-12,1.1818753024042e-13
375,0,0,375,8.0303524640246e-11,3.0729373359021e-06,-1.0663985794883e-12,1.1817598320232e-13
376,0,0,376,8.0185364264136e-11,3.0788266317438e-06,-1.0659625473463e-12,1.1816037610943e-13
377,0,0,377,8.0067223498766e-11,3.0847135406906e-06,-1.0655305193753e-12,1.1814076536999e-13
378,0,0,378,7.9949106291934e-11,3.0905980845565e-06,-1.0651024397261e-12,1.1811720683279e-13
379,0,0,379,7.9831016536142e-11,3.0964802848499e-06,-1.064678253105e-12,1.1808975579128e-13
380,0,0,380,7.9712958069154e-11,3.1023601627768e-06,-1.0642579047698e-12,1.1805846698779e-13
381,0,0,381,7.9594934674537e-11,3.1082377392438e-06,-1.0638413405245e-12,1.1802339461759e-13
382,0,0,382,7.9476950082204e-11,3.114113034861e-06,-1.0634285067169e-12,1.1798459233307e-13
383,0,0,383,7.9359007968956e-11,3.1199860699452e-06,-1.0630193502331e-12,1.1794211324783e-13
384,0,0,384,7.9241111959015e-11,3.1258568645225e-06,-1.0626138184939e-12,1.1789600994085e-13
385,0,0,385,7.9123265624555e-11,3.1317254383316e-06,-1.0622118594509e-12,1.1784633446039e-13
386,0,0,386,7.9005472486226e-11,3.1375918108265e-06,-1.061813421582e-12,1.1779313832823e-13
387,0,0,387,7.8887736013683e-11,3.1434560011795e-06,-1.0614184538879e-12,1.1773647254362e-13
388,0,0,388,7.8770059626096e-11,3.1493180282839e-06,-1.0610269058875e-12,1.1767638758734e-13
389,0,0,389,7.865244669267e-11,3.1551779107569e-06,-1.0606387276144e-12,1.1761293342569e-13
390,0,0,390,7.8534900533155e-11,3.1610356669426e-06,-1.0602538696124e-12,1.1754615951453e-13
391,0,0,391,7.8417424418352e-11,3.1668913149146e-06,-1.0598722829322e-12,1.1747611480316e-13
392,0,0,392,7.8300021570614e-11,3.1727448724788e-06,-1.0594939191266e-12,1.1740284773839e-13
393,0,0,393,7.8182695164345e-11,3.1785963571763e-06,-1.0591187302472e-12,1.173264062684e-13
394,0,0,394,7.8065448326499e-11,3.1844457862859e-06,-1.0587466688406e-12,1.172468378467e-13
395,0,0,395,7.7948284137063e-11,3.190293176827e-06,-1.0583776879435e-12,1.1716418943604e-13
396,0,0,396,7.783120562955e-11,3.1961385455623e-06,-1.05801174108e-12,1.170785075123e-13
397,0,0,397,7.7714215791482e-11,3.2019819090002e-06,-1.0576487822571e-12,1.1698983806826e-13
398,0,0,398,7.7597317564864e-11,3.2078232833977e-06,-1.0572887659607e-12,1.1689822661766e-13
399,0,0,399,7.7480513846666e-11,3.2136626847632e-06,-1.0569316471526e-12,1.168037181988e-13
400,0,0,400,7.7363807489287e-11,3.2195001288586e-06,-1.0565773812655e-12,1.1670635737852e-13
401,0,0,401,7.7247201301031e-11,3.2253356312023e-06,-1.0562259242003e-12,1.1660618825592e-13
402,0,0,402,7.7130698046565e-11,3.2311692070714e-06,-1.0558772323215e-12,1.1650325446614e-13
403,0,0,403,7.7014300447381e-11,3.2370008715049e-06,-1.0555312624539e-12,1.1639759918416e-13
404,0,0,404,7.6898011182252e-11,3.2428306393053e-06,-1.0551879718789e-12,1.1628926512848e-13
405,0,0,405,7.6781832887688e-11,3.248658525042e-06,-1.0548473183306e-12,1.1617829456488e-13
406,0,0,406,7.6665768158377e-11,3.254484543053e-06,-1.0545092599919e-12,1.1606472931014e-13
407,0,0,407,7.6549819547642e-11,3.2603087074479e-06,-1.0541737554912e-12,1.1594861073562e-13
408,0,0,408,7.6433989567871e-11,3.2661310321104e-06,-1.0538407638986e-12,1.1582997977104e-13
409,0,0,409,7.6318280690963e-11,3.2719515307e-06,-1.0535102447223e-12,1.1570887690813e-13
410,0,0,410,7.6202695348758e-11,3.2777702166553e-06,-1.0531821579047e-12,1.1558534220409e-13
411,0,0,411,7.6087235933473e-11,3.2835871031957e-06,-1.0528564638194e-12,1.1545941528537e-13
412,0,0,412,7.5971904798122e-11,3.2894022033243e-06,-1.0525331232667e-12,1.153311353512e-13
413,0,0,413,7.5856704256945e-11,3.2952155298296e-06,-1.0522120974711e-12,1.1520054117713e-13
414,0,0,414,7.5741636585826e-11,3.3010270952886e-06,-1.0518933480768e-12,1.1506767111856e-13
415,0,0,415,7.5626704022712e-11,3.3068369120684e-06,-1.0515768371448e-12,1.1493256311437e-13
416,0,0,416,7.5511908768022e-11,3.3126449923289e-06,-1.0512625271491e-12,1.1479525469029e-13
417,0,0,417,7.5397252985059e-11,3.3184513480249e-06,-1.0509503809735e-12,1.1465578296249e-13
418,0,0,418,7.5282738800418e-11,3.3242559909084e-06,-1.0506403619077e-12,1.1451418464099e-13
419,0,0,419,7.5168368304385e-11,3.3300589325307e-06,-1.050332433644e-12,1.1437049603314e-13
420,0,0,420,7.5054143551338e-11,3.3358601842449e-06,-1.0500265602743e-12,1.1422475304704e-13
421,0,0,421,7.4940066560143e-11,3.3416597572078e-06,-1.0497227062861e-12,1.1407699119493e-13
422,0,0,422,7.4826139314546e-11,3.3474576623822e-06,-1.0494208365594e-12,1.1392724559659e-13
423,0,0,423,7.4712363763564e-11,3.3532539105389e-06,-1.0491209163633e-12,1.1377555098271e-13
424,0,0,424,7.4598741821865e-11,3.3590485122591e-06,-1.0488229113526e-12,1.1362194169829e-13
425,0,0,425,7.448527537016e-11,3.3648414779362e-06,-1.0485267875648e-12,1.1346645170582e-13
426,0,0,426,7.4371966255571e-11,3.3706328177783e-06,-1.0482325114159e-12,1.1330911458877e-13
427,0,0,427,7.4258816292016e-11,3.3764225418098e-06,-1.0479400496982e-12,1.1314996355478e-13
428,0,0,428,7.4145827260577e-11,3.3822106598737e-06,-1.0476493695765e-12,1.1298903143891e-13
429,0,0,429,7.403300090987e-11,3.3879971816339e-06,-1.0473604385848e-12,1.1282635070695e-13
430,0,0,430,7.3920338956412e-11,3.3937821165766e-06,-1.0470732246231e-12,1.1266195345864e-13
431,0,0,431,7.3807843084981e-11,3.3995654740128e-06,-1.0467876959544e-12,1.1249587143085e-13
432,0,0,432,7.369551494898e-11,3.4053472630802e-06,-1.0465038212012e-12,1.1232813600073e-13
433,0,0,433,7.3583356170791e-11,3.411127492745e-06,-1.0462215693427e-12,1.1215877818905e-13
434,0,0,434,7.3471368342128e-11,3.4169061718042e-06,-1.0459409097113e-12,1.1198782866312e-13
435,0,0,435,7.3359553024388e-11,3.422683308887e-06,-1.0456618119898e-12,1.1181531774009e-13
436,0,0,436,7.3247911748998e-11,3.4284589124573e-06,-1.0453842462077e-12,1.1164127539001e-13
437,0,0,437,7.3136446017759e-11,3.4342329908149e-06,-1.045108182739e-12,1.1146573123889e-13
438,0,0,438,7.3025157303187e-11,3.4400055520983e-06,-1.0448335922983e-12,1.1128871457182e-13
439,0,0,439,7.2914047048851e-11,3.4457766042858e-06,-1.0445604459383e-12,1.1111025433596e-13
440,0,0,440,7.2803116669707e-11,3.4515461551977e-06,-1.0442887150464e-12,1.1093037914364e-13
441,0,0,441,7.2692367552432e-11,3.4573142124979e-06,-1.0440183713419e-12,1.1074911727537e-13
442,0,0,442,7.2581801055749e-11,3.4630807836961e-06,-1.0437493868731e-12,1.1056649668271e-13
443,0,0,443,7.2471418510758e-11,3.4688458761492e-06,-1.043481734014e-12,1.1038254499146e-13
444,0,0,444,7.2361221221253e-11,3.4746094970634e-06,-1.0432153854616e-12,1.1019728950436e-13
445,0,0,445,7.2251210464049e-11,3.4803716534956e-06,-1.0429503142329e-12,1.1001075720427e-13
446,0,0,446,7.2141387489292e-11,3.4861323523556e-06,-1.0426864936619e-12,1.0982297475687e-13
447,0,0,447,7.2031753520779e-11,3.4918916004076e-06,-1.042423897397e-12,1.0963396851373e-13
448,0,0,448,7.1922309756264e-11,3.4976494042716e-06,-1.0421624993978e-12,1.0944376451506e-13
449,0,0,449,7.1813057367771e-11,3.5034057704259e-06,-1.0419022739321e-12,1.0925238849259e-13
450,0,0,450,7.1703997501898e-11,3.5091607052081e-06,-1.0416431955738e-12,1.0905986587252e-13
451,0,0,451,7.159513128012e-11,3.514914214817e-06,-1.0413852391993e-12,1.0886622177815e-13
452,0,0,452,7.1486459799087e-11,3.5206663053141e-06,-1.0411283799849e-12,1.0867148103281e-13
453,0,0,453,7.1377984130925e-11,3.5264169826257e-06,-1.0408725934046e-12,1.0847566816262e-13
454,0,0,454,7.1269705323526e-11,3.5321662525441e-06,-1.0406178552264e-12,1.082788073992e-13
455,0,0,455,7.1161624400843e-11,3.5379141207293e-06,-1.04036414151e-12,1.0808092268246e-13
456,0,0,456,7.105374236318e-11,3.5436605927105e-06,-1.0401114286047e-12,1.078820376633e-13
457,0,0,457,7.0946060187474e-11,3.5494056738881e-06,-1.0398596931455e-12,1.0768217570633e-13
458,0,0,458,7.0838578827581e-11,3.5551493695348e-06,-1.0396089120512e-12,1.0748135989249e-13
459,0,0,459,7.0731299214559e-11,3.5608916847973e-06,-1.0393590625215e-12,1.0727961302183e-13
460,0,0,460,7.0624222256943e-11,3.5666326246981e-06,-1.0391101220347e-12,1.0707695761605e-13
461,0,0,461,7.0517348841022e-11,3.5723721941365e-06,-1.0388620683445e-12,1.0687341592118e-13
462,0,0,462,7.0410679831112e-11,3.5781103978905e-06,-1.0386148794777e-12,1.0666900991016e-13
463,0,0,463,7.0304216069826e-11,3.5838472406183e-06,-1.0383685337317e-12,1.0646376128545e-13
464,0,0,464,7.0197958378345e-11,3.5895827268596e-06,-1.0381230096717e-12,1.0625769148159e-13
465,0,0,465,7.0091907556677e-11,3.5953168610371e-06,-1.0378782861283e-12,1.060508216678e-13
466,0,0,466,6.9986064383927e-11,3.601049647458e-06,-1.037634342195e-12,1.058431727504e-13
467,0,0,467,6.9880429618551e-11,3.6067810903156e-06,-1.0373911572256e-12,1.0563476537545e-13
468,0,0,468,6.977500399862e-11,3.6125111936904e-06,-1.0371487108315e-12,1.0542561993117e-13
469,0,0,469,6.966978824207e-11,3.6182399615516e-06,-1.0369069828798e-12,1.0521575655047e-13
470,0,0,470,6.9564783046956e-11,3.6239673977587e-06,-1.0366659534902e-12,1.0500519511335e-13
471,0,0,471,6.9459989091707e-11,3.6296935060628e-06,-1.0364256030328e-12,1.0479395524941e-13
472,0,0,472,6.9355407035367e-11,3.6354182901077e-06,-1.0361859121261e-12,1.0458205634022e-13
473,0,0,473,6.9251037517845e-11,3.6411417534316e-06,-1.0359468616336e-12,1.0436951752172e-13
474,0,0,474,6.9146881160158e-11,3.6468638994684e-06,-1.0357084326627e-12,1.0415635768671e-13
475,0,0,475,6.9042938564671e-11,3.6525847315489e-06,-1.035470606561e-12,1.0394259548711e-13
476,0,0,476,6.8939210315335e-11,3.658304252902e-06,-1.0352333649148e-12,1.0372824933631e-13
477,0,0,477,6.8835696977923e-11,3.6640224666564e-06,-1.034996689547e-12,1.0351333741163e-13
478,0,0,478,6.8732399100267e-11,3.6697393758416e-06,-1.0347605625136e-12,1.0329787765649e-13
479,0,0,479,6.8629317212484e-11,3.6754549833891e-06,-1.0345249661028e-12,1.030818877828e-13
480,0,0,480,6.8526451827211e-11,3.681169292134e-06,-1.0342898828314e-12,1.028653852732e-13
481,0,0,481,6.8423803439827e-11,3.686882304816e-06,-1.0340552954439e-12,1.0264838738335e-13
482,0,0,482,6.8321372528683e-11,3.6925940240807e-06,-1.0338211869089e-12,1.0243091114421e-13
483,0,0,483,6.8219159555319e-11,3.6983044524808e-06,-1.0335875404179e-12,1.0221297336415e-13
484,0,0,484,6.8117164964688e-11,3.7040135924774e-06,-1.0333543393826e-12,1.0199459063131e-13
485,0,0,485,6.8015389185372e-11,3.7097214464411e-06,-1.0331215674327e-12,1.0177577931573e-13
486,0,0,486,6.79138326298e-11,3.7154280166533e-06,-1.0328892084139e-12,1.0155655557149e-13
487,0,0,487,6.7812495694461e-11,3.7211333053074e-06,-1.0326572463858e-12,1.0133693533894e-13
488,0,0,488,6.7711378760115e-11,3.7268373145097e-06,-1.0324256656193e-12,1.0111693434683e-13
489,0,0,489,6.7610482192e-11,3.732540046281e-06,-1.032194450595e-12,1.008965681144e-13
490,0,0,490,6.7509806340047e-11,3.7382415025572e-06,-1.0319635860008e-12,1.0067585195352e-13
491,0,0,491,6.7409351539076e-11,3.7439416851911e-06,-1.0317330567299e-12,1.0045480097085e-13
492,0,0,492,6.7309118109006e-11,3.7496405959528e-06,-1.0315028478788e-12,1.0023343006974e-13
493,0,0,493,6.7209106355054e-11,3.7553382365315e-06,-1.0312729447448e-12,1.0001175395253e-13
494,0,0,494,6.7109316567931e-11,3.7610346085361e-06,-1.0310433328246e-12,9.9789787122368e-14
495,0,0,495,6.7009749024046e-11,3.7667297134964e-06,-1.0308139978119e-12,9.9567543885438e-14
496,0,0,496,6.6910403985693e-11,3.7724235528643e-06,-1.0305849255955e-12,9.9345038352793e-14
497,0,0,497,6.681128170125e-11,3.7781161280149e-06,-1.0303561022569e-12,9.9122284442535e-14
498,0,0,498,6.6712382405369e-11,3.7838074402473e-06,-1.0301275140691e-12,9.8899295881596e-14
499,0,0,499,6.6613706319161e-11,3.789497490786e-06,-1.0298991474939e-12,9.8676086207913e-14
500,0,0,500,6.6515253650389e-11,3.7951862807814e-06,-1.0296709891805e-12,9.8452668772207e-14
501,0,0,501,6.6417024593649e-11,3.8008738113116e-06,-1.029443025963e-12,9.8229056740012e-14
502,0,0,502,6.6319019330555e-11,3.8065600833827e-06,-1.029215244859e-12,9.8005263093541e-14
503,0,0,503,6.6221238029921e-11,3.81224509793e-06,-1.0289876330677e-12,9.7781300633659e-14
504,0,0,504,6.612368084794e-11,3.8179288558193e-06,-1.0287601779671e-12,9.755718198167e-14
505,0,0,505,6.6026347928359e-11,3.8236113578476e-06,-1.0285328671139e-12,9.7332919581291e-14
506,0,0,506,6.5929239402658e-11,3.8292926047439e-06,-1.0283056882396e-12,9.7108525700424e-14
507,0,0,507,6.5832355390225e-11,3.8349725971707e-06,-1.0280786292498e-12,9.6884012433044e-14
508,0,0,508,6.5735695998524e-11,3.8406513357244e-06,-1.0278516782231e-12,9.6659391701035e-14
509,0,0,509,6.5639261323268e-11,3.8463288209366e-06,-1.0276248234072e-12,9.6434675255931e-14
510,0,0,510,6.5543051448587e-11,3.8520050532749e-06,-1.0273980532191e-12,9.6209874680807e-14
511,0,0,511,6.5447066447195e-11,3.8576800331436e-06,-1.027171356242e-12,9.5985001391971e-14
512,0,0,512,6.5351306380554e-11,3.8633537608852e-06,-1.0269447212247e-12,9.5760066640824e-14
513,0,0,513,6.5255771299039e-11,3.8690262367806e-06,-1.0267181370788e-12,9.5535081515489e-14
514,0,0,514,6.5160461242096e-11,3.8746974610507e-06,-1.0264915928769e-12,9.5310056942673e-14
515,0,0,515,6.5065376238407e-11,3.8803674338565e-06,-1.0262650778525e-12,9.5085003689295e-14
516,0,0,516,6.4970516306043e-11,3.8860361553007e-06,-1.0260385813963e-12,9.485993236423e-14
517,0,0,517,6.4875881452623e-11,3.8917036254281e-06,-1.0258120930553e-12,9.4634853420032e-14
518,0,0,518,6.4781471675468e-11,3.8973698442266e-06,-1.0255856025319e-12,9.4409777154554e-14
519,0,0,519,6.4687286961756e-11,3.9030348116281e-06,-1.0253590996807e-12,9.4184713712611e-14
520,0,0,520,6.4593327288668e-11,3.9086985275094e-06,-1.0251325745083e-12,9.3959673087748e-14
521,0,0,521,6.4499592623544e-11,3.9143609916926e-06,-1.0249060171705e-12,9.3734665123659e-14
522,0,0,522,6.4406082924028e-11,3.9200222039466e-06,-1.0246794179714e-12,9.3509699516025e-14
523,0,0,523,6.4312798138214e-11,3.9256821639873e-06,-1.024452767362e-12,9.3284785814026e-14
524,0,0,524,6.4219738204792e-11,3.9313408714787e-06,-1.0242260559376e-12,9.3059933421866e-14
525,0,0,525,6.4126903053192e-11,3.9369983260336e-06,-1.023999274437e-12,9.2835151600517e-14
526,0,0,526,6.4034292603723e-11,3.9426545272145e-06,-1.0237724137408e-12,9.261044946914e-14
527,0,0,527,6.3941906767716e-11,3.9483094745342e-06,-1.0235454648703e-12,9.2385836006691e-14
528,0,0,528,6.3849745447662e-11,3.9539631674568e-06,-1.0233184189843e-12,9.2161320053482e-14
529,0,0,529,6.375780853735e-11,3.9596156053981e-06,-1.0230912673801e-12,9.1936910312667e-14
530,0,0,530,6.3666095921998e-11,3.9652667877268e-06,-1.0228640014894e-12,9.1712615351809e-14
531,0,0,531,6.3574607478394e-11,3.9709167137648e-06,-1.0226366128789e-12,9.1488443604299e-14
532,0,0,532,6.3483343075023e-11,3.9765653827882e-06,-1.0224090932478e-12,9.126440337088e-14
533,0,0,533,6.3392302572202e-11,3.9822127940281e-06,-1.0221814344258e-12,9.1040502821176e-14
534,0,0,534,6.3301485822207e-11,3.9878589466711e-06,-1.0219536283733e-12,9.0816749995074e-14
535,0,0,535,6.3210892669402e-11,3.9935038398599e-06,-1.0217256671782e-12,9.0593152804166e-14
536,0,0,536,6.3120522950369e-11,3.9991474726945e-06,-1.0214975430555e-12,9.0369719033284e-14
537,0,0,537,6.3030376494027e-11,4.0047898442323e-06,-1.0212692483459e-12,9.0146456341795e-14
538,0,0,538,6.2940453121762e-11,4.0104309534893e-06,-1.0210407755134e-12,8.9923372265071e-14
539,0,0,539,6.2850752647546e-11,4.0160707994404e-06,-1.0208121171455e-12,8.9700474215903e-14
540,0,0,540,6.276127487806e-11,4.0217093810202e-06,-1.0205832659499e-12,8.9477769485888e-14
541,0,0,541,6.2672019612814e-11,4.0273466971238e-06,-1.0203542147551e-12,8.9255265246669e-14
542,0,0,542,6.2582986644262e-11,4.0329827466073e-06,-1.0201249565074e-12,8.9032968551537e-14
543,0,0,543,6.2494175757926e-11,4.0386175282883e-06,-1.0198954842709e-12,8.8810886336519e-14
544,0,0,544,6.2405586732504e-11,4.044251040947e-06,-1.0196657912247e-12,8.8589025421925e-14
545,0,0,545,6.231721933999e-11,4.0498832833264e-06,-1.0194358706629e-12,8.8367392513503e-14
546,0,0,546,6.2229073345786e-11,4.055514254133e-06,-1.0192057159932e-12,8.814599420388e-14
547,0,0,547,6.2141148508813e-11,4.0611439520376e-06,-1.018975320734e-12,8.7924836973759e-14
548,0,0,548,6.2053444581619e-11,4.0667723756758e-06,-1.0187446785153e-12,8.7703927193271e-14
549,0,0,549,6.1965961310496e-11,4.0723995236486e-06,-1.0185137830761e-12,8.7483271123242e-14
550,0,0,550,6.187869843558e-11,4.078025394523e-06,-1.0182826282632e-12,8.726287491641e-14
551,0,0,551,6.1791655690961e-11,4.0836499868325e-06,-1.018051208031e-12,8.7042744618741e-14
552,0,0,552,6.170483280479e-11,4.0892732990781e-06,-1.0178195164383e-12,8.6822886170595e-14
553,0,0,553,6.1618229499382e-11,4.0948953297281e-06,-1.017587547649e-12,8.6603305408039e-14
554,0,0,554,6.1531845491318e-11,4.1005160772194e-06,-1.0173552959305e-12,8.638400806398e-14
555,0,0,555,6.1445680491549e-11,4.1061355399578e-06,-1.0171227556507e-12,8.6164999769449e-14
556,0,0,556,6.1359734205494e-11,4.1117537163184e-06,-1.0168899212799e-12,8.5946286054703e-14
557,0,0,557,6.1274006333144e-11,4.1173706046465e-06,-1.0166567873868e-12,8.5727872350508e-14
558,0,0,558,6.1188496569154e-11,4.1229862032578e-06,-1.016423348639e-12,8.550976398927e-14
559,0,0,559,6.1103204602948e-11,4.128600510439e-06,-1.0161895998007e-12,8.5291966206149e-14
560,0,0,560,6.1018130118808e-11,4.1342135244486e-06,-1.015955535733e-12,8.5074484140253e-14
561,0,0,561,6.0933272795972e-11,4.1398252435171e-06,-1.0157211513913e-12,8.4857322835817e-14
562,0,0,562,6.0848632308729e-11,4.1454356658476e-06,-1.0154864418251e-12,8.4640487243274e-14
563,0,0,563,6.0764208326509e-11,4.1510447896165e-06,-1.0152514021762e-12,8.442398222033e-14
564,0,0,564,6.0680000513975e-11,4.1566526129739e-06,-1.0150160276785e-12,8.4207812533241e-14
565,0,0,565,6.0596008531118e-11,4.1622591340438e-06,-1.014780313656e-12,8.3991982857682e-14
566,0,0,566,6.0512232033338e-11,4.1678643509251e-06,-1.014544255522e-12,8.3776497780035e-14
567,0,0,567,6.0428670671539e-11,4.1734682616919e-06,-1.0143078487784e-12,8.3561361798326e-14
568,0,0,568,6.0345324092216e-11,4.1790708643936e-06,-1.014071089014e-12,8.3346579323381e-14
569,0,0,569,6.0262191937536e-11,4.184672157056e-06,-1.0138339719043e-12,8.3132154679815e-14
570,0,0,570,6.0179273845429e-11,4.1902721376815e-06,-1.0135964932093e-12,8.2918092107122e-14
571,0,0,571,6.0096569449668e-11,4.1958708042493e-06,-1.0133586487736e-12,8.2704395760711e-14
572,0,0,572,6.0014078379955e-11,4.2014681547163e-06,-1.0131204345247e-12,8.2491069712893e-14
573,0,0,573,5.9931800262002e-11,4.2070641870173e-06,-1.0128818464719e-12,8.2278117953898e-14
574,0,0,574,5.9849734717609e-11,4.2126588990654e-06,-1.012642880706e-12,8.2065544392969e-14
575,0,0,575,5.9767881364749e-11,4.2182522887526e-06,-1.0124035333975e-12,8.1853352859214e-14
576,0,0,576,5.9686239817647e-11,4.2238443539504e-06,-1.0121638007964e-12,8.1641547102736e-14
577,0,0,577,5.9604809686851e-11,4.2294350925097e-06,-1.0119236792303e-12,8.1430130795478e-14
578,0,0,578,5.9523590579319e-11,4.2350245022616e-06,-1.0116831651043e-12,8.1219107532317e-14
579,0,0,579,5.9442582098487e-11,4.240612581018e-06,-1.0114422548994e-12,8.1008480831897e-14
580,0,0,580,5.9361783844349e-11,4.2461993265714e-06,-1.0112009451719e-12,8.0798254137682e-14
581,0,0,581,5.928119541353e-11,4.251784736696e-06,-1.0109592325526e-12,8.0588430818842e-14
582,0,0,582,5.9200816399359e-11,4.2573688091477e-06,-1.0107171137454e-12,8.0379014171175e-14
583,0,0,583,5.9120646391941e-11,4.2629515416644e-06,-1.0104745855269e-12,8.0170007418061e-14
584,0,0,584,5.904068497823e-11,4.2685329319668e-06,-1.0102316447447e-12,7.9961413711357e-14
585,0,0,585,5.8960931742098e-11,4.2741129777587e-06,-1.0099882883177e-12,7.9753236132258e-14
586,0,0,586,5.8881386264405e-11,4.2796916767268e-06,-1.009744513234e-12,7.954547769231e-14
587,0,0,587,5.8802048123071e-11,4.285269026542e-06,-1.0095003165509e-12,7.9338141334141e-14
588,0,0,588,5.8722916893139e-11,4.2908450248591e-06,-1.0092556953933e-12,7.9131229932426e-14
589,0,0,589,5.8643992146844e-11,4.2964196693174e-06,-1.0090106469537e-12,7.8924746294757e-14
590,0,0,590,5.8565273453681e-11,4.3019929575411e-06,-1.0087651684903e-12,7.8718693162475e-14
591,0,0,591,5.848676038047e-11,4.3075648871396e-06,-1.0085192573272e-12,7.8513073211522e-14
592,0,0,592,5.8408452491417e-11,4.3131354557078e-06,-1.0082729108525e-12,7.830788905327e-14
593,0,0,593,5.8330349348181e-11,4.3187046608267e-06,-1.0080261265188e-12,7.8103143235395e-14
594,0,0,594,5.8252450509939e-11,4.3242725000634e-06,-1.0077789018406e-12,7.789883824267e-14
595,0,0,595,5.8174755533441e-11,4.3298389709717e-06,-1.0075312343955e-12,7.7694976497746e-14
596,0,0,596,5.8097263973079e-11,4.3354040710922e-06,-1.0072831218214e-12,7.7491560362068e-14
597,0,0,597,5.8019975380942e-11,4.3409677979531e-06,-1.0070345618179e-12,7.7288592136543e-14
598,0,0,598,5.794288930688e-11,4.3465301490699e-06,-1.0067855521426e-12,7.708607406241e-14
599,0,0,599,5.7866005298558e-11,4.3520911219462e-06,-1.0065360906137e-12,7.6884008322024e-14
600,0,0,600,5.7789322901518e-11,4.3576507140739e-06,-1.0062861751066e-12,7.6682397039571e-14
601,0,0,601,5.7712841659236e-11,4.3632089229333e-06,-1.0060358035542e-12,7.6481242281931e-14
602,0,0,602,5.7636561113177e-11,4.3687657459938e-06,-1.005784973946e-12,7.6280546059319e-14
603,0,0,603,5.7560480802851e-11,4.3743211807138e-06,-1.0055336843274e-12,7.6080310326145e-14
604,0,0,604,5.7484600265869e-11,4.3798752245414e-06,-1.0052819327992e-12,7.5880536981679e-14
605,0,0,605,5.7408919037998e-11,4.3854278749145e-06,-1.0050297175159e-12,7.5681227870845e-14
606,0,0,606,5.7333436653213e-11,4.3909791292608e-06,-1.0047770366863e-12,7.5482384784896e-14
607,0,0,607,5.7258152643751e-11,4.3965289849988e-06,-1.0045238885717e-12,7.5284009462177e-14
608,0,0,608,5.7183066540162e-11,4.4020774395374e-06,-1.0042702714859e-12,7.5086103588805e-14
609,0,0,609,5.7108177871363e-11,4.4076244902766e-06,-1.0040161837942e-12,7.4888668799401e-14
610,0,0,610,5.7033486164685e-11,4.4131701346076e-06,-1.0037616239121e-12,7.4691706677781e-14
611,0,0,611,5.6958990945928e-11,4.4187143699131e-06,-1.0035065903062e-12,7.4495218757629e-14
612,0,0,612,5.6884691739404e-11,4.4242571935678e-06,-1.0032510814919e-12,7.4299206523198e-14
613,0,0,613,5.6810588067994e-11,4.4297986029381e-06,-1.0029950960335e-12,7.4103671409988e-14
614,0,0,614,5.6736679453189e-11,4.4353385953831e-06,-1.0027386325433e-12,7.3908614805402e-14
615,0,0,615,5.666296541514e-11,4.4408771682543e-06,-1.0024816896813e-12,7.3714038049421e-14
616,0,0,616,5.6589445472704e-11,4.446414318896e-06,-1.0022242661538e-12,7.3519942435243e-14
617,0,0,617,5.6516119143494e-11,4.4519500446458e-06,-1.001966360714e-12,7.3326329209955e-14
618,0,0,618,5.6442985943919e-11,4.4574843428345e-06,-1.0017079721598e-12,7.3133199575138e-14
619,0,0,619,5.6370045389232e-11,4.4630172107867e-06,-1.0014490993341e-12,7.2940554687541e-14
620,0,0,620,5.6297296993572e-11,4.4685486458205e-06,-1.0011897411245e-12,7.2748395659696e-14
621,0,0,621,5.6224740270011e-11,4.4740786452485e-06,-1.0009298964616e-12,7.2556723560507e-14
622,0,0,622,5.6152374730596e-11,4.4796072063773e-06,-1.0006695643197e-12,7.2365539415904e-14
623,0,0,623,5.6080199886386e-11,4.4851343265083e-06,-1.0004087437145e-12,7.2174844209451e-14
624,0,0,624,5.6008215247503e-11,4.4906600029376e-06,-1.0001474337043e-12,7.1984638882906e-14
625,0,0,625,5.5936420323166e-11,4.4961842329563e-06,-9.9988563338841e-13,7.1794924336854e-14
626,0,0,626,5.5864814621735e-11,4.5017070138509e-06,-9.9962334190651e-13,7.160570143128e-14
627,0,0,627,5.5793397650749e-11,4.507228342903e-06,-9.9936055843855e-13,7.1416970986159e-14
628,0,0,628,5.5722168916967e-11,4.5127482173903e-06,-9.9909728220357e-13,7.1228733782019e-14
629,0,0,629,5.5651127926406e-11,4.5182666345862e-06,-9.9883351245998e-13,7.1040990560512e-14
630,0,0,630,5.5580274184381e-11,4.5237835917603e-06,-9.9856924850409e-13,7.0853742024987e-14
631,0,0,631,5.550960719554e-11,4.5292990861784e-06,-9.983044896702e-13,7.066698884104e-14
632,0,0,632,5.5439126463903e-11,4.5348131151028e-06,-9.9803923532942e-13,7.0480731637044e-14
633,0,0,633,5.5368831492899e-11,4.5403256757928e-06,-9.9777348489043e-13,7.0294971004762e-14
634,0,0,634,5.5298721785399e-11,4.5458367655044e-06,-9.975072377967e-13,7.0109707499783e-14
635,0,0,635,5.5228796843757e-11,4.5513463814908e-06,-9.9724049352835e-13,6.9924941642131e-14
636,0,0,636,5.515905616984e-11,4.5568545210024e-06,-9.9697325160045e-13,6.974067391678e-14
637,0,0,637,5.5089499265066e-11,4.5623611812872e-06,-9.967055115621e-13,6.9556904774143e-14
638,0,0,638,5.5020125630435e-11,4.5678663595911e-06,-9.964372729966e-13,6.9373634630627e-14
639,0,0,639,5.4950934766566e-11,4.5733700531575e-06,-9.9616853552098e-13,6.9190863869088e-14
640,0,0,640,5.4881926173727e-11,4.5788722592281e-06,-9.9589929878552e-13,6.900859283941e-14
641,0,0,641,5.4813099351868e-11,4.5843729750429e-06,-9.9562956247196e-13,6.882682185894e-14
642,0,0,642,5.4744453800655e-11,4.5898721978401e-06,-9.9535932629558e-13,6.8645551213003e-14
643,0,0,643,5.4675989019499e-11,4.5953699248567e-06,-9.9508859000173e-13,6.8464781155377e-14
644,0,0,644,5.460770450759e-11,4.6008661533283e-06,-9.9481735336766e-13,6.8284511908811e-14
645,0,0,645,5.4539599763925e-11,4.6063608804897e-06,-9.9454561620141e-13,6.8104743665444e-14
646,0,0,646,5.4471674287338e-11,4.6118541035744e-06,-9.9427337834032e-13,6.7925476587326e-14
647,0,0,647,5.4403927576531e-11,4.6173458198156e-06,-9.9400063965161e-13,6.7746710806851e-14
648,0,0,648,5.4336359130104e-11,4.6228360264456e-06,-9.9372740003258e-13,6.7568446427235e-14
649,0,0,649,5.4268968446581e-11,4.6283247206965e-06,-9.9345365940778e-13,6.7390683522946e-14
650,0,0,650,5.420175502444e-11,4.6338118998e-06,-9.9317941773139e-13,6.72134221402e-14
651,0,0,651,5.4134718362143e-11,4.6392975609877e-06,-9.9290467498453e-13,6.7036662297358e-14
652,0,0,652,5.4067857958158e-11,4.6447817014915e-06,-9.9262943117611e-13,6.6860403985366e-14
653,0,0,653,5.400117331099e-11,4.6502643185431e-06,-9.9235368634184e-13,6.6684647168235e-14
654,0,0,654,5.3934663919206e-11,4.6557454093748e-06,-9.9207744054444e-13,6.6509391783428e-14
655,0,0,655,5.3868329281464e-11,4.6612249712194e-06,-9.9180069387174e-13,6.633463774229e-14
656,0,0,656,5.3802168896533e-11,4.6667030013102e-06,-9.9152344643843e-13,6.6160384930488e-14
657,0,0,657,5.3736182263325e-11,4.6721794968814e-06,-9.9124569838371e-13,6.5986633208396e-14
658,0,0,658,5.3670368880913e-11,4.677654455168e-06,-9.9096744987179e-13,6.5813382411523e-14
659,0,0,659,5.3604728248562e-11,4.6831278734061e-06,-9.906887010917e-13,6.5640632350914e-14
660,0,0,660,5.3539259865749e-11,4.6885997488329e-06,-9.9040945225592e-13,6.5468382813546e-14
661,0,0,661,5.3473963232186e-11,4.694070078687e-06,-9.9012970360103e-13,6.5296633562755e-14
662,0,0,662,5.3408837847848e-11,4.6995388602085e-06,-9.8984945538704e-13,6.512538433854e-14
663,0,0,663,5.334388321299e-11,4.7050060906389e-06,-9.8956870789635e-13,6.4954634858058e-14
664,0,0,664,5.3279098828174e-11,4.7104717672214e-06,-9.8928746143421e-13,6.4784384815943e-14
665,0,0,665,5.3214484194289e-11,4.7159358872011e-06,-9.8900571632794e-13,6.4614633884677e-14
666,0,0,666,5.3150038812574e-11,4.721398447825e-06,-9.8872347292663e-13,6.444538171499e-14
667,0,0,667,5.3085762184638e-11,4.7268594463421e-06,-9.8844073160055e-13,6.4276627936233e-14
668,0,0,668,5.3021653812481e-11,4.7323188800037e-06,-9.8815749274155e-13,6.4108372156698e-14
669,0,0,669,5.2957713198517e-11,4.7377767460632e-06,-9.8787375676158e-13,6.3940613964021e-14
670,0,0,670,5.2893939845591e-11,4.7432330417764e-06,-9.8758952409315e-13,6.3773352925531e-14
671,0,0,671,5.2830333257003e-11,4.7486877644017e-06,-9.8730479518852e-13,6.3606588588577e-14
672,0,0,672,5.2766892936522e-11,4.7541409112002e-06,-9.8701957052021e-13,6.3440320480879e-14
673,0,0,673,5.2703618388411e-11,4.7595924794354e-06,-9.8673385057912e-13,6.327454811091e-14
674,0,0,674,5.2640509117443e-11,4.765042466374e-06,-9.8644763587564e-13,6.3109270968176e-14
675,0,0,675,5.2577564628919e-11,4.7704908692852e-06,-9.8616092693884e-13,6.2944488523607e-14
676,0,0,676,5.251478442869e-11,4.7759376854417e-06,-9.8587372431575e-13,6.2780200229833e-14
677,0,0,677,5.2452168023168e-11,4.7813829121189e-06,-9.8558602857163e-13,6.2616405521536e-14
678,0,0,678,5.2389714919352e-11,4.7868265465956e-06,-9.8529784028877e-13,6.2453103815786e-14
679,0,0,679,5.232742462484e-11,4.792268586154e-06,-9.8500916006768e-13,6.2290294512353e-14
680,0,0,680,5.2265296647846e-11,4.7977090280795e-06,-9.8471998852516e-13,6.2127976993986e-14
681,0,0,681,5.2203330497219e-11,4.8031478696613e-06,-9.844303262953e-13,6.1966150626761e-14
682,0,0,682,5.2141525682459e-11,4.8085851081918e-06,-9.8414017402753e-13,6.1804814760391e-14
683,0,0,683,5.207988171373e-11,4.8140207409674e-06,-9.8384953238862e-13,6.1643968728485e-14
684,0,0,684,5.2018398101881e-11,4.8194547652882e-06,-9.8355840206018e-13,6.1483611848924e-14
685,0,0,685,5.1957074358457e-11,4.8248871784581e-06,-9.8326678373981e-13,6.1323743424057e-14
686,0,0,686,5.1895909995716e-11,4.8303179777848e-06,-9.8297467814009e-13,6.1164362741075e-14
687,0,0,687,5.1834904526644e-11,4.8357471605803e-06,-9.826820859885e-13,6.1005469072266e-14
688,0,0,688,5.1774057464969e-11,4.8411747241606e-06,-9.8238900802722e-13,6.0847061675293e-14
689,0,0,689,5.1713368325175e-11,4.8466006658457e-06,-9.8209544501255e-13,6.0689139793499e-14
690,0,0,690,5.1652836622519e-11,4.8520249829602e-06,-9.8180139771534e-13,6.0531702656146e-14
691,0,0,691,5.159246187304e-11,4.8574476728327e-06,-9.8150686691964e-13,6.0374749478736e-14
692,0,0,692,5.1532243593577e-11,4.8628687327963e-06,-9.8121185342328e-13,6.0218279463242e-14
693,0,0,693,5.1472181301779e-11,4.8682881601888e-06,-9.8091635803745e-13,6.0062291798412e-14
694,0,0,694,5.1412274516119e-11,4.8737059523523e-06,-9.8062038158606e-13,5.990678565998e-14
695,0,0,695,5.1352522755908e-11,4.8791221066335e-06,-9.8032392490602e-13,5.9751760210981e-14
696,0,0,696,5.1292925541306e-11,4.884536620384e-06,-9.800269888464e-13,5.9597214601978e-14
697,0,0,697,5.1233482393334e-11,4.8899494909601e-06,-9.7972957426897e-13,5.9443147971308e-14
698,0,0,698,5.1174192833889e-11,4.8953607157228e-06,-9.7943168204668e-13,5.9289559445391e-14
699,0,0,699,5.111505638575e-11,4.9007702920381e-06,-9.7913331306508e-13,5.9136448138871e-14
700,0,0,700,5.1056072572595e-11,4.9061782172769e-06,-9.7883446822058e-13,5.8983813154963e-14
701,0,0,701,5.0997240919009e-11,4.9115844888151e-06,-9.785351484208e-13,5.8831653585654e-14
702,0,0,702,5.0938560950498e-11,4.9169891040338e-06,-9.78235354585e-13,5.8679968511908e-14
703,0,0,703,5.0880032193494e-11,4.9223920603191e-06,-9.7793508764242e-13,5.8528757003974e-14
704,0,0,704,5.0821654175372e-11,4.9277933550624e-06,-9.7763434853332e-13,5.8378018121529e-14
705,0,0,705,5.0763426424458e-11,4.9331929856602e-06,-9.7733313820793e-13,5.8227750914e-14
706,0,0,706,5.0705348470037e-11,4.9385909495145e-06,-9.7703145762676e-13,5.8077954420707e-14
707,0,0,707,5.0647419842366e-11,4.9439872440325e-06,-9.7672930776044e-13,5.7928627671141e-14
708,0,0,708,5.0589640072681e-11,4.9493818666269e-06,-9.7642668958848e-13,5.7779769685151e-14
709,0,0,709,5.0532008693208e-11,4.9547748147159e-06,-9.7612360410051e-13,5.7631379473197e-14
710,0,0,710,5.0474525237171e-11,4.960166085723e-06,-9.7582005229492e-13,5.7483456036503e-14
711,0,0,711,5.0417189238804e-11,4.9655556770776e-06,-9.7551603517926e-13,5.733599836735e-14
712,0,0,712,5.0360000233355e-11,4.9709435862145e-06,-9.7521155377002e-13,5.7189005449211e-14
713,0,0,713,5.0302957757098e-11,4.9763298105741e-06,-9.7490660909193e-13,5.7042476256976e-14
714,0,0,714,5.0246061347341e-11,4.9817143476027e-06,-9.7460120217832e-13,5.6896409757218e-14
715,0,0,715,5.0189310542432e-11,4.9870971947523e-06,-9.7429533407049e-13,5.6750804908273e-14
716,0,0,716,5.0132704881772e-11,4.9924783494806e-06,-9.7398900581818e-13,5.660566066055e-14
717,0,0,717,5.0076243905815e-11,4.9978578092512e-06,-9.7368221847833e-13,5.6460975956655e-14
718,0,0,718,5.0019927156083e-11,5.0032355715336e-06,-9.7337497311554e-13,5.6316749731637e-14
719,0,0,719,4.996375417517e-11,5.0086116338032e-06,-9.7306727080239e-13,5.617298091311e-14
720,0,0,720,4.9907724506749e-11,5.0139859935414e-06,-9.7275911261789e-13,5.6029668421511e-14
721,0,0,721,4.9851837695579e-11,5.0193586482356e-06,-9.7245049964858e-13,5.5886811170229e-14
722,0,0,722,4.9796093287513e-11,5.0247295953792e-06,-9.7214143298773e-13,5.5744408065822e-14
723,0,0,723,4.9740490829505e-11,5.0300988324716e-06,-9.7183191373535e-13,5.5602458008191e-14
724,0,0,724,4.9685029869614e-11,5.0354663570186e-06,-9.7152194299777e-13,5.5460959890731e-14
725,0,0,725,4.9629709957013e-11,5.0408321665318e-06,-9.7121152188741e-13,5.5319912600533e-14
726,0,0,726,4.9574530641995e-11,5.0461962585291e-06,-9.7090065152346e-13,5.5179315018553e-14
727,0,0,727,4.9519491475975e-11,5.0515586305348e-06,-9.7058933303062e-13,5.503916601976e-14
728,0,0,728,4.9464592011502e-11,5.0569192800793e-06,-9.7027756753973e-13,5.4899464473346e-14
729,0,0,729,4.9409831802259e-11,5.0622782046991e-06,-9.6996535618654e-13,5.4760209242842e-14
730,0,0,730,4.9355210403073e-11,5.0676354019373e-06,-9.6965270011322e-13,5.4621399186301e-14
731,0,0,731,4.9300727369916e-11,5.0729908693432e-06,-9.6933960046687e-13,5.4483033156474e-14
732,0,0,732,4.9246382259915e-11,5.0783446044724e-06,-9.6902605839946e-13,5.4345110000963e-14
733,0,0,733,4.9192174631353e-11,5.0836966048872e-06,-9.6871207506807e-13,5.4207628562328e-14
734,0,0,734,4.9138104043674e-11,5.0890468681559e-06,-9.6839765163526e-13,5.4070587678324e-14
735,0,0,735,4.9084170057492e-11,5.0943953918535e-06,-9.6808278926728e-13,5.3933986181992e-14
736,0,0,736,4.9030372234591e-11,5.0997421735614e-06,-9.677674891359e-13,5.3797822901811e-14
737,0,0,737,4.8976710137929e-11,5.1050872108676e-06,-9.6745175241642e-13,5.36620966619e-14
738,0,0,738,4.8923183331647e-11,5.1104305013664e-06,-9.6713558028905e-13,5.3526806282078e-14
739,0,0,739,4.8869791381069e-11,5.1157720426589e-06,-9.6681897393766e-13,5.3391950578074e-14
740,0,0,740,4.8816533852707e-11,5.1211118323525e-06,-9.6650193455059e-13,5.3257528361657e-14
741,0,0,741,4.8763410314266e-11,5.1264498680615e-06,-9.6618446331938e-13,5.312353844073e-14
742,0,0,742,4.8710420334647e-11,5.1317861474065e-06,-9.6586656143988e-13,5.2989979619539e-14
743,0,0,743,4.8657563483948e-11,5.1371206680148e-06,-9.6554823011114e-13,5.2856850698737e-14
744,0,0,744,4.8604839333472e-11,5.1424534275205e-06,-9.652294705356e-13,5.2724150475577e-14
745,0,0,745,4.8552247455728e-11,5.1477844235643e-06,-9.6491028391922e-13,5.2591877743997e-14
746,0,0,746,4.8499787424434e-11,5.1531136537934e-06,-9.6459067147103e-13,5.246003129477e-14
747,0,0,747,4.8447458814518e-11,5.1584411158619e-06,-9.6427063440295e-13,5.2328609915623e-14
748,0,0,748,4.8395261202127e-11,5.1637668074306e-06,-9.6395017393032e-13,5.2197612391396e-14
749,0,0,749,4.8343194164622e-11,5.1690907261669e-06,-9.6362929127057e-13,5.2067037504104e-14
750,0,0,750,4.8291257280589e-11,5.1744128697451e-06,-9.6330798764425e-13,5.1936884033093e-14
751,0,0,751,4.8239450129834e-11,5.179733235846e-06,-9.6298626427447e-13,5.1807150755197e-14
752,0,0,752,4.8187772293389e-11,5.1850518221575e-06,-9.6266412238622e-13,5.1677836444765e-14
753,0,0,753,4.8136223353516e-11,5.1903686263742e-06,-9.6234156320798e-13,5.1548939873855e-14
754,0,0,754,4.8084802893703e-11,5.1956836461972e-06,-9.6201858796902e-13,5.142045981234e-14
755,0,0,755,4.8033510498675e-11,5.2009968793348e-06,-9.6169519790167e-13,5.1292395027958e-14
756,0,0,756,4.7982345754389e-11,5.2063083235019e-06,-9.613713942401e-13,5.1164744286513e-14
757,0,0,757,4.7931308248037e-11,5.2116179764202e-06,-9.610471782197e-13,5.1037506351917e-14
758,0,0,758,4.788039756805e-11,5.2169258358184e-06,-9.6072255107879e-13,5.0910679986321e-14
759,0,0,759,4.78296133041e-11,5.222231899432e-06,-9.6039751405597e-13,5.0784263950215e-14
760,0,0,760,4.7778955047098e-11,5.2275361650032e-06,-9.6007206839263e-13,5.0658257002555e-14
761,0,0,761,4.7728422389197e-11,5.2328386302813e-06,-9.5974621533091e-13,5.053265790082e-14
762,0,0,762,4.7678014923796e-11,5.2381392930222e-06,-9.5941995611432e-13,5.0407465401182e-14
763,0,0,763,4.7627732245537e-11,5.243438150989e-06,-9.5909329198792e-13,5.0282678258521e-14
764,0,0,764,4.7577573950311e-11,5.2487352019515e-06,-9.5876622419769e-13,5.0158295226573e-14
765,0,0,765,4.7527539635253e-11,5.2540304436862e-06,-9.5843875399083e-13,5.0034315058054e-14
766,0,0,766,4.7477628898748e-11,5.2593238739769e-06,-9.5811088261545e-13,4.9910736504675e-14
767,0,0,767,4.7427841340431e-11,5.264615490614e-06,-9.5778261132014e-13,4.9787558317312e-14
768,0,0,768,4.7378176561185e-11,5.269905291395e-06,-9.5745394135517e-13,4.9664779246041e-14
769,0,0,769,4.7328634163144e-11,5.2751932741241e-06,-9.5712487397034e-13,4.9542398040283e-14
770,0,0,770,4.7279213749695e-11,5.2804794366126e-06,-9.56795410417e-13,4.942041344883e-14
771,0,0,771,4.7229914925475e-11,5.2857637766786e-06,-9.5646555194678e-13,4.9298824219982e-14
772,0,0,772,4.7180737296374e-11,5.2910462921472e-06,-9.5613529981104e-13,4.9177629101635e-14
773,0,0,773,4.7131680469533e-11,5.2963269808503e-06,-9.5580465526279e-13,4.9056826841301e-14
774,0,0,774,4.7082744053346e-11,5.3016058406268e-06,-9.5547361955385e-13,4.8936416186279e-14
775,0,0,775,4.7033927657463e-11,5.3068828693226e-06,-9.5514219393753e-13,4.8816395883682e-14
776,0,0,776,4.6985230892782e-11,5.3121580647904e-06,-9.5481037966595e-13,4.8696764680512e-14
777,0,0,777,4.6936653371458e-11,5.3174314248898e-06,-9.544781779926e-13,4.8577521323804e-14
778,0,0,778,4.6888194706898e-11,5.3227029474874e-06,-9.5414559016958e-13,4.8458664560585e-14
779,0,0,779,4.683985451376e-11,5.3279726304567e-06,-9.5381261744992e-13,4.8340193138105e-14
780,0,0,780,4.6791632407956e-11,5.3332404716782e-06,-9.5347926108572e-13,4.8222105803771e-14
781,0,0,781,4.674352800665e-11,5.3385064690392e-06,-9.5314552232941e-13,4.8104401305298e-14
782,0,0,782,4.669554092826e-11,5.3437706204338e-06,-9.5281140243231e-13,4.7987078390773e-14
783,0,0,783,4.6647670792451e-11,5.3490329237633e-06,-9.5247690264593e-13,4.7870135808704e-14
784,0,0,784,4.6599917220143e-11,5.3542933769358e-06,-9.5214202422115e-13,4.7753572308111e-14
785,0,0,785,4.6552279833504e-11,5.3595519778663e-06,-9.5180676840776e-13,4.7637386638592e-14
786,0,0,786,4.6504758255954e-11,5.3648087244765e-06,-9.5147113645574e-13,4.752157755037e-14
787,0,0,787,4.645735211216e-11,5.3700636146954e-06,-9.5113512961366e-13,4.7406143794394e-14
788,0,0,788,4.6410061028037e-11,5.3753166464585e-06,-9.507987491301e-13,4.7291084122371e-14
789,0,0,789,4.636288463075e-11,5.3805678177085e-06,-9.5046199625166e-13,4.7176397286861e-14
790,0,0,790,4.6315822548709e-11,5.3858171263949e-06,-9.5012487222522e-13,4.7062082041311e-14
791,0,0,791,4.6268874411569e-11,5.3910645704738e-06,-9.4978737829569e-13,4.694813714014e-14
792,0,0,792,4.622203985023e-11,5.3963101479087e-06,-9.4944951570781e-13,4.6834561338791e-14
793,0,0,793,4.6175318496836e-11,5.4015538566695e-06,-9.4911128570465e-13,4.6721353393778e-14
794,0,0,794,4.6128709984774e-11,5.4067956947332e-06,-9.487726895285e-13,4.6608512062787e-14
795,0,0,795,4.6082213948669e-11,5.4120356600836e-06,-9.4843372842028e-13,4.6496036104659e-14
796,0,0,796,4.6035830024389e-11,5.4172737507113e-06,-9.4809440361937e-13,4.638392427954e-14
797,0,0,797,4.598955784904e-11,5.4225099646139e-06,-9.4775471636453e-13,4.6272175348857e-14
798,0,0,798,4.5943397060965e-11,5.4277442997956e-06,-9.474146678924e-13,4.6160788075419e-14
799,0,0,799,4.5897347299742e-11,5.4329767542676e-06,-9.4707425943897e-13,4.6049761223437e-14
800,0,0,800,4.5851408206183e-11,5.438207326048e-06,-9.4673349223796e-13,4.5939093558623e-14
801,0,0,801,4.5805579422335e-11,5.4434360131613e-06,-9.4639236752231e-13,4.5828783848192e-14
802,0,0,802,4.5759860591474e-11,5.4486628136394e-06,-9.4605088652251e-13,4.5718830860945e-14
803,0,0,803,4.5714251358107e-11,5.4538877255204e-06,-9.4570905046829e-13,4.560923336731e-14
804,0,0,804,4.5668751367967e-11,5.4591107468496e-06,-9.4536686058752e-13,4.5499990139363e-14
805,0,0,805,4.5623360268016e-11,5.4643318756789e-06,-9.450243181058e-13,4.5391099950952e-14
806,0,0,806,4.5578077706439e-11,5.469551110067e-06,-9.4468142424748e-13,4.5282561577648e-14
807,0,0,807,4.5532903332642e-11,5.4747684480794e-06,-9.4433818023507e-13,4.5174373796846e-14
808,0,0,808,4.5487836797254e-11,5.4799838877882e-06,-9.439945872891e-13,4.5066535387815e-14
809,0,0,809,4.5442877752122e-11,5.4851974272723e-06,-9.4365064662795e-13,4.4959045131718e-14
810,0,0,810,4.5398025850311e-11,5.4904090646174e-06,-9.4330635946862e-13,4.4851901811668e-14
811,0,0,811,4.5353280746098e-11,5.4956187979159e-06,-9.429617270255e-13,4.4745104212756e-14
812,0,0,812,4.5308642094976e-11,5.5008266252668e-06,-9.4261675051175e-13,4.4638651122117e-14
813,0,0,813,4.5264109553647e-11,5.5060325447759e-06,-9.4227143113748e-13,4.4532541328951e-14
814,0,0,814,4.5219682780022e-11,5.5112365545555e-06,-9.4192577011125e-13,4.4426773624581e-14
815,0,0,815,4.517536143322e-11,5.5164386527248e-06,-9.4157976863978e-13,4.4321346802445e-14
816,0,0,816,4.5131145173561e-11,5.5216388374094e-06,-9.4123342792674e-13,4.4216259658216e-14
817,0,0,817,4.5087033662572e-11,5.5268371067419e-06,-9.4088674917441e-13,4.4111510989759e-14
818,0,0,818,4.5043026562974e-11,5.5320334588611e-06,-9.4053973358215e-13,4.4007099597212e-14
819,0,0,819,4.4999123538691e-11,5.5372278919128e-06,-9.4019238234749e-13,4.3903024283023e-14
820,0,0,820,4.495532425484e-11,5.542420404049e-06,-9.3984469666566e-13,4.3799283851948e-14
821,0,0,821,4.4911628377728e-11,5.5476109934288e-06,-9.3949667772883e-13,4.3695877111129e-14
822,0,0,822,4.4868035574858e-11,5.5527996582173e-06,-9.3914832672776e-13,4.3592802870104e-14
823,0,0,823,4.4824545514917e-11,5.5579863965867e-06,-9.3879964484988e-13,4.3490059940854e-14
824,0,0,824,4.478115786778e-11,5.5631712067153e-06,-9.384506332809e-13,4.3387647137803e-14
825,0,0,825,4.4737872304502e-11,5.5683540867882e-06,-9.3810129320349e-13,4.3285563277889e-14
826,0,0,826,4.4694688497321e-11,5.573535034997e-06,-9.3775162579783e-13,4.318380718059e-14
827,0,0,827,4.4651606119653e-11,5.5787140495398e-06,-9.3740163224216e-13,4.308237766791e-14
828,0,0,828,4.4608624846089e-11,5.5838911286211e-06,-9.3705131371113e-13,4.298127356447e-14
829,0,0,829,4.4565744352391e-11,5.5890662704519e-06,-9.3670067137777e-13,4.2880493697491e-14
830,0,0,830,4.4522964315494e-11,5.5942394732498e-06,-9.3634970641168e-13,4.278003689684e-14
831,0,0,831,4.4480284413499e-11,5.5994107352386e-06,-9.3599841998051e-13,4.267990199505e-14
832,0,0,832,4.4437704325672e-11,5.6045800546488e-06,-9.3564681324819e-13,4.2580087827379e-14
833,0,0,833,4.439522373244e-11,5.6097474297172e-06,-9.3529488737732e-13,4.2480593231774e-14
834,0,0,834,4.4352842315391e-11,5.614912858687e-06,-9.3494264352631e-13,4.2381417048947e-14
835,0,0,835,4.4310559757269e-11,5.6200763398077e-06,-9.3459008285192e-13,4.2282558122379e-14
836,0,0,836,4.4268375741971e-11,5.6252378713354e-06,-9.3423720650751e-13,4.2184015298358e-14
837,0,0,837,4.4226289954545e-11,5.6303974515323e-06,-9.3388401564386e-13,4.2085787425991e-14
838,0,0,838,4.4184302081187e-11,5.6355550786671e-06,-9.3353051140867e-13,4.1987873357218e-14
839,0,0,839,4.414241180924e-11,5.6407107510149e-06,-9.3317669494687e-13,4.1890271946864e-14
840,0,0,840,4.4100618827188e-11,5.6458644668569e-06,-9.3282256740096e-13,4.1792982052612e-14
841,0,0,841,4.4058922824653e-11,5.6510162244807e-06,-9.3246812990974e-13,4.1696002535106e-14
842,0,0,842,4.4017323492395e-11,5.6561660221802e-06,-9.3211338360958e-13,4.1599332257856e-14
843,0,0,843,4.3975820522308e-11,5.6613138582555e-06,-9.317583296339e-13,4.1502970087381e-14
844,0,0,844,4.3934413607414e-11,5.6664597310131e-06,-9.3140296911279e-13,4.1406914893137e-14
845,0,0,845,4.3893102441867e-11,5.6716036387654e-06,-9.310473031737e-13,4.1311165547561e-14
846,0,0,846,4.3851886720941e-11,5.6767455798314e-06,-9.3069133294119e-13,4.1215720926126e-14
847,0,0,847,4.3810766141033e-11,5.681885552536e-06,-9.3033505953628e-13,4.1120579907319e-14
848,0,0,848,4.3769740399661e-11,5.6870235552105e-06,-9.2997848407755e-13,4.1025741372655e-14
849,0,0,849,4.3728809195454e-11,5.6921595861921e-06,-9.2962160767972e-13,4.0931204206732e-14
850,0,0,850,4.3687972228157e-11,5.6972936438245e-06,-9.2926443145555e-13,4.0836967297194e-14
851,0,0,851,4.3647229198622e-11,5.7024257264572e-06,-9.2890695651349e-13,4.0743029534803e-14
852,0,0,852,4.3606579808809e-11,5.7075558324459e-06,-9.2854918396e-13,4.0649389813427e-14
853,0,0,853,4.3566023761779e-11,5.7126839601525e-06,-9.281911148974e-13,4.0556047030037e-14
854,0,0,854,4.3525560761694e-11,5.7178101079449e-06,-9.2783275042601e-13,4.0463000084737e-14
855,0,0,855,4.3485190513813e-11,5.7229342741971e-06,-9.2747409164172e-13,4.0370247880827e-14
856,0,0,856,4.3444912724488e-11,5.728056457289e-06,-9.2711513963826e-13,4.027778932471e-14
857,0,0,857,4.3404727101162e-11,5.7331766556067e-06,-9.2675589550569e-13,4.0185623326007e-14
858,0,0,858,4.3364633352365e-11,5.7382948675422e-06,-9.26396360331e-13,4.009374879751e-14
859,0,0,859,4.332463118771e-11,5.7434110914936e-06,-9.2603653519825e-13,4.0002164655221e-14
860,0,0,860,4.3284720317891e-11,5.7485253258648e-06,-9.2567642118755e-13,3.9910869818348e-14
861,0,0,861,4.3244900454682e-11,5.7536375690658e-06,-9.2531601937684e-13,3.9819863209336e-14
862,0,0,862,4.3205171310928e-11,5.7587478195124e-06,-9.2495533083976e-13,3.9729143753844e-14
863,0,0,863,4.3165532600547e-11,5.7638560756265e-06,-9.2459435664736e-13,3.9638710380796e-14
864,0,0,864,4.3125984038525e-11,5.7689623358357e-06,-9.2423309786746e-13,3.9548562022372e-14
865,0,0,865,4.3086525340911e-11,5.7740665985736e-06,-9.2387155556406e-13,3.9458697613999e-14
866,0,0,866,4.3047156224816e-11,5.7791688622797e-06,-9.2350973079855e-13,3.9369116094403e-14
867,0,0,867,4.3007876408411e-11,5.7842691253992e-06,-9.2314762462847e-13,3.9279816405569e-14
868,0,0,868,4.2968685610918e-11,5.7893673863832e-06,-9.2278523810861e-13,3.9190797492808e-14
869,0,0,869,4.2929583552613e-11,5.7944636436887e-06,-9.224225722901e-13,3.9102058304691e-14
870,0,0,870,4.289056995482e-11,5.7995578957783e-06,-9.2205962822068e-13,3.9013597793121e-14
871,0,0,871,4.2851644539907e-11,5.8046501411205e-06,-9.2169640694501e-13,3.8925414913324e-14
872,0,0,872,4.2812807031283e-11,5.8097403781896e-06,-9.213329095044e-13,3.8837508623828e-14
873,0,0,873,4.2774057153397e-11,5.8148286054655e-06,-9.2096913693678e-13,3.8749877886496e-14
874,0,0,874,4.273539463173e-11,5.8199148214339e-06,-9.2060509027685e-13,3.8662521666543e-14
875,0,0,875,4.2696819192798e-11,5.8249990245861e-06,-9.202407705555e-13,3.8575438932502e-14
876,0,0,876,4.2658330564141e-11,5.8300812134193e-06,-9.1987617880115e-13,3.8488628656277e-14
877,0,0,877,4.2619928474328e-11,5.8351613864361e-06,-9.1951131603792e-13,3.8402089813095e-14
878,0,0,878,4.2581612652947e-11,5.8402395421449e-06,-9.1914618328735e-13,3.831582138157e-14
879,0,0,879,4.2543382830603e-11,5.8453156790596e-06,-9.1878078156681e-13,3.8229822343667e-14
880,0,0,880,4.2505238738918e-11,5.8503897956999e-06,-9.1841511189139e-13,3.8144091684708e-14
881,0,0,881,4.2467180110525e-11,5.8554618905909e-06,-9.1804917527174e-13,3.8058628393412e-14
882,0,0,882,4.2429206679063e-11,5.8605319622633e-06,-9.1768297271572e-13,3.7973431461834e-14
883,0,0,883,4.2391318179178e-11,5.8656000092535e-06,-9.1731650522755e-13,3.7888499885448e-14
884,0,0,884,4.2353514346514e-11,5.8706660301033e-06,-9.169497738085e-13,3.7803832663068e-14
885,0,0,885,4.2315794917718e-11,5.87573002336e-06,-9.1658277945572e-13,3.7719428796945e-14
886,0,0,886,4.2278159630425e-11,5.8807919875764e-06,-9.1621552316392e-13,3.7635287292653e-14
887,0,0,887,4.2240608223266e-11,5.8858519213107e-06,-9.1584800592349e-13,3.7551407159205e-14
888,0,0,888,4.2203140435857e-11,5.8909098231269e-06,-9.1548022872191e-13,3.7467787408992e-14
889,0,0,889,4.2165756008799e-11,5.895965691594e-06,-9.1511219254347e-13,3.7384427057785e-14
890,0,0,890,4.2128454683674e-11,5.9010195252866e-06,-9.1474389836828e-13,3.7301325124749e-14
891,0,0,891,4.2091236203042e-11,5.9060713227848e-06,-9.1437534717418e-13,3.7218480632472e-14
892,0,0,892,4.2054100310435e-11,5.911121082674e-06,-9.1400653993471e-13,3.713589260691e-14
893,0,0,893,4.2017046750357e-11,5.9161688035448e-06,-9.1363747762003e-13,3.705356007742e-14
894,0,0,894,4.1980075268281e-11,5.9212144839934e-06,-9.1326816119785e-13,3.697148207678e-14
895,0,0,895,4.1943185610639e-11,5.9262581226212e-06,-9.1289859163098e-13,3.6889657641126e-14
896,0,0,896,4.1906377524829e-11,5.9312997180349e-06,-9.1252876988054e-13,3.6808085810036e-14
897,0,0,897,4.1869650759203e-11,5.9363392688465e-06,-9.1215869690273e-13,3.672676562645e-14
898,0,0,898,4.1833005063066e-11,5.9413767736733e-06,-9.1178837365117e-13,3.6645696136717e-14
899,0,0,899,4.1796440186676e-11,5.9464122311378e-06,-9.1141780107593e-13,3.6564876390609e-14
900,0,0,900,4.1759955881234e-11,5.9514456398678e-06,-9.1104698012389e-13,3.6484305441236e-14
901,0,0,901,4.1723551898889e-11,5.9564769984962e-06,-9.106759117379e-13,3.6403982345154e-14
902,0,0,902,4.1687227992727e-11,5.9615063056611e-06,-9.1030459685825e-13,3.6323906162297e-14
903,0,0,903,4.1650983916771e-11,5.966533560006e-06,-9.099330364209e-13,3.624407595598e-14
904,0,0,904,4.1614819425978e-11,5.9715587601793e-06,-9.0956123135969e-13,3.6164490792924e-14
905,0,0,905,4.1578734276235e-11,5.9765819048345e-06,-9.0918918260338e-13,3.608514974321e-14
906,0,0,906,4.1542728224354e-11,5.9816029926305e-06,-9.0881689107921e-13,3.6006051880344e-14
907,0,0,907,4.1506801028073e-11,5.9866220222311e-06,-9.0844435770936e-13,3.5927196281179e-14
908,0,0,908,4.1470952446047e-11,5.9916389923053e-06,-9.0807158341387e-13,3.5848582025987e-14
909,0,0,909,4.1435182237849e-11,5.9966539015269e-06,-9.0769856910877e-13,3.577020819837e-14
910,0,0,910,4.1399490163964e-11,6.001666748575e-06,-9.0732531570673e-13,3.5692073885338e-14
911,0,0,911,4.1363875985786e-11,6.0066775321336e-06,-9.0695182411722e-13,3.5614178177278e-14
912,0,0,912,4.1328339465618e-11,6.0116862508919e-06,-9.0657809524661e-13,3.5536520167916e-14
913,0,0,913,4.1292880366664e-11,6.0166929035438e-06,-9.0620412999716e-13,3.5459098954366e-14
914,0,0,914,4.1257498453027e-11,6.0216974887884e-06,-9.058299292685e-13,3.53819136371e-14
915,0,0,915,4.1222193489707e-11,6.0267000053296e-06,-9.0545549395629e-13,3.530496331994e-14
916,0,0,916,4.1186965242597e-11,6.0317004518763e-06,-9.0508082495357e-13,3.5228247110061e-14
917,0,0,917,4.1151813478479e-11,6.0366988271423e-06,-9.047059231491e-13,3.515176411801e-14
918,0,0,918,4.1116737965021e-11,6.0416951298463e-06,-9.043307894295e-13,3.5075513457639e-14
919,0,0,919,4.1081738470775e-11,6.0466893587119e-06,-9.0395542467661e-13,3.4999494246183e-14
920,0,0,920,4.1046814765171e-11,6.0516815124676e-06,-9.0357982976999e-13,3.4923705604182e-14
921,0,0,921,4.1011966618515e-11,6.0566715898465e-06,-9.0320400558583e-13,3.4848146655516e-14
922,0,0,922,4.0977193801988e-11,6.0616595895868e-06,-9.0282795299648e-13,3.4772816527399e-14
923,0,0,923,4.0942496087638e-11,6.0666455104314e-06,-9.0245167287091e-13,3.4697714350368e-14
924,0,0,924,4.0907873248379e-11,6.071629351128e-06,-9.0207516607565e-13,3.4622839258262e-14
925,0,0,925,4.0873325057991e-11,6.0766111104289e-06,-9.0169843347293e-13,3.4548190388227e-14
926,0,0,926,4.083885129111e-11,6.0815907870915e-06,-9.0132147592223e-13,3.4473766880738e-14
927,0,0,927,4.0804451723231e-11,6.0865683798775e-06,-9.0094429427949e-13,3.4399567879561e-14
928,0,0,928,4.0770126130699e-11,6.0915438875538e-06,-9.0056688939789e-13,3.4325592531743e-14
929,0,0,929,4.0735874290711e-11,6.0965173088915e-06,-9.0018926212618e-13,3.4251839987621e-14
930,0,0,930,4.0701695981311e-11,6.1014886426667e-06,-8.9981141331096e-13,3.417830940084e-14
931,0,0,931,4.0667590981382e-11,6.10645788766e-06,-8.9943334379513e-13,3.4104999928291e-14
932,0,0,932,4.0633559070652e-11,6.1114250426568e-06,-8.9905505441839e-13,3.4031910730145e-14
933,0,0,933,4.0599600029682e-11,6.116390106447e-06,-8.9867654601676e-13,3.3959040969832e-14
934,0,0,934,4.0565713639868e-11,6.121353077825e-06,-8.982978194235e-13,3.3886389814059e-14
935,0,0,935,4.0531899683436e-11,6.12631395559e-06,-8.9791887546878e-13,3.3813956432756e-14
936,0,0,936,4.0498157943436e-11,6.1312727385457e-06,-8.9753971497867e-13,3.3741739999117e-14
937,0,0,937,4.0464488203747e-11,6.1362294255003e-06,-8.9716033877707e-13,3.3669739689555e-14
938,0,0,938,4.0430890249063e-11,6.1411840152665e-06,-8.9678074768374e-13,3.3597954683739e-14
939,0,0,939,4.0397363864899e-11,6.1461365066616e-06,-8.9640094251584e-13,3.3526384164524e-14
940,0,0,940,4.0363908837581e-11,6.1510868985074e-06,-8.96020924087e-13,3.345502731803e-14
941,0,0,941,4.0330524954247e-11,6.1560351896301e-06,-8.9564069320763e-13,3.3383883333529e-14
942,0,0,942,4.0297212002843e-11,6.1609813788604e-06,-8.9526025068508e-13,3.3312951403545e-14
943,0,0,943,4.026396977212e-11,6.1659254650334e-06,-8.9487959732364e-13,3.3242230723766e-14
944,0,0,944,4.0230798051627e-11,6.1708674469888e-06,-8.9449873392389e-13,3.3171720493081e-14
945,0,0,945,4.0197696631713e-11,6.1758073235705e-06,-8.9411766128384e-13,3.3101419913545e-14
946,0,0,946,4.0164665303523e-11,6.1807450936268e-06,-8.937363801981e-13,3.3031328190406e-14
947,0,0,947,4.0131703858991e-11,6.1856807560106e-06,-8.9335489145762e-13,3.296144453204e-14
948,0,0,948,4.0098812090841e-11,6.1906143095788e-06,-8.9297319585119e-13,3.2891768150032e-14
949,0,0,949,4.0065989792582e-11,6.195545753193e-06,-8.9259129416347e-13,3.2822298259053e-14
950,0,0,950,4.0033236758505e-11,6.2004750857188e-06,-8.9220918717681e-13,3.275303407697e-14
951,0,0,951,4.000055278368e-11,6.2054023060264e-06,-8.9182687566989e-13,3.2683974824749e-14
952,0,0,952,3.9967937663953e-11,6.21032741299e-06,-8.9144436041817e-13,3.2615119726486e-14
953,0,0,953,3.9935391195944e-11,6.2152504054883e-06,-8.910616421945e-13,3.2546468009396e-14
954,0,0,954,3.990291317704e-11,6.2201712824042e-06,-8.9067872176835e-13,3.2478018903818e-14
955,0,0,955,3.9870503405397e-11,6.2250900426247e-06,-8.9029559990599e-13,3.2409771643157e-14
956,0,0,956,3.9838161679933e-11,6.2300066850411e-06,-8.8991227737075e-13,3.2341725463925e-14
957,0,0,957,3.9805887800327e-11,6.2349212085489e-06,-8.8952875492277e-13,3.2273879605729e-14
958,0,0,958,3.9773681567016e-11,6.2398336120479e-06,-8.8914503331957e-13,3.2206233311235e-14
959,0,0,959,3.974154278119e-11,6.2447438944419e-06,-8.8876111331436e-13,3.2138785826175e-14
960,0,0,960,3.9709471244791e-11,6.249652054639e-06,-8.8837699565916e-13,3.2071536399355e-14
961,0,0,961,3.9677466760508e-11,6.2545580915511e-06,-8.879926811012e-13,3.2004484282589e-14
962,0,0,962,3.9645529131777e-11,6.2594620040947e-06,-8.876081703859e-13,3.193762873078e-14
963,0,0,963,3.9613658162775e-11,6.26436379119e-06,-8.8722346425453e-13,3.1870969001833e-14
964,0,0,964,3.9581853658419e-11,6.2692634517615e-06,-8.868385634465e-13,3.1804504356686e-14
965,0,0,965,3.9550115424359e-11,6.2741609847378e-06,-8.8645346869758e-13,3.1738234059259e-14
966,0,0,966,3.9518443266983e-11,6.2790563890513e-06,-8.8606818074044e-13,3.1672157376541e-14
967,0,0,967,3.9486836993404e-11,6.2839496636386e-06,-8.8568270030501e-13,3.1606273578448e-14
968,0,0,968,3.9455296411466e-11,6.2888408074403e-06,-8.8529702811829e-13,3.1540581937913e-14
969,0,0,969,3.9423821329736e-11,6.2937298194011e-06,-8.8491116490393e-13,3.1475081730857e-14
970,0,0,970,3.9392411557499e-11,6.2986166984695e-06,-8.8452511138295e-13,3.1409772236153e-14
971,0,0,971,3.9361066904764e-11,6.3035014435981e-06,-8.8413886827363e-13,3.134465273562e-14
972,0,0,972,3.932978718225e-11,6.3083840537434e-06,-8.8375243629041e-13,3.1279722514057e-14
973,0,0,973,3.9298572201391e-11,6.3132645278657e-06,-8.8336581614572e-13,3.1214980859185e-14
974,0,0,974,3.9267421774329e-11,6.3181428649295e-06,-8.8297900854865e-13,3.1150427061651e-14
975,0,0,975,3.9236335713914e-11,6.323019063903e-06,-8.8259201420566e-13,3.1086060415041e-14
976,0,0,976,3.9205313833698e-11,6.3278931237584e-06,-8.8220483381953e-13,3.1021880215841e-14
977,0,0,977,3.9174355947935e-11,6.3327650434716e-06,-8.8181746809106e-13,3.0957885763439e-14
978,0,0,978,3.9143461871575e-11,6.3376348220225e-06,-8.8142991771767e-13,3.0894076360123e-14
979,0,0,979,3.9112631420263e-11,6.3425024583949e-06,-8.8104218339402e-13,3.0830451311054e-14
980,0,0,980,3.9081864410339e-11,6.3473679515762e-06,-8.8065426581185e-13,3.0767009924295e-14
981,0,0,981,3.9051160658828e-11,6.3522313005577e-06,-8.8026616565986e-13,3.0703751510742e-14
982,0,0,982,3.9020519983444e-11,6.3570925043346e-06,-8.7987788362458e-13,3.0640675384149e-14
983,0,0,983,3.8989942202583e-11,6.3619515619059e-06,-8.7948942038855e-13,3.057778086115e-14
984,0,0,984,3.8959427135322e-11,6.366808472274e-06,-8.7910077663263e-13,3.0515067261169e-14
985,0,0,985,3.8928974601415e-11,6.3716632344455e-06,-8.7871195303418e-13,3.04525339065e-14
986,0,0,986,3.8898584421293e-11,6.3765158474304e-06,-8.783229502679e-13,3.0390180122221e-14
987,0,0,987,3.8868256416057e-11,6.3813663102425e-06,-8.7793376900563e-13,3.0328005236235e-14
988,0,0,988,3.8837990407478e-11,6.3862146218995e-06,-8.7754440991643e-13,3.0266008579237e-14
989,0,0,989,3.8807786217993e-11,6.3910607814226e-06,-8.7715487366703e-13,3.0204189484706e-14
990,0,0,990,3.8777643670704e-11,6.3959047878365e-06,-8.7676516092039e-13,3.0142547288921e-14
991,0,0,991,3.8747562589373e-11,6.4007466401698e-06,-8.7637527233772e-13,3.0081081330899e-14
992,0,0,992,3.8717542798421e-11,6.4055863374548e-06,-8.7598520857675e-13,3.0019790952438e-14
993,0,0,993,3.8687584122923e-11,6.4104238787271e-06,-8.7559497029289e-13,2.9958675498081e-14
994,0,0,994,3.8657686388608e-11,6.4152592630262e-06,-8.7520455813863e-13,2.9897734315098e-14
995,0,0,995,3.8627849421854e-11,6.4200924893951e-06,-8.7481397276357e-13,2.9836966753513e-14
996,0,0,996,3.8598073049688e-11,6.4249235568803e-06,-8.744232148153e-13,2.9776372166044e-14
997,0,0,997,3.856835709978e-11,6.4297524645319e-06,-8.7403228493743e-13,2.9715949908136e-14
998,0,0,998,3.8538701400442e-11,6.4345792114035e-06,-8.7364118377233e-13,2.9655699337936e-14
999,0,0,999,3.8509105780626e-11,6.4394037965525e-06,-8.7324991195857e-13,2.9595619816273e-14
1000,0,0,1000,3.8479570069919e-11,6.4442262190394e-06,-8.7285847013252e-13,2.9535710706644e-14
1001,0,0,1001,3.8450094098544e-11,6.4490464779285e-06,-8.7246685892785e-13,2.9475971375253e-14
1002,0,0,1002,3.8420677697353e-11,6.4538645722875e-06,-8.7207507897529e-13,2.9416401190944e-14
1003,0,0,1003,3.8391320697828e-11,6.4586805011875e-06,-8.7168313090355e-13,2.9356999525194e-14
1004,0,0,1004,3.8362022932076e-11,6.4634942637032e-06,-8.7129101533802e-13,2.9297765752164e-14
1005,0,0,1005,3.8332784232827e-11,6.4683058589126e-06,-8.7089873290176e-13,2.9238699248612e-14
1006,0,0,1006,3.8303604433433e-11,6.4731152858972e-06,-8.7050628421506e-13,2.9179799393919e-14
1007,0,0,1007,3.8274483367863e-11,6.4779225437419e-06,-8.7011366989609e-13,2.9121065570118e-14
1008,0,0,1008,3.8245420870701e-11,6.4827276315351e-06,-8.6972089055963e-13,2.9062497161779e-14
1009,0,0,1009,3.8216416777145e-11,6.4875305483683e-06,-8.6932794681847e-13,2.900409355613e-14
1010,0,0,1010,3.8187470923002e-11,6.4923312933367e-06,-8.6893483928265e-13,2.894585414293e-14
1011,0,0,1011,3.8158583144688e-11,6.4971298655387e-06,-8.6854156855975e-13,2.8887778314546e-14
1012,0,0,1012,3.8129753279222e-11,6.501926264076e-06,-8.6814813525427e-13,2.8829865465887e-14
1013,0,0,1013,3.8100981164227e-11,6.5067204880538e-06,-8.6775453996889e-13,2.8772114994423e-14
1014,0,0,1014,3.8072266637927e-11,6.5115125365803e-06,-8.6736078330307e-13,2.8714526300172e-14
1015,0,0,1015,3.8043609539141e-11,6.5163024087673e-06,-8.6696686585458e-13,2.8657098785662e-14
1016,0,0,1016,3.8015009707285e-11,6.5210901037299e-06,-8.6657278821764e-13,2.8599831855984e-14
1017,0,0,1017,3.7986466982367e-11,6.5258756205861e-06,-8.6617855098483e-13,2.8542724918707e-14
1018,0,0,1018,3.7957981204983e-11,6.5306589584577e-06,-8.6578415474546e-13,2.8485777383916e-14
1019,0,0,1019,3.7929552216319e-11,6.5354401164692e-06,-8.6538960008705e-13,2.8428988664204e-14
1020,0,0,1020,3.7901179858144e-11,6.5402190937487e-06,-8.6499488759447e-13,2.8372358174617e-14
1021,0,0,1021,3.7872863972811e-11,6.5449958894274e-06,-8.6460001784955e-13,2.8315885332704e-14
1022,0,0,1022,3.7844604403253e-11,6.5497705026398e-06,-8.6420499143243e-13,2.8259569558476e-14
1023,0,0,1023,3.7816400992978e-11,6.5545429325233e-06,-8.6380980892033e-13,2.820341027438e-14
1024,0,0,1024,3.7788253586073e-11,6.5593131782188e-06,-8.6341447088817e-13,2.8147406905325e-14
1025,0,0,1025,3.7760162027194e-11,6.5640812388703e-06,-8.6301897790842e-13,2.8091558878644e-14
1026,0,0,1026,3.773212616157e-11,6.5688471136247e-06,-8.6262333055111e-13,2.8035865624105e-14
1027,0,0,1027,3.7704145834996e-11,6.5736108016323e-06,-8.6222752938394e-13,2.7980326573894e-14
1028,0,0,1028,3.7676220893834e-11,6.5783723020465e-06,-8.6183157497173e-13,2.7924941162588e-14
1029,0,0,1029,3.7648351185007e-11,6.5831316140238e-06,-8.6143546787775e-13,2.7869708827174e-14
1030,0,0,1030,3.7620536556e-11,6.5878887367236e-06,-8.610392086625e-13,2.7814629007024e-14
1031,0,0,1031,3.7592776854856e-11,6.5926436693085e-06,-8.6064279788344e-13,2.7759701143882e-14
1032,0,0,1032,3.7565071930174e-11,6.5973964109444e-06,-8.6024623609693e-13,2.7704924681863e-14
1033,0,0,1033,3.7537421631106e-11,6.6021469608e-06,-8.5984952385583e-13,2.7650299067434e-14
1034,0,0,1034,3.7509825807357e-11,6.606895318047e-06,-8.5945266171145e-13,2.7595823749429e-14
1035,0,0,1035,3.7482284309178e-11,6.6116414818604e-06,-8.5905565021203e-13,2.7541498178986e-14
1036,0,0,1036,3.7454796987368e-11,6.6163854514178e-06,-8.5865848990428e-13,2.7487321809611e-14
1037,0,0,1037,3.7427363693271e-11,6.6211272259003e-06,-8.5826118133202e-13,2.7433294097097e-14
1038,0,0,1038,3.7399984278772e-11,6.6258668044917e-06,-8.5786372503704e-13,2.737941449957e-14
1039,0,0,1039,3.7372658596294e-11,6.6306041863788e-06,-8.574661215584e-13,2.7325682477435e-14
1040,0,0,1040,3.7345386498801e-11,6.6353393707513e-06,-8.5706837143361e-13,2.7272097493421e-14
1041,0,0,1041,3.7318167839788e-11,6.6400723568021e-06,-8.5667047519727e-13,2.7218659012489e-14
1042,0,0,1042,3.7291002473286e-11,6.6448031437269e-06,-8.56272433382e-13,2.716536650191e-14
1043,0,0,1043,3.7263890253855e-11,6.6495317307242e-06,-8.5587424651779e-13,2.7112219431215e-14
1044,0,0,1044,3.7236831036583e-11,6.6542581169957e-06,-8.5547591513327e-13,2.7059217272165e-14
1045,0,0,1045,3.7209824677084e-11,6.6589823017457e-06,-8.5507743975353e-13,2.7006359498784e-14
1046,0,0,1046,3.7182871031497e-11,6.6637042841816e-06,-8.546788209026e-13,2.6953645587324e-14
1047,0,0,1047,3.7155969956481e-11,6.6684240635137e-06,-8.5428005910175e-13,2.6901075016254e-14
1048,0,0,1048,3.7129121309214e-11,6.673141638955e-06,-8.5388115486962e-13,2.6848647266272e-14
1049,0,0,1049,3.7102324947394e-11,6.6778570097214e-06,-8.5348210872397e-13,2.6796361820268e-14
1050,0,0,1050,3.7075580729231e-11,6.6825701750318e-06,-8.5308292117869e-13,2.6744218163342e-14
1051,0,0,1051,3.7048888513448e-11,6.6872811341077e-06,-8.5268359274676e-13,2.6692215782763e-14
1052,0,0,1052,3.702224815928e-11,6.6919898861737e-06,-8.5228412393827e-13,2.6640354168001e-14
1053,0,0,1053,3.6995659526469e-11,6.6966964304569e-06,-8.5188451526175e-13,2.6588632810669e-14
1054,0,0,1054,3.6969122475265e-11,6.7014007661874e-06,-8.5148476722283e-13,2.6537051204551e-14
1055,0,0,1055,3.6942636866419e-11,6.706102892598e-06,-8.5108488032544e-13,2.6485608845597e-14
1056,0,0,1056,3.6916202561187e-11,6.7108028089244e-06,-8.5068485507169e-13,2.6434305231871e-14
1057,0,0,1057,3.6889819421324e-11,6.7155005144048e-06,-8.502846919606e-13,2.6383139863567e-14
1058,0,0,1058,3.6863487309081e-11,6.7201960082805e-06,-8.4988439149e-13,2.633211224304e-14
1059,0,0,1059,3.6837206087206e-11,6.7248892897951e-06,-8.4948395415522e-13,2.6281221874711e-14
1060,0,0,1060,3.6810975618941e-11,6.7295803581954e-06,-8.4908338044948e-13,2.6230468265136e-14
1061,0,0,1061,3.6784795768018e-11,6.7342692127306e-06,-8.4868267086385e-13,2.6179850922948e-14
1062,0,0,1062,3.6758666398659e-11,6.7389558526526e-06,-8.4828182588753e-13,2.6129369358885e-14
1063,0,0,1063,3.6732587375573e-11,6.7436402772162e-06,-8.4788084600746e-13,2.6079023085729e-14
1064,0,0,1064,3.6706558563955e-11,6.7483224856787e-06,-8.4747973170857e-13,2.6028811618379e-14
1065,0,0,1065,3.6680579829481e-11,6.7530024773001e-06,-8.4707848347378e-13,2.5978734473748e-14
1066,0,0,1066,3.665465103831e-11,6.7576802513431e-06,-8.4667710178389e-13,2.5928791170817e-14
1067,0,0,1067,3.662877205708e-11,6.762355807073e-06,-8.4627558711754e-13,2.5878981230604e-14
1068,0,0,1068,3.6602942752904e-11,6.7670291437578e-06,-8.4587393995169e-13,2.5829304176175e-14
1069,0,0,1069,3.6577162993371e-11,6.7717002606681e-06,-8.4547216076084e-13,2.5779759532598e-14
1070,0,0,1070,3.6551432646544e-11,6.776369157077e-06,-8.4507025001796e-13,2.5730346826952e-14
1071,0,0,1071,3.6525751580956e-11,6.7810358322604e-06,-8.4466820819357e-13,2.5681065588346e-14
1072,0,0,1072,3.6500119665608e-11,6.7857002854967e-06,-8.4426603575635e-13,2.5631915347878e-14
1073,0,0,1073,3.6474536769969e-11,6.7903625160667e-06,-8.4386373317329e-13,2.5582895638611e-14
1074,0,0,1074,3.6449002763974e-11,6.795022523254e-06,-8.4346130090877e-13,2.5534005995618e-14
1075,0,0,1075,3.6423517518018e-11,6.7996803063448e-06,-8.430587394258e-13,2.5485245955909e-14
1076,0,0,1076,3.6398080902959e-11,6.8043358646276e-06,-8.4265604918523e-13,2.5436615058501e-14
1077,0,0,1077,3.6372692790115e-11,6.8089891973936e-06,-8.4225323064564e-13,2.5388112844321e-14
1078,0,0,1078,3.6347353051259e-11,6.8136403039364e-06,-8.4185028426418e-13,2.5339738856254e-14
1079,0,0,1079,3.632206155862e-11,6.8182891835524e-06,-8.414472104956e-13,2.5291492639138e-14
1080,0,0,1080,3.629681818488e-11,6.8229358355403e-06,-8.410440097934e-13,2.5243373739716e-14
1081,0,0,1081,3.6271622803173e-11,6.8275802592011e-06,-8.406406826083e-13,2.5195381706653e-14
1082,0,0,1082,3.6246475287083e-11,6.8322224538386e-06,-8.4023722938952e-13,2.5147516090536e-14
1083,0,0,1083,3.6221375510639e-11,6.8368624187589e-06,-8.3983365058474e-13,2.5099776443842e-14
1084,0,0,1084,3.6196323348318e-11,6.8415001532708e-06,-8.3942994663886e-13,2.5052162320946e-14
1085,0,0,1085,3.617131867504e-11,6.8461356566851e-06,-8.3902611799588e-13,2.5004673278112e-14
1086,0,0,1086,3.6146361366166e-11,6.8507689283155e-06,-8.386221650972e-13,2.4957308873456e-14
1087,0,0,1087,3.6121451297499e-11,6.8553999674778e-06,-8.3821808838281e-13,2.4910068667004e-14
1088,0,0,1088,3.6096588345279e-11,6.8600287734905e-06,-8.3781388829042e-13,2.48629522206e-14
1089,0,0,1089,3.6071772386181e-11,6.8646553456742e-06,-8.3740956525637e-13,2.4815959097972e-14
1090,0,0,1090,3.6047003297316e-11,6.8692796833522e-06,-8.3700511971469e-13,2.4769088864657e-14
1091,0,0,1091,3.6022280956228e-11,6.87390178585e-06,-8.3660055209801e-13,2.4722341088064e-14
1092,0,0,1092,3.5997605240891e-11,6.8785216524955e-06,-8.361958628367e-13,2.4675715337387e-14
1093,0,0,1093,3.5972976029707e-11,6.883139282619e-06,-8.3579105235942e-13,2.4629211183683e-14
1094,0,0,1094,3.5948393201507e-11,6.8877546755532e-06,-8.3538612109375e-13,2.4582828199789e-14
1095,0,0,1095,3.5923856635547e-11,6.8923678306331e-06,-8.3498106946391e-13,2.4536565960334e-14
1096,0,0,1096,3.5899366211505e-11,6.8969787471961e-06,-8.3457589789427e-13,2.4490424041783e-14
1097,0,0,1097,3.5874921809483e-11,6.9015874245817e-06,-8.3417060680538e-13,2.4444402022344e-14
1098,0,0,1098,3.5850523310001e-11,6.9061938621321e-06,-8.3376519661806e-13,2.4398499482017e-14
1099,0,0,1099,3.5826170593998e-11,6.9107980591915e-06,-8.333596677495e-13,2.4352716002584e-14
1100,0,0,1100,3.5801863542831e-11,6.9154000151065e-06,-8.3295402061624e-13,2.4307051167566e-14
1101,0,0,1101,3.5777602038268e-11,6.919999729226e-06,-8.3254825563329e-13,2.4261504562261e-14
1102,0,0,1102,3.5753385962495e-11,6.9245972009012e-06,-8.3214237321246e-13,2.4216075773694e-14
1103,0,0,1103,3.5729215198104e-11,6.9291924294856e-06,-8.317363737657e-13,2.4170764390625e-14
1104,0,0,1104,3.57050896281e-11,6.9337854143348e-06,-8.3133025770174e-13,2.4125570003569e-14
1105,0,0,1105,3.5681009135896e-11,6.9383761548068e-06,-8.309240254284e-13,2.4080492204725e-14
1106,0,0,1106,3.5656973605308e-11,6.9429646502617e-06,-8.3051767735149e-13,2.403553058805e-14
1107,0,0,1107,3.5632982920558e-11,6.9475509000621e-06,-8.3011121387514e-13,2.3990684749165e-14
1108,0,0,1108,3.5609036966273e-11,6.9521349035727e-06,-8.297046354018e-13,2.3945954285418e-14
1109,0,0,1109,3.5585135627477e-11,6.9567166601601e-06,-8.2929794233239e-13,2.3901338795821e-14
1110,0,0,1110,3.5561278789596e-11,6.9612961691936e-06,-8.2889113506583e-13,2.3856837881111e-14
1111,0,0,1111,3.5537466338452e-11,6.9658734300445e-06,-8.2848421399966e-13,2.3812451143654e-14
1112,0,0,1112,3.5513698160265e-11,6.9704484420861e-06,-8.2807717952941e-13,2.3768178187507e-14
1113,0,0,1113,3.5489974141647e-11,6.9750212046941e-06,-8.2767003204958e-13,2.3724018618389e-14
1114,0,0,1114,3.5466294169603e-11,6.9795917172463e-06,-8.2726277195202e-13,2.3679972043669e-14
1115,0,0,1115,3.5442658131531e-11,6.9841599791227e-06,-8.2685539962815e-13,2.3636038072341e-14
1116,0,0,1116,3.5419065915215e-11,6.9887259897054e-06,-8.2644791546661e-13,2.3592216315074e-14
1117,0,0,1117,3.5395517408831e-11,6.9932897483786e-06,-8.2604031985513e-13,2.3548506384122e-14
1118,0,0,1118,3.5372012500938e-11,6.9978512545288e-06,-8.2563261317975e-13,2.3504907893398e-14
1119,0,0,1119,3.5348551080479e-11,7.0024105075444e-06,-8.2522479582453e-13,2.3461420458424e-14
1120,0,0,1120,3.5325133036783e-11,7.0069675068161e-06,-8.2481686817228e-13,2.3418043696306e-14
1121,0,0,1121,3.5301758259557e-11,7.0115222517365e-06,-8.2440883060399e-13,2.3374777225766e-14
1122,0,0,1122,3.527842663889e-11,7.0160747417006e-06,-8.2400068349925e-13,2.3331620667134e-14
1123,0,0,1123,3.5255138065248e-11,7.0206249761052e-06,-8.2359242723584e-13,2.3288573642286e-14
1124,0,0,1124,3.5231892429473e-11,7.0251729543494e-06,-8.2318406219014e-13,2.3245635774718e-14
1125,0,0,1125,3.5208689622784e-11,7.0297186758341e-06,-8.22775588737e-13,2.3202806689472e-14
1126,0,0,1126,3.5185529536771e-11,7.0342621399625e-06,-8.2236700724942e-13,2.316008601316e-14
1127,0,0,1127,3.5162412063397e-11,7.0388033461399e-06,-8.2195831809919e-13,2.3117473373938e-14
1128,0,0,1128,3.5139337094995e-11,7.0433422937734e-06,-8.2154952165626e-13,2.3074968401547e-14
1129,0,0,1129,3.5116304524268e-11,7.0478789822722e-06,-8.2114061828919e-13,2.3032570727225e-14
1130,0,0,1130,3.5093314244284e-11,7.0524134110477e-06,-8.2073160836531e-13,2.2990279983768e-14
1131,0,0,1131,3.5070366148479e-11,7.0569455795132e-06,-8.2032249224952e-13,2.2948095805512e-14
1132,0,0,1132,3.504746013065e-11,7.0614754870839e-06,-8.1991327030639e-13,2.2906017828283e-14
1133,0,0,1133,3.5024596084961e-11,7.0660031331773e-06,-8.1950394289774e-13,2.2864045689446e-14
1134,0,0,1134,3.5001773905933e-11,7.0705285172125e-06,-8.1909451038508e-13,2.2822179027854e-14
1135,0,0,1135,3.4978993488449e-11,7.075051638611e-06,-8.1868497312747e-13,2.2780417483877e-14
1136,0,0,1136,3.495625472775e-11,7.079572496796e-06,-8.182753314829e-13,2.2738760699371e-14
1137,0,0,1137,3.4933557519432e-11,7.0840910911928e-06,-8.1786558580812e-13,2.2697208317673e-14
1138,0,0,1138,3.4910901759449e-11,7.0886074212284e-06,-8.174557364579e-13,2.2655759983611e-14
1139,0,0,1139,3.4888287344105e-11,7.0931214863322e-06,-8.1704578378563e-13,2.2614415343464e-14
1140,0,0,1140,3.486571417006e-11,7.0976332859352e-06,-8.1663572814332e-13,2.2573174044994e-14
1141,0,0,1141,3.4843182134323e-11,7.1021428194705e-06,-8.1622556988204e-13,2.2532035737425e-14
1142,0,0,1142,3.4820691134251e-11,7.106650086373e-06,-8.1581530935044e-13,2.2491000071416e-14
1143,0,0,1143,3.4798241067552e-11,7.1111550860796e-06,-8.1540494689623e-13,2.2450066699091e-14
1144,0,0,1144,3.4775831832278e-11,7.1156578180291e-06,-8.1499448286605e-13,2.2409235273985e-14
1145,0,0,1145,3.4753463326827e-11,7.1201582816623e-06,-8.1458391760424e-13,2.2368505451092e-14
1146,0,0,1146,3.473113544994e-11,7.1246564764217e-06,-8.1417325145437e-13,2.2327876886829e-14
1147,0,0,1147,3.4708848100701e-11,7.1291524017519e-06,-8.1376248475864e-13,2.2287349239001e-14
1148,0,0,1148,3.4686601178534e-11,7.1336460570991e-06,-8.1335161785741e-13,2.2246922166862e-14
1149,0,0,1149,3.4664394583203e-11,7.1381374419118e-06,-8.1294065108965e-13,2.2206595331061e-14
1150,0,0,1150,3.464222821481e-11,7.1426265556399e-06,-8.125295847934e-13,2.2166368393623e-14
1151,0,0,1151,3.4620101973792e-11,7.1471133977355e-06,-8.121184193049e-13,2.2126241017996e-14
1152,0,0,1152,3.4598015760923e-11,7.1515979676524e-06,-8.1170715495928e-13,2.208621286901e-14
1153,0,0,1153,3.457596947731e-11,7.1560802648463e-06,-8.1129579209e-13,2.204628361284e-14
1154,0,0,1154,3.4553963024393e-11,7.1605602887746e-06,-8.1088433102913e-13,2.2006452917082e-14
1155,0,0,1155,3.4531996303942e-11,7.1650380388968e-06,-8.1047277210798e-13,2.1966720450669e-14
1156,0,0,1156,3.4510069218058e-11,7.1695135146739e-06,-8.1006111565556e-13,2.1927085883906e-14
1157,0,0,1157,3.448818166917e-11,7.1739867155689e-06,-8.0964936200027e-13,2.188754888844e-14
1158,0,0,1158,3.4466333560032e-11,7.1784576410467e-06,-8.0923751146897e-13,2.1848109137283e-14
1159,0,0,1159,3.4444524793728e-11,7.1829262905737e-06,-8.08825564387e-13,2.1808766304766e-14
1160,0,0,1160,3.4422755273661e-11,7.1873926636183e-06,-8.0841352107845e-13,2.1769520066582e-14
1161,0,0,1161,3.4401024903561e-11,7.1918567596507e-06,-8.0800138186604e-13,2.1730370099735e-14
1162,0,0,1162,3.4379333587479e-11,7.1963185781428e-06,-8.0758914707159e-13,2.1691316082557e-14
1163,0,0,1163,3.4357681229784e-11,7.2007781185683e-06,-8.0717681701491e-13,2.1652357694695e-14
1164,0,0,1164,3.4336067735167e-11,7.2052353804026e-06,-8.0676439201488e-13,2.1613494617097e-14
1165,0,0,1165,3.4314493008635e-11,7.209690363123e-06,-8.0635187238932e-13,2.1574726532049e-14
1166,0,0,1166,3.4292956955512e-11,7.2141430662084e-06,-8.0593925845406e-13,2.1536053123088e-14
1167,0,0,1167,3.4271459481437e-11,7.2185934891395e-06,-8.055265505243e-13,2.1497474075086e-14
1168,0,0,1168,3.4250000492363e-11,7.2230416313987e-06,-8.0511374891358e-13,2.1458989074178e-14
1169,0,0,1169,3.4228579894555e-11,7.2274874924701e-06,-8.047008539345e-13,2.142059780778e-14
1170,0,0,1170,3.420719759459e-11,7.2319310718397e-06,-8.0428786589798e-13,2.138229996459e-14
1171,0,0,1171,3.4185853499356e-11,7.2363723689951e-06,-8.0387478511371e-13,2.1344095234574e-14
1172,0,0,1172,3.4164547516047e-11,7.2408113834254e-06,-8.0346161189061e-13,2.1305983308951e-14
1173,0,0,1173,3.4143279552167e-11,7.2452481146217e-06,-8.0304834653577e-13,2.1267963880214e-14
1174,0,0,1174,3.4122049515524e-11,7.2496825620767e-06,-8.0263498935536e-13,2.1230036642088e-14
1175,0,0,1175,3.4100857314235e-11,7.2541147252848e-06,-8.0222154065401e-13,2.1192201289555e-14
1176,0,0,1176,3.4079702856716e-11,7.2585446037419e-06,-8.0180800073574e-13,2.1154457518835e-14
1177,0,0,1177,3.4058586051689e-11,7.2629721969457e-06,-8.0139436990227e-13,2.111680502738e-14
1178,0,0,1178,3.4037506808175e-11,7.2673975043958e-06,-8.0098064845516e-13,2.1079243513862e-14
1179,0,0,1179,3.4016465035497e-11,7.271820525593e-06,-8.0056683669446e-13,2.1041772678196e-14
1180,0,0,1180,3.3995460643275e-11,7.27624126004e-06,-8.0015293491819e-13,2.1004392221486e-14
1181,0,0,1181,3.3974493541429e-11,7.2806597072413e-06,-7.9973894342456e-13,2.0967101846063e-14
1182,0,0,1182,3.3953563640174e-11,7.2850758667027e-06,-7.993248625093e-13,2.0929901255474e-14
1183,0,0,1183,3.3932670850019e-11,7.2894897379318e-06,-7.9891069246769e-13,2.0892790154439e-14
1184,0,0,1184,3.391181508177e-11,7.2939013204378e-06,-7.9849643359365e-13,2.0855768248879e-14
1185,0,0,1185,3.3890996246524e-11,7.2983106137316e-06,-7.9808208617998e-13,2.0818835245938e-14
1186,0,0,1186,3.387021425567e-11,7.3027176173256e-06,-7.9766765051769e-13,2.0781990853879e-14
1187,0,0,1187,3.3849469020888e-11,7.3071223307339e-06,-7.9725312689761e-13,2.0745234782202e-14
1188,0,0,1188,3.3828760454147e-11,7.3115247534721e-06,-7.9683851560872e-13,2.0708566741548e-14
1189,0,0,1189,3.3808088467703e-11,7.3159248850574e-06,-7.9642381693896e-13,2.0671986443735e-14
1190,0,0,1190,3.3787452974101e-11,7.3203227250086e-06,-7.9600903117517e-13,2.0635493601718e-14
1191,0,0,1191,3.3766853886172e-11,7.3247182728462e-06,-7.9559415860313e-13,2.0599087929655e-14
1192,0,0,1192,3.3746291117029e-11,7.3291115280921e-06,-7.9517919950708e-13,2.0562769142815e-14
1193,0,0,1193,3.3725764580071e-11,7.3335024902698e-06,-7.947641541708e-13,2.0526536957622e-14
1194,0,0,1194,3.370527418898e-11,7.3378911589045e-06,-7.9434902287608e-13,2.0490391091648e-14
1195,0,0,1195,3.3684819857716e-11,7.3422775335228e-06,-7.939338059044e-13,2.045433126358e-14
1196,0,0,1196,3.3664401500523e-11,7.3466616136528e-06,-7.9351850353557e-13,2.0418357193261e-14
1197,0,0,1197,3.3644019031921e-11,7.3510433988243e-06,-7.9310311604844e-13,2.0382468601641e-14
1198,0,0,1198,3.362367236671e-11,7.3554228885686e-06,-7.9268764372069e-13,2.0346665210787e-14
1199,0,0,1199,3.3603361419966e-11,7.3598000824185e-06,-7.9227208682918e-13,2.0310946743878e-14
1200,0,0,1200,3.3583086107041e-11,7.3641749799083e-06,-7.9185644564897e-13,2.0275312925225e-14
1201,0,0,1201,3.3562846343561e-11,7.3685475805738e-06,-7.9144072045478e-13,2.0239763480208e-14
1202,0,0,1202,3.3542642045426e-11,7.3729178839524e-06,-7.9102491151983e-13,2.0204298135324e-14
1203,0,0,1203,3.3522473128807e-11,7.3772858895828e-06,-7.9060901911655e-13,2.0168916618169e-14
1204,0,0,1204,3.350233951015e-11,7.3816515970056e-06,-7.9019304351584e-13,2.0133618657404e-14
1205,0,0,1205,3.3482241106167e-11,7.3860150057624e-06,-7.8977698498754e-13,2.0098403982793e-14
1206,0,0,1206,3.3462177833842e-11,7.3903761153967e-06,-7.8936084380116e-13,2.0063272325178e-14
1207,0,0,1207,3.3442149610426e-11,7.3947349254532e-06,-7.889446202241e-13,2.0028223416463e-14
1208,0,0,1208,3.3422156353436e-11,7.3990914354782e-06,-7.8852831452341e-13,1.999325698961e-14
1209,0,0,1209,3.3402197980657e-11,7.4034456450194e-06,-7.8811192696479e-13,1.995837277868e-14
1210,0,0,1210,3.3382274410139e-11,7.4077975536261e-06,-7.8769545781301e-13,1.9923570518751e-14
1211,0,0,1211,3.3362385560193e-11,7.4121471608489e-06,-7.8727890733161e-13,1.9888849945977e-14
1212,0,0,1212,3.3342531349395e-11,7.41649446624e-06,-7.8686227578338e-13,1.9854210797573e-14
1213,0,0,1213,3.3322711696583e-11,7.4208394693529e-06,-7.8644556342956e-13,1.9819652811756e-14
1214,0,0,1214,3.3302926520855e-11,7.4251821697425e-06,-7.8602877053109e-13,1.9785175727822e-14
1215,0,0,1215,3.3283175741569e-11,7.4295225669655e-06,-7.8561189734722e-13,1.9750779286068e-14
1216,0,0,1216,3.3263459278342e-11,7.4338606605795e-06,-7.8519494413628e-13,1.9716463227859e-14
1217,0,0,1217,3.3243777051046e-11,7.4381964501439e-06,-7.8477791115584e-13,1.968222729554e-14
1218,0,0,1218,3.3224128979813e-11,7.4425299352193e-06,-7.8436079866239e-13,1.9648071232504e-14
1219,0,0,1219,3.320451498503e-11,7.446861115368e-06,-7.8394360691136e-13,1.961399478316e-14
1220,0,0,1220,3.3184934987337e-11,7.4511899901534e-06,-7.8352633615692e-13,1.9579997692903e-14
1221,0,0,1221,3.3165388907629e-11,7.4555165591405e-06,-7.8310898665267e-13,1.9546079708164e-14
1222,0,0,1222,3.3145876667053e-11,7.4598408218954e-06,-7.826915586508e-13,1.951224057635e-14
1223,0,0,1223,3.3126398187007e-11,7.4641627779861e-06,-7.8227405240275e-13,1.947848004588e-14
1224,0,0,1224,3.3106953389141e-11,7.4684824269814e-06,-7.8185646815903e-13,1.9444797866139e-14
1225,0,0,1225,3.3087542195353e-11,7.472799768452e-06,-7.8143880616907e-13,1.9411193787557e-14
1226,0,0,1226,3.3068164527792e-11,7.4771148019695e-06,-7.810210666811e-13,1.9377667561463e-14
1227,0,0,1227,3.3048820308852e-11,7.4814275271073e-06,-7.8060324994272e-13,1.9344218940239e-14
1228,0,0,1228,3.3029509461174e-11,7.4857379434399e-06,-7.8018535620044e-13,1.9310847677198e-14
1229,0,0,1229,3.3010231907648e-11,7.4900460505433e-06,-7.7976738569958e-13,1.9277553526635e-14
1230,0,0,1230,3.2990987571404e-11,7.4943518479945e-06,-7.7934933868466e-13,1.9244336243814e-14
1231,0,0,1231,3.2971776375819e-11,7.4986553353724e-06,-7.7893121539976e-13,1.9211195584937e-14
1232,0,0,1232,3.2952598244512e-11,7.5029565122569e-06,-7.7851301608682e-13,1.9178131307194e-14
1233,0,0,1233,3.2933453101343e-11,7.5072553782292e-06,-7.780947409879e-13,1.9145143168706e-14
1234,0,0,1234,3.2914340870415e-11,7.511551932872e-06,-7.7767639034386e-13,1.9112230928537e-14
1235,0,0,1235,3.2895261476068e-11,7.5158461757692e-06,-7.7725796439403e-13,1.9079394346701e-14
1236,0,0,1236,3.2876214842884e-11,7.5201381065061e-06,-7.7683946337773e-13,1.9046633184169e-14
1237,0,0,1237,3.2857200895681e-11,7.5244277246693e-06,-7.7642088753259e-13,1.9013947202796e-14
1238,0,0,1238,3.2838219559515e-11,7.5287150298466e-06,-7.7600223709563e-13,1.8981336165429e-14
1239,0,0,1239,3.281927075968e-11,7.5330000216273e-06,-7.7558351230281e-13,1.8948799835783e-14
1240,0,0,1240,3.2800354421701e-11,7.5372826996018e-06,-7.7516471338976e-13,1.8916337978532e-14
1241,0,0,1241,3.2781470471342e-11,7.541563063362e-06,-7.7474584059013e-13,1.8883950359256e-14
1242,0,0,1242,3.2762618834597e-11,7.5458411125008e-06,-7.7432689413742e-13,1.8851636744435e-14
1243,0,0,1243,3.2743799437696e-11,7.5501168466128e-06,-7.7390787426421e-13,1.8819396901479e-14
1244,0,0,1244,3.2725012207097e-11,7.5543902652935e-06,-7.7348878120169e-13,1.8787230598685e-14
1245,0,0,1245,3.2706257069492e-11,7.5586613681398e-06,-7.730696151806e-13,1.8755137605265e-14
1246,0,0,1246,3.2687533951801e-11,7.5629301547499e-06,-7.726503764309e-13,1.8723117691306e-14
1247,0,0,1247,3.2668842781173e-11,7.5671966247233e-06,-7.7223106518088e-13,1.8691170627809e-14
1248,0,0,1248,3.2650183484986e-11,7.5714607776606e-06,-7.7181168165883e-13,1.8659296186654e-14
1249,0,0,1249,3.2631555990846e-11,7.5757226131639e-06,-7.7139222609179e-13,1.8627494140591e-14
1250,0,0,1250,3.2612960226582e-11,7.5799821308363e-06,-7.709726987056e-13,1.8595764263278e-14
1251,0,0,1251,3.2594396120253e-11,7.5842393302823e-06,-7.7055309972609e-13,1.8564106329223e-14
1252,0,0,1252,3.2575863600139e-11,7.5884942111076e-06,-7.7013342937694e-13,1.853252011382e-14
1253,0,0,1253,3.2557362594746e-11,7.5927467729191e-06,-7.6971368788246e-13,1.8501005393332e-14
1254,0,0,1254,3.2538893032801e-11,7.596997015325e-06,-7.6929387546463e-13,1.8469561944876e-14
1255,0,0,1255,3.2520454843255e-11,7.6012449379346e-06,-7.6887399234591e-13,1.8438189546421e-14
1256,0,0,1256,3.2502047955278e-11,7.6054905403586e-06,-7.6845403874677e-13,1.8406887976818e-14
1257,0,0,1257,3.2483672298262e-11,7.6097338222088e-06,-7.6803401488752e-13,1.837565701576e-14
1258,0,0,1258,3.2465327801818e-11,7.6139747830983e-06,-7.6761392098755e-13,1.8344496443777e-14
1259,0,0,1259,3.2447014395776e-11,7.6182134226412e-06,-7.6719375726487e-13,1.8313406042237e-14
1260,0,0,1260,3.2428732010183e-11,7.622449740453e-06,-7.6677352393764e-13,1.828238559339e-14
1261,0,0,1261,3.2410480575302e-11,7.6266837361503e-06,-7.6635322122204e-13,1.8251434880276e-14
1262,0,0,1262,3.2392260021616e-11,7.6309154093511e-06,-7.6593284933439e-13,1.8220553686782e-14
1263,0,0,1263,3.2374070279818e-11,7.6351447596742e-06,-7.6551240848933e-13,1.8189741797639e-14
1264,0,0,1264,3.235591128082e-11,7.63937178674e-06,-7.6509189890195e-13,1.8158998998395e-14
1265,0,0,1265,3.2337782955744e-11,7.6435964901697e-06,-7.646713207846e-13,1.8128325075404e-14
1266,0,0,1266,3.2319685235928e-11,7.647818869586e-06,-7.6425067435069e-13,1.8097719815856e-14
1267,0,0,1267,3.2301618052921e-11,7.6520389246126e-06,-7.6382995981148e-13,1.8067183007758e-14
1268,0,0,1268,3.2283581338481e-11,7.6562566548744e-06,-7.6340917737854e-13,1.8036714439896e-14
1269,0,0,1269,3.2265575024579e-11,7.6604720599974e-06,-7.6298832726161e-13,1.8006313901914e-14
1270,0,0,1270,3.2247599043395e-11,7.6646851396088e-06,-7.6256740967011e-13,1.7975981184218e-14
1271,0,0,1271,3.2229653327317e-11,7.668895893337e-06,-7.6214642481317e-13,1.7945716078016e-14
1272,0,0,1272,3.2211737808941e-11,7.6731043208116e-06,-7.6172537289743e-13,1.7915518375332e-14
1273,0,0,1273,3.2193852421072e-11,7.6773104216632e-06,-7.6130425413112e-13,1.7885387868974e-14
1274,0,0,1274,3.217599709672e-11,7.6815141955235e-06,-7.6088306871966e-13,1.785532435253e-14
1275,0,0,1275,3.2158171769099e-11,7.6857156420255e-06,-7.604618168691e-13,1.782532762038e-14
1276,0,0,1276,3.2140376371632e-11,7.6899147608033e-06,-7.6004049878305e-13,1.7795397467694e-14
1277,0,0,1277,3.2122610837941e-11,7.6941115514921e-06,-7.5961911466665e-13,1.7765533690404e-14
1278,0,0,1278,3.2104875101856e-11,7.6983060137281e-06,-7.5919766472195e-13,1.773573608521e-14
1279,0,0,1279,3.2087169097406e-11,7.7024981471489e-06,-7.5877614915194e-13,1.7706004449622e-14
1280,0,0,1280,3.2069492758825e-11,7.7066879513928e-06,-7.5835456815777e-13,1.7676338581872e-14
1281,0,0,1281,3.2051846020544e-11,7.7108754260997e-06,-7.5793292194028e-13,1.7646738280981e-14
1282,0,0,1282,3.2034228817197e-11,7.7150605709102e-06,-7.5751121069969e-13,1.7617203346732e-14
1283,0,0,1283,3.2016641083617e-11,7.7192433854662e-06,-7.5708943463532e-13,1.7587733579646e-14
1284,0,0,1284,3.1999082754836e-11,7.7234238694106e-06,-7.5666759394494e-13,1.7558328781019e-14
1285,0,0,1285,3.1981553766083e-11,7.7276020223876e-06,-7.5624568882754e-13,1.7528988752882e-14
1286,0,0,1286,3.1964054052785e-11,7.7317778440422e-06,-7.5582371947937e-13,1.7499713298031e-14
1287,0,0,1287,3.1946583550565e-11,7.7359513340206e-06,-7.5540168609636e-13,1.7470502219985e-14
1288,0,0,1288,3.1929142195242e-11,7.7401224919702e-06,-7.5497958887475e-13,1.7441355323006e-14
1289,0,0,1289,3.191172992283e-11,7.7442913175393e-06,-7.5455742800925e-13,1.7412272412111e-14
1290,0,0,1290,3.1894346669537e-11,7.7484578103774e-06,-7.5413520369365e-13,1.7383253293029e-14
1291,0,0,1291,3.1876992371765e-11,7.7526219701349e-06,-7.5371291612112e-13,1.7354297772246e-14
1292,0,0,1292,3.1859666966108e-11,7.7567837964636e-06,-7.5329056548514e-13,1.7325405656931e-14
1293,0,0,1293,3.1842370389353e-11,7.7609432890159e-06,-7.5286815197644e-13,1.729657675503e-14
1294,0,0,1294,3.1825102578478e-11,7.7651004474457e-06,-7.5244567578665e-13,1.7267810875166e-14
1295,0,0,1295,3.1807863470651e-11,7.7692552714076e-06,-7.520231371068e-13,1.7239107826708e-14
1296,0,0,1296,3.1790653003231e-11,7.7734077605575e-06,-7.5160053612578e-13,1.7210467419727e-14
1297,0,0,1297,3.1773471113766e-11,7.7775579145521e-06,-7.5117787303277e-13,1.7181889464997e-14
1298,0,0,1298,3.1756317739992e-11,7.7817057330495e-06,-7.5075514801666e-13,1.7153373774021e-14
1299,0,0,1299,3.1739192819833e-11,7.7858512157084e-06,-7.5033236126417e-13,1.7124920158981e-14
1300,0,0,1300,3.1722096291401e-11,7.7899943621889e-06,-7.4990951296297e-13,1.7096528432787e-14
1301,0,0,1301,3.1705028092992e-11,7.7941351721518e-06,-7.4948660329886e-13,1.7068198409026e-14
1302,0,0,1302,3.168798816309e-11,7.7982736452593e-06,-7.4906363245737e-13,1.7039929901995e-14
1303,0,0,1303,3.1670976440363e-11,7.8024097811744e-06,-7.4864060062338e-13,1.7011722726672e-14
1304,0,0,1304,3.1653992863664e-11,7.806543579561e-06,-7.4821750798148e-13,1.698357669873e-14
1305,0,0,1305,3.163703737203e-11,7.8106750400843e-06,-7.4779435471412e-13,1.6955491634529e-14
1306,0,0,1306,3.1620109904679e-11,7.8148041624103e-06,-7.4737114100465e-13,1.6927467351101e-14
1307,0,0,1307,3.1603210401012e-11,7.8189309462061e-06,-7.4694786703553e-13,1.6899503666175e-14
1308,0,0,1308,3.1586338800614e-11,7.8230553911397e-06,-7.4652453298734e-13,1.6871600398152e-14
1309,0,0,1309,3.1569495043248e-11,7.8271774968803e-06,-7.4610113904101e-13,1.6843757366094e-14
1310,0,0,1310,3.1552679068858e-11,7.8312972630978e-06,-7.4567768537744e-13,1.6815974389752e-14
1311,0,0,1311,3.1535890817569e-11,7.8354146894634e-06,-7.4525417217509e-13,1.6788251289525e-14
1312,0,0,1312,3.1519130229682e-11,7.8395297756491e-06,-7.4483059961271e-13,1.6760587886503e-14
1313,0,0,1313,3.150239724568e-11,7.843642521328e-06,-7.4440696786908e-13,1.6732984002416e-14
1314,0,0,1314,3.148569180622e-11,7.8477529261739e-06,-7.4398327712051e-13,1.6705439459651e-14
1315,0,0,1315,3.1469013852139e-11,7.851860989862e-06,-7.4355952754513e-13,1.6677954081277e-14
1316,0,0,1316,3.1452363324448e-11,7.8559667120682e-06,-7.4313571931774e-13,1.6650527690988e-14
1317,0,0,1317,3.1435740164335e-11,7.8600700924694e-06,-7.4271185261432e-13,1.6623160113143e-14
1318,0,0,1318,3.1419144313162e-11,7.8641711307435e-06,-7.4228792761028e-13,1.6595851172756e-14
1319,0,0,1319,3.1402575712467e-11,7.8682698265693e-06,-7.4186394447855e-13,1.6568600695459e-14
1320,0,0,1320,3.1386034303959e-11,7.8723661796267e-06,-7.414399033933e-13,1.654140850755e-14
1321,0,0,1321,3.1369520029523e-11,7.8764601895965e-06,-7.4101580452776e-13,1.6514274435962e-14
1322,0,0,1322,3.1353032831215e-11,7.8805518561603e-06,-7.4059164805334e-13,1.6487198308253e-14
1323,0,0,1323,3.1336572651262e-11,7.8846411790009e-06,-7.4016743414236e-13,1.6460179952627e-14
1324,0,0,1324,3.1320139432064e-11,7.8887281578018e-06,-7.3974316296562e-13,1.6433219197905e-14
1325,0,0,1325,3.1303733116191e-11,7.8928127922476e-06,-7.3931883469268e-13,1.6406315873557e-14
1326,0,0,1326,3.1287353646381e-11,7.8968950820239e-06,-7.3889444949464e-13,1.6379469809657e-14
1327,0,0,1327,3.1271000965544e-11,7.9009750268169e-06,-7.3847000753953e-13,1.6352680836902e-14
1328,0,0,1328,3.1254675016758e-11,7.9050526263141e-06,-7.3804550899629e-13,1.632594878664e-14
1329,0,0,1329,3.1238375743267e-11,7.9091278802038e-06,-7.3762095403235e-13,1.6299273490784e-14
1330,0,0,1330,3.1222103088485e-11,7.9132007881751e-06,-7.3719634281574e-13,1.6272654781901e-14
1331,0,0,1331,3.1205856995992e-11,7.9172713499183e-06,-7.3677167551233e-13,1.624609249316e-14
1332,0,0,1332,3.1189637409533e-11,7.9213395651243e-06,-7.3634695228834e-13,1.6219586458342e-14
1333,0,0,1333,3.1173444273022e-11,7.9254054334851e-06,-7.3592217330963e-13,1.619313651181e-14
1334,0,0,1334,3.1157277530533e-11,7.9294689546937e-06,-7.3549733874056e-13,1.6166742488556e-14
1335,0,0,1335,3.1141137126309e-11,7.9335301284436e-06,-7.3507244874517e-13,1.6140404224177e-14
1336,0,0,1336,3.1125023004754e-11,7.9375889544297e-06,-7.3464750348782e-13,1.611412155484e-14
1337,0,0,1337,3.1108935110437e-11,7.9416454323476e-06,-7.342225031304e-13,1.6087894317344e-14
1338,0,0,1338,3.1092873388088e-11,7.9456995618937e-06,-7.3379744783666e-13,1.6061722349032e-14
1339,0,0,1339,3.10768377826e-11,7.9497513427653e-06,-7.3337233776756e-13,1.6035605487894e-14
1340,0,0,1340,3.1060828239027e-11,7.9538007746608e-06,-7.3294717308471e-13,1.6009543572473e-14
1341,0,0,1341,3.1044844702585e-11,7.9578478572793e-06,-7.3252195394847e-13,1.5983536441896e-14
1342,0,0,1342,3.1028887118649e-11,7.9618925903208e-06,-7.320966805189e-13,1.595758393589e-14
1343,0,0,1343,3.1012955432755e-11,7.9659349734863e-06,-7.3167135295605e-13,1.5931685894746e-14
1344,0,0,1344,3.0997049590595e-11,7.9699750064776e-06,-7.3124597141814e-13,1.5905842159353e-14
1345,0,0,1345,3.0981169538024e-11,7.9740126889973e-06,-7.3082053606432e-13,1.5880052571144e-14
1346,0,0,1346,3.0965315221052e-11,7.978048020749e-06,-7.3039504705158e-13,1.5854316972168e-14
1347,0,0,1347,3.0949486585847e-11,7.982081001437e-06,-7.2996950453782e-13,1.5828635204987e-14
1348,0,0,1348,3.0933683578734e-11,7.9861116307667e-06,-7.2954390867882e-13,1.5803007112795e-14
1349,0,0,1349,3.0917906146195e-11,7.9901399084443e-06,-7.2911825963126e-13,1.5777432539297e-14
1350,0,0,1350,3.0902154234866e-11,7.9941658341766e-06,-7.286925575509e-13,1.5751911328792e-14
1351,0,0,1351,3.088642779154e-11,7.9981894076716e-06,-7.2826680259198e-13,1.5726443326129e-14
1352,0,0,1352,3.0870726763163e-11,8.0022106286379e-06,-7.2784099490935e-13,1.5701028376706e-14
1353,0,0,1353,3.0855051096837e-11,8.0062294967852e-06,-7.2741513465693e-13,1.567566632651e-14
1354,0,0,1354,3.0839400739815e-11,8.0102460118238e-06,-7.2698922198742e-13,1.5650357022035e-14
1355,0,0,1355,3.0823775639504e-11,8.014260173465e-06,-7.2656325705444e-13,1.5625100310356e-14
1356,0,0,1356,3.0808175743465e-11,8.0182719814208e-06,-7.2613724000916e-13,1.5599896039097e-14
1357,0,0,1357,3.0792600999409e-11,8.0222814354043e-06,-7.2571117100397e-13,1.55747440564e-14
1358,0,0,1358,3.0777051355198e-11,8.0262885351291e-06,-7.2528505019004e-13,1.5549644210988e-14
1359,0,0,1359,3.0761526758846e-11,8.0302932803098e-06,-7.2485887771699e-13,1.5524596352106e-14
1360,0,0,1360,3.0746027158516e-11,8.034295670662e-06,-7.2443265373601e-13,1.5499600329532e-14
1361,0,0,1361,3.0730552502523e-11,8.0382957059017e-06,-7.2400637839579e-13,1.5474655993583e-14
1362,0,0,1362,3.0715102739328e-11,8.0422933857462e-06,-7.2358005184567e-13,1.5449763195129e-14
1363,0,0,1363,3.0699677817542e-11,8.0462887099132e-06,-7.2315367423375e-13,1.5424921785555e-14
1364,0,0,1364,3.0684277685925e-11,8.0502816781215e-06,-7.2272724570813e-13,1.5400131616776e-14
1365,0,0,1365,3.0668902293384e-11,8.0542722900907e-06,-7.2230076641598e-13,1.5375392541231e-14
1366,0,0,1366,3.0653551588972e-11,8.058260545541e-06,-7.218742365045e-13,1.5350704411908e-14
1367,0,0,1367,3.063822552189e-11,8.0622464441936e-06,-7.2144765611932e-13,1.5326067082286e-14
1368,0,0,1368,3.0622924041483e-11,8.0662299857704e-06,-7.2102102540732e-13,1.5301480406381e-14
1369,0,0,1369,3.0607647097245e-11,8.0702111699943e-06,-7.2059434451261e-13,1.5276944238725e-14
1370,0,0,1370,3.059239463881e-11,8.0741899965886e-06,-7.2016761358054e-13,1.5252458434381e-14
1371,0,0,1371,3.0577166615961e-11,8.0781664652779e-06,-7.1974083275522e-13,1.5228022848902e-14
1372,0,0,1372,3.0561962978623e-11,8.0821405757872e-06,-7.1931400218045e-13,1.5203637338352e-14
1373,0,0,1373,3.0546783676864e-11,8.0861123278424e-06,-7.1888712199944e-13,1.5179301759332e-14
1374,0,0,1374,3.0531628660895e-11,8.0900817211703e-06,-7.1846019235475e-13,1.5155015968927e-14
1375,0,0,1375,3.051649788107e-11,8.0940487554984e-06,-7.1803321338868e-13,1.5130779824733e-14
1376,0,0,1376,3.0501391287885e-11,8.098013430555e-06,-7.1760618524318e-13,1.5106593184862e-14
1377,0,0,1377,3.0486308831977e-11,8.1019757460692e-06,-7.1717910805899e-13,1.5082455907899e-14
1378,0,0,1378,3.0471250464124e-11,8.1059357017707e-06,-7.1675198197686e-13,1.5058367852951e-14
1379,0,0,1379,3.0456216135245e-11,8.1098932973902e-06,-7.1632480713753e-13,1.5034328879625e-14
1380,0,0,1380,3.0441205796397e-11,8.1138485326592e-06,-7.158975836802e-13,1.5010338847997e-14
1381,0,0,1381,3.0426219398778e-11,8.1178014073097e-06,-7.1547031174409e-13,1.4986397618661e-14
1382,0,0,1382,3.0411256893725e-11,8.1217519210747e-06,-7.150429914681e-13,1.4962505052691e-14
1383,0,0,1383,3.0396318232714e-11,8.1257000736879e-06,-7.146156229902e-13,1.4938661011649e-14
1384,0,0,1384,3.0381403367356e-11,8.1296458648838e-06,-7.14188206449e-13,1.4914865357578e-14
1385,0,0,1385,3.0366512249403e-11,8.1335892943975e-06,-7.1376074198063e-13,1.4891117953029e-14
1386,0,0,1386,3.0351644830742e-11,8.137530361965e-06,-7.1333322972246e-13,1.4867418661001e-14
1387,0,0,1387,3.0336801063397e-11,8.1414690673231e-06,-7.1290566981064e-13,1.4843767345003e-14
1388,0,0,1388,3.0321980899528e-11,8.1454054102092e-06,-7.124780623813e-13,1.4820163868995e-14
1389,0,0,1389,3.0307184291431e-11,8.1493393903615e-06,-7.1205040756937e-13,1.4796608097437e-14
1390,0,0,1390,3.0292411191536e-11,8.153271007519e-06,-7.1162270550975e-13,1.4773099895259e-14
1391,0,0,1391,3.0277661552408e-11,8.1572002614214e-06,-7.1119495633737e-13,1.4749639127844e-14
1392,0,0,1392,3.0262935326747e-11,8.1611271518092e-06,-7.107671601856e-13,1.4726225661071e-14
1393,0,0,1393,3.0248232467385e-11,8.1650516784235e-06,-7.1033931718814e-13,1.4702859361262e-14
1394,0,0,1394,3.023355292729e-11,8.1689738410062e-06,-7.0991142747806e-13,1.4679540095233e-14
1395,0,0,1395,3.021889665956e-11,8.1728936393001e-06,-7.0948349118751e-13,1.4656267730241e-14
1396,0,0,1396,3.0204263617426e-11,8.1768110730484e-06,-7.0905550844896e-13,1.4633042134009e-14
1397,0,0,1397,3.0189653754251e-11,8.1807261419954e-06,-7.0862747939425e-13,1.4609863174731e-14
1398,0,0,1398,3.017506702353e-11,8.1846388458857e-06,-7.0819940415341e-13,1.4586730721058e-14
1399,0,0,1399,3.0160503378888e-11,8.188549184465e-06,-7.0777128285857e-13,1.4563644642084e-14
1400,0,0,1400,3.0145962774081e-11,8.1924571574796e-06,-7.0734311563915e-13,1.454060480736e-14
1401,0,0,1401,3.0131445162994e-11,8.1963627646764e-06,-7.0691490262514e-13,1.4517611086914e-14
1402,0,0,1402,3.0116950499643e-11,8.2002660058032e-06,-7.0648664394564e-13,1.4494663351196e-14
1403,0,0,1403,3.0102478738171e-11,8.2041668806084e-06,-7.0605833972973e-13,1.4471761471114e-14
1404,0,0,1404,3.0088029832853e-11,8.208065388841e-06,-7.0562999010621e-13,1.4448905318016e-14
1405,0,0,1405,3.007360373809e-11,8.2119615302509e-06,-7.0520159520232e-13,1.4426094763734e-14
1406,0,0,1406,3.0059200408409e-11,8.2158553045888e-06,-7.0477315514653e-13,1.4403329680469e-14
1407,0,0,1407,3.0044819798468e-11,8.2197467116057e-06,-7.0434467006517e-13,1.4380609940944e-14
1408,0,0,1408,3.003046186305e-11,8.2236357510537e-06,-7.039161400852e-13,1.4357935418265e-14
1409,0,0,1409,3.0016126557064e-11,8.2275224226854e-06,-7.0348756533263e-13,1.4335305986003e-14
1410,0,0,1410,3.0001813835546e-11,8.2314067262541e-06,-7.0305894593409e-13,1.4312721518147e-14
1411,0,0,1411,2.9987523653657e-11,8.2352886615138e-06,-7.0263028201378e-13,1.4290181889142e-14
1412,0,0,1412,2.9973255966683e-11,8.2391682282193e-06,-7.0220157369771e-13,1.4267686973838e-14
1413,0,0,1413,2.9959010730035e-11,8.243045426126e-06,-7.0177282110946e-13,1.4245236647555e-14
1414,0,0,1414,2.9944787899249e-11,8.2469202549899e-06,-7.0134402437352e-13,1.4222830785992e-14
1415,0,0,1415,2.9930587429984e-11,8.2507927145679e-06,-7.0091518361376e-13,1.4200469265309e-14
1416,0,0,1416,2.9916409278022e-11,8.2546628046174e-06,-7.0048629895344e-13,1.417815196209e-14
1417,0,0,1417,2.9902253399269e-11,8.2585305248965e-06,-7.000573705143e-13,1.4155878753323e-14
1418,0,0,1418,2.9888119749752e-11,8.262395875164e-06,-6.9962839842052e-13,1.4133649516437e-14
1419,0,0,1419,2.9874008285623e-11,8.2662588551794e-06,-6.991993827923e-13,1.4111464129268e-14
1420,0,0,1420,2.9859918963153e-11,8.2701194647029e-06,-6.9877032375228e-13,1.4089322470084e-14
1421,0,0,1421,2.9845851738735e-11,8.2739777034953e-06,-6.9834122142129e-13,1.4067224417542e-14
1422,0,0,1422,2.9831806568884e-11,8.277833571318e-06,-6.9791207591981e-13,1.4045169850757e-14
1423,0,0,1423,2.9817783410235e-11,8.2816870679333e-06,-6.9748288736837e-13,1.4023158649207e-14
1424,0,0,1424,2.9803782219542e-11,8.285538193104e-06,-6.9705365588684e-13,1.4001190692827e-14
1425,0,0,1425,2.9789802953681e-11,8.2893869465935e-06,-6.9662438159481e-13,1.3979265861922e-14
1426,0,0,1426,2.9775845569643e-11,8.2932333281659e-06,-6.9619506461125e-13,1.3957384037242e-14
1427,0,0,1427,2.9761910024543e-11,8.2970773375861e-06,-6.9576570505453e-13,1.3935545099912e-14
1428,0,0,1428,2.9747996275612e-11,8.3009189746195e-06,-6.953363030436e-13,1.3913748931477e-14
1429,0,0,1429,2.9734104280198e-11,8.3047582390322e-06,-6.949068586953e-13,1.3891995413891e-14
1430,0,0,1430,2.9720233995769e-11,8.3085951305909e-06,-6.9447737212768e-13,1.3870284429478e-14
1431,0,0,1431,2.9706385379908e-11,8.312429649063e-06,-6.9404784345847e-13,1.3848615861008e-14
1432,0,0,1432,2.9692558390316e-11,8.3162617942166e-06,-6.9361827280298e-13,1.3826989591613e-14
1433,0,0,1433,2.9678752984811e-11,8.3200915658204e-06,-6.9318866027833e-13,1.380540550483e-14
1434,0,0,1434,2.9664969121326e-11,8.3239189636436e-06,-6.9275900600043e-13,1.3783863484602e-14
1435,0,0,1435,2.9651206757911e-11,8.3277439874562e-06,-6.9232931008395e-13,1.3762363415251e-14
1436,0,0,1436,2.963746585273e-11,8.3315666370288e-06,-6.9189957264511e-13,1.3740905181491e-14
1437,0,0,1437,2.9623746364061e-11,8.3353869121327e-06,-6.9146979379736e-13,1.3719488668447e-14
1438,0,0,1438,2.96100482503e-11,8.3392048125396e-06,-6.910399736563e-13,1.3698113761591e-14
1439,0,0,1439,2.9596371469953e-11,8.3430203380221e-06,-6.9061011233507e-13,1.3676780346833e-14
1440,0,0,1440,2.9582715981642e-11,8.3468334883533e-06,-6.9018020994712e-13,1.3655488310421e-14
1441,0,0,1441,2.9569081744103e-11,8.350644263307e-06,-6.897502666059e-13,1.3634237539019e-14
1442,0,0,1442,2.9555468716184e-11,8.3544526626574e-06,-6.8932028242426e-13,1.3613027919646e-14
1443,0,0,1443,2.9541876856844e-11,8.3582586861796e-06,-6.8889025751411e-13,1.3591859339734e-14
1444,0,0,1444,2.9528306125157e-11,8.3620623336491e-06,-6.8846019198798e-13,1.3570731687065e-14
1445,0,0,1445,2.9514756480307e-11,8.3658636048422e-06,-6.8803008595718e-13,1.3549644849813e-14
1446,0,0,1446,2.9501227881591e-11,8.3696624995358e-06,-6.8759993953301e-13,1.3528598716516e-14
1447,0,0,1447,2.9487720288415e-11,8.3734590175072e-06,-6.8716975282679e-13,1.35075931761e-14
1448,0,0,1448,2.9474233660297e-11,8.3772531585345e-06,-6.8673952594827e-13,1.3486628117864e-14
1449,0,0,1449,2.9460767956865e-11,8.3810449223965e-06,-6.8630925900816e-13,1.3465703431451e-14
1450,0,0,1450,2.9447323137858e-11,8.3848343088722e-06,-6.8587895211591e-13,1.3444819006924e-14
1451,0,0,1451,2.9433899163124e-11,8.3886213177418e-06,-6.8544860538131e-13,1.3423974734654e-14
1452,0,0,1452,2.9420495992618e-11,8.3924059487855e-06,-6.8501821891258e-13,1.3403170505429e-14
1453,0,0,1453,2.9407113586408e-11,8.3961882017845e-06,-6.8458779281951e-13,1.3382406210371e-14
1454,0,0,1454,2.9393751904667e-11,8.3999680765204e-06,-6.8415732720971e-13,1.3361681740984e-14
1455,0,0,1455,2.9380410907678e-11,8.4037455727756e-06,-6.8372682219081e-13,1.3340996989125e-14
1456,0,0,1456,2.9367090555831e-11,8.4075206903329e-06,-6.8329627787137e-13,1.3320351847005e-14
1457,0,0,1457,2.9353790809624e-11,8.4112934289758e-06,-6.8286569435777e-13,1.3299746207217e-14
1458,0,0,1458,2.9340511629661e-11,8.4150637884883e-06,-6.8243507175734e-13,1.3279179962688e-14
1459,0,0,1459,2.9327252976654e-11,8.418831768655e-06,-6.8200441017616e-13,1.3258653006718e-14
1460,0,0,1460,2.9314014811421e-11,8.4225973692612e-06,-6.8157370972065e-13,1.3238165232943e-14
1461,0,0,1461,2.9300797094886e-11,8.4263605900927e-06,-6.8114297049688e-13,1.3217716535381e-14
1462,0,0,1462,2.9287599788077e-11,8.4301214309358e-06,-6.8071219260974e-13,1.3197306808365e-14
1463,0,0,1463,2.9274422852131e-11,8.4338798915776e-06,-6.8028137616469e-13,1.3176935946623e-14
1464,0,0,1464,2.9261266248286e-11,8.4376359718056e-06,-6.798505212666e-13,1.3156603845183e-14
1465,0,0,1465,2.9248129937886e-11,8.4413896714079e-06,-6.7941962801911e-13,1.3136310399469e-14
1466,0,0,1466,2.9235013882381e-11,8.4451409901732e-06,-6.789886965274e-13,1.3116055505219e-14
1467,0,0,1467,2.9221918043322e-11,8.4488899278909e-06,-6.7855772689418e-13,1.3095839058524e-14
1468,0,0,1468,2.9208842382367e-11,8.4526364843507e-06,-6.7812671922341e-13,1.3075660955818e-14
1469,0,0,1469,2.9195786861273e-11,8.4563806593431e-06,-6.776956736181e-13,1.3055521093886e-14
1470,0,0,1470,2.9182751441903e-11,8.460122452659e-06,-6.7726459018036e-13,1.3035419369846e-14
1471,0,0,1471,2.9169736086222e-11,8.46386186409e-06,-6.7683346901322e-13,1.301535568116e-14
1472,0,0,1472,2.9156740756296e-11,8.4675988934282e-06,-6.7640231021818e-13,1.299532992562e-14
1473,0,0,1473,2.9143765414295e-11,8.4713335404663e-06,-6.7597111389733e-13,1.2975342001359e-14
1474,0,0,1474,2.9130810022488e-11,8.4750658049975e-06,-6.7553988015157e-13,1.2955391806855e-14
1475,0,0,1475,2.9117874543247e-11,8.4787956868157e-06,-6.7510860908237e-13,1.2935479240907e-14
1476,0,0,1476,2.9104958939044e-11,8.4825231857151e-06,-6.7467730079002e-13,1.2915604202644e-14
1477,0,0,1477,2.9092063172453e-11,8.4862483014906e-06,-6.7424595537477e-13,1.2895766591551e-14
1478,0,0,1478,2.9079187206145e-11,8.4899710339378e-06,-6.738145729372e-13,1.2875966307416e-14
1479,0,0,1479,2.9066331002895e-11,8.4936913828526e-06,-6.7338315357635e-13,1.285620325036e-14
1480,0,0,1480,2.9053494525574e-11,8.4974093480315e-06,-6.7295169739187e-13,1.2836477320854e-14
1481,0,0,1481,2.9040677737154e-11,8.5011249292718e-06,-6.725202044825e-13,1.2816788419668e-14
1482,0,0,1482,2.9027880600707e-11,8.5048381263709e-06,-6.7208867494758e-13,1.2797136447908e-14
1483,0,0,1483,2.90151030794e-11,8.5085489391272e-06,-6.7165710888492e-13,1.2777521307012e-14
1484,0,0,1484,2.9002345136501e-11,8.5122573673393e-06,-6.7122550639266e-13,1.2757942898718e-14
1485,0,0,1485,2.8989606735376e-11,8.5159634108065e-06,-6.7079386756859e-13,1.2738401125114e-14
1486,0,0,1486,2.8976887839487e-11,8.5196670693287e-06,-6.7036219251024e-13,1.2718895888584e-14
1487,0,0,1487,2.8964188412395e-11,8.5233683427061e-06,-6.6993048131417e-13,1.2699427091841e-14
1488,0,0,1488,2.8951508417757e-11,8.5270672307397e-06,-6.6949873407822e-13,1.2679994637916e-14
1489,0,0,1489,2.8938847819327e-11,8.5307637332308e-06,-6.6906695089743e-13,1.2660598430153e-14
1490,0,0,1490,2.8926206580955e-11,8.5344578499815e-06,-6.68635131869e-13,1.2641238372209e-14
1491,0,0,1491,2.8913584666587e-11,8.5381495807941e-06,-6.682032770886e-13,1.2621914368063e-14
1492,0,0,1492,2.8900982040265e-11,8.5418389254718e-06,-6.6777138665128e-13,1.2602626321997e-14
1493,0,0,1493,2.8888398666126e-11,8.5455258838179e-06,-6.6733946065303e-13,1.2583374138602e-14
1494,0,0,1494,2.8875834508404e-11,8.5492104556366e-06,-6.6690749918765e-13,1.2564157722795e-14
1495,0,0,1495,2.8863289531424e-11,8.5528926407325e-06,-6.6647550235053e-13,1.2544976979787e-14
1496,0,0,1496,2.8850763699609e-11,8.5565724389106e-06,-6.6604347023609e-13,1.2525831815094e-14
1497,0,0,1497,2.8838256977474e-11,8.5602498499766e-06,-6.6561140293756e-13,1.2506722134556e-14
1498,0,0,1498,2.882576932963e-11,8.5639248737365e-06,-6.6517930054936e-13,1.2487647844298e-14
1499,0,0,1499,2.8813300720779e-11,8.5675975099971e-06,-6.6474716316411e-13,1.2468608850763e-14
1500,0,0,1500,2.8800851115718e-11,8.5712677585654e-06,-6.6431499087563e-13,1.2449605060688e-14
1501,0,0,1501,2.8788420479337e-11,8.5749356192493e-06,-6.6388278377621e-13,1.2430636381112e-14
1502,0,0,1502,2.8776008776618e-11,8.5786010918568e-06,-6.6345054195816e-13,1.241170271938e-14
1503,0,0,1503,2.8763615972635e-11,8.5822641761967e-06,-6.6301826551406e-13,1.2392803983136e-14
1504,0,0,1504,2.8751242032554e-11,8.5859248720781e-06,-6.6258595453592e-13,1.2373940080315e-14
1505,0,0,1505,2.8738886921635e-11,8.5895831793107e-06,-6.6215360911448e-13,1.235511091915e-14
1506,0,0,1506,2.8726550605227e-11,8.5932390977049e-06,-6.6172122934205e-13,1.2336316408177e-14
1507,0,0,1507,2.8714233048771e-11,8.5968926270712e-06,-6.6128881530846e-13,1.2317556456216e-14
1508,0,0,1508,2.8701934217798e-11,8.600543767221e-06,-6.608563671054e-13,1.2298830972393e-14
1509,0,0,1509,2.8689654077932e-11,8.6041925179659e-06,-6.6042388482271e-13,1.2280139866111e-14
1510,0,0,1510,2.8677392594885e-11,8.6078388791181e-06,-6.5999136855084e-13,1.2261483047077e-14
1511,0,0,1511,2.866514973446e-11,8.6114828504903e-06,-6.5955881837902e-13,1.2242860425276e-14
1512,0,0,1512,2.8652925462549e-11,8.6151244318959e-06,-6.591262343977e-13,1.2224271910998e-14
1513,0,0,1513,2.8640719745134e-11,8.6187636231483e-06,-6.586936166952e-13,1.2205717414803e-14
1514,0,0,1514,2.8628532548287e-11,8.6224004240619e-06,-6.5826096536074e-13,1.2187196847551e-14
1515,0,0,1515,2.8616363838166e-11,8.6260348344513e-06,-6.5782828048325e-13,1.2168710120374e-14
1516,0,0,1516,2.8604213581022e-11,8.6296668541317e-06,-6.5739556215102e-13,1.2150257144702e-14
1517,0,0,1517,2.8592081743189e-11,8.6332964829187e-06,-6.5696281045177e-13,1.2131837832238e-14
1518,0,0,1518,2.8579968291094e-11,8.6369237206285e-06,-6.5653002547379e-13,1.2113452094976e-14
1519,0,0,1519,2.8567873191249e-11,8.6405485670777e-06,-6.5609720730447e-13,1.2095099845184e-14
1520,0,0,1520,2.8555796410254e-11,8.6441710220834e-06,-6.5566435603089e-13,1.2076780995408e-14
1521,0,0,1521,2.8543737914795e-11,8.6477910854632e-06,-6.5523147174015e-13,1.2058495458479e-14
1522,0,0,1522,2.8531697671648e-11,8.6514087570351e-06,-6.5479855451869e-13,1.2040243147502e-14
1523,0,0,1523,2.8519675647672e-11,8.6550240366178e-06,-6.5436560445362e-13,1.2022023975868e-14
1524,0,0,1524,2.8507671809815e-11,8.6586369240301e-06,-6.5393262163047e-13,1.2003837857221e-14
1525,0,0,1525,2.8495686125109e-11,8.6622474190916e-06,-6.534996061348e-13,1.1985684705506e-14
1526,0,0,1526,2.8483718560674e-11,8.6658555216223e-06,-6.5306655805337e-13,1.1967564434924e-14
1527,0,0,1527,2.8471769083714e-11,8.6694612314426e-06,-6.5263347747052e-13,1.1949476959956e-14
1528,0,0,1528,2.8459837661519e-11,8.6730645483733e-06,-6.5220036447148e-13,1.1931422195345e-14
1529,0,0,1529,2.8447924261463e-11,8.676665472236e-06,-6.5176721914119e-13,1.1913400056117e-14
1530,0,0,1530,2.8436028851005e-11,8.6802640028524e-06,-6.5133404156428e-13,1.1895410457567e-14
1531,0,0,1531,2.842415139769e-11,8.6838601400448e-06,-6.5090083182445e-13,1.1877453315241e-14
1532,0,0,1532,2.8412291869145e-11,8.687453883636e-06,-6.5046759000634e-13,1.1859528544968e-14
1533,0,0,1533,2.8400450233082e-11,8.6910452334492e-06,-6.5003431619304e-13,1.1841636062844e-14
1534,0,0,1534,2.8388626457297e-11,8.6946341893081e-06,-6.4960101046887e-13,1.1823775785216e-14
1535,0,0,1535,2.8376820509668e-11,8.698220751037e-06,-6.4916767291571e-13,1.1805947628711e-14
1536,0,0,1536,2.8365032358158e-11,8.7018049184603e-06,-6.4873430361787e-13,1.178815151021e-14
1537,0,0,1537,2.8353261970811e-11,8.7053866914031e-06,-6.4830090265722e-13,1.177038734686e-14
1538,0,0,1538,2.8341509315755e-11,8.708966069691e-06,-6.4786747011594e-13,1.1752655056061e-14
1539,0,0,1539,2.83297743612e-11,8.71254305315e-06,-6.4743400607683e-13,1.1734954555484e-14
1540,0,0,1540,2.8318057075437e-11,8.7161176416065e-06,-6.4700051062143e-13,1.1717285763056e-14
1541,0,0,1541,2.830635742684e-11,8.7196898348873e-06,-6.4656698383131e-13,1.1699648596955e-14
1542,0,0,1542,2.8294675383864e-11,8.7232596328199e-06,-6.4613342578804e-13,1.1682042975626e-14
1543,0,0,1543,2.8283010915046e-11,8.7268270352319e-06,-6.4569983657226e-13,1.1664468817766e-14
1544,0,0,1544,2.8271363989004e-11,8.7303920419516e-06,-6.4526621626523e-13,1.164692604232e-14
1545,0,0,1545,2.8259734574435e-11,8.7339546528076e-06,-6.4483256494758e-13,1.1629414568501e-14
1546,0,0,1546,2.824812264012e-11,8.7375148676292e-06,-6.4439888269965e-13,1.1611934315767e-14
1547,0,0,1547,2.8236528154916e-11,8.7410726862458e-06,-6.4396516960117e-13,1.1594485203828e-14
1548,0,0,1548,2.8224951087763e-11,8.7446281084874e-06,-6.4353142573216e-13,1.1577067152639e-14
1549,0,0,1549,2.8213391407681e-11,8.7481811341845e-06,-6.4309765117236e-13,1.1559680082429e-14
1550,0,0,1550,2.8201849083767e-11,8.7517317631679e-06,-6.4266384600116e-13,1.1542323913646e-14
1551,0,0,1551,2.81903240852e-11,8.755279995269e-06,-6.4223001029708e-13,1.1524998567007e-14
1552,0,0,1552,2.8178816381237e-11,8.7588258303195e-06,-6.4179614413983e-13,1.1507703963468e-14
1553,0,0,1553,2.8167325941212e-11,8.7623692681516e-06,-6.4136224760729e-13,1.1490440024232e-14
1554,0,0,1554,2.8155852734542e-11,8.7659103085979e-06,-6.4092832077827e-13,1.1473206670755e-14
1555,0,0,1555,2.8144396730717e-11,8.7694489514914e-06,-6.4049436373066e-13,1.1456003824727e-14
1556,0,0,1556,2.8132957899309e-11,8.7729851966657e-06,-6.4006037654202e-13,1.1438831408082e-14
1557,0,0,1557,2.8121536209966e-11,8.7765190439546e-06,-6.3962635929055e-13,1.1421689343014e-14
1558,0,0,1558,2.8110131632414e-11,8.7800504931924e-06,-6.3919231205352e-13,1.1404577551932e-14
1559,0,0,1559,2.8098744136456e-11,8.783579544214e-06,-6.3875823490758e-13,1.1387495957512e-14
1560,0,0,1560,2.8087373691974e-11,8.7871061968545e-06,-6.3832412793e-13,1.1370444482647e-14
1561,0,0,1561,2.8076020268923e-11,8.7906304509495e-06,-6.3788999119776e-13,1.1353423050491e-14
1562,0,0,1562,2.8064683837339e-11,8.7941523063351e-06,-6.3745582478626e-13,1.1336431584419e-14
1563,0,0,1563,2.8053364367331e-11,8.7976717628476e-06,-6.3702162877311e-13,1.1319470008047e-14
1564,0,0,1564,2.8042061829086e-11,8.8011888203241e-06,-6.3658740323279e-13,1.1302538245239e-14
1565,0,0,1565,2.8030776192866e-11,8.8047034786016e-06,-6.3615314824228e-13,1.1285636220081e-14
1566,0,0,1566,2.8019507429009e-11,8.8082157375181e-06,-6.3571886387609e-13,1.1268763856896e-14
1567,0,0,1567,2.8008255507928e-11,8.8117255969115e-06,-6.3528455020995e-13,1.1251921080249e-14
1568,0,0,1568,2.7997020400113e-11,8.8152330566205e-06,-6.3485020731868e-13,1.1235107814932e-14
1569,0,0,1569,2.7985802076127e-11,8.8187381164839e-06,-6.344158352774e-13,1.121832398596e-14
1570,0,0,1570,2.7974600506609e-11,8.8222407763411e-06,-6.3398143416001e-13,1.1201569518602e-14
1571,0,0,1571,2.7963415662271e-11,8.8257410360319e-06,-6.3354700404164e-13,1.1184844338332e-14
1572,0,0,1572,2.79522475139e-11,8.8292388953966e-06,-6.3311254499587e-13,1.1168148370873e-14
1573,0,0,1573,2.7941096032357e-11,8.8327343542755e-06,-6.3267805709629e-13,1.1151481542163e-14
1574,0,0,1574,2.7929961188579e-11,8.8362274125099e-06,-6.322435404168e-13,1.1134843778383e-14
1575,0,0,1575,2.7918842953573e-11,8.839718069941e-06,-6.3180899503161e-13,1.1118235005916e-14
1576,0,0,1576,2.7907741298422e-11,8.8432063264107e-06,-6.3137442101246e-13,1.1101655151399e-14
1577,0,0,1577,2.789665619428e-11,8.8466921817611e-06,-6.3093981843326e-13,1.1085104141678e-14
1578,0,0,1578,2.7885587612376e-11,8.850175635835e-06,-6.3050518736635e-13,1.1068581903823e-14
1579,0,0,1579,2.7874535524011e-11,8.8536566884752e-06,-6.3007052788473e-13,1.1052088365141e-14
1580,0,0,1580,2.7863499900558e-11,8.8571353395253e-06,-6.2963584005984e-13,1.1035623453138e-14
1581,0,0,1581,2.7852480713462e-11,8.860611588829e-06,-6.2920112396434e-13,1.1019187095571e-14
1582,0,0,1582,2.7841477934242e-11,8.8640854362305e-06,-6.2876637966999e-13,1.1002779220388e-14
1583,0,0,1583,2.7830491534486e-11,8.8675568815744e-06,-6.2833160724854e-13,1.0986399755781e-14
1584,0,0,1584,2.7819521485856e-11,8.8710259247057e-06,-6.2789680677081e-13,1.0970048630155e-14
1585,0,0,1585,2.7808567760084e-11,8.8744925654698e-06,-6.2746197830856e-13,1.095372577212e-14
1586,0,0,1586,2.7797630328973e-11,8.8779568037126e-06,-6.2702712193293e-13,1.0937431110525e-14
1587,0,0,1587,2.7786709164399e-11,8.88141863928e-06,-6.2659223771351e-13,1.0921164574417e-14
1588,0,0,1588,2.7775804238306e-11,8.8848780720188e-06,-6.2615732572207e-13,1.090492609308e-14
1589,0,0,1589,2.776491552271e-11,8.8883351017759e-06,-6.2572238602881e-13,1.0888715595984e-14
1590,0,0,1590,2.7754042989697e-11,8.8917897283986e-06,-6.2528741870273e-13,1.0872533012844e-14
1591,0,0,1591,2.7743186611424e-11,8.8952419517346e-06,-6.2485242381497e-13,1.0856378273573e-14
1592,0,0,1592,2.7732346360115e-11,8.898691771632e-06,-6.2441740143451e-13,1.084025130829e-14
1593,0,0,1593,2.7721522208068e-11,8.9021391879393e-06,-6.2398235163127e-13,1.0824152047347e-14
1594,0,0,1594,2.7710714127647e-11,8.9055842005055e-06,-6.2354727447394e-13,1.0808080421287e-14
1595,0,0,1595,2.7699922091286e-11,8.9090268091797e-06,-6.231121700318e-13,1.0792036360879e-14
1596,0,0,1596,2.7689146071489e-11,8.9124670138116e-06,-6.2267703837384e-13,1.0776019797092e-14
1597,0,0,1597,2.7678386040828e-11,8.9159048142512e-06,-6.2224187956877e-13,1.0760030661102e-14
1598,0,0,1598,2.7667641971943e-11,8.9193402103489e-06,-6.2180669368463e-13,1.0744068884304e-14
1599,0,0,1599,2.7656913837545e-11,8.9227732019555e-06,-6.2137148078982e-13,1.0728134398295e-14
1600,0,0,1600,2.764620161041e-11,8.9262037889221e-06,-6.209362409521e-13,1.0712227134877e-14
1601,0,0,1601,2.7635505263384e-11,8.9296319711002e-06,-6.2050097423984e-13,1.0696347026058e-14
1602,0,0,1602,2.762482476938e-11,8.9330577483417e-06,-6.2006568071989e-13,1.0680494004049e-14
1603,0,0,1603,2.7614160101379e-11,8.936481120499e-06,-6.1963036046031e-13,1.0664668001282e-14
1604,0,0,1604,2.7603511232428e-11,8.9399020874246e-06,-6.1919501352766e-13,1.0648868950365e-14
1605,0,0,1605,2.7592878135644e-11,8.9433206489715e-06,-6.1875963998968e-13,1.0633096784134e-14
1606,0,0,1606,2.7582260784209e-11,8.9467368049931e-06,-6.1832423991201e-13,1.0617351435609e-14
1607,0,0,1607,2.7571659151371e-11,8.9501505553431e-06,-6.178888133624e-13,1.0601632838024e-14
1608,0,0,1608,2.7561073210446e-11,8.9535618998758e-06,-6.1745336040678e-13,1.0585940924807e-14
1609,0,0,1609,2.7550502934816e-11,8.9569708384454e-06,-6.1701788111076e-13,1.0570275629587e-14
1610,0,0,1610,2.753994829793e-11,8.960377370907e-06,-6.165823755412e-13,1.0554636886199e-14
1611,0,0,1611,2.7529409273301e-11,8.9637814971156e-06,-6.1614684376339e-13,1.0539024628666e-14
1612,0,0,1612,2.751888583451e-11,8.9671832169269e-06,-6.1571128584297e-13,1.052343879121e-14
1613,0,0,1613,2.7508377955202e-11,8.9705825301968e-06,-6.1527570184555e-13,1.0507879308259e-14
1614,0,0,1614,2.7497885609087e-11,8.9739794367815e-06,-6.1484009183551e-13,1.0492346114429e-14
1615,0,0,1615,2.7487408769943e-11,8.9773739365378e-06,-6.144044558791e-13,1.0476839144538e-14
1616,0,0,1616,2.7476947411609e-11,8.9807660293225e-06,-6.1396879404008e-13,1.0461358333594e-14
1617,0,0,1617,2.7466501507993e-11,8.9841557149931e-06,-6.1353310638316e-13,1.0445903616796e-14
1618,0,0,1618,2.7456071033063e-11,8.9875429934073e-06,-6.1309739297365e-13,1.043047492955e-14
1619,0,0,1619,2.7445655960856e-11,8.9909278644232e-06,-6.1266165387472e-13,1.0415072207435e-14
1620,0,0,1620,2.7435256265469e-11,8.9943103278992e-06,-6.1222588915044e-13,1.0399695386242e-14
1621,0,0,1621,2.7424871921067e-11,8.997690383694e-06,-6.1179009886551e-13,1.0384344401938e-14
1622,0,0,1622,2.7414502901877e-11,9.0010680316669e-06,-6.1135428308311e-13,1.0369019190692e-14
1623,0,0,1623,2.7404149182188e-11,9.0044432716772e-06,-6.1091844186578e-13,1.0353719688856e-14
1624,0,0,1624,2.7393810736355e-11,9.0078161035848e-06,-6.1048257527853e-13,1.0338445832976e-14
1625,0,0,1625,2.7383487538795e-11,9.0111865272499e-06,-6.1004668338299e-13,1.0323197559776e-14
1626,0,0,1626,2.7373179563989e-11,9.014554542533e-06,-6.0961076624232e-13,1.0307974806184e-14
1627,0,0,1627,2.736288678648e-11,9.017920149295e-06,-6.0917482392e-13,1.0292777509304e-14
1628,0,0,1628,2.7352609180873e-11,9.0212833473971e-06,-6.0873885647765e-13,1.027760560643e-14
1629,0,0,1629,2.7342346721838e-11,9.0246441367008e-06,-6.0830286397814e-13,1.0262459035042e-14
1630,0,0,1630,2.7332099384105e-11,9.0280025170681e-06,-6.078668464831e-13,1.0247337732802e-14
1631,0,0,1631,2.7321867142468e-11,9.0313584883613e-06,-6.0743080405477e-13,1.0232241637568e-14
1632,0,0,1632,2.731164997178e-11,9.0347120504428e-06,-6.0699473675479e-13,1.021717068736e-14
1633,0,0,1633,2.730144784696e-11,9.0380632031756e-06,-6.065586446454e-13,1.0202124820409e-14
1634,0,0,1634,2.7291260742985e-11,9.0414119464231e-06,-6.06122527787e-13,1.01871039751e-14
1635,0,0,1635,2.7281088634895e-11,9.0447582800487e-06,-6.0568638624153e-13,1.0172108090024e-14
1636,0,0,1636,2.7270931497791e-11,9.0481022039165e-06,-6.052502200694e-13,1.0157137103938e-14
1637,0,0,1637,2.7260789306835e-11,9.0514437178907e-06,-6.0481402933194e-13,1.0142190955791e-14
1638,0,0,1638,2.725066203725e-11,9.0547828218359e-06,-6.0437781409016e-13,1.0127269584699e-14
1639,0,0,1639,2.724054966432e-11,9.0581195156172e-06,-6.0394157440354e-13,1.0112372929967e-14
1640,0,0,1640,2.7230452163389e-11,9.0614537990997e-06,-6.0350531033342e-13,1.0097500931072e-14
1641,0,0,1641,2.7220369509862e-11,9.0647856721491e-06,-6.0306902193928e-13,1.0082653527682e-14
1642,0,0,1642,2.7210301679202e-11,9.0681151346313e-06,-6.0263270928122e-13,1.0067830659623e-14
1643,0,0,1643,2.7200248646935e-11,9.0714421864126e-06,-6.0219637241933e-13,1.0053032266917e-14
1644,0,0,1644,2.7190210388645e-11,9.0747668273597e-06,-6.017600114128e-13,1.0038258289739e-14
1645,0,0,1645,2.7180186879977e-11,9.0780890573393e-06,-6.0132362632171e-13,1.0023508668471e-14
1646,0,0,1646,2.7170178096633e-11,9.0814088762189e-06,-6.0088721720404e-13,1.000878334364e-14
1647,0,0,1647,2.7160184014377e-11,9.084726283866e-06,-6.0045078412048e-13,9.9940822559629e-15
1648,0,0,1648,2.7150204609031e-11,9.0880412801485e-06,-6.0001432712899e-13,9.9794053463264e-15
1649,0,0,1649,2.7140239856475e-11,9.0913538649346e-06,-5.9957784628814e-13,9.9647525557902e-15
1650,0,0,1650,2.713028973265e-11,9.0946640380929e-06,-5.9914134165741e-13,9.950123825589e-15
1651,0,0,1651,2.7120354213552e-11,9.0979717994923e-06,-5.9870481329445e-13,9.9355190971253e-15
1652,0,0,1652,2.7110433275241e-11,9.101277149002e-06,-5.982682612572e-13,9.9209383119733e-15
1653,0,0,1653,2.7100526893829e-11,9.1045800864916e-06,-5.9783168560485e-13,9.9063814118811e-15
1654,0,0,1654,2.709063504549e-11,9.1078806118308e-06,-5.9739508639443e-13,9.8918483387587e-15
1655,0,0,1655,2.7080757706455e-11,9.1111787248898e-06,-5.969584636839e-13,9.8773390346971e-15
1656,0,0,1656,2.7070894853013e-11,9.1144744255391e-06,-5.9652181753027e-13,9.8628534419488e-15
1657,0,0,1657,2.706104646151e-11,9.1177677136496e-06,-5.9608514799213e-13,9.8483915029341e-15
1658,0,0,1658,2.705121250835e-11,9.1210585890923e-06,-5.9564845512558e-13,9.8339531602415e-15
1659,0,0,1659,2.7041392969993e-11,9.1243470517386e-06,-5.9521173898797e-13,9.8195383566277e-15
1660,0,0,1660,2.7031587822958e-11,9.1276331014604e-06,-5.9477499963662e-13,9.8051470350171e-15
1661,0,0,1661,2.702179704382e-11,9.1309167381296e-06,-5.9433823712766e-13,9.7907791384926e-15
1662,0,0,1662,2.701202060921e-11,9.1341979616186e-06,-5.9390145151781e-13,9.7764346103115e-15
1663,0,0,1663,2.7002258495816e-11,9.1374767718002e-06,-5.9346464286348e-13,9.7621133938928e-15
1664,0,0,1664,2.6992510680383e-11,9.1407531685473e-06,-5.9302781122111e-13,9.7478154328169e-15
1665,0,0,1665,2.6982777139712e-11,9.1440271517332e-06,-5.9259095664618e-13,9.7335406708226e-15
1666,0,0,1666,2.697305785066e-11,9.1472987212315e-06,-5.9215407919573e-13,9.7192890518264e-15
1667,0,0,1667,2.696335279014e-11,9.1505678769161e-06,-5.9171717892372e-13,9.7050605198968e-15
1668,0,0,1668,2.6953661935121e-11,9.1538346186614e-06,-5.912802558875e-13,9.6908550192603e-15
1669,0,0,1669,2.6943985262627e-11,9.1570989463417e-06,-5.9084331014134e-13,9.6766724943117e-15
1670,0,0,1670,2.6934322749737e-11,9.160360859832e-06,-5.9040634174104e-13,9.6625128896073e-15
1671,0,0,1671,2.6924674373587e-11,9.1636203590074e-06,-5.8996935074118e-13,9.6483761498585e-15
1672,0,0,1672,2.6915040111367e-11,9.1668774437433e-06,-5.8953233719727e-13,9.6342622199382e-15
1673,0,0,1673,2.6905419940323e-11,9.1701321139154e-06,-5.8909530116387e-13,9.6201710448745e-15
1674,0,0,1674,2.6895813837753e-11,9.1733843693999e-06,-5.8865824269528e-13,9.6061025698601e-15
1675,0,0,1675,2.6886221781012e-11,9.1766342100731e-06,-5.8822116184636e-13,9.592056740243e-15
1676,0,0,1676,2.6876643747511e-11,9.1798816358116e-06,-5.8778405867108e-13,9.5780335015262e-15
1677,0,0,1677,2.6867079714712e-11,9.1831266464924e-06,-5.8734693322404e-13,9.564032799371e-15
1678,0,0,1678,2.6857529660132e-11,9.1863692419928e-06,-5.8690978555857e-13,9.5500545795939e-15
1679,0,0,1679,2.6847993561344e-11,9.1896094221902e-06,-5.8647261572895e-13,9.5360987881632e-15
1680,0,0,1680,2.6838471395973e-11,9.1928471869625e-06,-5.8603542378915e-13,9.5221653712184e-15
1681,0,0,1681,2.6828963141698e-11,9.1960825361878e-06,-5.8559820979191e-13,9.5082542750251e-15
1682,0,0,1682,2.6819468776251e-11,9.1993154697447e-06,-5.8516097379089e-13,9.4943654460331e-15
1683,0,0,1683,2.6809988277421e-11,9.2025459875118e-06,-5.8472371583974e-13,9.4804988308246e-15
1684,0,0,1684,2.6800521623045e-11,9.2057740893681e-06,-5.842864359909e-13,9.4666543761433e-15
1685,0,0,1685,2.6791068791016e-11,9.2089997751929e-06,-5.8384913429772e-13,9.4528320288753e-15
1686,0,0,1686,2.678162975928e-11,9.2122230448659e-06,-5.8341181081295e-13,9.4390317360809e-15
1687,0,0,1687,2.6772204505835e-11,9.215443898267e-06,-5.8297446558839e-13,9.4252534449435e-15
1688,0,0,1688,2.6762793008732e-11,9.2186623352762e-06,-5.8253709867772e-13,9.4114971028206e-15
1689,0,0,1689,2.6753395246075e-11,9.2218783557742e-06,-5.8209971013275e-13,9.3977626572025e-15
1690,0,0,1690,2.6744011196019e-11,9.2250919596416e-06,-5.8166230000499e-13,9.3840500557345e-15
1691,0,0,1691,2.6734640836773e-11,9.2283031467596e-06,-5.8122486834719e-13,9.3703592462267e-15
1692,0,0,1692,2.6725284146596e-11,9.2315119170094e-06,-5.8078741521116e-13,9.3566901766054e-15
1693,0,0,1693,2.6715941103801e-11,9.2347182702726e-06,-5.8034994064842e-13,9.343042794978e-15
1694,0,0,1694,2.6706611686751e-11,9.2379222064312e-06,-5.7991244471048e-13,9.3294170495745e-15
1695,0,0,1695,2.6697295873863e-11,9.2411237253674e-06,-5.7947492744885e-13,9.31581288879e-15
1696,0,0,1696,2.6687993643602e-11,9.2443228269636e-06,-5.7903738891505e-13,9.3022302611551e-15
1697,0,0,1697,2.6678704974486e-11,9.2475195111026e-06,-5.7859982915936e-13,9.2886691153457e-15
1698,0,0,1698,2.6669429845086e-11,9.2507137776674e-06,-5.7816224823391e-13,9.2751294001963e-15
1699,0,0,1699,2.6660168234021e-11,9.2539056265414e-06,-5.7772464618868e-13,9.2616110646639e-15
1700,0,0,1700,2.6650920119963e-11,9.2570950576081e-06,-5.7728702307426e-13,9.2481140578771e-15
1701,0,0,1701,2.6641685481634e-11,9.2602820707515e-06,-5.7684937894248e-13,9.2346383290836e-15
1702,0,0,1702,2.6632464297807e-11,9.2634666658556e-06,-5.7641171384208e-13,9.221183827693e-15
1703,0,0,1703,2.6623256547303e-11,9.2666488428049e-06,-5.7597402782396e-13,9.2077505032473e-15
1704,0,0,1704,2.6614062208998e-11,9.2698286014841e-06,-5.7553632093904e-13,9.1943383054307e-15
1705,0,0,1705,2.6604881261814e-11,9.2730059417782e-06,-5.7509859323605e-13,9.180947184076e-15
1706,0,0,1706,2.6595713684725e-11,9.2761808635725e-06,-5.7466084476528e-13,9.1675770891515e-15
1707,0,0,1707,2.6586559456754e-11,9.2793533667525e-06,-5.7422307557673e-13,9.1542279707778e-15
1708,0,0,1708,2.6577418556975e-11,9.282523451204e-06,-5.7378528571944e-13,9.1408997791947e-15
1709,0,0,1709,2.656829096451e-11,9.285691116813e-06,-5.7334747524339e-13,9.1275924648037e-15
1710,0,0,1710,2.6559176658532e-11,9.2888563634661e-06,-5.7290964419735e-13,9.1143059781322e-15
1711,0,0,1711,2.6550075618262e-11,9.2920191910497e-06,-5.7247179263067e-13,9.1010402698533e-15
1712,0,0,1712,2.6540987822971e-11,9.2951795994507e-06,-5.7203392059242e-13,9.0877952907722e-15
1713,0,0,1713,2.6531913251979e-11,9.2983375885564e-06,-5.7159602813104e-13,9.0745709918462e-15
1714,0,0,1714,2.6522851884655e-11,9.3014931582542e-06,-5.711581152959e-13,9.0613673241488e-15
1715,0,0,1715,2.6513803700416e-11,9.3046463084317e-06,-5.7072018213484e-13,9.0481842389087e-15
1716,0,0,1716,2.6504768678729e-11,9.307797038977e-06,-5.7028222869691e-13,9.0350216874871e-15
1717,0,0,1717,2.6495746799107e-11,9.3109453497783e-06,-5.6984425503056e-13,9.0218796213742e-15
1718,0,0,1718,2.6486738041115e-11,9.314091240724e-06,-5.6940626118271e-13,9.0087579922028e-15
1719,0,0,1719,2.6477742384364e-11,9.3172347117031e-06,-5.6896824720302e-13,8.995656751741e-15
1720,0,0,1720,2.6468759808512e-11,9.3203757626044e-06,-5.6853021313842e-13,8.9825758518863e-15
1721,0,0,1721,2.6459790293267e-11,9.3235143933173e-06,-5.6809215903673e-13,8.9695152446752e-15
1722,0,0,1722,2.6450833818385e-11,9.3266506037314e-06,-5.6765408494579e-13,8.9564748822798e-15
1723,0,0,1723,2.6441890363668e-11,9.3297843937364e-06,-5.6721599091313e-13,8.9434547169984e-15
1724,0,0,1724,2.6432959908966e-11,9.3329157632225e-06,-5.6677787698627e-13,8.930454701268e-15
1725,0,0,1725,2.6424042434179e-11,9.33604471208e-06,-5.6633974321182e-13,8.9174747876614e-15
1726,0,0,1726,2.641513791925e-11,9.3391712401996e-06,-5.6590158963731e-13,8.9045149288744e-15
1727,0,0,1727,2.6406246344172e-11,9.342295347472e-06,-5.6546341630995e-13,8.8915750777349e-15
1728,0,0,1728,2.6397367688985e-11,9.3454170337885e-06,-5.6502522327606e-13,8.8786551872099e-15
1729,0,0,1729,2.6388501933775e-11,9.3485362990403e-06,-5.6458701058254e-13,8.8657552103991e-15
1730,0,0,1730,2.6379649058674e-11,9.3516531431192e-06,-5.641487782763e-13,8.8528751005149e-15
1731,0,0,1731,2.6370809043863e-11,9.354767565917e-06,-5.6371052640334e-13,8.8400148109154e-15
1732,0,0,1732,2.6361981869568e-11,9.3578795673259e-06,-5.6327225500996e-13,8.8271742950911e-15
1733,0,0,1733,2.6353167516061e-11,9.3609891472383e-06,-5.6283396414277e-13,8.8143535066391e-15
1734,0,0,1734,2.6344365963662e-11,9.3640963055468e-06,-5.6239565384746e-13,8.8015523993115e-15
1735,0,0,1735,2.6335577192735e-11,9.3672010421444e-06,-5.6195732417032e-13,8.7887709269769e-15
1736,0,0,1736,2.6326801183691e-11,9.3703033569243e-06,-5.6151897515642e-13,8.7760090436202e-15
1737,0,0,1737,2.6318037916988e-11,9.3734032497798e-06,-5.6108060685239e-13,8.763266703378e-15
1738,0,0,1738,2.6309287373128e-11,9.3765007206047e-06,-5.6064221930298e-13,8.7505438604872e-15
1739,0,0,1739,2.6300549532658e-11,9.3795957692929e-06,-5.6020381255418e-13,8.7378404693399e-15
1740,0,0,1740,2.6291824376174e-11,9.3826883957385e-06,-5.5976538665108e-13,8.7251564844249e-15
1741,0,0,1741,2.6283111884313e-11,9.3857785998359e-06,-5.5932694163874e-13,8.7124918603732e-15
1742,0,0,1742,2.6274412037762e-11,9.3888663814799e-06,-5.5888847756255e-13,8.6998465519389e-15
1743,0,0,1743,2.6265724817248e-11,9.3919517405653e-06,-5.5844999446666e-13,8.6872205140017e-15
1744,0,0,1744,2.6257050203546e-11,9.3950346769874e-06,-5.5801149239676e-13,8.6746137015578e-15
1745,0,0,1745,2.6248388177476e-11,9.3981151906416e-06,-5.5757297139731e-13,8.6620260697328e-15
1746,0,0,1746,2.6239738719902e-11,9.4011932814234e-06,-5.5713443151246e-13,8.649457573778e-15
1747,0,0,1747,2.6231101811733e-11,9.4042689492288e-06,-5.5669587278697e-13,8.6369081690678e-15
1748,0,0,1748,2.6222477433922e-11,9.4073421939541e-06,-5.5625729526532e-13,8.6243778110862e-15
1749,0,0,1749,2.6213865567467e-11,9.4104130154955e-06,-5.5581869899074e-13,8.6118664554595e-15
1750,0,0,1750,2.6205266193409e-11,9.4134814137496e-06,-5.553800840089e-13,8.5993740579174e-15
1751,0,0,1751,2.6196679292835e-11,9.4165473886135e-06,-5.5494145036214e-13,8.5869005743254e-15
1752,0,0,1752,2.6188104846874e-11,9.4196109399842e-06,-5.545027980952e-13,8.5744459606585e-15
1753,0,0,1753,2.6179542836701e-11,9.4226720677591e-06,-5.5406412725165e-13,8.5620101730182e-15
1754,0,0,1754,2.6170993243533e-11,9.4257307718357e-06,-5.53625437875e-13,8.5495931676285e-15
1755,0,0,1755,2.6162456048632e-11,9.428787052112e-06,-5.5318673000851e-13,8.53719490082e-15
1756,0,0,1756,2.6153931233303e-11,9.431840908486e-06,-5.5274800369571e-13,8.5248153290655e-15
1757,0,0,1757,2.6145418778894e-11,9.4348923408561e-06,-5.5230925898014e-13,8.5124544089285e-15
1758,0,0,1758,2.6136918666797e-11,9.4379413491208e-06,-5.5187049590442e-13,8.5001120971177e-15
1759,0,0,1759,2.6128430878447e-11,9.4409879331788e-06,-5.5143171451148e-13,8.4877883504386e-15
1760,0,0,1760,2.6119955395321e-11,9.4440320929294e-06,-5.5099291484426e-13,8.4754831258263e-15
1761,0,0,1761,2.6111492198941e-11,9.4470738282716e-06,-5.5055409694628e-13,8.4631963803352e-15
1762,0,0,1762,2.610304127087e-11,9.4501131391051e-06,-5.5011526085925e-13,8.4509280711263e-15
1763,0,0,1763,2.6094602592714e-11,9.4531500253295e-06,-5.4967640662579e-13,8.4386781554771e-15
1764,0,0,1764,2.6086176146123e-11,9.4561844868449e-06,-5.4923753428852e-13,8.4264465907975e-15
1765,0,0,1765,2.6077761912789e-11,9.4592165235515e-06,-5.4879864389007e-13,8.4142333345975e-15
1766,0,0,1766,2.6069359874444e-11,9.4622461353497e-06,-5.4835973547182e-13,8.4020383445003e-15
1767,0,0,1767,2.6060970012866e-11,9.4652733221402e-06,-5.479208090764e-13,8.3898615782615e-15
1768,0,0,1768,2.6052592309872e-11,9.4682980838239e-06,-5.4748186474582e-13,8.3777029937337e-15
1769,0,0,1769,2.6044226747323e-11,9.4713204203019e-06,-5.4704290252147e-13,8.3655625488858e-15
1770,0,0,1770,2.6035873307122e-11,9.4743403314756e-06,-5.4660392244505e-13,8.3534402018159e-15
1771,0,0,1771,2.6027531971211e-11,9.4773578172466e-06,-5.4616492455888e-13,8.3413359107157e-15
1772,0,0,1772,2.6019202721577e-11,9.4803728775168e-06,-5.4572590890343e-13,8.3292496339033e-15
1773,0,0,1773,2.6010885540247e-11,9.4833855121882e-06,-5.4528687552132e-13,8.317181329803e-15
1774,0,0,1774,2.600258040929e-11,9.4863957211631e-06,-5.4484782445241e-13,8.3051309569493e-15
1775,0,0,1775,2.5994287310816e-11,9.489403504344e-06,-5.4440875573871e-13,8.2930984739991e-15
1776,0,0,1776,2.5986006226976e-11,9.4924088616336e-06,-5.4396966942101e-13,8.2810838397099e-15
1777,0,0,1777,2.5977737139964e-11,9.4954117929349e-06,-5.4353056554069e-13,8.269087012952e-15
1778,0,0,1778,2.5969480032011e-11,9.4984122981512e-06,-5.4309144413793e-13,8.2571079527153e-15
1779,0,0,1779,2.5961234885393e-11,9.5014103771857e-06,-5.4265230525351e-13,8.24514661809e-15
1780,0,0,1780,2.5953001682424e-11,9.5044060299422e-06,-5.4221314892881e-13,8.2332029682791e-15
1781,0,0,1781,2.5944780405462e-11,9.5073992563246e-06,-5.4177397520279e-13,8.2212769625959e-15
1782,0,0,1782,2.5936571036901e-11,9.5103900562368e-06,-5.4133478411775e-13,8.2093685604632e-15
1783,0,0,1783,2.592837355918e-11,9.5133784295833e-06,-5.4089557571203e-13,8.1974777214202e-15
1784,0,0,1784,2.5920187954775e-11,9.5163643762685e-06,-5.4045635002763e-13,8.1856044050935e-15
1785,0,0,1785,2.5912014206204e-11,9.5193478961973e-06,-5.4001710710288e-13,8.1737485712419e-15
1786,0,0,1786,2.5903852296024e-11,9.5223289892745e-06,-5.3957784697887e-13,8.1619101797214e-15
1787,0,0,1787,2.5895702206833e-11,9.5253076554054e-06,-5.3913856969546e-13,8.1500891904847e-15
1788,0,0,1788,2.588756392127e-11,9.5282838944954e-06,-5.3869927529159e-13,8.1382855636205e-15
1789,0,0,1789,2.5879437422011e-11,9.5312577064502e-06,-5.3825996380713e-13,8.1264992592883e-15
1790,0,0,1790,2.5871322691773e-11,9.5342290911755e-06,-5.3782063528223e-13,8.1147302377868e-15
1791,0,0,1791,2.5863219713313e-11,9.5371980485774e-06,-5.3738128975585e-13,8.1029784594984e-15
1792,0,0,1792,2.5855128469428e-11,9.5401645785623e-06,-5.3694192726692e-13,8.0912438849221e-15
1793,0,0,1793,2.5847048942954e-11,9.5431286810367e-06,-5.365025478553e-13,8.0795264746504e-15
1794,0,0,1794,2.5838981116764e-11,9.5460903559072e-06,-5.3606315155994e-13,8.0678261894053e-15
1795,0,0,1795,2.5830924973774e-11,9.5490496030808e-06,-5.3562373841917e-13,8.0561429899861e-15
1796,0,0,1796,2.5822880496937e-11,9.5520064224646e-06,-5.3518430847284e-13,8.0444768373117e-15
1797,0,0,1797,2.5814847669245e-11,9.554960813966e-06,-5.3474486175929e-13,8.0328276924013e-15
1798,0,0,1798,2.5806826473728e-11,9.5579127774926e-06,-5.3430539831684e-13,8.0211955163742e-15
1799,0,0,1799,2.5798816893458e-11,9.5608623129522e-06,-5.3386591818474e-13,8.0095802704595e-15
1800,0,0,1800,2.5790818911542e-11,9.5638094202528e-06,-5.3342642140102e-13,7.9979819159929e-15
1801,0,0,1801,2.5782832511127e-11,9.5667540993025e-06,-5.3298690800399e-13,7.9864004143943e-15
1802,0,0,1802,2.57748576754e-11,9.5696963500099e-06,-5.325473780323e-13,7.9748357272029e-15
1803,0,0,1803,2.5766894387584e-11,9.5726361722835e-06,-5.3210783152427e-13,7.9632878160551e-15
1804,0,0,1804,2.5758942630941e-11,9.5755735660322e-06,-5.316682685167e-13,7.9517566426937e-15
1805,0,0,1805,2.5751002388772e-11,9.5785085311651e-06,-5.3122868904915e-13,7.9402421689456e-15
1806,0,0,1806,2.5743073644416e-11,9.5814410675914e-06,-5.3078909315871e-13,7.9287443567574e-15
1807,0,0,1807,2.5735156381248e-11,9.5843711752206e-06,-5.303494808831e-13,7.9172631681724e-15
1808,0,0,1808,2.5727250582682e-11,9.5872988539623e-06,-5.2990985226004e-13,7.9057985653276e-15
1809,0,0,1809,2.5719356232172e-11,9.5902241037266e-06,-5.2947020732693e-13,7.8943505104637e-15
1810,0,0,1810,2.5711473313206e-11,9.5931469244234e-06,-5.290305461221e-13,7.8829189659212e-15
1811,0,0,1811,2.5703601809312e-11,9.596067315963e-06,-5.2859086868143e-13,7.8715038941411e-15
1812,0,0,1812,2.5695741704054e-11,9.5989852782561e-06,-5.2815117504355e-13,7.8601052576577e-15
1813,0,0,1813,2.5687892981035e-11,9.6019008112133e-06,-5.2771146524526e-13,7.8487230191156e-15
1814,0,0,1814,2.5680055623894e-11,9.6048139147454e-06,-5.2727173932274e-13,7.8373571412398e-15
1815,0,0,1815,2.5672229616307e-11,9.6077245887637e-06,-5.2683199731401e-13,7.8260075868785e-15
1816,0,0,1816,2.5664414941988e-11,9.6106328331795e-06,-5.2639223925586e-13,7.8146743189472e-15
1817,0,0,1817,2.5656611584687e-11,9.6135386479043e-06,-5.2595246518448e-13,7.8033573004848e-15
1818,0,0,1818,2.5648819528193e-11,9.6164420328498e-06,-5.2551267513698e-13,7.7920564946137e-15
1819,0,0,1819,2.5641038756328e-11,9.619342987928e-06,-5.2507286914952e-13,7.7807718645568e-15
1820,0,0,1820,2.5633269252955e-11,9.6222415130509e-06,-5.2463304725921e-13,7.7695033736305e-15
1821,0,0,1821,2.5625511001969e-11,9.6251376081311e-06,-5.2419320950194e-13,7.7582509852547e-15
1822,0,0,1822,2.5617763987306e-11,9.6280312730809e-06,-5.2375335591448e-13,7.7470146629365e-15
1823,0,0,1823,2.5610028192936e-11,9.6309225078131e-06,-5.2331348653211e-13,7.73579437028e-15
1824,0,0,1824,2.5602303602865e-11,9.6338113122407e-06,-5.2287360139193e-13,7.7245900709926e-15
1825,0,0,1825,2.5594590201136e-11,9.6366976862767e-06,-5.224337005292e-13,7.7134017288658e-15
1826,0,0,1826,2.5586887971828e-11,9.6395816298347e-06,-5.2199378398071e-13,7.7022293077912e-15
1827,0,0,1827,2.5579196899057e-11,9.6424631428279e-06,-5.2155385178142e-13,7.6910727717541e-15
1828,0,0,1828,2.5571516966972e-11,9.6453422251703e-06,-5.2111390396721e-13,7.6799320848369e-15
1829,0,0,1829,2.5563848159761e-11,9.6482188767757e-06,-5.2067394057395e-13,7.6688072112025e-15
1830,0,0,1830,2.5556190461645e-11,9.6510930975582e-06,-5.202339616372e-13,7.6576981151303e-15
1831,0,0,1831,2.5548543856885e-11,9.6539648874322e-06,-5.1979396719224e-13,7.6466047609644e-15
1832,0,0,1832,2.5540908329771e-11,9.6568342463121e-06,-5.1935395727431e-13,7.6355271131714e-15
1833,0,0,1833,2.5533283864635e-11,9.6597011741128e-06,-5.1891393191931e-13,7.6244651362828e-15
1834,0,0,1834,2.552567044584e-11,9.6625656707491e-06,-5.1847389116126e-13,7.6134187949432e-15
1835,0,0,1835,2.5518068057786e-11,9.665427736136e-06,-5.1803383503603e-13,7.6023880538776e-15
1836,0,0,1836,2.5510476684908e-11,9.6682873701889e-06,-5.175937635789e-13,7.591372877902e-15
1837,0,0,1837,2.5502896311676e-11,9.6711445728233e-06,-5.1715367682389e-13,7.5803732319354e-15
1838,0,0,1838,2.5495326922595e-11,9.6739993439548e-06,-5.1671357480627e-13,7.5693890809713e-15
1839,0,0,1839,2.5487768502205e-11,9.6768516834994e-06,-5.16273457561e-13,7.5584203901034e-15
1840,0,0,1840,2.5480221035081e-11,9.679701591373e-06,-5.158333251221e-13,7.5474671245221e-15
1841,0,0,1841,2.5472684505831e-11,9.6825490674919e-06,-5.1539317752423e-13,7.5365292494924e-15
1842,0,0,1842,2.5465158899101e-11,9.6853941117726e-06,-5.1495301480265e-13,7.525606730376e-15
1843,0,0,1843,2.5457644199568e-11,9.6882367241316e-06,-5.1451283699017e-13,7.5146995326318e-15
1844,0,0,1844,2.5450140391947e-11,9.6910769044859e-06,-5.1407264412266e-13,7.5038076217927e-15
1845,0,0,1845,2.5442647460983e-11,9.6939146527524e-06,-5.1363243623324e-13,7.4929309634985e-15
1846,0,0,1846,2.543516539146e-11,9.6967499688483e-06,-5.1319221335656e-13,7.48206952346e-15
1847,0,0,1847,2.5427694168192e-11,9.699582852691e-06,-5.1275197552604e-13,7.471223267488e-15
1848,0,0,1848,2.5420233776031e-11,9.702413304198e-06,-5.1231172277602e-13,7.4603921614777e-15
1849,0,0,1849,2.5412784199859e-11,9.7052413232872e-06,-5.1187145514023e-13,7.4495761714078e-15
1850,0,0,1850,2.5405345424596e-11,9.7080669098764e-06,-5.114311726524e-13,7.4387752633511e-15
1851,0,0,1851,2.5397917435192e-11,9.7108900638839e-06,-5.1099087534596e-13,7.4279894034708e-15
1852,0,0,1852,2.5390500216634e-11,9.7137107852278e-06,-5.1055056325524e-13,7.4172185580042e-15
1853,0,0,1853,2.5383093753941e-11,9.7165290738268e-06,-5.1011023641244e-13,7.4064626932826e-15
1854,0,0,1854,2.5375698032165e-11,9.7193449295994e-06,-5.096698948519e-13,7.3957217757276e-15
1855,0,0,1855,2.5368313036394e-11,9.7221583524647e-06,-5.0922953860674e-13,7.3849957718449e-15
1856,0,0,1856,2.5360938751745e-11,9.7249693423415e-06,-5.0878916771007e-13,7.3742846482111e-15
1857,0,0,1857,2.5353575163374e-11,9.7277778991492e-06,-5.083487821947e-13,7.3635883715193e-15
1858,0,0,1858,2.5346222256465e-11,9.7305840228072e-06,-5.0790838209437e-13,7.3529069085144e-15
1859,0,0,1859,2.5338880016239e-11,9.7333877132351e-06,-5.0746796744157e-13,7.3422402260475e-15
1860,0,0,1860,2.5331548427948e-11,9.7361889703526e-06,-5.0702753826911e-13,7.3315882910543e-15
1861,0,0,1861,2.5324227476878e-11,9.7389877940797e-06,-5.0658709461011e-13,7.3209510705379e-15
1862,0,0,1862,2.5316917148346e-11,9.7417841843366e-06,-5.0614663649707e-13,7.3103285316081e-15
1863,0,0,1863,2.5309617427705e-11,9.7445781410436e-06,-5.0570616396218e-13,7.2997206414363e-15
1864,0,0,1864,2.5302328300337e-11,9.7473696641211e-06,-5.0526567703919e-13,7.2891273673004e-15
1865,0,0,1865,2.5295049751661e-11,9.75015875349e-06,-5.0482517575904e-13,7.2785486765364e-15
1866,0,0,1866,2.5287781767124e-11,9.7529454090709e-06,-5.0438466015548e-13,7.2679845365934e-15
1867,0,0,1867,2.5280524332209e-11,9.7557296307851e-06,-5.0394413025947e-13,7.2574349149691e-15
1868,0,0,1868,2.527327743243e-11,9.7585114185536e-06,-5.0350358610474e-13,7.2468997792775e-15
1869,0,0,1869,2.5266041053333e-11,9.7612907722979e-06,-5.0306302772165e-13,7.2363790971873e-15
1870,0,0,1870,2.5258815180496e-11,9.7640676919396e-06,-5.0262245514362e-13,7.2258728364709e-15
1871,0,0,1871,2.5251599799531e-11,9.7668421774004e-06,-5.0218186840223e-13,7.2153809649587e-15
1872,0,0,1872,2.5244394896081e-11,9.7696142286022e-06,-5.0174126752906e-13,7.2049034505942e-15
1873,0,0,1873,2.5237200455819e-11,9.7723838454671e-06,-5.0130065255601e-13,7.1944402613694e-15
1874,0,0,1874,2.5230016464454e-11,9.7751510279175e-06,-5.0086002351527e-13,7.1839913653797e-15
1875,0,0,1875,2.5222842907723e-11,9.7779157758757e-06,-5.004193804378e-13,7.1735567307916e-15
1876,0,0,1876,2.5215679771397e-11,9.7806780892644e-06,-4.9997872335551e-13,7.1631363258587e-15
1877,0,0,1877,2.5208527041278e-11,9.7834379680064e-06,-4.9953805229965e-13,7.1527301189058e-15
1878,0,0,1878,2.52013847032e-11,9.7861954120247e-06,-4.9909736730182e-13,7.1423380783419e-15
1879,0,0,1879,2.5194252743027e-11,9.7889504212423e-06,-4.986566683936e-13,7.1319601726596e-15
1880,0,0,1880,2.5187131146657e-11,9.7917029955827e-06,-4.9821595560535e-13,7.1215963704294e-15
1881,0,0,1881,2.5180019900017e-11,9.7944531349692e-06,-4.9777522896925e-13,7.1112466402927e-15
1882,0,0,1882,2.5172918989066e-11,9.7972008393257e-06,-4.9733448851567e-13,7.1009109509815e-15
1883,0,0,1883,2.5165828399794e-11,9.7999461085758e-06,-4.9689373427558e-13,7.0905892713019e-15
1884,0,0,1884,2.5158748118224e-11,9.8026889426437e-06,-4.9645296628055e-13,7.0802815701346e-15
1885,0,0,1885,2.5151678130408e-11,9.8054293414534e-06,-4.9601218456095e-13,7.0699878164474e-15
1886,0,0,1886,2.5144618422429e-11,9.8081673049293e-06,-4.9557138914743e-13,7.0597079792758e-15
1887,0,0,1887,2.5137568980401e-11,9.810902832996e-06,-4.9513058007066e-13,7.0494420277396e-15
1888,0,0,1888,2.513052979047e-11,9.8136359255781e-06,-4.9468975736191e-13,7.0391899310393e-15
1889,0,0,1889,2.5123500838811e-11,9.8163665826005e-06,-4.9424892105094e-13,7.0289516584366e-15
1890,0,0,1890,2.5116482111632e-11,9.8190948039882e-06,-4.9380807116839e-13,7.0187271792968e-15
1891,0,0,1891,2.5109473595169e-11,9.8218205896663e-06,-4.9336720774493e-13,7.0085164630336e-15
1892,0,0,1892,2.510247527569e-11,9.8245439395603e-06,-4.9292633081031e-13,6.9983194791544e-15
1893,0,0,1893,2.5095487139493e-11,9.8272648535957e-06,-4.924854403955e-13,6.9881361972441e-15
1894,0,0,1894,2.5088509172906e-11,9.829983331698e-06,-4.9204453652992e-13,6.9779665869525e-15
1895,0,0,1895,2.5081541362288e-11,9.8326993737933e-06,-4.9160361924425e-13,6.9678106180097e-15
1896,0,0,1896,2.5074583694027e-11,9.8354129798075e-06,-4.9116268856792e-13,6.9576682602334e-15
1897,0,0,1897,2.5067636154544e-11,9.8381241496668e-06,-4.9072174453128e-13,6.9475394834897e-15
1898,0,0,1898,2.5060698730286e-11,9.8408328832975e-06,-4.9028078716408e-13,6.9374242577513e-15
1899,0,0,1899,2.5053771407733e-11,9.8435391806262e-06,-4.8983981649545e-13,6.9273225530393e-15
1900,0,0,1900,2.5046854173394e-11,9.8462430415796e-06,-4.8939883255635e-13,6.9172343394719e-15
1901,0,0,1901,2.5039947013806e-11,9.8489444660844e-06,-4.8895783537561e-13,6.9071595872188e-15
1902,0,0,1902,2.503304991554e-11,9.8516434540677e-06,-4.8851682498236e-13,6.8970982665435e-15
1903,0,0,1903,2.5026162865192e-11,9.8543400054567e-06,-4.8807580140696e-13,6.887050347771e-15
1904,0,0,1904,2.5019285849391e-11,9.8570341201787e-06,-4.8763476467853e-13,6.8770158013101e-15
1905,0,0,1905,2.5012418854793e-11,9.8597257981612e-06,-4.871937148259e-13,6.8669945976279e-15
1906,0,0,1906,2.5005561868086e-11,9.8624150393318e-06,-4.8675265187881e-13,6.8569867072852e-15
1907,0,0,1907,2.4998714875985e-11,9.8651018436183e-06,-4.8631157586669e-13,6.8469921008977e-15
1908,0,0,1908,2.4991877865236e-11,9.8677862109488e-06,-4.8587048681776e-13,6.8370107491651e-15
1909,0,0,1909,2.4985050822613e-11,9.8704681412514e-06,-4.8542938476176e-13,6.8270426228517e-15
1910,0,0,1910,2.497823373492e-11,9.8731476344543e-06,-4.8498826972781e-13,6.8170876928027e-15
1911,0,0,1911,2.497142658899e-11,9.875824690486e-06,-4.8454714174414e-13,6.8071459299245e-15
1912,0,0,1912,2.4964629371685e-11,9.8784993092752e-06,-4.8410600083985e-13,6.7972173052044e-15
1913,0,0,1913,2.4957842069895e-11,9.8811714907506e-06,-4.8366484704379e-13,6.7873017897041e-15
1914,0,0,1914,2.4951064670541e-11,9.8838412348411e-06,-4.8322368038447e-13,6.7773993545433e-15
1915,0,0,1915,2.494429716057e-11,9.8865085414759e-06,-4.827825008907e-13,6.7675099709257e-15
1916,0,0,1916,2.493753952696e-11,9.8891734105841e-06,-4.8234130859101e-13,6.7576336101166e-15
1917,0,0,1917,2.4930791756716e-11,9.8918358420952e-06,-4.8190010351329e-13,6.7477702434619e-15
1918,0,0,1918,2.4924053836874e-11,9.8944958359388e-06,-4.8145888568668e-13,6.7379198423658e-15
1919,0,0,1919,2.4917325754496e-11,9.8971533920445e-06,-4.8101765513939e-13,6.7280823783194e-15
1920,0,0,1920,2.4910607496673e-11,9.8998085103423e-06,-4.8057641189932e-13,6.7182578228627e-15
1921,0,0,1921,2.4903899050525e-11,9.9024611907622e-06,-4.8013515599437e-13,6.7084461476292e-15
1922,0,0,1922,2.4897200403201e-11,9.9051114332343e-06,-4.7969388745399e-13,6.6986473242977e-15
1923,0,0,1923,2.4890511541876e-11,9.907759237689e-06,-4.7925260630422e-13,6.6888613246341e-15
1924,0,0,1924,2.4883832453756e-11,9.9104046040568e-06,-4.7881131257512e-13,6.6790881204755e-15
1925,0,0,1925,2.4877163126072e-11,9.9130475322684e-06,-4.7837000629307e-13,6.6693276837076e-15
1926,0,0,1926,2.4870503546086e-11,9.9156880222545e-06,-4.7792868748657e-13,6.6595799863029e-15
1927,0,0,1927,2.4863853701085e-11,9.9183260739461e-06,-4.7748735618292e-13,6.6498450003056e-15
1928,0,0,1928,2.4857213578388e-11,9.9209616872744e-06,-4.7704601241063e-13,6.6401226978046e-15
1929,0,0,1929,2.4850583165337e-11,9.9235948621705e-06,-4.7660465619669e-13,6.6304130509893e-15
1930,0,0,1930,2.4843962449304e-11,9.9262255985659e-06,-4.7616328756839e-13,6.6207160320845e-15
1931,0,0,1931,2.4837351417691e-11,9.9288538963921e-06,-4.7572190655423e-13,6.6110316134119e-15
1932,0,0,1932,2.4830750057924e-11,9.931479755581e-06,-4.7528051318091e-13,6.6013597673353e-15
1933,0,0,1933,2.4824158357457e-11,9.9341031760643e-06,-4.7483910747571e-13,6.591700466309e-15
1934,0,0,1934,2.4817576303775e-11,9.936724157774e-06,-4.7439768946622e-13,6.5820536828388e-15
1935,0,0,1935,2.4811003884385e-11,9.9393427006424e-06,-4.7395625917942e-13,6.5724193894987e-15
1936,0,0,1936,2.4804441086826e-11,9.9419588046018e-06,-4.7351481664292e-13,6.5627975589399e-15
1937,0,0,1937,2.4797887898662e-11,9.9445724695846e-06,-4.730733618834e-13,6.5531881638622e-15
1938,0,0,1938,2.4791344307485e-11,9.9471836955234e-06,-4.7263189492813e-13,6.5435911770526e-15
1939,0,0,1939,2.4784810300914e-11,9.949792482351e-06,-4.7219041580349e-13,6.5340065713468e-15
1940,0,0,1940,2.4778285866594e-11,9.9523988300004e-06,-4.7174892453708e-13,6.524434319661e-15
1941,0,0,1941,2.4771770992199e-11,9.9550027384046e-06,-4.7130742115558e-13,6.5148743949599e-15
1942,0,0,1942,2.4765265665429e-11,9.9576042074968e-06,-4.7086590568534e-13,6.5053267702956e-15
1943,0,0,1943,2.475876987401e-11,9.9602032372103e-06,-4.7042437815367e-13,6.4957914187589e-15
1944,0,0,1944,2.4752283605697e-11,9.9627998274788e-06,-4.6998283858662e-13,6.4862683135309e-15
1945,0,0,1945,2.4745806848269e-11,9.9653939782357e-06,-4.6954128701088e-13,6.4767574278415e-15
1946,0,0,1946,2.4739339589534e-11,9.967985689415e-06,-4.6909972345373e-13,6.4672587349914e-15
1947,0,0,1947,2.4732881817326e-11,9.9705749609506e-06,-4.6865814794031e-13,6.4577722083493e-15
1948,0,0,1948,2.4726433519504e-11,9.9731617927766e-06,-4.6821656049761e-13,6.4482978213356e-15
1949,0,0,1949,2.4719994683957e-11,9.9757461848271e-06,-4.6777496115261e-13,6.4388355474481e-15
1950,0,0,1950,2.4713565298596e-11,9.9783281370367e-06,-4.6733334993015e-13,6.4293853602429e-15
1951,0,0,1951,2.4707145351363e-11,9.9809076493398e-06,-4.6689172685752e-13,6.4199472333408e-15
1952,0,0,1952,2.4700734830223e-11,9.9834847216711e-06,-4.6645009196078e-13,6.4105211404206e-15
1953,0,0,1953,2.4694333723167e-11,9.9860593539653e-06,-4.6600844526508e-13,6.4011070552321e-15
1954,0,0,1954,2.4687942018216e-11,9.9886315461576e-06,-4.6556678679739e-13,6.3917049515933e-15
1955,0,0,1955,2.4681559703413e-11,9.9912012981829e-06,-4.6512511658347e-13,6.3823148033607e-15
1956,0,0,1956,2.4675186766828e-11,9.9937686099766e-06,-4.6468343464848e-13,6.3729365844813e-15
1957,0,0,1957,2.4668823196559e-11,9.9963334814739e-06,-4.6424174101877e-13,6.3635702689571e-15
1958,0,0,1958,2.4662468980728e-11,9.9988959126105e-06,-4.6380003572041e-13,6.3542158308353e-15
1959,0,0,1959,2.4656124107484e-11,1.0001455903322e-05,-4.6335831877854e-13,6.3448732442471e-15
1960,0,0,1960,2.4649788565001e-11,1.0004013453544e-05,-4.6291659021892e-13,6.3355424833787e-15
1961,0,0,1961,2.4643462341478e-11,1.0006568563213e-05,-4.6247485006701e-13,6.3262235224711e-15
1962,0,0,1962,2.4637145425142e-11,1.0009121232265e-05,-4.6203309834855e-13,6.3169163358366e-15
1963,0,0,1963,2.4630837804244e-11,1.0011671460635e-05,-4.6159133508869e-13,6.3076208978422e-15
1964,0,0,1964,2.4624539467062e-11,1.0014219248261e-05,-4.6114956031288e-13,6.2983371829163e-15
1965,0,0,1965,2.4618250401896e-11,1.0016764595079e-05,-4.6070777404688e-13,6.2890651655554e-15
1966,0,0,1966,2.4611970597076e-11,1.0019307501026e-05,-4.6026597631522e-13,6.2798048203107e-15
1967,0,0,1967,2.4605700040954e-11,1.0021847966038e-05,-4.5982416714364e-13,6.2705561217885e-15
1968,0,0,1968,2.4599438721909e-11,1.0024385990052e-05,-4.5938234655669e-13,6.2613190446756e-15
1969,0,0,1969,2.4593186628346e-11,1.0026921573005e-05,-4.5894051458013e-13,6.2520935636914e-15
1970,0,0,1970,2.4586943748692e-11,1.0029454714835e-05,-4.5849867123847e-13,6.2428796536392e-15
1971,0,0,1971,2.4580710071403e-11,1.0031985415479e-05,-4.5805681655686e-13,6.2336772893675e-15
1972,0,0,1972,2.4574485584957e-11,1.0034513674875e-05,-4.5761495056015e-13,6.224486445796e-15
1973,0,0,1973,2.4568270277859e-11,1.0037039492959e-05,-4.5717307327316e-13,6.2153070978895e-15
1974,0,0,1974,2.4562064138638e-11,1.003956286967e-05,-4.5673118472073e-13,6.2061392206872e-15
1975,0,0,1975,2.4555867155849e-11,1.0042083804946e-05,-4.562892849271e-13,6.1969827892734e-15
1976,0,0,1976,2.454967931807e-11,1.0044602298725e-05,-4.5584737391769e-13,6.1878377788103e-15
1977,0,0,1977,2.4543500613906e-11,1.0047118350944e-05,-4.5540545171675e-13,6.1787041644953e-15
1978,0,0,1978,2.4537331031984e-11,1.0049631961543e-05,-4.549635183485e-13,6.1695819216033e-15
1979,0,0,1979,2.4531170560959e-11,1.0052143130459e-05,-4.5452157383776e-13,6.1604710254581e-15
1980,0,0,1980,2.4525019189507e-11,1.0054651857631e-05,-4.5407961820907e-13,6.1513714514411e-15
1981,0,0,1981,2.4518876906332e-11,1.0057158142999e-05,-4.5363765148666e-13,6.1422831750053e-15
1982,0,0,1982,2.451274370016e-11,1.00596619865e-05,-4.5319567369444e-13,6.1332061716389e-15
1983,0,0,1983,2.4506619559744e-11,1.0062163388073e-05,-4.5275368485694e-13,6.1241404169142e-15
1984,0,0,1984,2.4500504473857e-11,1.0064662347659e-05,-4.5231168499869e-13,6.1150858864327e-15
1985,0,0,1985,2.4494398431301e-11,1.0067158865196e-05,-4.5186967414361e-13,6.1060425558798e-15
1986,0,0,1986,2.44883014209e-11,1.0069652940623e-05,-4.51427652315e-13,6.0970104009763e-15
1987,0,0,1987,2.4482213431503e-11,1.007214457388e-05,-4.5098561953831e-13,6.0879893975209e-15
1988,0,0,1988,2.4476134451981e-11,1.0074633764907e-05,-4.5054357583623e-13,6.0789795213508e-15
1989,0,0,1989,2.4470064471233e-11,1.0077120513643e-05,-4.5010152123298e-13,6.0699807483679e-15
1990,0,0,1990,2.4464003478178e-11,1.0079604820028e-05,-4.4965945575341e-13,6.060993054529e-15
1991,0,0,1991,2.4457951461763e-11,1.0082086684003e-05,-4.4921737941959e-13,6.0520164158556e-15
1992,0,0,1992,2.4451908410954e-11,1.0084566105507e-05,-4.4877529225666e-13,6.0430508084143e-15
1993,0,0,1993,2.4445874314746e-11,1.0087043084481e-05,-4.4833319428762e-13,6.0340962083237e-15
1994,0,0,1994,2.4439849162154e-11,1.0089517620865e-05,-4.4789108553608e-13,6.0251525917796e-15
1995,0,0,1995,2.4433832942219e-11,1.00919897146e-05,-4.4744896602565e-13,6.0162199350134e-15
1996,0,0,1996,2.4427825644005e-11,1.0094459365627e-05,-4.4700683578055e-13,6.0072982143181e-15
1997,0,0,1997,2.4421827256599e-11,1.0096926573885e-05,-4.4656469482316e-13,5.9983874060415e-15
1998,0,0,1998,2.4415837769112e-11,1.0099391339317e-05,-4.4612254317742e-13,5.989487486596e-15
1999,0,0,1999,2.440985717068e-11,1.0101853661863e-05,-4.456803808663e-13,5.9805984324296e-15
2000,0,0,2000,2.440388545046e-11,1.0104313541465e-05,-4.4523820791403e-13,5.9717202200645e-15
2001,0,0,2001,2.4397922597634e-11,1.0106770978064e-05,-4.447960243427e-13,5.9628528260651e-15
2002,0,0,2002,2.4391968601407e-11,1.0109225971601e-05,-4.443538301759e-13,5.9539962270603e-15
2003,0,0,2003,2.4386023451007e-11,1.0111678522017e-05,-4.4391162543696e-13,5.9451503997177e-15
2004,0,0,2004,2.4380087135686e-11,1.0114128629256e-05,-4.4346941014916e-13,5.9363153207826e-15
2005,0,0,2005,2.4374159644719e-11,1.0116576293258e-05,-4.4302718433489e-13,5.9274909670293e-15
2006,0,0,2006,2.4368240967404e-11,1.0119021513965e-05,-4.4258494801715e-13,5.9186773153e-15
2007,0,0,2007,2.4362331093061e-11,1.012146429132e-05,-4.4214270121924e-13,5.9098743424951e-15
2008,0,0,2008,2.4356430011036e-11,1.0123904625264e-05,-4.4170044396416e-13,5.9010820255568e-15
2009,0,0,2009,2.4350537710694e-11,1.0126342515741e-05,-4.4125817627399e-13,5.8923003414824e-15
2010,0,0,2010,2.4344654181427e-11,1.0128777962692e-05,-4.4081589817203e-13,5.8835292673307e-15
2011,0,0,2011,2.4338779412647e-11,1.0131210966061e-05,-4.4037360968097e-13,5.8747687802054e-15
2012,0,0,2012,2.4332913393789e-11,1.0133641525789e-05,-4.399313108235e-13,5.8660188572719e-15
2013,0,0,2013,2.4327056114314e-11,1.013606964182e-05,-4.3948900162139e-13,5.8572794757343e-15
2014,0,0,2014,2.4321207563701e-11,1.0138495314097e-05,-4.3904668209825e-13,5.8485506128613e-15
2015,0,0,2015,2.4315367731455e-11,1.0140918542562e-05,-4.3860435227616e-13,5.8398322459731e-15
2016,0,0,2016,2.4309536607102e-11,1.014333932716e-05,-4.3816201217751e-13,5.8311243524355e-15
2017,0,0,2017,2.4303714180193e-11,1.0145757667833e-05,-4.3771966182436e-13,5.8224269096723e-15
2018,0,0,2018,2.4297900440298e-11,1.0148173564525e-05,-4.3727730123972e-13,5.8137398951589e-15
2019,0,0,2019,2.4292095377011e-11,1.0150587017179e-05,-4.3683493044505e-13,5.8050632864193e-15
2020,0,0,2020,2.428629897995e-11,1.015299802574e-05,-4.3639254946365e-13,5.7963970610291e-15
2021,0,0,2021,2.4280511238753e-11,1.0155406590151e-05,-4.3595015831668e-13,5.7877411966221e-15
2022,0,0,2022,2.4274732143083e-11,1.0157812710355e-05,-4.3550775702683e-13,5.779095670871e-15
2023,0,0,2023,2.4268961682621e-11,1.0160216386298e-05,-4.3506534561588e-13,5.7704604615161e-15
2024,0,0,2024,2.4263199847075e-11,1.0162617617923e-05,-4.3462292410589e-13,5.7618355463303e-15
2025,0,0,2025,2.4257446626172e-11,1.0165016405174e-05,-4.3418049251895e-13,5.7532209031573e-15
2026,0,0,2026,2.4251702009662e-11,1.0167412747997e-05,-4.3373805087713e-13,5.7446165098765e-15
2027,0,0,2027,2.4245965987317e-11,1.0169806646335e-05,-4.3329559920159e-13,5.7360223444159e-15
2028,0,0,2028,2.4240238548932e-11,1.0172198100133e-05,-4.3285313751502e-13,5.7274383847742e-15
2029,0,0,2029,2.4234519684324e-11,1.0174587109337e-05,-4.3241066583888e-13,5.7188646089764e-15
2030,0,0,2030,2.4228809383328e-11,1.017697367389e-05,-4.3196818419465e-13,5.7103009951118e-15
2031,0,0,2031,2.4223107635807e-11,1.0179357793739e-05,-4.3152569260408e-13,5.701747521315e-15
2032,0,0,2032,2.4217414431641e-11,1.0181739468828e-05,-4.3108319108864e-13,5.6932041657724e-15
2033,0,0,2033,2.4211729760735e-11,1.0184118699102e-05,-4.3064067967072e-13,5.6846709067221e-15
2034,0,0,2034,2.4206053613012e-11,1.0186495484508e-05,-4.3019815837086e-13,5.6761477224376e-15
2035,0,0,2035,2.4200385978421e-11,1.0188869824989e-05,-4.2975562721113e-13,5.66763459127e-15
2036,0,0,2036,2.4194726846929e-11,1.0191241720493e-05,-4.2931308621239e-13,5.6591314915867e-15
2037,0,0,2037,2.4189076208527e-11,1.0193611170965e-05,-4.2887053539641e-13,5.6506384018325e-15
2038,0,0,2038,2.4183434053227e-11,1.0195978176351e-05,-4.2842797478435e-13,5.642155300478e-15
2039,0,0,2039,2.4177800371061e-11,1.0198342736596e-05,-4.2798540439797e-13,5.6336821660619e-15
2040,0,0,2040,2.4172175152084e-11,1.0200704851647e-05,-4.2754282425782e-13,5.6252189771581e-15
2041,0,0,2041,2.4166558386371e-11,1.020306452145e-05,-4.2710023438505e-13,5.6167657123958e-15
2042,0,0,2042,2.4160950064021e-11,1.0205421745952e-05,-4.2665763480145e-13,5.6083223504523e-15
2043,0,0,2043,2.4155350175151e-11,1.0207776525099e-05,-4.2621502552785e-13,5.5998888700504e-15
2044,0,0,2044,2.4149758709901e-11,1.0210128858837e-05,-4.2577240658449e-13,5.5914652499614e-15
2045,0,0,2045,2.4144175658432e-11,1.0212478747113e-05,-4.2532977799376e-13,5.5830514690079e-15
2046,0,0,2046,2.4138601010926e-11,1.0214826189874e-05,-4.2488713977529e-13,5.5746475060519e-15
2047,0,0,2047,2.4133034757586e-11,1.0217171187067e-05,-4.2444449195084e-13,5.5662533400129e-15
2048,0,0,2048,2.4127476888636e-11,1.0219513738639e-05,-4.2400183454065e-13,5.5578689498594e-15
2049,0,0,2049,2.4121927394321e-11,1.0221853844537e-05,-4.2355916756587e-13,5.549494314592e-15
2050,0,0,2050,2.4116386264908e-11,1.0224191504709e-05,-4.2311649104737e-13,5.5411294132726e-15
2051,0,0,2051,2.4110853490683e-11,1.0226526719101e-05,-4.2267380500537e-13,5.5327742250116e-15
2052,0,0,2052,2.4105329061954e-11,1.0228859487662e-05,-4.2223110946072e-13,5.5244287289487e-15
2053,0,0,2053,2.409981296905e-11,1.0231189810338e-05,-4.2178840443429e-13,5.5160929042944e-15
2054,0,0,2054,2.409430520232e-11,1.0233517687078e-05,-4.2134568994629e-13,5.5077667302917e-15
2055,0,0,2055,2.4088805752133e-11,1.023584311783e-05,-4.2090296601729e-13,5.4994501862223e-15
2056,0,0,2056,2.4083314608882e-11,1.0238166102541e-05,-4.2046023266812e-13,5.491143251439e-15
2057,0,0,2057,2.4077831762977e-11,1.0240486641159e-05,-4.2001748991841e-13,5.4828459053139e-15
2058,0,0,2058,2.4072357204849e-11,1.0242804733633e-05,-4.1957473778963e-13,5.4745581272904e-15
2059,0,0,2059,2.4066890924952e-11,1.0245120379911e-05,-4.1913197630079e-13,5.4662798968344e-15
2060,0,0,2060,2.4061432913759e-11,1.0247433579941e-05,-4.1868920547335e-13,5.4580111934698e-15
2061,0,0,2061,2.4055983161762e-11,1.0249744333672e-05,-4.1824642532724e-13,5.4497519967724e-15
2062,0,0,2062,2.4050541659476e-11,1.0252052641053e-05,-4.1780363588178e-13,5.4415022863503e-15
2063,0,0,2063,2.4045108397434e-11,1.0254358502031e-05,-4.1736083715843e-13,5.4332620418633e-15
2064,0,0,2064,2.4039683366191e-11,1.0256661916557e-05,-4.169180291762e-13,5.4250312430195e-15
2065,0,0,2065,2.4034266556321e-11,1.0258962884579e-05,-4.1647521195595e-13,5.4168098695596e-15
2066,0,0,2066,2.402885795842e-11,1.0261261406046e-05,-4.160323855173e-13,5.4085979012918e-15
2067,0,0,2067,2.4023457563102e-11,1.0263557480907e-05,-4.1558954987987e-13,5.4003953180473e-15
2068,0,0,2068,2.4018065361002e-11,1.0265851109112e-05,-4.151467050642e-13,5.3922020997151e-15
2069,0,0,2069,2.4012681342776e-11,1.026814229061e-05,-4.1470385108993e-13,5.3840182262168e-15
2070,0,0,2070,2.4007305499099e-11,1.027043102535e-05,-4.1426098797667e-13,5.3758436775384e-15
2071,0,0,2071,2.4001937820665e-11,1.0272717313282e-05,-4.1381811574466e-13,5.367678433692e-15
2072,0,0,2072,2.399657829819e-11,1.0275001154356e-05,-4.1337523441322e-13,5.359522474738e-15
2073,0,0,2073,2.3991226922409e-11,1.0277282548522e-05,-4.1293234400197e-13,5.3513757807851e-15
2074,0,0,2074,2.3985883684077e-11,1.027956149573e-05,-4.1248944453115e-13,5.3432383319877e-15
2075,0,0,2075,2.3980548573969e-11,1.0281837995929e-05,-4.1204653602009e-13,5.3351101085353e-15
2076,0,0,2076,2.3975221582878e-11,1.0284112049069e-05,-4.1160361848778e-13,5.3269910906693e-15
2077,0,0,2077,2.396990270162e-11,1.0286383655102e-05,-4.1116069195446e-13,5.3188812586731e-15
2078,0,0,2078,2.3964591921027e-11,1.0288652813978e-05,-4.1071775643946e-13,5.3107805928655e-15
2079,0,0,2079,2.3959289231953e-11,1.0290919525646e-05,-4.1027481196209e-13,5.3026890736238e-15
2080,0,0,2080,2.3953994625272e-11,1.0293183790058e-05,-4.0983185854167e-13,5.2946066813605e-15
2081,0,0,2081,2.3948708091875e-11,1.0295445607164e-05,-4.0938889619751e-13,5.2865333965204e-15
2082,0,0,2082,2.3943429622676e-11,1.0297704976915e-05,-4.0894592494925e-13,5.2784691996133e-15
2083,0,0,2083,2.3938159208604e-11,1.0299961899262e-05,-4.0850294481619e-13,5.2704140711745e-15
2084,0,0,2084,2.3932896840613e-11,1.0302216374156e-05,-4.0805995581643e-13,5.2623679917879e-15
2085,0,0,2085,2.3927642509671e-11,1.0304468401548e-05,-4.0761695797081e-13,5.2543309420857e-15
2086,0,0,2086,2.3922396206768e-11,1.030671798139e-05,-4.0717395129744e-13,5.2463029027328e-15
2087,0,0,2087,2.3917157922913e-11,1.0308965113632e-05,-4.0673093581562e-13,5.2382838544356e-15
2088,0,0,2088,2.3911927649135e-11,1.0311209798226e-05,-4.0628791154438e-13,5.2302737779591e-15
2089,0,0,2089,2.3906705376481e-11,1.0313452035124e-05,-4.0584487850271e-13,5.2222726540907e-15
2090,0,0,2090,2.3901491096018e-11,1.0315691824277e-05,-4.0540183670932e-13,5.2142804636695e-15
2091,0,0,2091,2.389628479883e-11,1.0317929165637e-05,-4.0495878618415e-13,5.2062971875799e-15
2092,0,0,2092,2.3891086476023e-11,1.0320164059156e-05,-4.0451572694467e-13,5.1983228067385e-15
2093,0,0,2093,2.3885896118721e-11,1.0322396504786e-05,-4.040726590108e-13,5.1903573021106e-15
2094,0,0,2094,2.3880713718066e-11,1.0324626502479e-05,-4.0362958240066e-13,5.1824006547001e-15
2095,0,0,2095,2.3875539265221e-11,1.0326854052186e-05,-4.0318649713354e-13,5.1744528455528e-15
2096,0,0,2096,2.3870372751365e-11,1.0329079153862e-05,-4.0274340322785e-13,5.1665138557535e-15
2097,0,0,2097,2.3865214167699e-11,1.0331301807457e-05,-4.0230030070199e-13,5.1585836664387e-15
2098,0,0,2098,2.386006350544e-11,1.0333522012924e-05,-4.0185718957526e-13,5.1506622587704e-15
2099,0,0,2099,2.3854920755826e-11,1.0335739770216e-05,-4.0141406986578e-13,5.1427496139628e-15
2100,0,0,2100,2.3849785910113e-11,1.0337955079286e-05,-4.0097094159223e-13,5.1348457132653e-15
2101,0,0,2101,2.3844658959575e-11,1.0340167940086e-05,-4.0052780477271e-13,5.1269505379694e-15
2102,0,0,2102,2.3839539895505e-11,1.0342378352569e-05,-4.0008465942684e-13,5.1190640694086e-15
2103,0,0,2103,2.3834428709216e-11,1.0344586316688e-05,-3.9964150557149e-13,5.1111862889584e-15
2104,0,0,2104,2.3829325392038e-11,1.0346791832396e-05,-3.9919834322658e-13,5.1033171780234e-15
2105,0,0,2105,2.382422993532e-11,1.0348994899647e-05,-3.9875517240899e-13,5.0954567180663e-15
2106,0,0,2106,2.381914233043e-11,1.0351195518394e-05,-3.9831199313834e-13,5.0876048905791e-15
2107,0,0,2107,2.3814062568753e-11,1.0353393688589e-05,-3.978688054321e-13,5.0797616770891e-15
2108,0,0,2108,2.3808990641693e-11,1.0355589410188e-05,-3.9742560930867e-13,5.0719270591785e-15
2109,0,0,2109,2.3803926540675e-11,1.0357782683142e-05,-3.9698240478614e-13,5.0641010184523e-15
2110,0,0,2110,2.3798870257138e-11,1.0359973507407e-05,-3.9653919188323e-13,5.0562835365672e-15
2111,0,0,2111,2.3793821782543e-11,1.0362161882935e-05,-3.9609597061708e-13,5.048474595212e-15
2112,0,0,2112,2.3788781108367e-11,1.0364347809681e-05,-3.9565274100673e-13,5.0406741761274e-15
2113,0,0,2113,2.3783748226106e-11,1.0366531287599e-05,-3.9520950306965e-13,5.0328822610735e-15
2114,0,0,2114,2.3778723127274e-11,1.0368712316642e-05,-3.9476625682361e-13,5.0250988318651e-15
2115,0,0,2115,2.3773705803404e-11,1.0370890896765e-05,-3.9432300228733e-13,5.0173238703528e-15
2116,0,0,2116,2.3768696246045e-11,1.0373067027922e-05,-3.9387973947828e-13,5.0095573584193e-15
2117,0,0,2117,2.3763694446767e-11,1.0375240710068e-05,-3.9343646841425e-13,5.001799277996e-15
2118,0,0,2118,2.3758700397156e-11,1.0377411943157e-05,-3.9299318911271e-13,4.9940496110529e-15
2119,0,0,2119,2.3753714088817e-11,1.0379580727144e-05,-3.9254990159268e-13,4.9863083395794e-15
2120,0,0,2120,2.3748735513371e-11,1.0381747061983e-05,-3.9210660587071e-13,4.9785754456329e-15
2121,0,0,2121,2.374376466246e-11,1.0383910947629e-05,-3.916633019652e-13,4.9708509112899e-15
2122,0,0,2122,2.3738801527741e-11,1.0386072384038e-05,-3.9121998989333e-13,4.963134718666e-15
2123,0,0,2123,2.3733846100891e-11,1.0388231371163e-05,-3.9077666967317e-13,4.9554268499218e-15
2124,0,0,2124,2.3728898373604e-11,1.039038790896e-05,-3.9033334132222e-13,4.9477272872503e-15
2125,0,0,2125,2.3723958337591e-11,1.0392541997385e-05,-3.8989000485795e-13,4.9400360128898e-15
2126,0,0,2126,2.3719025984582e-11,1.0394693636392e-05,-3.8944666029783e-13,4.9323530091076e-15
2127,0,0,2127,2.3714101306324e-11,1.0396842825937e-05,-3.8900330765934e-13,4.9246782582162e-15
2128,0,0,2128,2.3709184294581e-11,1.0398989565976e-05,-3.8855994696027e-13,4.9170117425573e-15
2129,0,0,2129,2.3704274941137e-11,1.0401133856463e-05,-3.881165782181e-13,4.9093534445177e-15
2130,0,0,2130,2.369937323779e-11,1.0403275697355e-05,-3.8767320144907e-13,4.9017033465166e-15
2131,0,0,2131,2.3694479176359e-11,1.0405415088607e-05,-3.872298166722e-13,4.8940614310184e-15
2132,0,0,2132,2.3689592748679e-11,1.0407552030176e-05,-3.8678642390374e-13,4.8864276805135e-15
2133,0,0,2133,2.3684713946601e-11,1.0409686522016e-05,-3.8634302316086e-13,4.8788020775372e-15
2134,0,0,2134,2.3679842761996e-11,1.0411818564085e-05,-3.8589961446134e-13,4.8711846046575e-15
2135,0,0,2135,2.3674979186752e-11,1.0413948156338e-05,-3.8545619782205e-13,4.8635752444841e-15
2136,0,0,2136,2.3670123212772e-11,1.0416075298732e-05,-3.8501277326047e-13,4.8559739796624e-15
2137,0,0,2137,2.3665274831979e-11,1.0418199991223e-05,-3.8456934079345e-13,4.8483807928636e-15
2138,0,0,2138,2.3660434036313e-11,1.0420322233767e-05,-3.8412590043788e-13,4.8407956668138e-15
2139,0,0,2139,2.3655600817728e-11,1.042244202632e-05,-3.8368245221121e-13,4.8332185842619e-15
2140,0,0,2140,2.36507751682e-11,1.042455936884e-05,-3.8323899613032e-13,4.8256495279985e-15
2141,0,0,2141,2.364595707972e-11,1.0426674261283e-05,-3.8279553221207e-13,4.8180884808469e-15
2142,0,0,2142,2.3641146544294e-11,1.0428786703606e-05,-3.8235206047364e-13,4.8105354256719e-15
2143,0,0,2143,2.3636343553949e-11,1.0430896695766e-05,-3.8190858093126e-13,4.8029903453711e-15
2144,0,0,2144,2.3631548100726e-11,1.043300423772e-05,-3.8146509360305e-13,4.7954532228806e-15
2145,0,0,2145,2.3626760176684e-11,1.0435109329424e-05,-3.8102159850462e-13,4.7879240411624e-15
2146,0,0,2146,2.3621979773901e-11,1.0437211970837e-05,-3.8057809565316e-13,4.780402783227e-15
2147,0,0,2147,2.3617206884469e-11,1.0439312161915e-05,-3.8013458506583e-13,4.772889432114e-15
2148,0,0,2148,2.3612441500498e-11,1.0441409902615e-05,-3.796910667592e-13,4.765383970905e-15
2149,0,0,2149,2.3607683614116e-11,1.0443505192895e-05,-3.792475407492e-13,4.7578863827008e-15
2150,0,0,2150,2.3602933217465e-11,1.0445598032713e-05,-3.7880400705332e-13,4.7503966506607e-15
2151,0,0,2151,2.3598190302707e-11,1.0447688422026e-05,-3.783604656881e-13,4.7429147579566e-15
2152,0,0,2152,2.3593454862019e-11,1.0449776360793e-05,-3.7791691666982e-13,4.7354406878123e-15
2153,0,0,2153,2.3588726887596e-11,1.0451861848969e-05,-3.7747336001501e-13,4.7279744234775e-15
2154,0,0,2154,2.3584006371647e-11,1.0453944886515e-05,-3.7702979574086e-13,4.7205159482404e-15
2155,0,0,2155,2.3579293306402e-11,1.0456025473387e-05,-3.7658622386269e-13,4.7130652454218e-15
2156,0,0,2156,2.3574587684104e-11,1.0458103609544e-05,-3.7614264439828e-13,4.7056222983811e-15
2157,0,0,2157,2.3569889497013e-11,1.0460179294944e-05,-3.7569905736267e-13,4.6981870905068e-15
2158,0,0,2158,2.3565198737408e-11,1.0462252529545e-05,-3.7525546277303e-13,4.6907596052262e-15
2159,0,0,2159,2.3560515397582e-11,1.0464323313305e-05,-3.748118606459e-13,4.683339825999e-15
2160,0,0,2160,2.3555839469846e-11,1.0466391646184e-05,-3.7436825099724e-13,4.6759277363171e-15
2161,0,0,2161,2.3551170946526e-11,1.0468457528139e-05,-3.7392463384299e-13,4.6685233197144e-15
2162,0,0,2162,2.3546509819966e-11,1.0470520959129e-05,-3.7348100920002e-13,4.6611265597475e-15
2163,0,0,2163,2.3541856082526e-11,1.0472581939113e-05,-3.7303737708427e-13,4.6537374400215e-15
2164,0,0,2164,2.3537209726582e-11,1.0474640468049e-05,-3.7259373751168e-13,4.6463559441606e-15
2165,0,0,2165,2.3532570744526e-11,1.0476696545897e-05,-3.721500904985e-13,4.6389820558313e-15
2166,0,0,2166,2.3527939128767e-11,1.0478750172616e-05,-3.717064360613e-13,4.6316157587292e-15
2167,0,0,2167,2.3523314871731e-11,1.0480801348164e-05,-3.7126277421571e-13,4.6242570365884e-15
2168,0,0,2168,2.3518697965858e-11,1.0482850072501e-05,-3.7081910497768e-13,4.6169058731789e-15
2169,0,0,2169,2.3514088403605e-11,1.0484896345586e-05,-3.7037542836345e-13,4.6095622522865e-15
2170,0,0,2170,2.3509486177448e-11,1.0486940167378e-05,-3.6993174438897e-13,4.6022261577587e-15
2171,0,0,2171,2.3504891279874e-11,1.0488981537837e-05,-3.6948805306988e-13,4.5948975734524e-15
2172,0,0,2172,2.3500303703391e-11,1.0491020456922e-05,-3.6904435442244e-13,4.5875764832636e-15
2173,0,0,2173,2.349572344052e-11,1.0493056924593e-05,-3.6860064846257e-13,4.58026287113e-15
2174,0,0,2174,2.3491150483799e-11,1.049509094081e-05,-3.6815693520563e-13,4.572956721012e-15
2175,0,0,2175,2.3486584825782e-11,1.0497122505532e-05,-3.6771321466816e-13,4.565658016909e-15
2176,0,0,2176,2.3482026459039e-11,1.0499151618719e-05,-3.6726948686488e-13,4.5583667428525e-15
2177,0,0,2177,2.3477475376156e-11,1.0501178280331e-05,-3.6682575181235e-13,4.5510828828998e-15
2178,0,0,2178,2.3472931569735e-11,1.0503202490328e-05,-3.6638200952651e-13,4.5438064211471e-15
2179,0,0,2179,2.3468395032393e-11,1.0505224248671e-05,-3.6593826002178e-13,4.5365373417326e-15
2180,0,0,2180,2.3463865756764e-11,1.0507243555319e-05,-3.6549450331533e-13,4.5292756288008e-15
2181,0,0,2181,2.3459343735498e-11,1.0509260410233e-05,-3.6505073942156e-13,4.5220212665514e-15
2182,0,0,2182,2.3454828961259e-11,1.0511274813373e-05,-3.6460696835704e-13,4.514774239213e-15
2183,0,0,2183,2.3450321426728e-11,1.05132867647e-05,-3.6416319013618e-13,4.5075345310369e-15
2184,0,0,2184,2.3445821124601e-11,1.0515296264174e-05,-3.6371940477553e-13,4.500302126313e-15
2185,0,0,2185,2.3441328047592e-11,1.0517303311755e-05,-3.6327561229013e-13,4.4930770093638e-15
2186,0,0,2186,2.3436842188427e-11,1.0519307907406e-05,-3.6283181269529e-13,4.4858591645373e-15
2187,0,0,2187,2.3432363539851e-11,1.0521310051085e-05,-3.6238800600667e-13,4.4786485762239e-15
2188,0,0,2188,2.3427892094622e-11,1.0523309742755e-05,-3.6194419223958e-13,4.471445228833e-15
2189,0,0,2189,2.3423427845515e-11,1.0525306982376e-05,-3.6150037140937e-13,4.4642491068164e-15
2190,0,0,2190,2.3418970785321e-11,1.052730176991e-05,-3.6105654353136e-13,4.4570601946546e-15
2191,0,0,2191,2.3414520906844e-11,1.0529294105316e-05,-3.6061270862057e-13,4.4498784768542e-15
2192,0,0,2192,2.3410078202906e-11,1.0531283988558e-05,-3.6016886669296e-13,4.4427039379539e-15
2193,0,0,2193,2.3405642666343e-11,1.0533271419595e-05,-3.5972501776324e-13,4.435536562538e-15
2194,0,0,2194,2.3401214290008e-11,1.053525639839e-05,-3.5928116184644e-13,4.4283763351936e-15
2195,0,0,2195,2.3396793066768e-11,1.0537238924903e-05,-3.5883729895788e-13,4.4212232405727e-15
2196,0,0,2196,2.3392378989504e-11,1.0539218999097e-05,-3.5839342911321e-13,4.4140772633304e-15
2197,0,0,2197,2.3387972051116e-11,1.0541196620933e-05,-3.5794955232683e-13,4.4069383881672e-15
2198,0,0,2198,2.3383572244516e-11,1.0543171790373e-05,-3.5750566861438e-13,4.3998065998093e-15
2199,0,0,2199,2.3379179562633e-11,1.0545144507379e-05,-3.5706177799028e-13,4.3926818830152e-15
2200,0,0,2200,2.3374793998411e-11,1.0547114771912e-05,-3.5661788046986e-13,4.3855642225725e-15
2201,0,0,2201,2.3370415544807e-11,1.0549082583934e-05,-3.5617397606844e-13,4.3784536033045e-15
2202,0,0,2202,2.3366044194797e-11,1.0551047943408e-05,-3.5573006480044e-13,4.3713500100601e-15
2203,0,0,2203,2.336167994137e-11,1.0553010850296e-05,-3.552861466812e-13,4.3642534277111e-15
2204,0,0,2204,2.3357322777528e-11,1.055497130456e-05,-3.5484222172511e-13,4.3571638411806e-15
2205,0,0,2205,2.3352972696293e-11,1.0556929306162e-05,-3.5439828994721e-13,4.3500812353986e-15
2206,0,0,2206,2.3348629690698e-11,1.0558884855064e-05,-3.5395435136283e-13,4.3430055953401e-15
2207,0,0,2207,2.3344293753792e-11,1.056083795123e-05,-3.5351040598638e-13,4.3359369060028e-15
2208,0,0,2208,2.3339964878639e-11,1.0562788594621e-05,-3.5306645383226e-13,4.3288751524262e-15
2209,0,0,2209,2.333564305832e-11,1.0564736785201e-05,-3.5262249491582e-13,4.3218203196566e-15
2210,0,0,2210,2.3331328285927e-11,1.0566682522931e-05,-3.5217852925147e-13,4.3147723927917e-15
2211,0,0,2211,2.332702055457e-11,1.0568625807776e-05,-3.5173455685391e-13,4.307731356952e-15
2212,0,0,2212,2.3322719857373e-11,1.0570566639697e-05,-3.5129057773788e-13,4.300697197287e-15
2213,0,0,2213,2.3318426187474e-11,1.0572505018658e-05,-3.5084659191808e-13,4.2936698989657e-15
2214,0,0,2214,2.3314139538026e-11,1.0574440944622e-05,-3.5040259940893e-13,4.2866494472085e-15
2215,0,0,2215,2.3309859902199e-11,1.0576374417551e-05,-3.4995860022484e-13,4.279635827246e-15
2216,0,0,2216,2.3305587273175e-11,1.0578305437409e-05,-3.4951459438052e-13,4.2726290243502e-15
2217,0,0,2217,2.3301321644151e-11,1.058023400416e-05,-3.4907058189102e-13,4.2656290238034e-15
2218,0,0,2218,2.329706300834e-11,1.0582160117767e-05,-3.4862656276949e-13,4.2586358109487e-15
2219,0,0,2219,2.3292811358969e-11,1.0584083778192e-05,-3.4818253703191e-13,4.2516493711265e-15
2220,0,0,2220,2.3288566689279e-11,1.0586004985401e-05,-3.4773850469143e-13,4.2446696897253e-15
2221,0,0,2221,2.3284328992527e-11,1.0587923739355e-05,-3.4729446576341e-13,4.2376967521532e-15
2222,0,0,2222,2.3280098261983e-11,1.0589840040019e-05,-3.4685042026164e-13,4.2307305438504e-15
2223,0,0,2223,2.3275874490933e-11,1.0591753887358e-05,-3.4640636820021e-13,4.2237710502896e-15
2224,0,0,2224,2.3271657672676e-11,1.0593665281333e-05,-3.4596230959447e-13,4.2168182569662e-15
2225,0,0,2225,2.3267447800527e-11,1.059557422191e-05,-3.455182444576e-13,4.2098721494043e-15
2226,0,0,2226,2.3263244867813e-11,1.0597480709053e-05,-3.4507417280431e-13,4.2029327131607e-15
2227,0,0,2227,2.325904886788e-11,1.0599384742725e-05,-3.4463009464871e-13,4.1959999338147e-15
2228,0,0,2228,2.3254859794083e-11,1.0601286322891e-05,-3.4418601000522e-13,4.189073796981e-15
2229,0,0,2229,2.3250677639794e-11,1.0603185449514e-05,-3.4374191888762e-13,4.1821542882971e-15
2230,0,0,2230,2.3246502398401e-11,1.060508212256e-05,-3.4329782131064e-13,4.1752413934262e-15
2231,0,0,2231,2.3242334063303e-11,1.0606976341993e-05,-3.4285371728747e-13,4.1683350980672e-15
2232,0,0,2232,2.3238172627915e-11,1.0608868107777e-05,-3.4240960683343e-13,4.1614353879448e-15
2233,0,0,2233,2.3234018085666e-11,1.0610757419876e-05,-3.419654899614e-13,4.1545422488095e-15
2234,0,0,2234,2.322987043e-11,1.0612644278255e-05,-3.415213666858e-13,4.1476556664344e-15
2235,0,0,2235,2.3225729654373e-11,1.061452868288e-05,-3.4107723702073e-13,4.1407756266314e-15
2236,0,0,2236,2.3221595752258e-11,1.0616410633714e-05,-3.4063310098059e-13,4.1339021152318e-15
2237,0,0,2237,2.321746871714e-11,1.0618290130723e-05,-3.4018895857828e-13,4.1270351180993e-15
2238,0,0,2238,2.3213348542519e-11,1.0620167173871e-05,-3.3974480982819e-13,4.1201746211201e-15
2239,0,0,2239,2.3209235221908e-11,1.0622041763124e-05,-3.3930065474506e-13,4.1133206102126e-15
2240,0,0,2240,2.3205128748837e-11,1.0623913898446e-05,-3.3885649334113e-13,4.1064730713182e-15
2241,0,0,2241,2.3201029116847e-11,1.0625783579803e-05,-3.3841232563145e-13,4.0996319904134e-15
2242,0,0,2242,2.3196936319493e-11,1.062765080716e-05,-3.379681516298e-13,4.0927973534847e-15
2243,0,0,2243,2.3192850350347e-11,1.0629515580482e-05,-3.3752397134876e-13,4.0859691465702e-15
2244,0,0,2244,2.3188771202991e-11,1.0631377899735e-05,-3.3707978480365e-13,4.0791473557144e-15
2245,0,0,2245,2.3184698871024e-11,1.0633237764885e-05,-3.3663559200737e-13,4.0723319669943e-15
2246,0,0,2246,2.3180633348057e-11,1.0635095175896e-05,-3.3619139297339e-13,4.0655229665253e-15
2247,0,0,2247,2.3176574627717e-11,1.0636950132734e-05,-3.3574718771583e-13,4.058720340433e-15
2248,0,0,2248,2.3172522703642e-11,1.0638802635365e-05,-3.3530297624817e-13,4.0519240748749e-15
2249,0,0,2249,2.3168477569486e-11,1.0640652683755e-05,-3.3485875858421e-13,4.045134156041e-15
2250,0,0,2250,2.3164439218916e-11,1.0642500277869e-05,-3.3441453473745e-13,4.0383505701406e-15
2251,0,0,2251,2.3160407645612e-11,1.0644345417675e-05,-3.3397030472107e-13,4.0315733034187e-15
2252,0,0,2252,2.315638284327e-11,1.0646188103136e-05,-3.3352606854887e-13,4.024802342133e-15
2253,0,0,2253,2.3152364805598e-11,1.064802833422e-05,-3.3308182623495e-13,4.0180376725769e-15
2254,0,0,2254,2.3148353526317e-11,1.0649866110893e-05,-3.3263757779158e-13,4.0112792810697e-15
2255,0,0,2255,2.3144348999163e-11,1.0651701433121e-05,-3.3219332323317e-13,4.0045271539595e-15
2256,0,0,2256,2.3140351217885e-11,1.065353430087e-05,-3.317490625732e-13,3.9977812776109e-15
2257,0,0,2257,2.3136360176247e-11,1.0655364714107e-05,-3.3130479582426e-13,3.9910416384174e-15
2258,0,0,2258,2.3132375868024e-11,1.0657192672797e-05,-3.3086052300045e-13,3.984308222808e-15
2259,0,0,2259,2.3128398287007e-11,1.0659018176908e-05,-3.3041624411464e-13,3.9775810172248e-15
2260,0,0,2260,2.3124427426998e-11,1.0660841226407e-05,-3.2997195918064e-13,3.9708600081484e-15
2261,0,0,2261,2.3120463281816e-11,1.0662661821259e-05,-3.2952766821132e-13,3.9641451820694e-15
2262,0,0,2262,2.3116505845291e-11,1.0664479961431e-05,-3.2908337122047e-13,3.9574365255203e-15
2263,0,0,2263,2.3112555111266e-11,1.0666295646891e-05,-3.2863906822068e-13,3.9507340250496e-15
2264,0,0,2264,2.3108611073599e-11,1.0668108877605e-05,-3.2819475922544e-13,3.9440376672318e-15
2265,0,0,2265,2.310467372616e-11,1.066991965354e-05,-3.2775044424853e-13,3.9373474386673e-15
2266,0,0,2266,2.3100743062834e-11,1.0671727974663e-05,-3.2730612330193e-13,3.9306633259887e-15
2267,0,0,2267,2.3096819077518e-11,1.0673533840942e-05,-3.2686179640003e-13,3.9239853158414e-15
2268,0,0,2268,2.3092901764123e-11,1.0675337252342e-05,-3.2641746355511e-13,3.91731339491e-15
2269,0,0,2269,2.3088991116573e-11,1.0677138208833e-05,-3.2597312478036e-13,3.9106475498948e-15
2270,0,0,2270,2.3085087128806e-11,1.067893671038e-05,-3.2552878008956e-13,3.9039877675157e-15
2271,0,0,2271,2.3081189794771e-11,1.0680732756952e-05,-3.2508442949499e-13,3.8973340345378e-15
2272,0,0,2272,2.3077299108434e-11,1.0682526348516e-05,-3.2464007300951e-13,3.8906863377295e-15
2273,0,0,2273,2.307341506377e-11,1.0684317485039e-05,-3.2419571064725e-13,3.8840446639012e-15
2274,0,0,2274,2.306953765477e-11,1.0686106166489e-05,-3.2375134241985e-13,3.8774089998696e-15
2275,0,0,2275,2.3065666875437e-11,1.0687892392833e-05,-3.2330696834141e-13,3.8707793324967e-15
2276,0,0,2276,2.3061802719789e-11,1.068967616404e-05,-3.2286258842358e-13,3.8641556486576e-15
2277,0,0,2277,2.3057945181853e-11,1.0691457480077e-05,-3.2241820268079e-13,3.8575379352466e-15
2278,0,0,2278,2.3054094255674e-11,1.0693236340912e-05,-3.2197381112467e-13,3.8509261791968e-15
2279,0,0,2279,2.3050249935307e-11,1.0695012746512e-05,-3.2152941376842e-13,3.8443203674576e-15
2280,0,0,2280,2.304641221482e-11,1.0696786696847e-05,-3.2108501062552e-13,3.8377204870007e-15
2281,0,0,2281,2.3042581088295e-11,1.0698558191885e-05,-3.2064060170763e-13,3.8311265248273e-15
2282,0,0,2282,2.3038756549827e-11,1.0700327231592e-05,-3.2019618702824e-13,3.8245384679577e-15
2283,0,0,2283,2.3034938593523e-11,1.0702093815938e-05,-3.1975176659991e-13,3.8179563034413e-15
2284,0,0,2284,2.3031127213505e-11,1.070385794489e-05,-3.1930734043585e-13,3.8113800183535e-15
2285,0,0,2285,2.3027322403905e-11,1.0705619618418e-05,-3.18862908548e-13,3.8048095997824e-15
2286,0,0,2286,2.302352415887e-11,1.070737883649e-05,-3.1841847094924e-13,3.7982450348519e-15
2287,0,0,2287,2.301973247256e-11,1.0709135599074e-05,-3.1797402765275e-13,3.791686310705e-15
2288,0,0,2288,2.3015947339145e-11,1.0710889906138e-05,-3.175295786705e-13,3.7851334145109e-15
2289,0,0,2289,2.3012168752812e-11,1.0712641757652e-05,-3.1708512401568e-13,3.7785863334546e-15
2290,0,0,2290,2.3008396707757e-11,1.0714391153584e-05,-3.1664066370023e-13,3.7720450547569e-15
2291,0,0,2291,2.3004631198191e-11,1.0716138093903e-05,-3.1619619773734e-13,3.7655095656514e-15
2292,0,0,2292,2.3000872218338e-11,1.0717882578578e-05,-3.1575172613898e-13,3.7589798534041e-15
2293,0,0,2293,2.2997119762433e-11,1.0719624607577e-05,-3.1530724891833e-13,3.7524559053002e-15
2294,0,0,2294,2.2993373824724e-11,1.0721364180871e-05,-3.1486276608703e-13,3.7459377086413e-15
2295,0,0,2295,2.2989634399473e-11,1.0723101298427e-05,-3.1441827765858e-13,3.7394252507708e-15
2296,0,0,2296,2.2985901480954e-11,1.0724835960215e-05,-3.1397378364464e-13,3.7329185190388e-15
2297,0,0,2297,2.2982175063453e-11,1.0726568166204e-05,-3.1352928405746e-13,3.7264175008209e-15
2298,0,0,2298,2.297845514127e-11,1.0728297916364e-05,-3.1308477891054e-13,3.7199221835222e-15
2299,0,0,2299,2.2974741708715e-11,1.0730025210663e-05,-3.1264026821523e-13,3.7134325545668e-15
2300,0,0,2300,2.2971034760114e-11,1.0731750049072e-05,-3.1219575198409e-13,3.7069486014081e-15
2301,0,0,2301,2.2967334289802e-11,1.073347243156e-05,-3.1175123022969e-13,3.7004703115091e-15
2302,0,0,2302,2.296364029213e-11,1.0735192358095e-05,-3.1130670296401e-13,3.6939976723653e-15
2303,0,0,2303,2.2959952761459e-11,1.0736909828649e-05,-3.1086217019991e-13,3.687530671501e-15
2304,0,0,2304,2.2956271692162e-11,1.073862484319e-05,-3.1041763194904e-13,3.6810692964439e-15
2305,0,0,2305,2.2952597078627e-11,1.0740337401688e-05,-3.0997308822398e-13,3.6746135347702e-15
2306,0,0,2306,2.2948928915253e-11,1.0742047504114e-05,-3.0952853903668e-13,3.6681633740495e-15
2307,0,0,2307,2.2945267196451e-11,1.0743755150437e-05,-3.0908398439973e-13,3.6617188018999e-15
2308,0,0,2308,2.2941611916645e-11,1.0745460340626e-05,-3.0863942432476e-13,3.6552798059526e-15
2309,0,0,2309,2.2937963070272e-11,1.0747163074653e-05,-3.0819485882435e-13,3.6488463738482e-15
2310,0,0,2310,2.2934320651778e-11,1.0748863352487e-05,-3.0775028791077e-13,3.6424184932793e-15
2311,0,0,2311,2.2930684655626e-11,1.0750561174098e-05,-3.0730571159567e-13,3.6359961519254e-15
2312,0,0,2312,2.2927055076289e-11,1.0752256539456e-05,-3.06861129891e-13,3.6295793375176e-15
2313,0,0,2313,2.2923431908251e-11,1.0753949448533e-05,-3.0641654280965e-13,3.6231680377938e-15
2314,0,0,2314,2.2919815146011e-11,1.0755639901297e-05,-3.0597195036265e-13,3.6167622405174e-15
2315,0,0,2315,2.2916204784077e-11,1.075732789772e-05,-3.0552735256288e-13,3.6103619334746e-15
2316,0,0,2316,2.2912600816973e-11,1.0759013437772e-05,-3.0508274942169e-13,3.6039671044774e-15
2317,0,0,2317,2.2909003239231e-11,1.0760696521424e-05,-3.0463814095134e-13,3.5975777413508e-15
2318,0,0,2318,2.2905412045399e-11,1.0762377148646e-05,-3.041935271641e-13,3.5911938319455e-15
2319,0,0,2319,2.2901827230035e-11,1.0764055319409e-05,-3.03748908071e-13,3.5848153641414e-15
2320,0,0,2320,2.2898248787709e-11,1.0765731033683e-05,-3.0330428368492e-13,3.578442325828e-15
2321,0,0,2321,2.2894676713004e-11,1.076740429144e-05,-3.0285965401721e-13,3.5720747049241e-15
2322,0,0,2322,2.2891111000515e-11,1.076907509265e-05,-3.0241501907983e-13,3.565712489374e-15
2323,0,0,2323,2.2887551644848e-11,1.0770743437285e-05,-3.0197037888443e-13,3.5593556671287e-15
2324,0,0,2324,2.2883998640622e-11,1.0772409325315e-05,-3.0152573344327e-13,3.5530042261781e-15
2325,0,0,2325,2.2880451982467e-11,1.0774072756712e-05,-3.0108108276801e-13,3.5466581545214e-15
2326,0,0,2326,2.2876911665027e-11,1.0775733731446e-05,-3.0063642686968e-13,3.5403174401839e-15
2327,0,0,2327,2.2873377682956e-11,1.0777392249489e-05,-3.0019176576147e-13,3.5339820712104e-15
2328,0,0,2328,2.286985003092e-11,1.0779048310812e-05,-2.997470994538e-13,3.5276520356745e-15
2329,0,0,2329,2.2866328703599e-11,1.0780701915386e-05,-2.9930242795925e-13,3.5213273216596e-15
2330,0,0,2330,2.2862813695681e-11,1.0782353063183e-05,-2.9885775128886e-13,3.5150079172719e-15
2331,0,0,2331,2.2859305001871e-11,1.0784001754175e-05,-2.9841306945488e-13,3.5086938106561e-15
2332,0,0,2332,2.2855802616881e-11,1.0785647988332e-05,-2.9796838246836e-13,3.5023849899442e-15
2333,0,0,2333,2.2852306535437e-11,1.0787291765627e-05,-2.9752369034126e-13,3.4960814433293e-15
2334,0,0,2334,2.2848816752278e-11,1.078893308603e-05,-2.9707899308553e-13,3.489783158992e-15
2335,0,0,2335,2.2845333262153e-11,1.0790571949515e-05,-2.9663429071191e-13,3.4834901251513e-15
2336,0,0,2336,2.2841856059823e-11,1.0792208356052e-05,-2.9618958323297e-13,3.4772023300425e-15
2337,0,0,2337,2.2838385140061e-11,1.0793842305614e-05,-2.9574487065913e-13,3.4709197619267e-15
2338,0,0,2338,2.2834920497652e-11,1.0795473798172e-05,-2.9530015300327e-13,3.4646424090685e-15
2339,0,0,2339,2.2831462127392e-11,1.0797102833698e-05,-2.9485543027521e-13,3.4583702597804e-15
2340,0,0,2340,2.282801002409e-11,1.0798729412165e-05,-2.9441070248812e-13,3.4521033023691e-15
2341,0,0,2341,2.2824564182565e-11,1.0800353533544e-05,-2.9396596965244e-13,3.4458415251828e-15
2342,0,0,2342,2.2821124597648e-11,1.0801975197808e-05,-2.9352123178013e-13,3.4395849165732e-15
2343,0,0,2343,2.2817691264183e-11,1.0803594404929e-05,-2.930764888816e-13,3.4333334649209e-15
2344,0,0,2344,2.2814264177025e-11,1.0805211154879e-05,-2.9263174096973e-13,3.4270871586325e-15
2345,0,0,2345,2.2810843331039e-11,1.0806825447631e-05,-2.9218698805527e-13,3.4208459861179e-15
2346,0,0,2346,2.2807428721103e-11,1.0808437283157e-05,-2.9174223014862e-13,3.4146099358287e-15
2347,0,0,2347,2.2804020342106e-11,1.0810046661429e-05,-2.9129746726299e-13,3.4083789962167e-15
2348,0,0,2348,2.2800618188951e-11,1.081165358242e-05,-2.9085269940787e-13,3.4021531557661e-15
2349,0,0,2349,2.2797222256548e-11,1.0813258046103e-05,-2.9040792659583e-13,3.3959324029804e-15
2350,0,0,2350,2.2793832539821e-11,1.081486005245e-05,-2.8996314883792e-13,3.3897167263726e-15
2351,0,0,2351,2.2790449033707e-11,1.0816459601434e-05,-2.8951836614456e-13,3.3835061144948e-15
2352,0,0,2352,2.2787071733151e-11,1.0818056693028e-05,-2.8907357852801e-13,3.3773005558957e-15
2353,0,0,2353,2.2783700633112e-11,1.0819651327205e-05,-2.8862878599901e-13,3.3711000391659e-15
2354,0,0,2354,2.2780335728559e-11,1.0821243503938e-05,-2.8818398856859e-13,3.3649045528995e-15
2355,0,0,2355,2.2776977014473e-11,1.0822833223199e-05,-2.8773918624872e-13,3.3587140857195e-15
2356,0,0,2356,2.2773624485847e-11,1.0824420484961e-05,-2.8729437904981e-13,3.3525286262619e-15
2357,0,0,2357,2.2770278137684e-11,1.0826005289199e-05,-2.8684956698291e-13,3.3463481631916e-15
2358,0,0,2358,2.2766937964999e-11,1.0827587635884e-05,-2.8640475005967e-13,3.3401726851835e-15
2359,0,0,2359,2.2763603962818e-11,1.0829167524991e-05,-2.8595992829112e-13,3.3340021809381e-15
2360,0,0,2360,2.2760276126178e-11,1.0830744956492e-05,-2.8551510168801e-13,3.3278366391656e-15
2361,0,0,2361,2.275695445013e-11,1.0832319930361e-05,-2.8507027026167e-13,3.3216760486152e-15
2362,0,0,2362,2.2753638929732e-11,1.0833892446571e-05,-2.8462543402283e-13,3.3155203980391e-15
2363,0,0,2363,2.2750329560056e-11,1.0835462505096e-05,-2.8418059298285e-13,3.3093696762058e-15
2364,0,0,2364,2.2747026336184e-11,1.0837030105909e-05,-2.8373574715275e-13,3.3032238719224e-15
2365,0,0,2365,2.274372925321e-11,1.0838595248983e-05,-2.8329089654328e-13,3.2970829739897e-15
2366,0,0,2366,2.2740438306238e-11,1.0840157934294e-05,-2.8284604116578e-13,3.2909469712538e-15
2367,0,0,2367,2.2737153490386e-11,1.0841718161813e-05,-2.8240118103066e-13,3.2848158525573e-15
2368,0,0,2368,2.2733874800779e-11,1.0843275931516e-05,-2.8195631614898e-13,3.2786896067785e-15
2369,0,0,2369,2.2730602232556e-11,1.0844831243375e-05,-2.8151144653207e-13,3.2725682228023e-15
2370,0,0,2370,2.2727335780867e-11,1.0846384097365e-05,-2.8106657219037e-13,3.2664516895392e-15
2371,0,0,2371,2.2724075440871e-11,1.084793449346e-05,-2.8062169313521e-13,3.2603399959225e-15
2372,0,0,2372,2.272082120774e-11,1.0849482431633e-05,-2.8017680937702e-13,3.2542331308918e-15
2373,0,0,2373,2.2717573076657e-11,1.0851027911859e-05,-2.7973192092654e-13,3.2481310834159e-15
2374,0,0,2374,2.2714331042814e-11,1.0852570934112e-05,-2.7928702779541e-13,3.2420338424798e-15
2375,0,0,2375,2.2711095101417e-11,1.0854111498366e-05,-2.7884212999314e-13,3.2359413970813e-15
2376,0,0,2376,2.2707865247681e-11,1.0855649604596e-05,-2.7839722753138e-13,3.2298537362505e-15
2377,0,0,2377,2.2704641476832e-11,1.0857185252775e-05,-2.7795232042118e-13,3.2237708490209e-15
2378,0,0,2378,2.2701423784107e-11,1.0858718442878e-05,-2.7750740867233e-13,3.2176927244517e-15
2379,0,0,2379,2.2698212164756e-11,1.086024917488e-05,-2.7706249229651e-13,3.2116193516215e-15
2380,0,0,2380,2.2695006614036e-11,1.0861777448754e-05,-2.766175713032e-13,3.2055507196251e-15
2381,0,0,2381,2.2691807127218e-11,1.0863303264476e-05,-2.7617264570468e-13,3.1994868175767e-15
2382,0,0,2382,2.2688613699584e-11,1.0864826622021e-05,-2.7572771551045e-13,3.1934276346034e-15
2383,0,0,2383,2.2685426326424e-11,1.0866347521362e-05,-2.7528278073124e-13,3.1873731598646e-15
2384,0,0,2384,2.2682245003041e-11,1.0867865962474e-05,-2.7483784137839e-13,3.1813233825165e-15
2385,0,0,2385,2.267906972475e-11,1.0869381945333e-05,-2.7439289746173e-13,3.175278291754e-15
2386,0,0,2386,2.2675900486873e-11,1.0870895469913e-05,-2.7394794899229e-13,3.1692378767818e-15
2387,0,0,2387,2.2672737284746e-11,1.0872406536189e-05,-2.7350299598049e-13,3.1632021268175e-15
2388,0,0,2388,2.2669580113715e-11,1.0873915144136e-05,-2.7305803843707e-13,3.1571710311011e-15
2389,0,0,2389,2.2666428969136e-11,1.087542129373e-05,-2.7261307637244e-13,3.1511445788989e-15
2390,0,0,2390,2.2663283846377e-11,1.0876924984944e-05,-2.7216810979735e-13,3.1451227594735e-15
2391,0,0,2391,2.2660144740814e-11,1.0878426217755e-05,-2.717231387216e-13,3.1391055621299e-15
2392,0,0,2392,2.2657011647838e-11,1.0879924992137e-05,-2.7127816315624e-13,3.1330929761792e-15
2393,0,0,2393,2.2653884562847e-11,1.0881421308066e-05,-2.7083318311199e-13,3.1270849909424e-15
2394,0,0,2394,2.2650763481252e-11,1.0882915165516e-05,-2.7038819859867e-13,3.1210815957761e-15
2395,0,0,2395,2.2647648398472e-11,1.0884406564465e-05,-2.6994320962732e-13,3.1150827800368e-15
2396,0,0,2396,2.2644539309938e-11,1.0885895504886e-05,-2.6949821620774e-13,3.1090885331133e-15
2397,0,0,2397,2.2641436211094e-11,1.0887381986755e-05,-2.6905321835098e-13,3.1030988444008e-15
2398,0,0,2398,2.2638339097391e-11,1.0888866010048e-05,-2.6860821606715e-13,3.0971137033141e-15
2399,0,0,2399,2.2635247964291e-11,1.0890347574741e-05,-2.6816320936607e-13,3.0911330992937e-15
2400,0,0,2400,2.263216280727e-11,1.0891826680809e-05,-2.6771819825908e-13,3.085157021793e-15
2401,0,0,2401,2.2629083621809e-11,1.0893303328227e-05,-2.6727318275569e-13,3.0791854602687e-15
2402,0,0,2402,2.2626010403405e-11,1.0894777516972e-05,-2.6682816286663e-13,3.0732184042227e-15
2403,0,0,2403,2.2622943147562e-11,1.089624924702e-05,-2.6638313860232e-13,3.067255843144e-15
2404,0,0,2404,2.2619881849795e-11,1.0897718518346e-05,-2.6593810997258e-13,3.0612977665668e-15
2405,0,0,2405,2.2616826505631e-11,1.0899185330926e-05,-2.6549307698814e-13,3.0553441640157e-15
2406,0,0,2406,2.2613777110606e-11,1.0900649684736e-05,-2.6504803965851e-13,3.0493950250572e-15
2407,0,0,2407,2.2610733660267e-11,1.0902111579752e-05,-2.6460299799532e-13,3.0434503392579e-15
2408,0,0,2408,2.2607696150171e-11,1.0903571015951e-05,-2.6415795200688e-13,3.0375100962036e-15
2409,0,0,2409,2.2604664575885e-11,1.0905027993309e-05,-2.6371290170512e-13,3.0315742855029e-15
2410,0,0,2410,2.2601638932989e-11,1.0906482511801e-05,-2.6326784709926e-13,3.0256428967837e-15
2411,0,0,2411,2.2598619217069e-11,1.0907934571404e-05,-2.6282278819972e-13,3.0197159196741e-15
2412,0,0,2412,2.2595605423725e-11,1.0909384172095e-05,-2.6237772501661e-13,3.0137933438373e-15
2413,0,0,2413,2.2592597548566e-11,1.091083131385e-05,-2.6193265756036e-13,3.0078751589467e-15
2414,0,0,2414,2.2589595587211e-11,1.0912275996644e-05,-2.6148758584017e-13,3.0019613546915e-15
2415,0,0,2415,2.2586599535291e-11,1.0913718220456e-05,-2.6104250986708e-13,2.996051920774e-15
2416,0,0,2416,2.2583609388444e-11,1.091515798526e-05,-2.6059742965091e-13,2.990146846919e-15
2417,0,0,2417,2.2580625142321e-11,1.0916595291035e-05,-2.6015234520176e-13,2.9842461228644e-15
2418,0,0,2418,2.2577646792583e-11,1.0918030137756e-05,-2.5970725652914e-13,2.9783497383705e-15
2419,0,0,2419,2.2574674334899e-11,1.0919462525401e-05,-2.5926216364379e-13,2.9724576832075e-15
2420,0,0,2420,2.2571707764952e-11,1.0920892453945e-05,-2.5881706655552e-13,2.9665699471583e-15
2421,0,0,2421,2.2568747078432e-11,1.0922319923366e-05,-2.5837196527414e-13,2.9606865200319e-15
2422,0,0,2422,2.256579227104e-11,1.0923744933642e-05,-2.5792685980977e-13,2.9548073916533e-15
2423,0,0,2423,2.2562843338489e-11,1.0925167484748e-05,-2.5748175017222e-13,2.9489325518539e-15
2424,0,0,2424,2.2559900276498e-11,1.0926587576661e-05,-2.5703663637192e-13,2.943061990488e-15
2425,0,0,2425,2.2556963080801e-11,1.092800520936e-05,-2.5659151841775e-13,2.9371956974289e-15
2426,0,0,2426,2.2554031747138e-11,1.092942038282e-05,-2.5614639632076e-13,2.9313336625567e-15
2427,0,0,2427,2.2551106271262e-11,1.0930833097019e-05,-2.5570127009046e-13,2.9254758757804e-15
2428,0,0,2428,2.2548186648935e-11,1.0932243351935e-05,-2.5525613973665e-13,2.9196223270122e-15
2429,0,0,2429,2.2545272875929e-11,1.0933651147544e-05,-2.5481100526914e-13,2.9137730061839e-15
2430,0,0,2430,2.2542364948026e-11,1.0935056483824e-05,-2.5436586669745e-13,2.9079279032529e-15
2431,0,0,2431,2.2539462861018e-11,1.0936459360753e-05,-2.5392072403261e-13,2.9020870081833e-15
2432,0,0,2432,2.2536566610707e-11,1.0937859778307e-05,-2.534755772829e-13,2.8962503109454e-15
2433,0,0,2433,2.2533676192905e-11,1.0939257736464e-05,-2.5303042645966e-13,2.8904178015516e-15
2434,0,0,2434,2.2530791603435e-11,1.0940653235202e-05,-2.5258527157117e-13,2.8845894700049e-15
2435,0,0,2435,2.2527912838129e-11,1.0942046274498e-05,-2.5214011262818e-13,2.8787653063368e-15
2436,0,0,2436,2.2525039892828e-11,1.0943436854331e-05,-2.5169494964017e-13,2.8729453005923e-15
2437,0,0,2437,2.2522172763385e-11,1.0944824974677e-05,-2.5124978261696e-13,2.867129442829e-15
2438,0,0,2438,2.2519311445662e-11,1.0946210635514e-05,-2.5080461156837e-13,2.8613177231272e-15
2439,0,0,2439,2.2516455935531e-11,1.0947593836821e-05,-2.5035943650359e-13,2.8555101315703e-15
2440,0,0,2440,2.2513606228873e-11,1.0948974578574e-05,-2.4991425743306e-13,2.8497066582679e-15
2441,0,0,2441,2.2510762321579e-11,1.0950352860753e-05,-2.4946907436565e-13,2.8439072933454e-15
2442,0,0,2442,2.2507924209552e-11,1.0951728683335e-05,-2.490238873118e-13,2.8381120269381e-15
2443,0,0,2443,2.2505091888703e-11,1.0953102046298e-05,-2.485786962807e-13,2.8323208491908e-15
2444,0,0,2444,2.2502265354953e-11,1.095447294962e-05,-2.4813350128187e-13,2.826533750284e-15
2445,0,0,2445,2.2499444604232e-11,1.0955841393279e-05,-2.4768830232572e-13,2.8207507203885e-15
2446,0,0,2446,2.2496629632483e-11,1.0957207377254e-05,-2.4724309942053e-13,2.8149717497139e-15
2447,0,0,2447,2.2493820435654e-11,1.0958570901522e-05,-2.4679789257735e-13,2.8091968284599e-15
2448,0,0,2448,2.2491017009707e-11,1.0959931966063e-05,-2.4635268180445e-13,2.8034259468685e-15
2449,0,0,2449,2.2488219350612e-11,1.0961290570853e-05,-2.4590746711226e-13,2.797659095175e-15
2450,0,0,2450,2.2485427454349e-11,1.0962646715873e-05,-2.4546224850998e-13,2.7918962636406e-15
2451,0,0,2451,2.2482641316906e-11,1.0964000401099e-05,-2.4501702600741e-13,2.7861374425396e-15
2452,0,0,2452,2.2479860934284e-11,1.0965351626511e-05,-2.4457179961345e-13,2.7803826221558e-15
2453,0,0,2453,2.2477086302491e-11,1.0966700392088e-05,-2.4412656933853e-13,2.7746317927957e-15
2454,0,0,2454,2.2474317417546e-11,1.0968046697807e-05,-2.4368133519092e-13,2.7688849447754e-15
2455,0,0,2455,2.2471554275478e-11,1.0969390543648e-05,-2.4323609718136e-13,2.763142068437e-15
2456,0,0,2456,2.2468796872324e-11,1.0970731929589e-05,-2.4279085531813e-13,2.7574031541128e-15
2457,0,0,2457,2.2466045204132e-11,1.0972070855609e-05,-2.4234560961195e-13,2.7516681921738e-15
2458,0,0,2458,2.2463299266959e-11,1.0973407321687e-05,-2.419003600708e-13,2.745937173001e-15
2459,0,0,2459,2.2460559056872e-11,1.0974741327801e-05,-2.4145510670541e-13,2.7402100869782e-15
2460,0,0,2460,2.2457824569947e-11,1.0976072873931e-05,-2.4100984952437e-13,2.7344869245122e-15
2461,0,0,2461,2.2455095802271e-11,1.0977401960055e-05,-2.4056458853719e-13,2.728767676029e-15
2462,0,0,2462,2.2452372749939e-11,1.0978728586154e-05,-2.4011932375336e-13,2.723052331961e-15
2463,0,0,2463,2.2449655409056e-11,1.0980052752204e-05,-2.3967405518208e-13,2.717340882757e-15
2464,0,0,2464,2.2446943775737e-11,1.0981374458187e-05,-2.3922878283318e-13,2.7116333188817e-15
2465,0,0,2465,2.2444237846107e-11,1.098269370408e-05,-2.3878350671553e-13,2.7059296308129e-15
2466,0,0,2466,2.2441537616298e-11,1.0984010489864e-05,-2.3833822683804e-13,2.7002298090476e-15
2467,0,0,2467,2.2438843082453e-11,1.0985324815517e-05,-2.3789294321113e-13,2.6945338440863e-15
2468,0,0,2468,2.2436154240727e-11,1.0986636681019e-05,-2.3744765584277e-13,2.6888417264551e-15
2469,0,0,2469,2.243347108728e-11,1.0987946086349e-05,-2.3700236474338e-13,2.6831534466899e-15
2470,0,0,2470,2.2430793618285e-11,1.0989253031487e-05,-2.3655706992125e-13,2.6774689953395e-15
2471,0,0,2471,2.2428121829922e-11,1.0990557516411e-05,-2.361117713868e-13,2.6717883629593e-15
2472,0,0,2472,2.2425455718382e-11,1.0991859541103e-05,-2.3566646914769e-13,2.6661115401431e-15
2473,0,0,2473,2.2422795279864e-11,1.0993159105541e-05,-2.3522116321435e-13,2.6604385174723e-15
2474,0,0,2474,2.2420140510579e-11,1.0994456209704e-05,-2.3477585359568e-13,2.6547692855537e-15
2475,0,0,2475,2.2417491406744e-11,1.0995750853573e-05,-2.3433054030087e-13,2.6491038350105e-15
2476,0,0,2476,2.2414847964587e-11,1.0997043037127e-05,-2.3388522333851e-13,2.6434421564756e-15
2477,0,0,2477,2.2412210180347e-11,1.0998332760347e-05,-2.3343990271871e-13,2.6377842405913e-15
2478,0,0,2478,2.2409578050269e-11,1.0999620023211e-05,-2.3299457844976e-13,2.6321300780294e-15
2479,0,0,2479,2.2406951570609e-11,1.10009048257e-05,-2.3254925054146e-13,2.626479659455e-15
2480,0,0,2480,2.2404330737634e-11,1.1002187167794e-05,-2.3210391900241e-13,2.6208329755623e-15
2481,0,0,2481,2.2401715547617e-11,1.1003467049473e-05,-2.3165858384179e-13,2.6151900170552e-15
2482,0,0,2482,2.2399105996842e-11,1.1004744470717e-05,-2.3121324506913e-13,2.6095507746472e-15
2483,0,0,2483,2.2396502081603e-11,1.1006019431505e-05,-2.307679026933e-13,2.6039152390715e-15
2484,0,0,2484,2.2393903798202e-11,1.1007291931818e-05,-2.3032255672259e-13,2.5982834010675e-15
2485,0,0,2485,2.239131114295e-11,1.1008561971637e-05,-2.2987720716712e-13,2.5926552513939e-15
2486,0,0,2486,2.238872411217e-11,1.1009829550941e-05,-2.2943185403547e-13,2.5870307808226e-15
2487,0,0,2487,2.238614270219e-11,1.1011094669711e-05,-2.2898649733684e-13,2.5814099801415e-15
2488,0,0,2488,2.2383566909349e-11,1.1012357327927e-05,-2.285411370795e-13,2.5757928401385e-15
2489,0,0,2489,2.2380996729998e-11,1.1013617525569e-05,-2.2809577327359e-13,2.5701793516338e-15
2490,0,0,2490,2.2378432160492e-11,1.1014875262618e-05,-2.2765040592737e-13,2.5645695054477e-15
2491,0,0,2491,2.23758731972e-11,1.1016130539055e-05,-2.2720503504944e-13,2.5589632924166e-15
2492,0,0,2492,2.2373319836496e-11,1.101738335486e-05,-2.2675966064991e-13,2.5533607033962e-15
2493,0,0,2493,2.2370772074767e-11,1.1018633710013e-05,-2.2631428273675e-13,2.5477617292423e-15
2494,0,0,2494,2.2368229908406e-11,1.1019881604495e-05,-2.2586890131916e-13,2.542166360843e-15
2495,0,0,2495,2.2365693333817e-11,1.1021127038288e-05,-2.2542351640604e-13,2.53657458908e-15
2496,0,0,2496,2.2363162347412e-11,1.1022370011371e-05,-2.2497812800628e-13,2.5309864048607e-15
2497,0,0,2497,2.2360636945613e-11,1.1023610523725e-05,-2.2453273612907e-13,2.5254017991055e-15
2498,0,0,2498,2.2358117124851e-11,1.1024848575332e-05,-2.2408734078269e-13,2.5198207627315e-15
2499,0,0,2499,2.2355602881564e-11,1.1026084166171e-05,-2.2364194197665e-13,2.5142432866981e-15
2500,0,0,2500,2.2353094212202e-11,1.1027317296225e-05,-2.2319653971924e-13,2.5086693619481e-15
2501,0,0,2501,2.2350591113223e-11,1.1028547965474e-05,-2.2275113401963e-13,2.5030989794568e-15
2502,0,0,2502,2.2348093581092e-11,1.1029776173898e-05,-2.2230572488613e-13,2.497532130203e-15
2503,0,0,2503,2.2345601612287e-11,1.103100192148e-05,-2.2186031232853e-13,2.491968805178e-15
2504,0,0,2504,2.2343115203292e-11,1.1032225208201e-05,-2.2141489635451e-13,2.4864089953992e-15
2505,0,0,2505,2.23406343506e-11,1.103344603404e-05,-2.2096947697388e-13,2.4808526918742e-15
2506,0,0,2506,2.2338159050714e-11,1.103466439898e-05,-2.205240541946e-13,2.475299885643e-15
2507,0,0,2507,2.2335689300146e-11,1.1035880303003e-05,-2.2007862802588e-13,2.4697505677488e-15
2508,0,0,2508,2.2333225095417e-11,1.1037093746088e-05,-2.1963319847599e-13,2.4642047292476e-15
2509,0,0,2509,2.2330766433056e-11,1.1038304728218e-05,-2.1918776555414e-13,2.458662361215e-15
2510,0,0,2510,2.2328313309601e-11,1.1039513249374e-05,-2.1874232926891e-13,2.453123454733e-15
2511,0,0,2511,2.23258657216e-11,1.1040719309538e-05,-2.182968896292e-13,2.4475880008898e-15
2512,0,0,2512,2.232342366561e-11,1.1041922908691e-05,-2.1785144664327e-13,2.4420559908032e-15
2513,0,0,2513,2.2320987138194e-11,1.1043124046814e-05,-2.1740600032003e-13,2.4365274155873e-15
2514,0,0,2514,2.2318556135928e-11,1.104432272389e-05,-2.1696055066805e-13,2.4310022663789e-15
2515,0,0,2515,2.2316130655393e-11,1.1045518939899e-05,-2.1651509769593e-13,2.4254805343184e-15
2516,0,0,2516,2.2313710693183e-11,1.1046712694824e-05,-2.1606964141287e-13,2.4199622105747e-15
2517,0,0,2517,2.2311296245896e-11,1.1047903988646e-05,-2.1562418182713e-13,2.414447286301e-15
2518,0,0,2518,2.2308887310144e-11,1.1049092821348e-05,-2.151787189467e-13,2.4089357526956e-15
2519,0,0,2519,2.2306483882543e-11,1.105027919291e-05,-2.1473325278108e-13,2.4034276009439e-15
2520,0,0,2520,2.2304085959721e-11,1.1051463103315e-05,-2.1428778333855e-13,2.3979228222569e-15
2521,0,0,2521,2.2301693538313e-11,1.1052644552545e-05,-2.1384231062769e-13,2.3924214078492e-15
2522,0,0,2522,2.2299306614964e-11,1.1053823540582e-05,-2.133968346571e-13,2.3869233489546e-15
2523,0,0,2523,2.2296925186327e-11,1.1055000067408e-05,-2.1295135543504e-13,2.3814286368165e-15
2524,0,0,2524,2.2294549249064e-11,1.1056174133004e-05,-2.1250587297072e-13,2.3759372626883e-15
2525,0,0,2525,2.2292178799846e-11,1.1057345737354e-05,-2.120603872718e-13,2.3704492178393e-15
2526,0,0,2526,2.2289813835353e-11,1.1058514880438e-05,-2.1161489834779e-13,2.3649644935518e-15
2527,0,0,2527,2.2287454352272e-11,1.1059681562241e-05,-2.1116940620666e-13,2.3594830811047e-15
2528,0,0,2528,2.22851003473e-11,1.1060845782743e-05,-2.1072391085639e-13,2.3540049718161e-15
2529,0,0,2529,2.2282751817143e-11,1.1062007541927e-05,-2.1027841230616e-13,2.3485301569907e-15
2530,0,0,2530,2.2280408758515e-11,1.1063166839775e-05,-2.0983291056488e-13,2.3430586279594e-15
2531,0,0,2531,2.2278071168139e-11,1.106432367627e-05,-2.093874056396e-13,2.3375903760561e-15
2532,0,0,2532,2.2275739042746e-11,1.1065478051395e-05,-2.0894189754012e-13,2.3321253926407e-15
2533,0,0,2533,2.2273412379077e-11,1.1066629965131e-05,-2.0849638627443e-13,2.3266636690665e-15
2534,0,0,2534,2.227109117388e-11,1.1067779417462e-05,-2.0805087185018e-13,2.3212051967095e-15
2535,0,0,2535,2.2268775423914e-11,1.1068926408369e-05,-2.0760535427719e-13,2.3157499669555e-15
2536,0,0,2536,2.2266465125942e-11,1.1070070937837e-05,-2.0715983356313e-13,2.310297971203e-15
2537,0,0,2537,2.2264160276741e-11,1.1071213005846e-05,-2.0671430971596e-13,2.3048492008539e-15
2538,0,0,2538,2.2261860873094e-11,1.1072352612381e-05,-2.0626878274458e-13,2.2994036473359e-15
2539,0,0,2539,2.2259566911792e-11,1.1073489757423e-05,-2.0582325265757e-13,2.29396130208e-15
2540,0,0,2540,2.2257278389636e-11,1.1074624440956e-05,-2.0537771946291e-13,2.2885221565266e-15
2541,0,0,2541,2.2254995303433e-11,1.1075756662962e-05,-2.0493218316918e-13,2.2830862021262e-15
2542,0,0,2542,2.2252717650003e-11,1.1076886423425e-05,-2.0448664378435e-13,2.2776534303549e-15
2543,0,0,2543,2.225044542617e-11,1.1078013722328e-05,-2.0404110131702e-13,2.2722238326791e-15
2544,0,0,2544,2.224817862877e-11,1.1079138559652e-05,-2.0359555577545e-13,2.2667974005945e-15
2545,0,0,2545,2.2245917254644e-11,1.1080260935382e-05,-2.0315000716824e-13,2.2613741255998e-15
2546,0,0,2546,2.2243661300645e-11,1.1081380849501e-05,-2.0270445550274e-13,2.2559539992035e-15
2547,0,0,2547,2.2241410763632e-11,1.1082498301992e-05,-2.0225890078846e-13,2.2505370129302e-15
2548,0,0,2548,2.2239165640474e-11,1.1083613292837e-05,-2.0181334303306e-13,2.2451231583142e-15
2549,0,0,2549,2.2236925928047e-11,1.1084725822021e-05,-2.0136778224452e-13,2.2397124268963e-15
2550,0,0,2550,2.2234691623237e-11,1.1085835889526e-05,-2.0092221843142e-13,2.2343048102335e-15
2551,0,0,2551,2.2232462722937e-11,1.1086943495336e-05,-2.0047665160204e-13,2.2289002999021e-15
2552,0,0,2552,2.2230239224049e-11,1.1088048639434e-05,-2.0003108176466e-13,2.2234988874622e-15
2553,0,0,2553,2.2228021123485e-11,1.1089151321804e-05,-1.9958550892695e-13,2.2181005645193e-15
2554,0,0,2554,2.2225808418162e-11,1.1090251542429e-05,-1.9913993309779e-13,2.2127053226659e-15
2555,0,0,2555,2.2223601105009e-11,1.1091349301292e-05,-1.9869435428516e-13,2.2073131535106e-15
2556,0,0,2556,2.222139918096e-11,1.1092444598378e-05,-1.9824877249704e-13,2.2019240486813e-15
2557,0,0,2557,2.221920264296e-11,1.1093537433669e-05,-1.97803187742e-13,2.1965379998063e-15
2558,0,0,2558,2.2217011487962e-11,1.109462780715e-05,-1.9735760002741e-13,2.1911549985328e-15
2559,0,0,2559,2.2214825712925e-11,1.1095715718804e-05,-1.9691200936216e-13,2.1857750365115e-15
2560,0,0,2560,2.221264531482e-11,1.1096801168615e-05,-1.9646641575422e-13,2.1803981054059e-15
2561,0,0,2561,2.2210470290623e-11,1.1097884156566e-05,-1.9602081921156e-13,2.1750241968992e-15
2562,0,0,2562,2.220830063732e-11,1.1098964682642e-05,-1.9557521974247e-13,2.1696533026741e-15
2563,0,0,2563,2.2206136351906e-11,1.1100042746827e-05,-1.951296173546e-13,2.1642854144266e-15
2564,0,0,2564,2.2203977431382e-11,1.1101118349103e-05,-1.9468401205716e-13,2.1589205238654e-15
2565,0,0,2565,2.2201823872759e-11,1.1102191489456e-05,-1.9423840385658e-13,2.1535586227092e-15
2566,0,0,2566,2.2199675673056e-11,1.1103262167869e-05,-1.9379279276269e-13,2.148199702686e-15
2567,0,0,2567,2.2197532829301e-11,1.1104330384326e-05,-1.9334717878221e-13,2.1428437555435e-15
2568,0,0,2568,2.2195395338528e-11,1.1105396138812e-05,-1.9290156192344e-13,2.1374907730164e-15
2569,0,0,2569,2.2193263197781e-11,1.110645943131e-05,-1.9245594219526e-13,2.1321407468779e-15
2570,0,0,2570,2.2191136404112e-11,1.1107520261805e-05,-1.9201031960443e-13,2.1267936688952e-15
2571,0,0,2571,2.2189014954581e-11,1.1108578630281e-05,-1.9156469416013e-13,2.1214495308513e-15
2572,0,0,2572,2.2186898846257e-11,1.1109634536723e-05,-1.9111906586973e-13,2.1161083245358e-15
2573,0,0,2573,2.2184788076215e-11,1.1110687981114e-05,-1.906734347412e-13,2.1107700417513e-15
2574,0,0,2574,2.2182682641541e-11,1.1111738963438e-05,-1.9022780078282e-13,2.1054346743131e-15
2575,0,0,2575,2.2180582539327e-11,1.1112787483681e-05,-1.8978216400257e-13,2.1001022140368e-15
2576,0,0,2576,2.2178487766674e-11,1.1113833541827e-05,-1.8933652440809e-13,2.0947726527635e-15
2577,0,0,2577,2.2176398320691e-11,1.1114877137861e-05,-1.8889088200769e-13,2.0894459823346e-15
2578,0,0,2578,2.2174314198497e-11,1.1115918271766e-05,-1.8844523680902e-13,2.0841221946011e-15
2579,0,0,2579,2.2172235397215e-11,1.1116956943527e-05,-1.8799958882005e-13,2.07880128143e-15
2580,0,0,2580,2.2170161913981e-11,1.1117993153129e-05,-1.8755393804906e-13,2.0734832346886e-15
2581,0,0,2581,2.2168093745934e-11,1.1119026900558e-05,-1.8710828450342e-13,2.0681680462698e-15
2582,0,0,2582,2.2166030890226e-11,1.1120058185796e-05,-1.866626281917e-13,2.0628557080601e-15
2583,0,0,2583,2.2163973344014e-11,1.112108700883e-05,-1.8621696912127e-13,2.0575462119655e-15
2584,0,0,2584,2.2161921104464e-11,1.1122113369644e-05,-1.857713073001e-13,2.0522395499047e-15
2585,0,0,2585,2.2159874168751e-11,1.1123137268223e-05,-1.8532564273616e-13,2.0469357137901e-15
2586,0,0,2586,2.2157832534055e-11,1.1124158704551e-05,-1.8487997543743e-13,2.0416346955697e-15
2587,0,0,2587,2.2155796197568e-11,1.1125177678614e-05,-1.8443430541156e-13,2.0363364871753e-15
2588,0,0,2588,2.2153765156487e-11,1.1126194190397e-05,-1.8398863266653e-13,2.0310410805643e-15
2589,0,0,2589,2.215173940802e-11,1.1127208239884e-05,-1.8354295721001e-13,2.0257484677074e-15
2590,0,0,2590,2.2149718949379e-11,1.1128219827061e-05,-1.8309727904967e-13,2.0204586405622e-15
2591,0,0,2591,2.2147703777788e-11,1.1129228951913e-05,-1.8265159819438e-13,2.0151715911282e-15
2592,0,0,2592,2.2145693890477e-11,1.1130235614425e-05,-1.8220591465061e-13,2.0098873113857e-15
2593,0,0,2593,2.2143689284683e-11,1.1131239814582e-05,-1.8176022842661e-13,2.004605793344e-15
2594,0,0,2594,2.2141689957654e-11,1.1132241552369e-05,-1.8131453953068e-13,1.9993270290125e-15
2595,0,0,2595,2.2139695906644e-11,1.1133240827773e-05,-1.8086884796955e-13,1.99405101041e-15
2596,0,0,2596,2.2137707128914e-11,1.1134237640777e-05,-1.8042315375243e-13,1.9887777295718e-15
2597,0,0,2597,2.2135723621736e-11,1.1135231991367e-05,-1.7997745688576e-13,1.9835071785395e-15
2598,0,0,2598,2.2133745382386e-11,1.113622387953e-05,-1.7953175737811e-13,1.9782393493611e-15
2599,0,0,2599,2.2131772408152e-11,1.1137213305249e-05,-1.7908605523655e-13,1.9729742340945e-15
2600,0,0,2600,2.2129804696327e-11,1.1138200268511e-05,-1.7864035046966e-13,1.9677118248168e-15
2601,0,0,2601,2.2127842244214e-11,1.1139184769302e-05,-1.7819464308418e-13,1.9624521135922e-15
2602,0,0,2602,2.2125885049121e-11,1.1140166807606e-05,-1.777489330884e-13,1.957195092527e-15
2603,0,0,2603,2.2123933108368e-11,1.114114638341e-05,-1.7730322049028e-13,1.9519407537015e-15
2604,0,0,2604,2.2121986419278e-11,1.1142123496699e-05,-1.7685750529688e-13,1.9466890892382e-15
2605,0,0,2605,2.2120044979187e-11,1.1143098147459e-05,-1.7641178751648e-13,1.9414400912401e-15
2606,0,0,2606,2.2118108785435e-11,1.1144070335675e-05,-1.7596606715613e-13,1.9361937518425e-15
2607,0,0,2607,2.2116177835372e-11,1.1145040061334e-05,-1.755203442238e-13,1.9309500631742e-15
2608,0,0,2608,2.2114252126355e-11,1.1146007324421e-05,-1.7507461872746e-13,1.9257090173835e-15
2609,0,0,2609,2.2112331655748e-11,1.1146972124922e-05,-1.7462889067447e-13,1.9204706066187e-15
2610,0,0,2610,2.2110416420925e-11,1.1147934462823e-05,-1.741831600722e-13,1.9152348230441e-15
2611,0,0,2611,2.2108506419266e-11,1.1148894338109e-05,-1.7373742692861e-13,1.9100016588339e-15
2612,0,0,2612,2.210660164816e-11,1.1149851750768e-05,-1.7329169125138e-13,1.9047711061686e-15
2613,0,0,2613,2.2104702105003e-11,1.1150806700785e-05,-1.7284595304815e-13,1.8995431572352e-15
2614,0,0,2614,2.2102807787199e-11,1.1151759188146e-05,-1.7240021232569e-13,1.8943178042304e-15
2615,0,0,2615,2.2100918692159e-11,1.1152709212837e-05,-1.7195446909319e-13,1.8890950393672e-15
2616,0,0,2616,2.2099034817304e-11,1.1153656774845e-05,-1.7150872335648e-13,1.8838748548583e-15
2617,0,0,2617,2.2097156160061e-11,1.1154601874155e-05,-1.7106297512444e-13,1.878657242936e-15
2618,0,0,2618,2.2095282717866e-11,1.1155544510754e-05,-1.7061722440414e-13,1.8734421958262e-15
2619,0,0,2619,2.209341448816e-11,1.1156484684628e-05,-1.7017147120292e-13,1.8682297057772e-15
2620,0,0,2620,2.2091551468395e-11,1.1157422395763e-05,-1.6972571552876e-13,1.863019765044e-15
2621,0,0,2621,2.2089693656029e-11,1.1158357644147e-05,-1.6927995738903e-13,1.8578123658781e-15
2622,0,0,2622,2.2087841048528e-11,1.1159290429764e-05,-1.6883419679108e-13,1.8526075005635e-15
2623,0,0,2623,2.2085993643367e-11,1.1160220752603e-05,-1.6838843374288e-13,1.8474051613648e-15
2624,0,0,2624,2.2084151438026e-11,1.1161148612648e-05,-1.6794266825117e-13,1.8422053405789e-15
2625,0,0,2625,2.2082314429996e-11,1.1162074009888e-05,-1.6749690032425e-13,1.8370080305026e-15
2626,0,0,2626,2.2080482616773e-11,1.1162996944307e-05,-1.6705112996915e-13,1.8318132234329e-15
2627,0,0,2627,2.2078655995861e-11,1.1163917415894e-05,-1.6660535719385e-13,1.8266209116924e-15
2628,0,0,2628,2.2076834564773e-11,1.1164835424634e-05,-1.661595820051e-13,1.8214310876007e-15
2629,0,0,2629,2.207501832103e-11,1.1165750970515e-05,-1.6571380441088e-13,1.8162437434804e-15
2630,0,0,2630,2.2073207262158e-11,1.1166664053523e-05,-1.6526802441853e-13,1.8110588716867e-15
2631,0,0,2631,2.2071401385693e-11,1.1167574673645e-05,-1.6482224203572e-13,1.805876464552e-15
2632,0,0,2632,2.2069600689179e-11,1.1168482830867e-05,-1.643764572692e-13,1.8006965144409e-15
2633,0,0,2633,2.2067805170165e-11,1.1169388525177e-05,-1.6393067012726e-13,1.7955190137215e-15
2634,0,0,2634,2.2066014826211e-11,1.1170291756562e-05,-1.6348488061663e-13,1.7903439547584e-15
2635,0,0,2635,2.2064229654881e-11,1.1171192525008e-05,-1.6303908874528e-13,1.7851713299391e-15
2636,0,0,2636,2.2062449653749e-11,1.1172090830503e-05,-1.6259329452027e-13,1.7800011316542e-15
2637,0,0,2637,2.2060674820397e-11,1.1172986673033e-05,-1.6214749794927e-13,1.7748333523006e-15
2638,0,0,2638,2.2058905152412e-11,1.1173880052585e-05,-1.6170169903933e-13,1.7696679842819e-15
2639,0,0,2639,2.2057140647392e-11,1.1174770969148e-05,-1.6125589779842e-13,1.764505020021e-15
2640,0,0,2640,2.205538130294e-11,1.1175659422707e-05,-1.6081009423267e-13,1.7593444519375e-15
2641,0,0,2641,2.2053627116668e-11,1.117654541325e-05,-1.6036428835127e-13,1.754186272464e-15
2642,0,0,2642,2.2051878086194e-11,1.1177428940765e-05,-1.5991848015976e-13,1.7490304740332e-15
2643,0,0,2643,2.2050134209145e-11,1.1178310005238e-05,-1.5947266966703e-13,1.7438770491067e-15
2644,0,0,2644,2.2048395483155e-11,1.1179188606658e-05,-1.590268568795e-13,1.7387259901332e-15
2645,0,0,2645,2.2046661905865e-11,1.118006474501e-05,-1.5858104180455e-13,1.7335772895744e-15
2646,0,0,2646,2.2044933474925e-11,1.1180938420283e-05,-1.5813522444952e-13,1.7284309399082e-15
2647,0,0,2647,2.2043210187992e-11,1.1181809632465e-05,-1.576894048227e-13,1.7232869336123e-15
2648,0,0,2648,2.2041492042728e-11,1.1182678381542e-05,-1.5724358292992e-13,1.7181452631808e-15
2649,0,0,2649,2.2039779036807e-11,1.1183544667502e-05,-1.5679775877914e-13,1.7130059211043e-15
2650,0,0,2650,2.2038071167907e-11,1.1184408490333e-05,-1.5635193237804e-13,1.7078688998899e-15
2651,0,0,2651,2.2036368433715e-11,1.1185269850022e-05,-1.5590610373366e-13,1.7027341920476e-15
2652,0,0,2652,2.2034670831925e-11,1.1186128746557e-05,-1.5546027285275e-13,1.6976017901038e-15
2653,0,0,2653,2.2032978360239e-11,1.1186985179926e-05,-1.5501443974298e-13,1.6924716865814e-15
2654,0,0,2654,2.2031291016365e-11,1.1187839150116e-05,-1.5456860441231e-13,1.687343874023e-15
2655,0,0,2655,2.202960879802e-11,1.1188690657115e-05,-1.5412276686658e-13,1.6822183449645e-15
2656,0,0,2656,2.2027931702928e-11,1.1189539700911e-05,-1.5367692711407e-13,1.6770950919646e-15
2657,0,0,2657,2.202625972882e-11,1.1190386281492e-05,-1.5323108516182e-13,1.6719741075818e-15
2658,0,0,2658,2.2024592873436e-11,1.1191230398846e-05,-1.5278524101658e-13,1.6668553843845e-15
2659,0,0,2659,2.2022931134521e-11,1.119207205296e-05,-1.5233939468663e-13,1.6617389149474e-15
2660,0,0,2660,2.2021274509829e-11,1.1192911243823e-05,-1.518935461781e-13,1.6566246918517e-15
2661,0,0,2661,2.2019622997121e-11,1.1193747971422e-05,-1.5144769549866e-13,1.6515127076851e-15
2662,0,0,2662,2.2017976594166e-11,1.1194582235747e-05,-1.5100184265567e-13,1.6464029550612e-15
2663,0,0,2663,2.201633529874e-11,1.1195414036783e-05,-1.5055598765587e-13,1.6412954265676e-15
2664,0,0,2664,2.2014699108625e-11,1.1196243374521e-05,-1.5011013050663e-13,1.6361901148276e-15
2665,0,0,2665,2.2013068021612e-11,1.1197070248947e-05,-1.496642712156e-13,1.6310870124611e-15
2666,0,0,2666,2.20114420355e-11,1.1197894660051e-05,-1.4921840978923e-13,1.6259861120979e-15
2667,0,0,2667,2.2009821148094e-11,1.1198716607821e-05,-1.4877254623549e-13,1.6208874063742e-15
2668,0,0,2668,2.2008205357206e-11,1.1199536092244e-05,-1.4832668056051e-13,1.6157908879324e-15
2669,0,0,2669,2.2006594660657e-11,1.1200353113309e-05,-1.4788081277196e-13,1.6106965494218e-15
2670,0,0,2670,2.2004989056273e-11,1.1201167671004e-05,-1.474349428775e-13,1.6056043835075e-15
2671,0,0,2671,2.200338854189e-11,1.1201979765318e-05,-1.4698907088357e-13,1.6005143828483e-15
2672,0,0,2672,2.200179311535e-11,1.120278939624e-05,-1.4654319679754e-13,1.5954265401223e-15
2673,0,0,2673,2.2000202774502e-11,1.1203596563757e-05,-1.4609732062614e-13,1.5903408480111e-15
2674,0,0,2674,2.1998617517203e-11,1.1204401267859e-05,-1.4565144237735e-13,1.5852572991991e-15
2675,0,0,2675,2.1997037341316e-11,1.1205203508533e-05,-1.452055620573e-13,1.5801758863872e-15
2676,0,0,2676,2.1995462244714e-11,1.1206003285769e-05,-1.4475967967397e-13,1.5750966022697e-15
2677,0,0,2677,2.1993892225275e-11,1.1206800599555e-05,-1.4431379523379e-13,1.5700194395667e-15
2678,0,0,2678,2.1992327280884e-11,1.1207595449879e-05,-1.4386790874413e-13,1.5649443909887e-15
2679,0,0,2679,2.1990767409434e-11,1.1208387836731e-05,-1.4342202021172e-13,1.5598714492624e-15
2680,0,0,2680,2.1989212608827e-11,1.1209177760099e-05,-1.4297612964454e-13,1.5548006071175e-15
2681,0,0,2681,2.198766287697e-11,1.1209965219973e-05,-1.4253023704842e-13,1.549731857297e-15
2682,0,0,2682,2.1986118211777e-11,1.121075021634e-05,-1.4208434243163e-13,1.5446651925435e-15
2683,0,0,2683,2.1984578611172e-11,1.1211532749189e-05,-1.416384458e-13,1.5396006056095e-15
2684,0,0,2684,2.1983044073083e-11,1.1212312818511e-05,-1.4119254716151e-13,1.5345380892572e-15
2685,0,0,2685,2.1981514595446e-11,1.1213090424293e-05,-1.407466465229e-13,1.5294776362488e-15
2686,0,0,2686,2.1979990176207e-11,1.1213865566524e-05,-1.4030074389121e-13,1.5244192393691e-15
2687,0,0,2687,2.1978470813316e-11,1.1214638245194e-05,-1.3985483927321e-13,1.5193628913867e-15
2688,0,0,2688,2.197695650473e-11,1.1215408460292e-05,-1.3940893267624e-13,1.5143085850993e-15
2689,0,0,2689,2.1975447248417e-11,1.1216176211806e-05,-1.3896302410736e-13,1.5092563132917e-15
2690,0,0,2690,2.1973943042348e-11,1.1216941499726e-05,-1.3851711357301e-13,1.5042060687777e-15
2691,0,0,2691,2.1972443884504e-11,1.1217704324042e-05,-1.3807120108054e-13,1.4991578443551e-15
2692,0,0,2692,2.1970949772871e-11,1.1218464684741e-05,-1.3762528663763e-13,1.4941116328475e-15
2693,0,0,2693,2.1969460705444e-11,1.1219222581815e-05,-1.3717937024979e-13,1.4890674270752e-15
2694,0,0,2694,2.1967976680224e-11,1.1219978015251e-05,-1.367334519253e-13,1.4840252198584e-15
2695,0,0,2695,2.196649769522e-11,1.1220730985039e-05,-1.3628753167029e-13,1.4789850040499e-15
2696,0,0,2696,2.1965023748448e-11,1.1221481491169e-05,-1.3584160949243e-13,1.4739467724796e-15
2697,0,0,2697,2.196355483793e-11,1.1222229533629e-05,-1.3539568539785e-13,1.4689105179971e-15
2698,0,0,2698,2.1962090961696e-11,1.1222975112411e-05,-1.3494975939422e-13,1.4638762334677e-15
2699,0,0,2699,2.1960632117785e-11,1.1223718227502e-05,-1.3450383148829e-13,1.4588439117443e-15
2700,0,0,2700,2.1959178304239e-11,1.1224458878892e-05,-1.3405790168648e-13,1.453813545702e-15
2701,0,0,2701,2.1957729519111e-11,1.1225197066572e-05,-1.3361196999616e-13,1.4487851282129e-15
2702,0,0,2702,2.1956285760458e-11,1.122593279053e-05,-1.3316603642439e-13,1.4437586521652e-15
2703,0,0,2703,2.1954847026348e-11,1.1226666050756e-05,-1.3272010097822e-13,1.4387341104406e-15
2704,0,0,2704,2.1953413314852e-11,1.1227396847241e-05,-1.3227416366346e-13,1.4337114959401e-15
2705,0,0,2705,2.195198462405e-11,1.1228125179973e-05,-1.3182822448841e-13,1.428690801565e-15
2706,0,0,2706,2.195056095203e-11,1.1228851048942e-05,-1.3138228345919e-13,1.4236720202227e-15
2707,0,0,2707,2.1949142296885e-11,1.1229574454139e-05,-1.3093634058285e-13,1.4186551448274e-15
2708,0,0,2708,2.1947728656717e-11,1.1230295395552e-05,-1.3049039586615e-13,1.4136401683059e-15
2709,0,0,2709,2.1946320029634e-11,1.1231013873173e-05,-1.3004444931582e-13,1.408627083582e-15
2710,0,0,2710,2.194491641375e-11,1.123172988699e-05,-1.2959850093923e-13,1.403615883586e-15
2711,0,0,2711,2.1943517807189e-11,1.1232443436994e-05,-1.2915255074312e-13,1.3986065612673e-15
2712,0,0,2712,2.1942124208079e-11,1.1233154523175e-05,-1.2870659873424e-13,1.3935991095658e-15
2713,0,0,2713,2.1940735614558e-11,1.1233863145523e-05,-1.2826064491872e-13,1.3885935214377e-15
2714,0,0,2714,2.1939352024768e-11,1.1234569304027e-05,-1.2781468930484e-13,1.3835897898453e-15
2715,0,0,2715,2.193797343686e-11,1.1235272998678e-05,-1.2736873189842e-13,1.3785879077513e-15
2716,0,0,2716,2.1936599848992e-11,1.1235974229467e-05,-1.2692277270652e-13,1.3735878681245e-15
2717,0,0,2717,2.1935231259328e-11,1.1236672996383e-05,-1.2647681173557e-13,1.3685896639501e-15
2718,0,0,2718,2.193386766604e-11,1.1237369299416e-05,-1.2603084899356e-13,1.3635932882068e-15
2719,0,0,2719,2.1932509067306e-11,1.1238063138556e-05,-1.2558488448599e-13,1.3585987338893e-15
2720,0,0,2720,2.1931155461312e-11,1.1238754513795e-05,-1.2513891822053e-13,1.3536059939925e-15
2721,0,0,2721,2.192980684625e-11,1.1239443425122e-05,-1.2469295020333e-13,1.3486150615176e-15
2722,0,0,2722,2.1928463220321e-11,1.1240129872528e-05,-1.2424698044203e-13,1.3436259294757e-15
2723,0,0,2723,2.192712458173e-11,1.1240813856003e-05,-1.2380100894216e-13,1.3386385908841e-15
2724,0,0,2724,2.1925790928691e-11,1.1241495375537e-05,-1.233550357117e-13,1.3336530387603e-15
2725,0,0,2725,2.1924462259425e-11,1.1242174431122e-05,-1.2290906075678e-13,1.3286692661282e-15
2726,0,0,2726,2.1923138572159e-11,1.1242851022746e-05,-1.2246308408474e-13,1.3236872660278e-15
2727,0,0,2727,2.1921819865128e-11,1.1243525150402e-05,-1.2201710570143e-13,1.3187070314959e-15
2728,0,0,2728,2.1920506136572e-11,1.124419681408e-05,-1.2157112561451e-13,1.3137285555695e-15
2729,0,0,2729,2.1919197384741e-11,1.1244866013769e-05,-1.211251438298e-13,1.3087518313143e-15
2730,0,0,2730,2.1917893607889e-11,1.1245532749462e-05,-1.2067916035527e-13,1.3037768517736e-15
2731,0,0,2731,2.1916594804279e-11,1.1246197021148e-05,-1.2023317519675e-13,1.2988036100134e-15
2732,0,0,2732,2.191530097218e-11,1.1246858828818e-05,-1.1978718836068e-13,1.2938320991093e-15
2733,0,0,2733,2.1914012109868e-11,1.1247518172464e-05,-1.1934119985504e-13,1.2888623121238e-15
2734,0,0,2734,2.1912728215626e-11,1.1248175052076e-05,-1.1889520968533e-13,1.2838942421456e-15
2735,0,0,2735,2.1911449287743e-11,1.1248829467644e-05,-1.1844921785893e-13,1.2789278822567e-15
2736,0,0,2736,2.1910175324518e-11,1.124948141916e-05,-1.1800322438226e-13,1.2739632255488e-15
2737,0,0,2737,2.1908906324253e-11,1.1250130906614e-05,-1.1755722926239e-13,1.2690002651169e-15
2738,0,0,2738,2.1907642285259e-11,1.1250777929998e-05,-1.1711123250544e-13,1.264038994069e-15
2739,0,0,2739,2.1906383205853e-11,1.1251422489303e-05,-1.1666523411877e-13,1.2590794055096e-15
2740,0,0,2740,2.1905129084361e-11,1.1252064584519e-05,-1.1621923410821e-13,1.2541214925532e-15
2741,0,0,2741,2.1903879919112e-11,1.1252704215638e-05,-1.1577323248112e-13,1.2491652483174e-15
2742,0,0,2742,2.1902635708446e-11,1.125334138265e-05,-1.1532722924425e-13,1.2442106659359e-15
2743,0,0,2743,2.1901396450708e-11,1.1253976085547e-05,-1.1488122440403e-13,1.2392577385263e-15
2744,0,0,2744,2.1900162144249e-11,1.1254608324321e-05,-1.1443521796659e-13,1.2343064592386e-15
2745,0,0,2745,2.1898932787427e-11,1.1255238098961e-05,-1.1398920993991e-13,1.2293568211999e-15
2746,0,0,2746,2.189770837861e-11,1.125586540946e-05,-1.135432003292e-13,1.2244088175733e-15
2747,0,0,2747,2.1896488916168e-11,1.1256490255809e-05,-1.1309718914182e-13,1.2194624414987e-15
2748,0,0,2748,2.1895274398482e-11,1.1257112637999e-05,-1.1265117638452e-13,1.2145176861425e-15
2749,0,0,2749,2.1894064823937e-11,1.1257732556021e-05,-1.1220516206373e-13,1.209574544664e-15
2750,0,0,2750,2.1892860190927e-11,1.1258350009868e-05,-1.117591461862e-13,1.2046330102328e-15
2751,0,0,2751,2.1891660497851e-11,1.1258964999529e-05,-1.1131312875837e-13,1.1996930760276e-15
2752,0,0,2752,2.1890465743116e-11,1.1259577524998e-05,-1.1086710978668e-13,1.1947547352179e-15
2753,0,0,2753,2.1889275925135e-11,1.1260187586265e-05,-1.1042108927848e-13,1.1898179809987e-15
2754,0,0,2754,2.1888091042328e-11,1.1260795183321e-05,-1.0997506723992e-13,1.1848828065556e-15
2755,0,0,2755,2.1886911093123e-11,1.1261400316159e-05,-1.0952904367743e-13,1.1799492050836e-15
2756,0,0,2756,2.1885736075954e-11,1.126200298477e-05,-1.0908301859744e-13,1.1750171697909e-15
2757,0,0,2757,2.188456598926e-11,1.1262603189146e-05,-1.0863699200763e-13,1.1700866938759e-15
2758,0,0,2758,2.1883400831489e-11,1.1263200929278e-05,-1.081909639132e-13,1.1651577705465e-15
2759,0,0,2759,2.1882240601096e-11,1.1263796205158e-05,-1.0774493432152e-13,1.1602303930303e-15
2760,0,0,2760,2.1881085296542e-11,1.1264389016778e-05,-1.0729890323964e-13,1.1553045545418e-15
2761,0,0,2761,2.1879934916293e-11,1.126497936413e-05,-1.0685287067277e-13,1.1503802483084e-15
2762,0,0,2762,2.1878789458826e-11,1.1265567247205e-05,-1.0640683662826e-13,1.1454574675608e-15
2763,0,0,2763,2.187764892262e-11,1.1266152665996e-05,-1.0596080111318e-13,1.1405362055363e-15
2764,0,0,2764,2.1876513306165e-11,1.1266735620494e-05,-1.0551476413335e-13,1.1356164554816e-15
2765,0,0,2765,2.1875382607954e-11,1.1267316110691e-05,-1.0506872569551e-13,1.1306982106403e-15
2766,0,0,2766,2.187425682649e-11,1.126789413658e-05,-1.046226858058e-13,1.1257814642594e-15
2767,0,0,2767,2.187313596028e-11,1.1268469698151e-05,-1.0417664447188e-13,1.1208662096049e-15
2768,0,0,2768,2.187202000784e-11,1.1269042795398e-05,-1.0373060169927e-13,1.1159524399336e-15
2769,0,0,2769,2.1870908967692e-11,1.1269613428313e-05,-1.0328455749472e-13,1.1110401485083e-15
2770,0,0,2770,2.1869802838363e-11,1.1270181596887e-05,-1.0283851186528e-13,1.1061293286115e-15
2771,0,0,2771,2.186870161839e-11,1.1270747301112e-05,-1.0239246481677e-13,1.1012199735093e-15
2772,0,0,2772,2.1867605306313e-11,1.1271310540981e-05,-1.0194641635594e-13,1.0963120764908e-15
2773,0,0,2773,2.1866513900682e-11,1.1271871316487e-05,-1.0150036648923e-13,1.0914056308381e-15
2774,0,0,2774,2.1865427400052e-11,1.1272429627621e-05,-1.010543152237e-13,1.0865006298435e-15
2775,0,0,2775,2.1864345802986e-11,1.1272985474375e-05,-1.0060826256547e-13,1.0815970668021e-15
2776,0,0,2776,2.1863269108051e-11,1.1273538856743e-05,-1.0016220852068e-13,1.0766949350159e-15
2777,0,0,2777,2.1862197313823e-11,1.1274089774716e-05,-9.9716153096071e-14,1.0717942277898e-15
2778,0,0,2778,2.1861130418884e-11,1.1274638228286e-05,-9.9270096298699e-14,1.0668949384353e-15
2779,0,0,2779,2.1860068421824e-11,1.1275184217447e-05,-9.8824038134388e-14,1.0619970602639e-15
2780,0,0,2780,2.1859011321238e-11,1.1275727742191e-05,-9.8377978609578e-14,1.0571005865998e-15
2781,0,0,2781,2.1857959115727e-11,1.127626880251e-05,-9.7931917731014e-14,1.0522055107644e-15
2782,0,0,2782,2.1856911803901e-11,1.1276807398397e-05,-9.7485855505443e-14,1.0473118260885e-15
2783,0,0,2783,2.1855869384375e-11,1.1277343529844e-05,-9.703979193869e-14,1.0424195258996e-15
2784,0,0,2784,2.1854831855771e-11,1.1277877196844e-05,-9.6593727037501e-14,1.0375286035448e-15
2785,0,0,2785,2.1853799216719e-11,1.127840839939e-05,-9.6147660808928e-14,1.0326390523615e-15
2786,0,0,2786,2.1852771465853e-11,1.1278937137474e-05,-9.5701593257877e-14,1.0277508656966e-15
2787,0,0,2787,2.1851748601816e-11,1.127946341109e-05,-9.5255524392935e-14,1.0228640369036e-15
2788,0,0,2788,2.1850730623257e-11,1.1279987220229e-05,-9.4809454218393e-14,1.0179785593392e-15
2789,0,0,2789,2.1849717528831e-11,1.1280508564885e-05,-9.4363382742224e-14,1.0130944263601e-15
2790,0,0,2790,2.1848709317199e-11,1.1281027445051e-05,-9.3917309970254e-14,1.0082116313392e-15
2791,0,0,2791,2.1847705987032e-11,1.1281543860719e-05,-9.3471235908922e-14,1.0033301676364e-15
2792,0,0,2792,2.1846707537003e-11,1.1282057811882e-05,-9.3025160564974e-14,9.9845002863104e-16
2793,0,0,2793,2.1845713965795e-11,1.1282569298534e-05,-9.2579083944235e-14,9.9357120770569e-16
2794,0,0,2794,2.1844725272097e-11,1.1283078320667e-05,-9.2133006053452e-14,9.8869369822996e-16
2795,0,0,2795,2.1843741454603e-11,1.1283584878274e-05,-9.168692689937e-14,9.8381749360902e-16
2796,0,0,2796,2.1842762512016e-11,1.1284088971348e-05,-9.1240846488122e-14,9.7894258721575e-16
2797,0,0,2797,2.1841788443044e-11,1.1284590599883e-05,-9.0794764825839e-14,9.7406897246178e-16
2798,0,0,2798,2.1840819246401e-11,1.1285089763872e-05,-9.0348681918963e-14,9.6919664273288e-16
2799,0,0,2799,2.183985492081e-11,1.1285586463307e-05,-8.9902597774544e-14,9.6432559144716e-16
2800,0,0,2800,2.1838895464998e-11,1.1286080698182e-05,-8.9456512398102e-14,9.5945581200011e-16
2801,0,0,2801,2.18379408777e-11,1.128657246849e-05,-8.9010425796996e-14,9.5458729780981e-16
2802,0,0,2802,2.1836991157657e-11,1.1287061774225e-05,-8.8564337976438e-14,9.4972004230083e-16
2803,0,0,2803,2.1836046303619e-11,1.1287548615379e-05,-8.8118248943789e-14,9.4485403887834e-16
2804,0,0,2804,2.1835106314338e-11,1.1288032991947e-05,-8.7672158704873e-14,9.3998928097982e-16
2805,0,0,2805,2.1834171188576e-11,1.1288514903921e-05,-8.7226067266436e-14,9.3512576202985e-16
2806,0,0,2806,2.18332409251e-11,1.1288994351294e-05,-8.6779974634612e-14,9.3026347546266e-16
2807,0,0,2807,2.1832315522685e-11,1.1289471334061e-05,-8.6333880815531e-14,9.2540241471252e-16
2808,0,0,2808,2.1831394980112e-11,1.1289945852215e-05,-8.5887785816248e-14,9.205425732266e-16
2809,0,0,2809,2.1830479296168e-11,1.1290417905749e-05,-8.5441689642281e-14,9.1568394444562e-16
2810,0,0,2810,2.1829568469646e-11,1.1290887494657e-05,-8.4995592300682e-14,9.1082652181999e-16
2811,0,0,2811,2.1828662499347e-11,1.1291354618932e-05,-8.4549493797277e-14,9.0597029880658e-16
2812,0,0,2812,2.1827761384078e-11,1.1291819278568e-05,-8.4103394139119e-14,9.011152688558e-16
2813,0,0,2813,2.1826865122653e-11,1.1292281473559e-05,-8.3657293331421e-14,8.9626142543098e-16
2814,0,0,2814,2.1825973713891e-11,1.1292741203898e-05,-8.3211191381847e-14,8.9140876200516e-16
2815,0,0,2815,2.1825087156619e-11,1.1293198469579e-05,-8.2765088295612e-14,8.8655727204167e-16
2816,0,0,2816,2.182420544967e-11,1.1293653270596e-05,-8.231898407946e-14,8.8170694900707e-16
2817,0,0,2817,2.1823328591883e-11,1.1294105606943e-05,-8.187287873983e-14,8.7685778638408e-16
2818,0,0,2818,2.1822456582106e-11,1.1294555478613e-05,-8.1426772282856e-14,8.7200977765866e-16
2819,0,0,2819,2.1821589419189e-11,1.12950028856e-05,-8.0980664715282e-14,8.671629163103e-16
2820,0,0,2820,2.1820727101994e-11,1.1295447827899e-05,-8.0534556042935e-14,8.6231719582172e-16
2821,0,0,2821,2.1819869629384e-11,1.1295890305502e-05,-8.0088446271948e-14,8.574726096918e-16
2822,0,0,2822,2.1819017000232e-11,1.1296330318405e-05,-7.9642335409372e-14,8.5262915141294e-16
2823,0,0,2823,2.1818169213418e-11,1.1296767866601e-05,-7.9196223461034e-14,8.477868144905e-16
2824,0,0,2824,2.1817326267826e-11,1.1297202950084e-05,-7.8750110433066e-14,8.4294559241689e-16
2825,0,0,2825,2.1816488162347e-11,1.1297635568848e-05,-7.8303996331907e-14,8.3810547871036e-16
2826,0,0,2826,2.181565489588e-11,1.1298065722888e-05,-7.7857881164303e-14,8.3326646686981e-16
2827,0,0,2827,2.181482646733e-11,1.1298493412197e-05,-7.741176493608e-14,8.2842855041995e-16
2828,0,0,2828,2.1814002875607e-11,1.129891863677e-05,-7.6965647653371e-14,8.2359172287258e-16
2829,0,0,2829,2.1813184119629e-11,1.12993413966e-05,-7.6519529322614e-14,8.1875597774921e-16
2830,0,0,2830,2.181237019832e-11,1.1299761691683e-05,-7.6073409950555e-14,8.1392130857456e-16
2831,0,0,2831,2.1811561110611e-11,1.1300179522012e-05,-7.5627289542714e-14,8.0908770887982e-16
2832,0,0,2832,2.1810756855439e-11,1.1300594887581e-05,-7.518116810553e-14,8.0425517218971e-16
2833,0,0,2833,2.1809957431747e-11,1.1301007788386e-05,-7.4735045646055e-14,7.9942369204835e-16
2834,0,0,2834,2.1809162838485e-11,1.130141822442e-05,-7.4288922169809e-14,7.9459326199016e-16
2835,0,0,2835,2.180837307461e-11,1.1301826195678e-05,-7.3842797682616e-14,7.8976387555603e-16
2836,0,0,2836,2.1807588139083e-11,1.1302231702154e-05,-7.3396672192144e-14,7.8493552629329e-16
2837,0,0,2837,2.1806808030876e-11,1.1302634743843e-05,-7.2950545702991e-14,7.8010820774929e-16
2838,0,0,2838,2.1806032748962e-11,1.130303532074e-05,-7.2504418222517e-14,7.7528191348107e-16
2839,0,0,2839,2.1805262292325e-11,1.1303433432838e-05,-7.2058289756853e-14,7.7045663703921e-16
2840,0,0,2840,2.1804496659953e-11,1.1303829080132e-05,-7.1612160312133e-14,7.6563237198721e-16
2841,0,0,2841,2.1803735850841e-11,1.1304222262618e-05,-7.1166029893875e-14,7.608091118821e-16
2842,0,0,2842,2.1802979863991e-11,1.1304612980289e-05,-7.0719898509746e-14,7.5598685029385e-16
2843,0,0,2843,2.180222869841e-11,1.1305001233141e-05,-7.0273766164651e-14,7.5116558078919e-16
2844,0,0,2844,2.1801482353113e-11,1.1305387021168e-05,-6.9827632865337e-14,7.4634529694132e-16
2845,0,0,2845,2.1800740827121e-11,1.1305770344365e-05,-6.9381498618241e-14,7.4152599232666e-16
2846,0,0,2846,2.180000411946e-11,1.1306151202726e-05,-6.8935363429497e-14,7.3670766052487e-16
2847,0,0,2847,2.1799272229165e-11,1.1306529596247e-05,-6.8489227304931e-14,7.3189029511237e-16
2848,0,0,2848,2.1798545155276e-11,1.1306905524922e-05,-6.8043090251289e-14,7.2707388967852e-16
2849,0,0,2849,2.1797822896838e-11,1.1307278988747e-05,-6.7596952274395e-14,7.2225843781266e-16
2850,0,0,2850,2.1797105452905e-11,1.1307649987716e-05,-6.7150813380691e-14,7.1744393310414e-16
2851,0,0,2851,2.1796392822536e-11,1.1308018521824e-05,-6.6704673576e-14,7.1263036914555e-16
2852,0,0,2852,2.1795685004796e-11,1.1308384591067e-05,-6.625853286707e-14,7.0781773953593e-16
2853,0,0,2853,2.1794981998758e-11,1.1308748195438e-05,-6.5812391259726e-14,7.0300603787756e-16
2854,0,0,2854,2.17942838035e-11,1.1309109334934e-05,-6.5366248760407e-14,6.981952577727e-16
2855,0,0,2855,2.1793590418108e-11,1.1309468009549e-05,-6.4920105375245e-14,6.9338539282687e-16
2856,0,0,2856,2.1792901841671e-11,1.1309824219279e-05,-6.4473961110068e-14,6.8857643665203e-16
2857,0,0,2857,2.1792218073288e-11,1.1310177964119e-05,-6.4027815971619e-14,6.8376838286015e-16
2858,0,0,2858,2.1791539112063e-11,1.1310529244064e-05,-6.3581669965726e-14,6.7896122506321e-16
2859,0,0,2859,2.1790864957106e-11,1.1310878059108e-05,-6.3135523098827e-14,6.7415495688609e-16
2860,0,0,2860,2.1790195607534e-11,1.1311224409248e-05,-6.2689375376442e-14,6.6934957194076e-16
2861,0,0,2861,2.178953106247e-11,1.1311568294479e-05,-6.224322680593e-14,6.6454506386505e-16
2862,0,0,2862,2.1788871321044e-11,1.1311909714797e-05,-6.1797077392196e-14,6.5974142627414e-16
2863,0,0,2863,2.1788216382391e-11,1.1312248670195e-05,-6.13509271426e-14,6.5493865280263e-16
2864,0,0,2864,2.1787566245654e-11,1.1312585160671e-05,-6.0904776062048e-14,6.5013673708187e-16
2865,0,0,2865,2.1786920909981e-11,1.1312919186218e-05,-6.0458624157898e-14,6.4533567274968e-16
2866,0,0,2866,2.1786280374528e-11,1.1313250746834e-05,-6.0012471435671e-14,6.4053545344711e-16
2867,0,0,2867,2.1785644638455e-11,1.1313579842513e-05,-5.9566317901191e-14,6.3573607280552e-16
2868,0,0,2868,2.1785013700931e-11,1.1313906473251e-05,-5.9120163561819e-14,6.3093752447888e-16
2869,0,0,2869,2.1784387561128e-11,1.1314230639043e-05,-5.8674008422152e-14,6.2613980210823e-16
2870,0,0,2870,2.1783766218229e-11,1.1314552339886e-05,-5.8227852489858e-14,6.2134289934432e-16
2871,0,0,2871,2.1783149671419e-11,1.1314871575774e-05,-5.7781695769842e-14,6.165468098379e-16
2872,0,0,2872,2.1782537919892e-11,1.1315188346704e-05,-5.7335538268849e-14,6.1175152724939e-16
2873,0,0,2873,2.1781930962847e-11,1.1315502652671e-05,-5.688937999332e-14,6.0695704522954e-16
2874,0,0,2874,2.1781328799489e-11,1.131581449367e-05,-5.6443220948466e-14,6.0216335744203e-16
2875,0,0,2875,2.1780731429032e-11,1.1316123869699e-05,-5.599706114134e-14,5.9737045754404e-16
2876,0,0,2876,2.1780138850693e-11,1.1316430780752e-05,-5.5550900577767e-14,5.9257833920572e-16
2877,0,0,2877,2.1779551063697e-11,1.1316735226825e-05,-5.5104739263575e-14,5.877869960972e-16
2878,0,0,2878,2.1778968067275e-11,1.1317037207914e-05,-5.4658577205201e-14,5.829964218789e-16
2879,0,0,2879,2.1778389860664e-11,1.1317336724016e-05,-5.4212414408779e-14,5.7820661023388e-16
2880,0,0,2880,2.177781644311e-11,1.1317633775126e-05,-5.376625088044e-14,5.7341755483228e-16
2881,0,0,2881,2.177724781386e-11,1.131792836124e-05,-5.3320086626318e-14,5.6862924935068e-16
2882,0,0,2882,2.1776683972173e-11,1.1318220482354e-05,-5.2873921651932e-14,5.6384168747214e-16
2883,0,0,2883,2.177612491731e-11,1.1318510138464e-05,-5.2427755964641e-14,5.5905486287649e-16
2884,0,0,2884,2.1775570648541e-11,1.1318797329567e-05,-5.198158956935e-14,5.5426876925323e-16
2885,0,0,2885,2.177502116514e-11,1.1319082055658e-05,-5.1535422473112e-14,5.4948340028219e-16
2886,0,0,2886,2.1774476466391e-11,1.1319364316734e-05,-5.108925468114e-14,5.4469874965936e-16
2887,0,0,2887,2.177393655158e-11,1.131964411279e-05,-5.0643086199873e-14,5.3991481107747e-16
2888,0,0,2888,2.1773401420001e-11,1.1319921443823e-05,-5.0196917036057e-14,5.3513157822282e-16
2889,0,0,2889,2.1772871070957e-11,1.132019630983e-05,-4.9750747195211e-14,5.3034904479784e-16
2890,0,0,2890,2.1772345503752e-11,1.1320468710806e-05,-4.930457668316e-14,5.2556720450175e-16
2891,0,0,2891,2.1771824717701e-11,1.1320738646748e-05,-4.8858405506345e-14,5.2078605104021e-16
2892,0,0,2892,2.1771308712123e-11,1.1321006117652e-05,-4.8412233671203e-14,5.1600557810276e-16
2893,0,0,2893,2.1770797486344e-11,1.1321271123515e-05,-4.7966061183562e-14,5.1122577940797e-16
2894,0,0,2894,2.1770291039695e-11,1.1321533664333e-05,-4.751988804894e-14,5.0644664865506e-16
2895,0,0,2895,2.1769789371515e-11,1.1321793740103e-05,-4.7073714274083e-14,5.0166817956587e-16
2896,0,0,2896,2.1769292481149e-11,1.132205135082e-05,-4.6627539865124e-14,4.9689036583637e-16
2897,0,0,2897,2.1768800367948e-11,1.1322306496482e-05,-4.6181364827888e-14,4.9211320119484e-16
2898,0,0,2898,2.1768313031269e-11,1.1322559177085e-05,-4.5735189168508e-14,4.8733667935021e-16
2899,0,0,2899,2.1767830470475e-11,1.1322809392626e-05,-4.528901289281e-14,4.8256079402428e-16
2900,0,0,2900,2.1767352684936e-11,1.1323057143101e-05,-4.4842836007539e-14,4.7778553893243e-16
2901,0,0,2901,2.1766879674028e-11,1.1323302428507e-05,-4.4396658518523e-14,4.7301090780618e-16
2902,0,0,2902,2.1766411437134e-11,1.1323545248841e-05,-4.3950480430972e-14,4.682368943609e-16
2903,0,0,2903,2.1765947973641e-11,1.13237856041e-05,-4.3504301752246e-14,4.6346349232811e-16
2904,0,0,2904,2.1765489282946e-11,1.1324023494279e-05,-4.3058122487559e-14,4.586906954361e-16
2905,0,0,2905,2.1765035364449e-11,1.1324258919377e-05,-4.2611942643655e-14,4.5391849741638e-16
2906,0,0,2906,2.1764586217557e-11,1.1324491879389e-05,-4.2165762225747e-14,4.491468920005e-16
2907,0,0,2907,2.1764141841684e-11,1.1324722374313e-05,-4.1719581240888e-14,4.4437587291995e-16
2908,0,0,2908,2.176370223625e-11,1.1324950404145e-05,-4.1273399693984e-14,4.396054339192e-16
2909,0,0,2909,2.1763267400681e-11,1.1325175968884e-05,-4.0827217592393e-14,4.3483556872653e-16
2910,0,0,2910,2.176283733441e-11,1.1325399068524e-05,-4.0381034941022e-14,4.3006627108639e-16
2911,0,0,2911,2.1762412036875e-11,1.1325619703064e-05,-3.9934851746617e-14,4.2529753474322e-16
2912,0,0,2912,2.1761991507522e-11,1.1325837872501e-05,-3.9488668015003e-14,4.2052935344148e-16
2913,0,0,2913,2.1761575745801e-11,1.1326053576831e-05,-3.9042483752313e-14,4.1576172091914e-16
2914,0,0,2914,2.176116475117e-11,1.1326266816052e-05,-3.8596298964679e-14,4.1099463093358e-16
2915,0,0,2915,2.1760758523093e-11,1.132647759016e-05,-3.8150113657927e-14,4.0622807722602e-16
2916,0,0,2916,2.1760357061039e-11,1.1326685899154e-05,-3.7703927837884e-14,4.0146205355058e-16
2917,0,0,2917,2.1759960364486e-11,1.132689174303e-05,-3.7257741511602e-14,3.9669655366143e-16
2918,0,0,2918,2.1759568432914e-11,1.1327095121785e-05,-3.6811554683985e-14,3.9193157131268e-16
2919,0,0,2919,2.1759181265814e-11,1.1327296035417e-05,-3.6365367361782e-14,3.8716710025526e-16
2920,0,0,2920,2.175879886268e-11,1.1327494483922e-05,-3.591917955051e-14,3.8240313425299e-16
2921,0,0,2921,2.1758421223013e-11,1.1327690467299e-05,-3.5472991256915e-14,3.7763966706325e-16
2922,0,0,2922,2.175804834632e-11,1.1327883985545e-05,-3.5026802486211e-14,3.7287669244664e-16
2923,0,0,2923,2.1757680232116e-11,1.1328075038657e-05,-3.4580613244835e-14,3.6811420416377e-16
2924,0,0,2924,2.175731687992e-11,1.1328263626632e-05,-3.4134423539228e-14,3.6335219598492e-16
2925,0,0,2925,2.1756958289258e-11,1.1328449749469e-05,-3.3688233374909e-14,3.585906616707e-16
2926,0,0,2926,2.1756604459663e-11,1.1328633407164e-05,-3.3242042757703e-14,3.5382959498495e-16
2927,0,0,2927,2.1756255390674e-11,1.1328814599714e-05,-3.2795851694356e-14,3.4906898970765e-16
2928,0,0,2928,2.1755911081834e-11,1.1328993327119e-05,-3.2349660190388e-14,3.4430883959618e-16
2929,0,0,2929,2.1755571532696e-11,1.1329169589374e-05,-3.1903468251931e-14,3.3954913843052e-16
2930,0,0,2930,2.1755236742816e-11,1.1329343386479e-05,-3.1457275885118e-14,3.3478987998421e-16
2931,0,0,2931,2.1754906711758e-11,1.1329514718429e-05,-3.1011083095467e-14,3.3003105803076e-16
2932,0,0,2932,2.1754581439091e-11,1.1329683585224e-05,-3.0564889890032e-14,3.2527266634048e-16
2933,0,0,2933,2.1754260924393e-11,1.1329849986861e-05,-3.0118696274024e-14,3.2051469869659e-16
2934,0,0,2934,2.1753945167244e-11,1.1330013923338e-05,-2.9672502253577e-14,3.1575714887584e-16
2935,0,0,2935,2.1753634167233e-11,1.1330175394652e-05,-2.9226307834517e-14,3.1100001066469e-16
2936,0,0,2936,2.1753327923955e-11,1.1330334400801e-05,-2.8780113023895e-14,3.0624327783343e-16
2937,0,0,2937,2.1753026437011e-11,1.1330490941784e-05,-2.8333917826311e-14,3.0148694417498e-16
2938,0,0,2938,2.1752729706008e-11,1.1330645017597e-05,-2.7887722248817e-14,2.9673100346609e-16
2939,0,0,2939,2.1752437730558e-11,1.133079662824e-05,-2.7441526296933e-14,2.9197544949645e-16
2940,0,0,2940,2.1752150510282e-11,1.1330945773709e-05,-2.6995329976792e-14,2.8722027605251e-16
2941,0,0,2941,2.1751868044805e-11,1.1331092454004e-05,-2.6549133294525e-14,2.8246547692072e-16
2942,0,0,2942,2.1751590333759e-11,1.1331236669121e-05,-2.6102936255959e-14,2.77711045894e-16
2943,0,0,2943,2.1751317376782e-11,1.1331378419059e-05,-2.565673886692e-14,2.7295697675556e-16
2944,0,0,2944,2.1751049173519e-11,1.1331517703817e-05,-2.5210541134152e-14,2.6820326330156e-16
2945,0,0,2945,2.175078572362e-11,1.1331654523392e-05,-2.4764343063177e-14,2.634498993249e-16
2946,0,0,2946,2.1750527026741e-11,1.1331788877782e-05,-2.4318144659512e-14,2.5869687862174e-16
2947,0,0,2947,2.1750273082546e-11,1.1331920766986e-05,-2.3871945930211e-14,2.5394419497852e-16
2948,0,0,2948,2.1750023890704e-11,1.1332050191002e-05,-2.3425746880179e-14,2.4919184219785e-16
2949,0,0,2949,2.174977945089e-11,1.1332177149828e-05,-2.2979547516468e-14,2.4443981407911e-16
2950,0,0,2950,2.1749539762786e-11,1.1332301643463e-05,-2.2533347844292e-14,2.3968810441198e-16
2951,0,0,2951,2.1749304826079e-11,1.1332423671904e-05,-2.2087147870396e-14,2.3493670700553e-16
2952,0,0,2952,2.1749074640463e-11,1.1332543235151e-05,-2.1640947599686e-14,2.3018561564944e-16
2953,0,0,2953,2.1748849205639e-11,1.1332660333201e-05,-2.1194747038908e-14,2.2543482415279e-16
2954,0,0,2954,2.1748628521312e-11,1.1332774966052e-05,-2.0748546194501e-14,2.2068432631818e-16
2955,0,0,2955,2.1748412587196e-11,1.1332887133705e-05,-2.0302345071371e-14,2.1593411594176e-16
2956,0,0,2956,2.174820140301e-11,1.1332996836156e-05,-1.985614367657e-14,2.1118418683583e-16
2957,0,0,2957,2.1747994968477e-11,1.1333104073405e-05,-1.9409942015005e-14,2.0643453279653e-16
2958,0,0,2958,2.1747793283329e-11,1.1333208845449e-05,-1.8963740093421e-14,2.0168514763617e-16
2959,0,0,2959,2.1747596347304e-11,1.1333311152289e-05,-1.8517537917951e-14,1.9693602515735e-16
2960,0,0,2960,2.1747404160145e-11,1.1333410993921e-05,-1.8071335493807e-14,1.9218715917561e-16
2961,0,0,2961,2.1747216721601e-11,1.1333508370346e-05,-1.7625132827736e-14,1.8743854349032e-16
2962,0,0,2962,2.1747034031429e-11,1.1333603281561e-05,-1.7178929925562e-14,1.8269017191378e-16
2963,0,0,2963,2.1746856089391e-11,1.1333695727565e-05,-1.6732726793112e-14,1.7794203825507e-16
2964,0,0,2964,2.1746682895255e-11,1.1333785708358e-05,-1.6286523435906e-14,1.7319413632648e-16
2965,0,0,2965,2.1746514448795e-11,1.1333873223937e-05,-1.5840319860995e-14,1.6844645994355e-16
2966,0,0,2966,2.1746350749792e-11,1.1333958274302e-05,-1.5394116073899e-14,1.6369900290888e-16
2967,0,0,2967,2.1746191798033e-11,1.1334040859452e-05,-1.4947912080137e-14,1.5895175904125e-16
2968,0,0,2968,2.1746037593311e-11,1.1334120979385e-05,-1.4501707886148e-14,1.5420472215617e-16
2969,0,0,2969,2.1745888135425e-11,1.13341986341e-05,-1.4055503498065e-14,1.4945788606273e-16
2970,0,0,2970,2.174574342418e-11,1.1334273823597e-05,-1.3609298921714e-14,1.4471124458291e-16
2971,0,0,2971,2.1745603459389e-11,1.1334346547874e-05,-1.3163094162614e-14,1.3996479152255e-16
2972,0,0,2972,2.1745468240868e-11,1.1334416806931e-05,-1.271688922751e-14,1.3521852071012e-16
2973,0,0,2973,2.1745337768442e-11,1.1334484600766e-05,-1.2270684121923e-14,1.3047242594822e-16
2974,0,0,2974,2.1745212041941e-11,1.1334549929378e-05,-1.1824478851984e-14,1.2572650106854e-16
2975,0,0,2975,2.1745091061201e-11,1.1334612792767e-05,-1.1378273423826e-14,1.2098073988014e-16
2976,0,0,2976,2.1744974826065e-11,1.1334673190932e-05,-1.0932067842661e-14,1.162351362018e-16
2977,0,0,2977,2.1744863336381e-11,1.1334731123872e-05,-1.0485862115543e-14,1.1148968385551e-16
2978,0,0,2978,2.1744756592004e-11,1.1334786591586e-05,-1.003965624799e-14,1.0674437665679e-16
2979,0,0,2979,2.1744654592796e-11,1.1334839594074e-05,-9.5934502458281e-15,1.0199920843411e-16
2980,0,0,2980,2.1744557338623e-11,1.1334890131334e-05,-9.14724411519e-15,9.7254172996537e-17
2981,0,0,2981,2.1744464829359e-11,1.1334938203366e-05,-8.7010378622083e-15,9.2509264175758e-17
2982,0,0,2982,2.1744377064883e-11,1.133498381017e-05,-8.2548314920954e-15,8.7764475784076e-17
2983,0,0,2983,2.1744294045081e-11,1.1335026951745e-05,-7.8086250122104e-15,8.3019801646716e-17
2984,0,0,2984,2.1744215769846e-11,1.133506762809e-05,-7.3624184271528e-15,7.8275235585673e-17
2985,0,0,2985,2.1744142239074e-11,1.1335105839204e-05,-6.9162117436682e-15,7.3530771422941e-17
2986,0,0,2986,2.1744073452671e-11,1.1335141585088e-05,-6.4700049678892e-15,6.8786402983747e-17
2987,0,0,2987,2.1744009410547e-11,1.133517486574e-05,-6.0237981047218e-15,6.4042124090086e-17
2988,0,0,2988,2.1743950112619e-11,1.1335205681161e-05,-5.5775911615251e-15,5.9297928557489e-17
2989,0,0,2989,2.1743895558808e-11,1.133523403135e-05,-5.1313841435116e-15,5.4553810220877e-17
2990,0,0,2990,2.1743845749046e-11,1.1335259916306e-05,-4.6851770568139e-15,4.9809762899013e-17
2991,0,0,2991,2.1743800683265e-11,1.1335283336029e-05,-4.2389699069513e-15,4.5065780417123e-17
2992,0,0,2992,2.1743760361409e-11,1.1335304290519e-05,-3.7927627009762e-15,4.0321856593971e-17
2993,0,0,2993,2.1743724783423e-11,1.1335322779776e-05,-3.3465554434879e-15,3.5577985261245e-17
2994,0,0,2994,2.1743693949263e-11,1.1335338803799e-05,-2.9003481418454e-15,3.0834160240939e-17
2995,0,0,2995,2.1743667858888e-11,1.1335352362588e-05,-2.4541408009548e-15,2.6090375355049e-17
2996,0,0,2996,2.1743646512263e-11,1.1335363456143e-05,-2.0079334272553e-15,2.1346624435263e-17
2997,0,0,2997,2.1743629909362e-11,1.1335372084463e-05,-1.5617260268793e-15,1.6602901300345e-17
2998,0,0,2998,2.1743618050162e-11,1.1335378247549e-05,-1.1155186056527e-15,1.1859199772289e-17
2999,0,0,2999,2.1743610934648e-11,1.1335381945401e-05,-6.6931116878826e-16,7.1155136892453e-18
3000,0,0,3000,2.1743608562812e-11,1.1335383178018e-05,-2.2310372395151e-16,2.3718368635164e-18
3001,0,0,3001,2.1743610934647e-11,1.1335381945402e-05,2.2310360774028e-16,-2.3718356356702e-18
3002,0,0,3002,2.1743618050161e-11,1.133537824755e-05,6.6931116940151e-16,-7.1155136860141e-18
3003,0,0,3003,2.1743629909361e-11,1.1335372084464e-05,1.1155186053461e-15,-1.185919977552e-17
3004,0,0,3004,2.1743646512262e-11,1.1335363456143e-05,1.5617260268793e-15,-1.6602901300345e-17
3005,0,0,3005,2.1743667858886e-11,1.1335352362588e-05,2.0079334272553e-15,-2.1346624435263e-17
3006,0,0,3006,2.1743693949262e-11,1.1335338803799e-05,2.4541408012615e-15,-2.609037535828e-17
3007,0,0,3007,2.1743724783422e-11,1.1335322779777e-05,2.9003481418454e-15,-3.0834160240939e-17
3008,0,0,3008,2.1743760361407e-11,1.133530429052e-05,3.3465554434879e-15,-3.5577985261245e-17
3009,0,0,3009,2.1743800683264e-11,1.133528333603e-05,3.7927627009762e-15,-4.0321856593971e-17
3010,0,0,3010,2.1743845749044e-11,1.1335259916307e-05,4.2389699069513e-15,-4.5065780417123e-17
3011,0,0,3011,2.1743895558807e-11,1.1335234031351e-05,4.6851770568139e-15,-4.9809762899013e-17
3012,0,0,3012,2.1743950112617e-11,1.1335205681162e-05,5.1313841435116e-15,-5.4553810220877e-17
3013,0,0,3013,2.1744009410546e-11,1.1335174865741e-05,5.5775911615251e-15,-5.929792856072e-17
3014,0,0,3014,2.174407345267e-11,1.1335141585089e-05,6.0237981050284e-15,-6.4042124086855e-17
3015,0,0,3015,2.1744142239073e-11,1.1335105839205e-05,6.4700049675826e-15,-6.8786402983747e-17
3016,0,0,3016,2.1744215769845e-11,1.133506762809e-05,6.9162117439748e-15,-7.3530771426172e-17
3017,0,0,3017,2.174429404508e-11,1.1335026951745e-05,7.3624184271528e-15,-7.8275235585673e-17
3018,0,0,3018,2.1744377064882e-11,1.1334983810171e-05,7.8086250122104e-15,-8.3019801646716e-17
3019,0,0,3019,2.1744464829358e-11,1.1334938203367e-05,8.254831492402e-15,-8.7764475784076e-17
3020,0,0,3020,2.1744557338622e-11,1.1334890131334e-05,8.7010378619016e-15,-9.2509264175758e-17
3021,0,0,3021,2.1744654592795e-11,1.1334839594074e-05,9.14724411519e-15,-9.7254172996537e-17
3022,0,0,3022,2.1744756592003e-11,1.1334786591587e-05,9.5934502458281e-15,-1.0199920843411e-16
3023,0,0,3023,2.174486333638e-11,1.1334731123873e-05,1.003965624799e-14,-1.0674437666002e-16
3024,0,0,3024,2.1744974826064e-11,1.1334673190933e-05,1.0485862115849e-14,-1.1148968385551e-16
3025,0,0,3025,2.17450910612e-11,1.1334612792768e-05,1.0932067842661e-14,-1.162351362018e-16
3026,0,0,3026,2.174521204194e-11,1.1334549929379e-05,1.1378273423826e-14,-1.2098073988014e-16
3027,0,0,3027,2.1745337768441e-11,1.1334484600766e-05,1.1824478851984e-14,-1.2572650106531e-16
3028,0,0,3028,2.1745468240867e-11,1.1334416806931e-05,1.2270684121923e-14,-1.3047242595145e-16
3029,0,0,3029,2.1745603459387e-11,1.1334346547875e-05,1.271688922751e-14,-1.3521852071012e-16
3030,0,0,3030,2.1745743424179e-11,1.1334273823598e-05,1.316309416292e-14,-1.3996479152255e-16
3031,0,0,3031,2.1745888135424e-11,1.1334198634101e-05,1.3609298921407e-14,-1.4471124458291e-16
3032,0,0,3032,2.174603759331e-11,1.1334120979385e-05,1.4055503498065e-14,-1.4945788606596e-16
3033,0,0,3033,2.1746191798032e-11,1.1334040859452e-05,1.4501707886455e-14,-1.5420472215617e-16
3034,0,0,3034,2.1746350749791e-11,1.1333958274303e-05,1.4947912080137e-14,-1.5895175904125e-16
3035,0,0,3035,2.1746514448794e-11,1.1333873223938e-05,1.5394116073899e-14,-1.6369900290888e-16
3036,0,0,3036,2.1746682895254e-11,1.1333785708358e-05,1.5840319860995e-14,-1.6844645994355e-16
3037,0,0,3037,2.174685608939e-11,1.1333695727566e-05,1.6286523436212e-14,-1.7319413632648e-16
3038,0,0,3038,2.1747034031428e-11,1.1333603281561e-05,1.6732726793112e-14,-1.779420382583e-16
3039,0,0,3039,2.17472167216e-11,1.1333508370346e-05,1.7178929925255e-14,-1.8269017191055e-16
3040,0,0,3040,2.1747404160144e-11,1.1333410993922e-05,1.7625132828042e-14,-1.8743854349032e-16
3041,0,0,3041,2.1747596347303e-11,1.1333311152289e-05,1.8071335493807e-14,-1.9218715917561e-16
3042,0,0,3042,2.1747793283328e-11,1.133320884545e-05,1.8517537917951e-14,-1.9693602516058e-16
3043,0,0,3043,2.1747994968476e-11,1.1333104073405e-05,1.8963740093728e-14,-2.0168514763617e-16
3044,0,0,3044,2.1748201403008e-11,1.1332996836157e-05,1.9409942015005e-14,-2.0643453279653e-16
3045,0,0,3045,2.1748412587195e-11,1.1332887133705e-05,1.9856143676264e-14,-2.1118418683583e-16
3046,0,0,3046,2.1748628521311e-11,1.1332774966053e-05,2.0302345071678e-14,-2.1593411594176e-16
3047,0,0,3047,2.1748849205638e-11,1.1332660333201e-05,2.0748546194194e-14,-2.2068432631818e-16
3048,0,0,3048,2.1749074640462e-11,1.1332543235151e-05,2.1194747039215e-14,-2.2543482415279e-16
3049,0,0,3049,2.1749304826077e-11,1.1332423671905e-05,2.1640947599993e-14,-2.3018561565267e-16
3050,0,0,3050,2.1749539762784e-11,1.1332301643464e-05,2.2087147870089e-14,-2.3493670700553e-16
3051,0,0,3051,2.1749779450889e-11,1.1332177149829e-05,2.2533347844292e-14,-2.3968810441198e-16
3052,0,0,3052,2.1750023890703e-11,1.1332050191003e-05,2.2979547516468e-14,-2.4443981407911e-16
3053,0,0,3053,2.1750273082545e-11,1.1331920766987e-05,2.3425746880485e-14,-2.4919184219785e-16
3054,0,0,3054,2.175052702674e-11,1.1331788877783e-05,2.3871945930211e-14,-2.5394419498175e-16
3055,0,0,3055,2.1750785723619e-11,1.1331654523393e-05,2.4318144659512e-14,-2.5869687861851e-16
3056,0,0,3056,2.1751049173518e-11,1.1331517703818e-05,2.4764343063177e-14,-2.634498993249e-16
3057,0,0,3057,2.1751317376781e-11,1.133137841906e-05,2.5210541134152e-14,-2.6820326330479e-16
3058,0,0,3058,2.1751590333758e-11,1.1331236669122e-05,2.5656738867226e-14,-2.7295697675556e-16
3059,0,0,3059,2.1751868044804e-11,1.1331092454004e-05,2.6102936255652e-14,-2.7771104589077e-16
3060,0,0,3060,2.1752150510281e-11,1.133094577371e-05,2.6549133294525e-14,-2.8246547692395e-16
3061,0,0,3061,2.1752437730557e-11,1.133079662824e-05,2.6995329977098e-14,-2.8722027605251e-16
3062,0,0,3062,2.1752729706006e-11,1.1330645017598e-05,2.7441526296933e-14,-2.9197544949645e-16
3063,0,0,3063,2.175302643701e-11,1.1330490941784e-05,2.7887722248817e-14,-2.9673100346609e-16
3064,0,0,3064,2.1753327923954e-11,1.1330334400802e-05,2.8333917826311e-14,-3.0148694417498e-16
3065,0,0,3065,2.1753634167232e-11,1.1330175394652e-05,2.8780113023895e-14,-3.0624327783343e-16
3066,0,0,3066,2.1753945167243e-11,1.1330013923338e-05,2.9226307834823e-14,-3.1100001066469e-16
3067,0,0,3067,2.1754260924391e-11,1.1329849986862e-05,2.9672502253577e-14,-3.1575714887907e-16
3068,0,0,3068,2.175458143909e-11,1.1329683585225e-05,3.0118696273718e-14,-3.2051469869659e-16
3069,0,0,3069,2.1754906711756e-11,1.132951471843e-05,3.0564889890032e-14,-3.2527266634048e-16
3070,0,0,3070,2.1755236742814e-11,1.1329343386479e-05,3.1011083095774e-14,-3.3003105802753e-16
3071,0,0,3071,2.1755571532694e-11,1.1329169589375e-05,3.1457275885118e-14,-3.3478987998421e-16
3072,0,0,3072,2.1755911081833e-11,1.1328993327119e-05,3.1903468251931e-14,-3.3954913843376e-16
3073,0,0,3073,2.1756255390672e-11,1.1328814599715e-05,3.2349660190388e-14,-3.4430883959941e-16
3074,0,0,3074,2.1756604459662e-11,1.1328633407164e-05,3.2795851694356e-14,-3.4906898970442e-16
3075,0,0,3075,2.1756958289257e-11,1.1328449749469e-05,3.324204275801e-14,-3.5382959498818e-16
3076,0,0,3076,2.1757316879919e-11,1.1328263626633e-05,3.3688233374602e-14,-3.5859066166747e-16
3077,0,0,3077,2.1757680232115e-11,1.1328075038658e-05,3.4134423539228e-14,-3.6335219598492e-16
3078,0,0,3078,2.1758048346319e-11,1.1327883985546e-05,3.4580613245142e-14,-3.68114204167e-16
3079,0,0,3079,2.1758421223011e-11,1.13276904673e-05,3.5026802486211e-14,-3.7287669244664e-16
3080,0,0,3080,2.1758798862678e-11,1.1327494483923e-05,3.5472991256915e-14,-3.7763966706325e-16
3081,0,0,3081,2.1759181265813e-11,1.1327296035417e-05,3.591917955051e-14,-3.8240313425299e-16
3082,0,0,3082,2.1759568432913e-11,1.1327095121785e-05,3.6365367361782e-14,-3.8716710025526e-16
3083,0,0,3083,2.1759960364484e-11,1.132689174303e-05,3.6811554683985e-14,-3.9193157131268e-16
3084,0,0,3084,2.1760357061038e-11,1.1326685899154e-05,3.7257741511602e-14,-3.9669655366143e-16
3085,0,0,3085,2.1760758523092e-11,1.1326477590161e-05,3.7703927838191e-14,-4.0146205355382e-16
3086,0,0,3086,2.1761164751169e-11,1.1326266816052e-05,3.8150113657927e-14,-4.0622807722602e-16
3087,0,0,3087,2.17615757458e-11,1.1326053576831e-05,3.8596298964679e-14,-4.1099463093035e-16
3088,0,0,3088,2.1761991507521e-11,1.1325837872501e-05,3.9042483752313e-14,-4.1576172092237e-16
3089,0,0,3089,2.1762412036874e-11,1.1325619703065e-05,3.9488668015309e-14,-4.2052935344148e-16
3090,0,0,3090,2.1762837334409e-11,1.1325399068525e-05,3.9934851746617e-14,-4.2529753474322e-16
3091,0,0,3091,2.176326740068e-11,1.1325175968884e-05,4.0381034941022e-14,-4.3006627108639e-16
3092,0,0,3092,2.1763702236249e-11,1.1324950404146e-05,4.0827217592087e-14,-4.3483556872653e-16
3093,0,0,3093,2.1764141841683e-11,1.1324722374314e-05,4.1273399694291e-14,-4.396054339192e-16
3094,0,0,3094,2.1764586217555e-11,1.132449187939e-05,4.1719581240888e-14,-4.4437587291995e-16
3095,0,0,3095,2.1765035364447e-11,1.1324258919377e-05,4.2165762225747e-14,-4.491468920005e-16
3096,0,0,3096,2.1765489282945e-11,1.132402349428e-05,4.2611942643655e-14,-4.5391849741638e-16
3097,0,0,3097,2.176594797364e-11,1.13237856041e-05,4.3058122487559e-14,-4.5869069543933e-16
3098,0,0,3098,2.1766411437133e-11,1.1323545248842e-05,4.3504301752246e-14,-4.6346349232811e-16
3099,0,0,3099,2.1766879674027e-11,1.1323302428508e-05,4.3950480431279e-14,-4.682368943609e-16
3100,0,0,3100,2.1767352684935e-11,1.1323057143102e-05,4.4396658518216e-14,-4.7301090780618e-16
3101,0,0,3101,2.1767830470474e-11,1.1322809392627e-05,4.4842836007539e-14,-4.7778553893243e-16
3102,0,0,3102,2.1768313031268e-11,1.1322559177086e-05,4.5289012893116e-14,-4.8256079402428e-16
3103,0,0,3103,2.1768800367947e-11,1.1322306496483e-05,4.5735189168508e-14,-4.8733667935021e-16
3104,0,0,3104,2.1769292481148e-11,1.1322051350821e-05,4.6181364827888e-14,-4.9211320119484e-16
3105,0,0,3105,2.1769789371514e-11,1.1321793740103e-05,4.6627539865124e-14,-4.968903658396e-16
3106,0,0,3106,2.1770291039694e-11,1.1321533664334e-05,4.707371427439e-14,-5.0166817956264e-16
3107,0,0,3107,2.1770797486342e-11,1.1321271123516e-05,4.751988804894e-14,-5.064466486583e-16
3108,0,0,3108,2.1771308712122e-11,1.1321006117653e-05,4.7966061183255e-14,-5.1122577940797e-16
3109,0,0,3109,2.17718247177e-11,1.1320738646749e-05,4.8412233671203e-14,-5.1600557810276e-16
3110,0,0,3110,2.1772345503751e-11,1.1320468710807e-05,4.8858405506651e-14,-5.2078605104021e-16
3111,0,0,3111,2.1772871070955e-11,1.132019630983e-05,4.930457668316e-14,-5.2556720450175e-16
3112,0,0,3112,2.177340142e-11,1.1319921443824e-05,4.9750747195211e-14,-5.3034904480107e-16
3113,0,0,3113,2.1773936551578e-11,1.1319644112791e-05,5.0196917036057e-14,-5.3513157822282e-16
3114,0,0,3114,2.177447646639e-11,1.1319364316734e-05,5.064308620018e-14,-5.3991481107424e-16
3115,0,0,3115,2.1775021165139e-11,1.1319082055659e-05,5.108925468114e-14,-5.4469874965936e-16
3116,0,0,3116,2.1775570648539e-11,1.1318797329568e-05,5.1535422472806e-14,-5.4948340028542e-16
3117,0,0,3117,2.1776124917309e-11,1.1318510138465e-05,5.1981589569656e-14,-5.5426876925e-16
3118,0,0,3118,2.1776683972172e-11,1.1318220482355e-05,5.2427755964334e-14,-5.5905486287972e-16
3119,0,0,3119,2.1777247813859e-11,1.1317928361241e-05,5.2873921652239e-14,-5.6384168747214e-16
3120,0,0,3120,2.1777816443108e-11,1.1317633775127e-05,5.3320086626318e-14,-5.6862924935068e-16
3121,0,0,3121,2.1778389860663e-11,1.1317336724017e-05,5.376625088044e-14,-5.7341755483228e-16
3122,0,0,3122,2.1778968067273e-11,1.1317037207915e-05,5.4212414409085e-14,-5.7820661023388e-16
3123,0,0,3123,2.1779551063695e-11,1.1316735226826e-05,5.4658577205201e-14,-5.8299642188213e-16
3124,0,0,3124,2.1780138850691e-11,1.1316430780752e-05,5.5104739263575e-14,-5.877869960972e-16
3125,0,0,3125,2.1780731429031e-11,1.1316123869699e-05,5.5550900577767e-14,-5.9257833920572e-16
3126,0,0,3126,2.1781328799488e-11,1.1315814493671e-05,5.599706114134e-14,-5.9737045754404e-16
3127,0,0,3127,2.1781930962846e-11,1.1315502652671e-05,5.6443220948772e-14,-6.0216335744203e-16
3128,0,0,3128,2.1782537919891e-11,1.1315188346704e-05,5.6889379993013e-14,-6.0695704522954e-16
3129,0,0,3129,2.1783149671418e-11,1.1314871575775e-05,5.7335538269156e-14,-6.1175152724939e-16
3130,0,0,3130,2.1783766218228e-11,1.1314552339887e-05,5.7781695769842e-14,-6.1654680984113e-16
3131,0,0,3131,2.1784387561127e-11,1.1314230639044e-05,5.8227852489552e-14,-6.2134289934432e-16
3132,0,0,3132,2.1785013700929e-11,1.1313906473252e-05,5.8674008422459e-14,-6.2613980210823e-16
3133,0,0,3133,2.1785644638454e-11,1.1313579842514e-05,5.9120163561512e-14,-6.3093752447888e-16
3134,0,0,3134,2.1786280374527e-11,1.1313250746835e-05,5.9566317901498e-14,-6.3573607280552e-16
3135,0,0,3135,2.178692090998e-11,1.1312919186219e-05,6.0012471435671e-14,-6.4053545344711e-16
3136,0,0,3136,2.1787566245653e-11,1.1312585160671e-05,6.0458624157898e-14,-6.4533567274968e-16
3137,0,0,3137,2.178821638239e-11,1.1312248670196e-05,6.0904776062048e-14,-6.501367370851e-16
3138,0,0,3138,2.1788871321043e-11,1.1311909714797e-05,6.13509271426e-14,-6.5493865280263e-16
3139,0,0,3139,2.1789531062469e-11,1.131156829448e-05,6.1797077392503e-14,-6.5974142627091e-16
3140,0,0,3140,2.1790195607533e-11,1.1311224409249e-05,6.224322680593e-14,-6.6454506386505e-16
3141,0,0,3141,2.1790864957105e-11,1.1310878059109e-05,6.2689375376442e-14,-6.6934957194399e-16
3142,0,0,3142,2.1791539112062e-11,1.1310529244064e-05,6.3135523098827e-14,-6.7415495688609e-16
3143,0,0,3143,2.1792218073287e-11,1.131017796412e-05,6.3581669965726e-14,-6.7896122506321e-16
3144,0,0,3144,2.179290184167e-11,1.130982421928e-05,6.4027815971619e-14,-6.8376838286015e-16
3145,0,0,3145,2.1793590418106e-11,1.130946800955e-05,6.4473961110068e-14,-6.8857643665203e-16
3146,0,0,3146,2.1794283803499e-11,1.1309109334935e-05,6.4920105375245e-14,-6.9338539282687e-16
3147,0,0,3147,2.1794981998757e-11,1.1308748195439e-05,6.5366248760407e-14,-6.981952577727e-16
3148,0,0,3148,2.1795685004795e-11,1.1308384591067e-05,6.5812391260032e-14,-7.0300603788079e-16
3149,0,0,3149,2.1796392822534e-11,1.1308018521825e-05,6.625853286707e-14,-7.0781773953593e-16
3150,0,0,3150,2.1797105452903e-11,1.1307649987717e-05,6.6704673576e-14,-7.1263036914555e-16
3151,0,0,3151,2.1797822896837e-11,1.1307278988748e-05,6.7150813380691e-14,-7.1744393310414e-16
3152,0,0,3152,2.1798545155274e-11,1.1306905524923e-05,6.7596952274395e-14,-7.2225843781266e-16
3153,0,0,3153,2.1799272229164e-11,1.1306529596248e-05,6.8043090251289e-14,-7.2707388967852e-16
3154,0,0,3154,2.1800004119459e-11,1.1306151202727e-05,6.8489227304931e-14,-7.3189029511237e-16
3155,0,0,3155,2.180074082712e-11,1.1305770344365e-05,6.8935363429497e-14,-7.3670766052487e-16
3156,0,0,3156,2.1801482353112e-11,1.1305387021168e-05,6.9381498618548e-14,-7.4152599232666e-16
3157,0,0,3157,2.1802228698409e-11,1.1305001233141e-05,6.9827632865337e-14,-7.4634529694455e-16
3158,0,0,3158,2.180297986399e-11,1.130461298029e-05,7.0273766164651e-14,-7.5116558078919e-16
3159,0,0,3159,2.180373585084e-11,1.1304222262618e-05,7.0719898509746e-14,-7.5598685029385e-16
3160,0,0,3160,2.1804496659952e-11,1.1303829080133e-05,7.1166029894182e-14,-7.608091118821e-16
3161,0,0,3161,2.1805262292324e-11,1.1303433432838e-05,7.1612160311826e-14,-7.6563237198721e-16
3162,0,0,3162,2.1806032748961e-11,1.130303532074e-05,7.2058289756853e-14,-7.7045663703921e-16
3163,0,0,3163,2.1806808030874e-11,1.1302634743844e-05,7.2504418222823e-14,-7.7528191348107e-16
3164,0,0,3164,2.1807588139082e-11,1.1302231702155e-05,7.2950545702991e-14,-7.8010820775252e-16
3165,0,0,3165,2.1808373074609e-11,1.1301826195679e-05,7.3396672192144e-14,-7.8493552629329e-16
3166,0,0,3166,2.1809162838484e-11,1.1301418224421e-05,7.3842797682616e-14,-7.8976387555603e-16
3167,0,0,3167,2.1809957431746e-11,1.1301007788387e-05,7.4288922169809e-14,-7.9459326199016e-16
3168,0,0,3168,2.1810756855438e-11,1.1300594887582e-05,7.4735045646055e-14,-7.9942369204835e-16
3169,0,0,3169,2.181156111061e-11,1.1300179522012e-05,7.5181168105837e-14,-8.0425517218971e-16
3170,0,0,3170,2.1812370198319e-11,1.1299761691683e-05,7.5627289542714e-14,-8.0908770887982e-16
3171,0,0,3171,2.1813184119628e-11,1.1299341396601e-05,7.6073409950555e-14,-8.1392130857456e-16
3172,0,0,3172,2.1814002875606e-11,1.129891863677e-05,7.6519529322614e-14,-8.1875597774921e-16
3173,0,0,3173,2.1814826467328e-11,1.1298493412198e-05,7.6965647653371e-14,-8.2359172287258e-16
3174,0,0,3174,2.1815654895879e-11,1.1298065722889e-05,7.741176493608e-14,-8.2842855041995e-16
3175,0,0,3175,2.1816488162346e-11,1.1297635568849e-05,7.7857881164303e-14,-8.3326646687304e-16
3176,0,0,3176,2.1817326267824e-11,1.1297202950085e-05,7.8303996332213e-14,-8.3810547871036e-16
3177,0,0,3177,2.1818169213417e-11,1.1296767866602e-05,7.8750110433066e-14,-8.4294559241689e-16
3178,0,0,3178,2.1819017000231e-11,1.1296330318406e-05,7.9196223460727e-14,-8.477868144905e-16
3179,0,0,3179,2.1819869629383e-11,1.1295890305503e-05,7.9642335409372e-14,-8.5262915141617e-16
3180,0,0,3180,2.1820727101992e-11,1.1295447827899e-05,8.0088446272254e-14,-8.574726096918e-16
3181,0,0,3181,2.1821589419188e-11,1.1295002885601e-05,8.0534556042935e-14,-8.6231719582172e-16
3182,0,0,3182,2.1822456582105e-11,1.1294555478613e-05,8.0980664715282e-14,-8.6716291630707e-16
3183,0,0,3183,2.1823328591882e-11,1.1294105606943e-05,8.1426772282856e-14,-8.7200977765866e-16
3184,0,0,3184,2.1824205449669e-11,1.1293653270597e-05,8.1872878740137e-14,-8.7685778638731e-16
3185,0,0,3185,2.1825087156618e-11,1.129319846958e-05,8.231898407946e-14,-8.817069490103e-16
3186,0,0,3186,2.182597371389e-11,1.1292741203898e-05,8.2765088295612e-14,-8.8655727203844e-16
3187,0,0,3187,2.1826865122652e-11,1.1292281473559e-05,8.3211191381541e-14,-8.9140876200516e-16
3188,0,0,3188,2.1827761384077e-11,1.1291819278568e-05,8.3657293331727e-14,-8.9626142543421e-16
3189,0,0,3189,2.1828662499346e-11,1.1291354618932e-05,8.4103394139119e-14,-9.011152688558e-16
3190,0,0,3190,2.1829568469645e-11,1.1290887494657e-05,8.4549493797277e-14,-9.0597029880334e-16
3191,0,0,3191,2.1830479296167e-11,1.1290417905749e-05,8.4995592300682e-14,-9.1082652182322e-16
3192,0,0,3192,2.1831394980111e-11,1.1289945852216e-05,8.5441689642587e-14,-9.1568394444562e-16
3193,0,0,3193,2.1832315522684e-11,1.1289471334062e-05,8.5887785816248e-14,-9.205425732266e-16
3194,0,0,3194,2.1833240925099e-11,1.1288994351295e-05,8.6333880815531e-14,-9.2540241471252e-16
3195,0,0,3195,2.1834171188574e-11,1.1288514903921e-05,8.6779974634612e-14,-9.3026347546266e-16
3196,0,0,3196,2.1835106314336e-11,1.1288032991947e-05,8.7226067266436e-14,-9.3512576202985e-16
3197,0,0,3197,2.1836046303617e-11,1.128754861538e-05,8.7672158704873e-14,-9.3998928098306e-16
3198,0,0,3198,2.1836991157656e-11,1.1287061774226e-05,8.8118248943789e-14,-9.4485403887834e-16
3199,0,0,3199,2.1837940877699e-11,1.1286572468491e-05,8.8564337976438e-14,-9.497200422976e-16
3200,0,0,3200,2.1838895464996e-11,1.1286080698183e-05,8.9010425796996e-14,-9.5458729781304e-16
3201,0,0,3201,2.1839854920808e-11,1.1285586463308e-05,8.9456512398408e-14,-9.5945581200011e-16
3202,0,0,3202,2.18408192464e-11,1.1285089763872e-05,8.9902597774544e-14,-9.6432559144716e-16
3203,0,0,3203,2.1841788443043e-11,1.1284590599884e-05,9.0348681918963e-14,-9.6919664273288e-16
3204,0,0,3204,2.1842762512015e-11,1.1284088971349e-05,9.0794764825839e-14,-9.7406897246178e-16
3205,0,0,3205,2.1843741454602e-11,1.1283584878274e-05,9.1240846488122e-14,-9.7894258721898e-16
3206,0,0,3206,2.1844725272096e-11,1.1283078320667e-05,9.168692689937e-14,-9.8381749360579e-16
3207,0,0,3207,2.1845713965794e-11,1.1282569298534e-05,9.2133006053759e-14,-9.8869369823319e-16
3208,0,0,3208,2.1846707537002e-11,1.1282057811883e-05,9.2579083944235e-14,-9.9357120770569e-16
3209,0,0,3209,2.184770598703e-11,1.1281543860719e-05,9.3025160564667e-14,-9.9845002863104e-16
3210,0,0,3210,2.1848709317198e-11,1.1281027445051e-05,9.3471235909229e-14,-1.0033301676364e-15
3211,0,0,3211,2.1849717528829e-11,1.1280508564886e-05,9.3917309970254e-14,-1.0082116313392e-15
3212,0,0,3212,2.1850730623256e-11,1.127998722023e-05,9.4363382742224e-14,-1.0130944263601e-15
3213,0,0,3213,2.1851748601815e-11,1.127946341109e-05,9.48094542187e-14,-1.0179785593392e-15
3214,0,0,3214,2.1852771465852e-11,1.1278937137475e-05,9.5255524392628e-14,-1.0228640369036e-15
3215,0,0,3215,2.1853799216718e-11,1.1278408399391e-05,9.5701593258184e-14,-1.0277508656998e-15
3216,0,0,3216,2.185483185577e-11,1.1277877196845e-05,9.6147660808621e-14,-1.0326390523615e-15
3217,0,0,3217,2.1855869384374e-11,1.1277343529845e-05,9.6593727037807e-14,-1.0375286035448e-15
3218,0,0,3218,2.18569118039e-11,1.1276807398397e-05,9.703979193869e-14,-1.0424195258996e-15
3219,0,0,3219,2.1857959115726e-11,1.1276268802511e-05,9.7485855505443e-14,-1.0473118260885e-15
3220,0,0,3220,2.1859011321236e-11,1.1275727742192e-05,9.7931917731014e-14,-1.0522055107644e-15
3221,0,0,3221,2.1860068421823e-11,1.1275184217448e-05,9.8377978609578e-14,-1.0571005865998e-15
3222,0,0,3222,2.1861130418883e-11,1.1274638228287e-05,9.8824038134388e-14,-1.0619970602671e-15
3223,0,0,3223,2.1862197313822e-11,1.1274089774716e-05,9.9270096298699e-14,-1.0668949384353e-15
3224,0,0,3224,2.1863269108049e-11,1.1273538856743e-05,9.9716153096378e-14,-1.0717942277898e-15
3225,0,0,3225,2.1864345802984e-11,1.1272985474376e-05,1.0016220852068e-13,-1.0766949350159e-15
3226,0,0,3226,2.1865427400051e-11,1.1272429627621e-05,1.0060826256547e-13,-1.0815970668021e-15
3227,0,0,3227,2.1866513900681e-11,1.1271871316487e-05,1.010543152237e-13,-1.0865006298435e-15
3228,0,0,3228,2.1867605306312e-11,1.1271310540982e-05,1.0150036648954e-13,-1.0914056308381e-15
3229,0,0,3229,2.1868701618388e-11,1.1270747301113e-05,1.0194641635594e-13,-1.0963120764908e-15
3230,0,0,3230,2.1869802838362e-11,1.1270181596887e-05,1.0239246481646e-13,-1.1012199735093e-15
3231,0,0,3231,2.1870908967691e-11,1.1269613428313e-05,1.0283851186528e-13,-1.1061293286115e-15
3232,0,0,3232,2.1872020007839e-11,1.1269042795399e-05,1.0328455749502e-13,-1.1110401485115e-15
3233,0,0,3233,2.1873135960279e-11,1.1268469698152e-05,1.0373060169927e-13,-1.1159524399304e-15
3234,0,0,3234,2.1874256826489e-11,1.126789413658e-05,1.0417664447188e-13,-1.1208662096049e-15
3235,0,0,3235,2.1875382607953e-11,1.1267316110692e-05,1.046226858058e-13,-1.1257814642626e-15
3236,0,0,3236,2.1876513306164e-11,1.1266735620495e-05,1.0506872569551e-13,-1.1306982106403e-15
3237,0,0,3237,2.1877648922619e-11,1.1266152665997e-05,1.0551476413335e-13,-1.1356164554816e-15
3238,0,0,3238,2.1878789458825e-11,1.1265567247206e-05,1.0596080111318e-13,-1.1405362055363e-15
3239,0,0,3239,2.1879934916292e-11,1.1264979364131e-05,1.0640683662857e-13,-1.1454574675641e-15
3240,0,0,3240,2.188108529654e-11,1.1264389016779e-05,1.0685287067277e-13,-1.1503802483051e-15
3241,0,0,3241,2.1882240601095e-11,1.1263796205159e-05,1.0729890323933e-13,-1.1553045545418e-15
3242,0,0,3242,2.1883400831488e-11,1.1263200929279e-05,1.0774493432183e-13,-1.1602303930303e-15
3243,0,0,3243,2.1884565989259e-11,1.1262603189146e-05,1.081909639132e-13,-1.1651577705497e-15
3244,0,0,3244,2.1885736075952e-11,1.1262002984771e-05,1.0863699200763e-13,-1.1700866938726e-15
3245,0,0,3245,2.1886911093122e-11,1.126140031616e-05,1.0908301859775e-13,-1.1750171697909e-15
3246,0,0,3246,2.1888091042327e-11,1.1260795183322e-05,1.0952904367712e-13,-1.1799492050869e-15
3247,0,0,3247,2.1889275925134e-11,1.1260187586265e-05,1.0997506723992e-13,-1.1848828065556e-15
3248,0,0,3248,2.1890465743115e-11,1.1259577524998e-05,1.1042108927848e-13,-1.1898179809987e-15
3249,0,0,3249,2.189166049785e-11,1.125896499953e-05,1.1086710978699e-13,-1.1947547352211e-15
3250,0,0,3250,2.1892860190926e-11,1.1258350009868e-05,1.1131312875837e-13,-1.1996930760244e-15
3251,0,0,3251,2.1894064823936e-11,1.1257732556022e-05,1.117591461862e-13,-1.2046330102328e-15
3252,0,0,3252,2.1895274398481e-11,1.1257112638e-05,1.1220516206373e-13,-1.209574544664e-15
3253,0,0,3253,2.1896488916167e-11,1.125649025581e-05,1.1265117638483e-13,-1.2145176861425e-15
3254,0,0,3254,2.1897708378609e-11,1.1255865409461e-05,1.1309718914182e-13,-1.219462441502e-15
3255,0,0,3255,2.1898932787426e-11,1.1255238098962e-05,1.135432003292e-13,-1.2244088175733e-15
3256,0,0,3256,2.1900162144247e-11,1.1254608324321e-05,1.139892099396e-13,-1.2293568211999e-15
3257,0,0,3257,2.1901396450707e-11,1.1253976085548e-05,1.144352179669e-13,-1.2343064592386e-15
3258,0,0,3258,2.1902635708445e-11,1.1253341382651e-05,1.1488122440403e-13,-1.2392577385263e-15
3259,0,0,3259,2.1903879919111e-11,1.1252704215638e-05,1.1532722924425e-13,-1.2442106659359e-15
3260,0,0,3260,2.1905129084359e-11,1.1252064584519e-05,1.1577323248143e-13,-1.2491652483207e-15
3261,0,0,3261,2.1906383205852e-11,1.1251422489303e-05,1.1621923410821e-13,-1.2541214925532e-15
3262,0,0,3262,2.1907642285257e-11,1.1250777929999e-05,1.1666523411846e-13,-1.2590794055096e-15
3263,0,0,3263,2.1908906324252e-11,1.1250130906615e-05,1.1711123250544e-13,-1.264038994069e-15
3264,0,0,3264,2.1910175324517e-11,1.124948141916e-05,1.1755722926239e-13,-1.2690002651169e-15
3265,0,0,3265,2.1911449287742e-11,1.1248829467644e-05,1.1800322438257e-13,-1.2739632255488e-15
3266,0,0,3266,2.1912728215624e-11,1.1248175052076e-05,1.1844921785893e-13,-1.2789278822567e-15
3267,0,0,3267,2.1914012109867e-11,1.1247518172465e-05,1.1889520968533e-13,-1.2838942421456e-15
3268,0,0,3268,2.1915300972179e-11,1.1246858828819e-05,1.1934119985504e-13,-1.2888623121238e-15
3269,0,0,3269,2.1916594804278e-11,1.1246197021149e-05,1.1978718836099e-13,-1.2938320991093e-15
3270,0,0,3270,2.1917893607888e-11,1.1245532749462e-05,1.2023317519644e-13,-1.2988036100166e-15
3271,0,0,3271,2.191919738474e-11,1.124486601377e-05,1.2067916035527e-13,-1.3037768517736e-15
3272,0,0,3272,2.1920506136571e-11,1.124419681408e-05,1.211251438301e-13,-1.308751831311e-15
3273,0,0,3273,2.1921819865127e-11,1.1243525150403e-05,1.2157112561451e-13,-1.3137285555727e-15
3274,0,0,3274,2.1923138572158e-11,1.1242851022747e-05,1.2201710570143e-13,-1.3187070314927e-15
3275,0,0,3275,2.1924462259424e-11,1.1242174431122e-05,1.2246308408474e-13,-1.3236872660278e-15
3276,0,0,3276,2.192579092869e-11,1.1241495375538e-05,1.2290906075678e-13,-1.3286692661314e-15
3277,0,0,3277,2.1927124581729e-11,1.1240813856004e-05,1.2335503571201e-13,-1.3336530387571e-15
3278,0,0,3278,2.192846322032e-11,1.1240129872529e-05,1.2380100894216e-13,-1.3386385908841e-15
3279,0,0,3279,2.1929806846249e-11,1.1239443425123e-05,1.2424698044172e-13,-1.3436259294789e-15
3280,0,0,3280,2.1931155461311e-11,1.1238754513796e-05,1.2469295020363e-13,-1.3486150615176e-15
3281,0,0,3281,2.1932509067305e-11,1.1238063138557e-05,1.2513891822053e-13,-1.3536059939925e-15
3282,0,0,3282,2.1933867666039e-11,1.1237369299416e-05,1.2558488448599e-13,-1.3585987338925e-15
3283,0,0,3283,2.1935231259327e-11,1.1236672996383e-05,1.2603084899356e-13,-1.3635932882068e-15
3284,0,0,3284,2.1936599848991e-11,1.1235974229467e-05,1.2647681173588e-13,-1.3685896639501e-15
3285,0,0,3285,2.1937973436859e-11,1.1235272998679e-05,1.2692277270652e-13,-1.3735878681245e-15
3286,0,0,3286,2.1939352024767e-11,1.1234569304028e-05,1.2736873189811e-13,-1.3785879077513e-15
3287,0,0,3287,2.1940735614557e-11,1.1233863145523e-05,1.2781468930484e-13,-1.3835897898453e-15
3288,0,0,3288,2.1942124208078e-11,1.1233154523176e-05,1.2826064491902e-13,-1.3885935214377e-15
3289,0,0,3289,2.1943517807188e-11,1.1232443436995e-05,1.2870659873424e-13,-1.3935991095658e-15
3290,0,0,3290,2.1944916413749e-11,1.1231729886991e-05,1.2915255074312e-13,-1.3986065612673e-15
3291,0,0,3291,2.1946320029632e-11,1.1231013873173e-05,1.2959850093923e-13,-1.403615883586e-15
3292,0,0,3292,2.1947728656716e-11,1.1230295395553e-05,1.3004444931613e-13,-1.408627083582e-15
3293,0,0,3293,2.1949142296884e-11,1.1229574454139e-05,1.3049039586615e-13,-1.4136401683059e-15
3294,0,0,3294,2.1950560952029e-11,1.1228851048943e-05,1.3093634058255e-13,-1.4186551448274e-15
3295,0,0,3295,2.1951984624049e-11,1.1228125179973e-05,1.3138228345919e-13,-1.4236720202259e-15
3296,0,0,3296,2.1953413314851e-11,1.1227396847241e-05,1.3182822448841e-13,-1.428690801565e-15
3297,0,0,3297,2.1954847026347e-11,1.1226666050757e-05,1.3227416366377e-13,-1.4337114959401e-15
3298,0,0,3298,2.1956285760457e-11,1.122593279053e-05,1.3272010097822e-13,-1.4387341104406e-15
3299,0,0,3299,2.1957729519109e-11,1.1225197066572e-05,1.3316603642439e-13,-1.4437586521652e-15
3300,0,0,3300,2.1959178304238e-11,1.1224458878893e-05,1.3361196999647e-13,-1.4487851282129e-15
3301,0,0,3301,2.1960632117783e-11,1.1223718227502e-05,1.3405790168648e-13,-1.453813545702e-15
3302,0,0,3302,2.1962090961695e-11,1.1222975112411e-05,1.3450383148798e-13,-1.4588439117443e-15
3303,0,0,3303,2.1963554837929e-11,1.122222953363e-05,1.3494975939453e-13,-1.4638762334677e-15
3304,0,0,3304,2.1965023748447e-11,1.1221481491169e-05,1.3539568539785e-13,-1.4689105179971e-15
3305,0,0,3305,2.1966497695219e-11,1.1220730985039e-05,1.3584160949243e-13,-1.4739467724796e-15
3306,0,0,3306,2.1967976680223e-11,1.1219978015251e-05,1.3628753167029e-13,-1.4789850040499e-15
3307,0,0,3307,2.1969460705443e-11,1.1219222581815e-05,1.367334519253e-13,-1.4840252198616e-15
3308,0,0,3308,2.197094977287e-11,1.1218464684742e-05,1.3717937025009e-13,-1.4890674270719e-15
3309,0,0,3309,2.1972443884503e-11,1.1217704324042e-05,1.3762528663732e-13,-1.4941116328475e-15
3310,0,0,3310,2.1973943042347e-11,1.1216941499727e-05,1.3807120108085e-13,-1.4991578443584e-15
3311,0,0,3311,2.1975447248416e-11,1.1216176211807e-05,1.3851711357301e-13,-1.5042060687777e-15
3312,0,0,3312,2.1976956504729e-11,1.1215408460292e-05,1.3896302410736e-13,-1.5092563132917e-15
3313,0,0,3313,2.1978470813314e-11,1.1214638245195e-05,1.3940893267624e-13,-1.5143085850993e-15
3314,0,0,3314,2.1979990176206e-11,1.1213865566525e-05,1.3985483927321e-13,-1.5193628913867e-15
3315,0,0,3315,2.1981514595445e-11,1.1213090424293e-05,1.4030074389121e-13,-1.5244192393691e-15
3316,0,0,3316,2.1983044073081e-11,1.1212312818511e-05,1.407466465229e-13,-1.5294776362521e-15
3317,0,0,3317,2.1984578611171e-11,1.121153274919e-05,1.4119254716182e-13,-1.534538089254e-15
3318,0,0,3318,2.1986118211776e-11,1.121075021634e-05,1.416384458e-13,-1.5396006056095e-15
3319,0,0,3319,2.1987662876969e-11,1.1209965219973e-05,1.4208434243163e-13,-1.5446651925435e-15
3320,0,0,3320,2.1989212608826e-11,1.12091777601e-05,1.4253023704842e-13,-1.549731857297e-15
3321,0,0,3321,2.1990767409433e-11,1.1208387836732e-05,1.4297612964454e-13,-1.5548006071208e-15
3322,0,0,3322,2.1992327280883e-11,1.120759544988e-05,1.4342202021202e-13,-1.5598714492624e-15
3323,0,0,3323,2.1993892225274e-11,1.1206800599555e-05,1.4386790874413e-13,-1.5649443909855e-15
3324,0,0,3324,2.1995462244713e-11,1.1206003285769e-05,1.4431379523349e-13,-1.5700194395667e-15
3325,0,0,3325,2.1997037341315e-11,1.1205203508534e-05,1.4475967967397e-13,-1.5750966022729e-15
3326,0,0,3326,2.1998617517202e-11,1.1204401267859e-05,1.4520556205761e-13,-1.5801758863872e-15
3327,0,0,3327,2.2000202774501e-11,1.1203596563758e-05,1.4565144237735e-13,-1.5852572991991e-15
3328,0,0,3328,2.2001793115349e-11,1.120278939624e-05,1.4609732062614e-13,-1.5903408480111e-15
3329,0,0,3329,2.2003388541889e-11,1.1201979765319e-05,1.4654319679754e-13,-1.5954265401223e-15
3330,0,0,3330,2.2004989056272e-11,1.1201167671005e-05,1.4698907088357e-13,-1.6005143828483e-15
3331,0,0,3331,2.2006594660655e-11,1.1200353113309e-05,1.474349428775e-13,-1.6056043835075e-15
3332,0,0,3332,2.2008205357205e-11,1.1199536092244e-05,1.4788081277226e-13,-1.610696549425e-15
3333,0,0,3333,2.2009821148093e-11,1.1198716607821e-05,1.4832668056051e-13,-1.6157908879292e-15
3334,0,0,3334,2.2011442035499e-11,1.1197894660052e-05,1.4877254623518e-13,-1.6208874063742e-15
3335,0,0,3335,2.2013068021611e-11,1.1197070248948e-05,1.4921840978954e-13,-1.6259861121012e-15
3336,0,0,3336,2.2014699108624e-11,1.1196243374521e-05,1.496642712156e-13,-1.6310870124611e-15
3337,0,0,3337,2.2016335298739e-11,1.1195414036784e-05,1.5011013050693e-13,-1.6361901148276e-15
3338,0,0,3338,2.2017976594165e-11,1.1194582235747e-05,1.5055598765587e-13,-1.6412954265676e-15
3339,0,0,3339,2.201962299712e-11,1.1193747971423e-05,1.5100184265536e-13,-1.6464029550612e-15
3340,0,0,3340,2.2021274509828e-11,1.1192911243824e-05,1.5144769549897e-13,-1.6515127076883e-15
3341,0,0,3341,2.202293113452e-11,1.1192072052961e-05,1.518935461781e-13,-1.6566246918484e-15
3342,0,0,3342,2.2024592873435e-11,1.1191230398846e-05,1.5233939468632e-13,-1.6617389149474e-15
3343,0,0,3343,2.2026259728819e-11,1.1190386281493e-05,1.5278524101688e-13,-1.6668553843845e-15
3344,0,0,3344,2.2027931702927e-11,1.1189539700912e-05,1.5323108516182e-13,-1.6719741075851e-15
3345,0,0,3345,2.2029608798019e-11,1.1188690657116e-05,1.5367692711437e-13,-1.6770950919646e-15
3346,0,0,3346,2.2031291016364e-11,1.1187839150116e-05,1.5412276686658e-13,-1.6822183449645e-15
3347,0,0,3347,2.2032978360238e-11,1.1186985179926e-05,1.5456860441201e-13,-1.687343874023e-15
3348,0,0,3348,2.2034670831924e-11,1.1186128746557e-05,1.5501443974328e-13,-1.6924716865814e-15
3349,0,0,3349,2.2036368433714e-11,1.1185269850022e-05,1.5546027285275e-13,-1.6976017901038e-15
3350,0,0,3350,2.2038071167906e-11,1.1184408490333e-05,1.5590610373366e-13,-1.7027341920509e-15
3351,0,0,3351,2.2039779036806e-11,1.1183544667502e-05,1.5635193237804e-13,-1.7078688998867e-15
3352,0,0,3352,2.2041492042727e-11,1.1182678381542e-05,1.5679775877945e-13,-1.7130059211043e-15
3353,0,0,3353,2.2043210187991e-11,1.1181809632465e-05,1.5724358292992e-13,-1.7181452631808e-15
3354,0,0,3354,2.2044933474924e-11,1.1180938420284e-05,1.576894048224e-13,-1.7232869336155e-15
3355,0,0,3355,2.2046661905864e-11,1.1180064745011e-05,1.5813522444983e-13,-1.7284309399082e-15
3356,0,0,3356,2.2048395483154e-11,1.1179188606658e-05,1.5858104180455e-13,-1.7335772895744e-15
3357,0,0,3357,2.2050134209144e-11,1.1178310005239e-05,1.590268568795e-13,-1.7387259901332e-15
3358,0,0,3358,2.2051878086193e-11,1.1177428940766e-05,1.5947266966672e-13,-1.7438770491067e-15
3359,0,0,3359,2.2053627116667e-11,1.1176545413251e-05,1.5991848016007e-13,-1.7490304740364e-15
3360,0,0,3360,2.2055381302939e-11,1.1175659422708e-05,1.6036428835127e-13,-1.7541862724608e-15
3361,0,0,3361,2.2057140647391e-11,1.1174770969148e-05,1.6081009423297e-13,-1.7593444519375e-15
3362,0,0,3362,2.2058905152411e-11,1.1173880052586e-05,1.6125589779811e-13,-1.764505020021e-15
3363,0,0,3363,2.2060674820396e-11,1.1172986673033e-05,1.6170169903933e-13,-1.7696679842851e-15
3364,0,0,3364,2.2062449653748e-11,1.1172090830503e-05,1.6214749794927e-13,-1.7748333523006e-15
3365,0,0,3365,2.206422965488e-11,1.1171192525008e-05,1.6259329452058e-13,-1.7800011316542e-15
3366,0,0,3366,2.2066014826209e-11,1.1170291756562e-05,1.6303908874528e-13,-1.7851713299391e-15
3367,0,0,3367,2.2067805170164e-11,1.1169388525178e-05,1.6348488061693e-13,-1.7903439547584e-15
3368,0,0,3368,2.2069600689178e-11,1.1168482830868e-05,1.6393067012695e-13,-1.7955190137215e-15
3369,0,0,3369,2.2071401385692e-11,1.1167574673645e-05,1.6437645726951e-13,-1.8006965144409e-15
3370,0,0,3370,2.2073207262157e-11,1.1166664053523e-05,1.6482224203541e-13,-1.8058764645552e-15
3371,0,0,3371,2.2075018321029e-11,1.1165750970516e-05,1.6526802441883e-13,-1.8110588716835e-15
3372,0,0,3372,2.2076834564772e-11,1.1164835424635e-05,1.6571380441088e-13,-1.8162437434837e-15
3373,0,0,3373,2.207865599586e-11,1.1163917415895e-05,1.661595820051e-13,-1.8214310875974e-15
3374,0,0,3374,2.2080482616771e-11,1.1162996944308e-05,1.6660535719385e-13,-1.8266209116924e-15
3375,0,0,3375,2.2082314429995e-11,1.1162074009888e-05,1.6705112996915e-13,-1.8318132234361e-15
3376,0,0,3376,2.2084151438025e-11,1.1161148612649e-05,1.6749690032425e-13,-1.8370080305026e-15
3377,0,0,3377,2.2085993643366e-11,1.1160220752603e-05,1.6794266825148e-13,-1.8422053405789e-15
3378,0,0,3378,2.2087841048527e-11,1.1159290429765e-05,1.6838843374257e-13,-1.8474051613648e-15
3379,0,0,3379,2.2089693656028e-11,1.1158357644147e-05,1.6883419679138e-13,-1.8526075005635e-15
3380,0,0,3380,2.2091551468394e-11,1.1157422395764e-05,1.6927995738903e-13,-1.8578123658781e-15
3381,0,0,3381,2.2093414488159e-11,1.1156484684628e-05,1.6972571552876e-13,-1.863019765044e-15
3382,0,0,3382,2.2095282717865e-11,1.1155544510754e-05,1.7017147120292e-13,-1.8682297057772e-15
3383,0,0,3383,2.209715616006e-11,1.1154601874155e-05,1.7061722440414e-13,-1.8734421958262e-15
3384,0,0,3384,2.2099034817303e-11,1.1153656774845e-05,1.7106297512444e-13,-1.878657242936e-15
3385,0,0,3385,2.2100918692158e-11,1.1152709212838e-05,1.7150872335678e-13,-1.8838748548615e-15
3386,0,0,3386,2.2102807787198e-11,1.1151759188147e-05,1.7195446909289e-13,-1.8890950393672e-15
3387,0,0,3387,2.2104702105002e-11,1.1150806700786e-05,1.72400212326e-13,-1.8943178042304e-15
3388,0,0,3388,2.2106601648159e-11,1.1149851750769e-05,1.7284595304785e-13,-1.8995431572352e-15
3389,0,0,3389,2.2108506419265e-11,1.114889433811e-05,1.7329169125168e-13,-1.9047711061686e-15
3390,0,0,3390,2.2110416420924e-11,1.1147934462823e-05,1.7373742692861e-13,-1.9100016588339e-15
3391,0,0,3391,2.2112331655747e-11,1.1146972124922e-05,1.741831600722e-13,-1.9152348230474e-15
3392,0,0,3392,2.2114252126354e-11,1.1146007324421e-05,1.7462889067447e-13,-1.9204706066187e-15
3393,0,0,3393,2.2116177835371e-11,1.1145040061334e-05,1.7507461872746e-13,-1.9257090173803e-15
3394,0,0,3394,2.2118108785434e-11,1.1144070335676e-05,1.755203442241e-13,-1.9309500631775e-15
3395,0,0,3395,2.2120044979186e-11,1.1143098147459e-05,1.7596606715613e-13,-1.9361937518425e-15
3396,0,0,3396,2.2121986419277e-11,1.11421234967e-05,1.7641178751648e-13,-1.9414400912401e-15
3397,0,0,3397,2.2123933108367e-11,1.1141146383411e-05,1.7685750529688e-13,-1.9466890892382e-15
3398,0,0,3398,2.212588504912e-11,1.1140166807607e-05,1.7730322049028e-13,-1.9519407537048e-15
3399,0,0,3399,2.2127842244213e-11,1.1139184769302e-05,1.7774893308871e-13,-1.9571950925237e-15
3400,0,0,3400,2.2129804696326e-11,1.1138200268512e-05,1.7819464308418e-13,-1.9624521135954e-15
3401,0,0,3401,2.2131772408151e-11,1.113721330525e-05,1.7864035046935e-13,-1.9677118248136e-15
3402,0,0,3402,2.2133745382385e-11,1.113622387953e-05,1.7908605523686e-13,-1.9729742340945e-15
3403,0,0,3403,2.2135723621735e-11,1.1135231991368e-05,1.7953175737781e-13,-1.9782393493611e-15
3404,0,0,3404,2.2137707128913e-11,1.1134237640777e-05,1.7997745688606e-13,-1.9835071785427e-15
3405,0,0,3405,2.2139695906643e-11,1.1133240827773e-05,1.8042315375243e-13,-1.9887777295718e-15
3406,0,0,3406,2.2141689957653e-11,1.113224155237e-05,1.8086884796986e-13,-1.99405101041e-15
3407,0,0,3407,2.2143689284682e-11,1.1131239814582e-05,1.8131453953037e-13,-1.9993270290125e-15
3408,0,0,3408,2.2145693890476e-11,1.1130235614425e-05,1.8176022842692e-13,-2.004605793344e-15
3409,0,0,3409,2.2147703777787e-11,1.1129228951914e-05,1.8220591465061e-13,-2.0098873113857e-15
3410,0,0,3410,2.2149718949378e-11,1.1128219827062e-05,1.8265159819408e-13,-2.0151715911282e-15
3411,0,0,3411,2.2151739408019e-11,1.1127208239885e-05,1.8309727904997e-13,-2.0204586405654e-15
3412,0,0,3412,2.2153765156486e-11,1.1126194190397e-05,1.8354295721001e-13,-2.0257484677042e-15
3413,0,0,3413,2.2155796197567e-11,1.1125177678615e-05,1.8398863266653e-13,-2.0310410805675e-15
3414,0,0,3414,2.2157832534054e-11,1.1124158704551e-05,1.8443430541156e-13,-2.0363364871753e-15
3415,0,0,3415,2.215987416875e-11,1.1123137268223e-05,1.8487997543743e-13,-2.0416346955697e-15
3416,0,0,3416,2.2161921104463e-11,1.1122113369644e-05,1.8532564273647e-13,-2.0469357137901e-15
3417,0,0,3417,2.2163973344013e-11,1.1121087008831e-05,1.857713073001e-13,-2.0522395499047e-15
3418,0,0,3418,2.2166030890225e-11,1.1120058185797e-05,1.8621696912127e-13,-2.0575462119655e-15
3419,0,0,3419,2.2168093745933e-11,1.1119026900558e-05,1.866626281917e-13,-2.0628557080601e-15
3420,0,0,3420,2.217016191398e-11,1.111799315313e-05,1.8710828450342e-13,-2.0681680462698e-15
3421,0,0,3421,2.2172235397214e-11,1.1116956943528e-05,1.8755393804906e-13,-2.0734832346918e-15
3422,0,0,3422,2.2174314198496e-11,1.1115918271766e-05,1.8799958882036e-13,-2.0788012814268e-15
3423,0,0,3423,2.217639832069e-11,1.1114877137861e-05,1.8844523680871e-13,-2.0841221946011e-15
3424,0,0,3424,2.2178487766673e-11,1.1113833541828e-05,1.8889088200769e-13,-2.0894459823379e-15
3425,0,0,3425,2.2180582539325e-11,1.1112787483682e-05,1.8933652440809e-13,-2.0947726527635e-15
3426,0,0,3426,2.2182682641539e-11,1.1111738963439e-05,1.8978216400257e-13,-2.1001022140368e-15
3427,0,0,3427,2.2184788076214e-11,1.1110687981114e-05,1.9022780078313e-13,-2.1054346743131e-15
3428,0,0,3428,2.2186898846256e-11,1.1109634536723e-05,1.906734347412e-13,-2.1107700417513e-15
3429,0,0,3429,2.218901495458e-11,1.1108578630282e-05,1.9111906586973e-13,-2.1161083245358e-15
3430,0,0,3430,2.2191136404111e-11,1.1107520261806e-05,1.9156469416013e-13,-2.1214495308513e-15
3431,0,0,3431,2.219326319778e-11,1.1106459431311e-05,1.9201031960473e-13,-2.1267936688952e-15
3432,0,0,3432,2.2195395338527e-11,1.1105396138813e-05,1.9245594219496e-13,-2.1321407468811e-15
3433,0,0,3433,2.21975328293e-11,1.1104330384327e-05,1.9290156192375e-13,-2.1374907730164e-15
3434,0,0,3434,2.2199675673055e-11,1.1103262167869e-05,1.9334717878221e-13,-2.1428437555403e-15
3435,0,0,3435,2.2201823872758e-11,1.1102191489456e-05,1.9379279276238e-13,-2.1481997026893e-15
3436,0,0,3436,2.2203977431381e-11,1.1101118349104e-05,1.9423840385689e-13,-2.1535586227092e-15
3437,0,0,3437,2.2206136351905e-11,1.1100042746827e-05,1.9468401205716e-13,-2.1589205238654e-15
3438,0,0,3438,2.2208300637319e-11,1.1098964682643e-05,1.9512961735491e-13,-2.1642854144266e-15
3439,0,0,3439,2.2210470290622e-11,1.1097884156567e-05,1.9557521974247e-13,-2.1696533026741e-15
3440,0,0,3440,2.2212645314819e-11,1.1096801168615e-05,1.9602081921156e-13,-2.1750241968992e-15
3441,0,0,3441,2.2214825712924e-11,1.1095715718805e-05,1.9646641575422e-13,-2.1803981054092e-15
3442,0,0,3442,2.221701148796e-11,1.1094627807151e-05,1.9691200936216e-13,-2.1857750365082e-15
3443,0,0,3443,2.2219202642959e-11,1.109353743367e-05,1.9735760002741e-13,-2.1911549985328e-15
3444,0,0,3444,2.2221399180959e-11,1.1092444598378e-05,1.97803187742e-13,-2.1965379998063e-15
3445,0,0,3445,2.2223601105007e-11,1.1091349301293e-05,1.9824877249704e-13,-2.2019240486813e-15
3446,0,0,3446,2.2225808418161e-11,1.1090251542429e-05,1.9869435428516e-13,-2.2073131535138e-15
3447,0,0,3447,2.2228021123484e-11,1.1089151321805e-05,1.9913993309779e-13,-2.2127053226627e-15
3448,0,0,3448,2.2230239224048e-11,1.1088048639435e-05,1.9958550892725e-13,-2.2181005645193e-15
3449,0,0,3449,2.2232462722936e-11,1.1086943495337e-05,2.0003108176466e-13,-2.2234988874655e-15
3450,0,0,3450,2.2234691623236e-11,1.1085835889527e-05,2.0047665160204e-13,-2.2289002999021e-15
3451,0,0,3451,2.2236925928046e-11,1.1084725822022e-05,2.0092221843142e-13,-2.2343048102335e-15
3452,0,0,3452,2.2239165640473e-11,1.1083613292838e-05,2.0136778224452e-13,-2.2397124268996e-15
3453,0,0,3453,2.2241410763631e-11,1.1082498301992e-05,2.0181334303306e-13,-2.245123158311e-15
3454,0,0,3454,2.2243661300644e-11,1.1081380849502e-05,2.0225890078846e-13,-2.2505370129302e-15
3455,0,0,3455,2.2245917254643e-11,1.1080260935383e-05,2.0270445550304e-13,-2.2559539992067e-15
3456,0,0,3456,2.2248178628769e-11,1.1079138559653e-05,2.0315000716793e-13,-2.2613741255966e-15
3457,0,0,3457,2.2250445426169e-11,1.1078013722328e-05,2.0359555577576e-13,-2.2667974005978e-15
3458,0,0,3458,2.2252717650002e-11,1.1076886423426e-05,2.0404110131702e-13,-2.2722238326791e-15
3459,0,0,3459,2.2254995303432e-11,1.1075756662963e-05,2.0448664378435e-13,-2.2776534303516e-15
3460,0,0,3460,2.2257278389634e-11,1.1074624440956e-05,2.0493218316918e-13,-2.2830862021294e-15
3461,0,0,3461,2.2259566911791e-11,1.1073489757423e-05,2.0537771946291e-13,-2.2885221565234e-15
3462,0,0,3462,2.2261860873093e-11,1.1072352612381e-05,2.0582325265757e-13,-2.29396130208e-15
3463,0,0,3463,2.226416027674e-11,1.1071213005847e-05,2.0626878274488e-13,-2.2994036473392e-15
3464,0,0,3464,2.2266465125941e-11,1.1070070937837e-05,2.0671430971596e-13,-2.3048492008539e-15
3465,0,0,3465,2.2268775423912e-11,1.106892640837e-05,2.0715983356282e-13,-2.310297971203e-15
3466,0,0,3466,2.2271091173879e-11,1.1067779417462e-05,2.076053542775e-13,-2.3157499669555e-15
3467,0,0,3467,2.2273412379076e-11,1.1066629965132e-05,2.0805087185049e-13,-2.3212051967095e-15
3468,0,0,3468,2.2275739042745e-11,1.1065478051395e-05,2.0849638627412e-13,-2.3266636690665e-15
3469,0,0,3469,2.2278071168138e-11,1.1064323676271e-05,2.0894189754012e-13,-2.3321253926407e-15
3470,0,0,3470,2.2280408758514e-11,1.1063166839776e-05,2.0938740563991e-13,-2.3375903760593e-15
3471,0,0,3471,2.2282751817142e-11,1.1062007541927e-05,2.0983291056458e-13,-2.3430586279594e-15
3472,0,0,3472,2.2285100347299e-11,1.1060845782743e-05,2.1027841230647e-13,-2.3485301569907e-15
3473,0,0,3473,2.2287454352271e-11,1.1059681562241e-05,2.1072391085639e-13,-2.3540049718161e-15
3474,0,0,3474,2.2289813835352e-11,1.1058514880439e-05,2.1116940620666e-13,-2.3594830811047e-15
3475,0,0,3475,2.2292178799845e-11,1.1057345737354e-05,2.1161489834779e-13,-2.3649644935485e-15
3476,0,0,3476,2.2294549249063e-11,1.1056174133005e-05,2.120603872718e-13,-2.3704492178425e-15
3477,0,0,3477,2.2296925186326e-11,1.1055000067408e-05,2.1250587297072e-13,-2.3759372626883e-15
3478,0,0,3478,2.2299306614963e-11,1.1053823540582e-05,2.1295135543535e-13,-2.3814286368165e-15
3479,0,0,3479,2.2301693538312e-11,1.1052644552546e-05,2.133968346571e-13,-2.3869233489546e-15
3480,0,0,3480,2.2304085959719e-11,1.1051463103316e-05,2.1384231062769e-13,-2.3924214078492e-15
3481,0,0,3481,2.2306483882542e-11,1.1050279192911e-05,2.1428778333855e-13,-2.3979228222569e-15
3482,0,0,3482,2.2308887310143e-11,1.1049092821348e-05,2.1473325278108e-13,-2.4034276009439e-15
3483,0,0,3483,2.2311296245895e-11,1.1047903988647e-05,2.1517871894701e-13,-2.4089357526956e-15
3484,0,0,3484,2.2313710693182e-11,1.1046712694825e-05,2.1562418182683e-13,-2.4144472863043e-15
3485,0,0,3485,2.2316130655392e-11,1.10455189399e-05,2.1606964141287e-13,-2.4199622105715e-15
3486,0,0,3486,2.2318556135927e-11,1.104432272389e-05,2.1651509769624e-13,-2.4254805343216e-15
3487,0,0,3487,2.2320987138193e-11,1.1043124046815e-05,2.1696055066805e-13,-2.4310022663789e-15
3488,0,0,3488,2.2323423665609e-11,1.1041922908691e-05,2.1740600032003e-13,-2.4365274155873e-15
3489,0,0,3489,2.2325865721599e-11,1.1040719309539e-05,2.1785144664327e-13,-2.4420559908032e-15
3490,0,0,3490,2.23283133096e-11,1.1039513249375e-05,2.182968896292e-13,-2.4475880008898e-15
3491,0,0,3491,2.2330766433055e-11,1.1038304728219e-05,2.1874232926891e-13,-2.4531234547297e-15
3492,0,0,3492,2.2333225095416e-11,1.1037093746089e-05,2.1918776555445e-13,-2.4586623612182e-15
3493,0,0,3493,2.2335689300145e-11,1.1035880303003e-05,2.1963319847599e-13,-2.4642047292476e-15
3494,0,0,3494,2.2338159050713e-11,1.1034664398981e-05,2.2007862802557e-13,-2.469750567752e-15
3495,0,0,3495,2.2340634350599e-11,1.1033446034041e-05,2.205240541946e-13,-2.475299885643e-15
3496,0,0,3496,2.2343115203291e-11,1.1032225208201e-05,2.2096947697388e-13,-2.4808526918742e-15
3497,0,0,3497,2.2345601612286e-11,1.1031001921481e-05,2.2141489635482e-13,-2.486408995396e-15
3498,0,0,3498,2.2348093581091e-11,1.1029776173899e-05,2.2186031232853e-13,-2.4919688051812e-15
3499,0,0,3499,2.2350591113221e-11,1.1028547965474e-05,2.2230572488644e-13,-2.4975321301998e-15
3500,0,0,3500,2.2353094212201e-11,1.1027317296225e-05,2.2275113401933e-13,-2.5030989794568e-15
3501,0,0,3501,2.2355602881563e-11,1.1026084166172e-05,2.2319653971924e-13,-2.5086693619481e-15
3502,0,0,3502,2.235811712485e-11,1.1024848575332e-05,2.2364194197665e-13,-2.5142432866981e-15
3503,0,0,3503,2.2360636945612e-11,1.1023610523726e-05,2.24087340783e-13,-2.5198207627348e-15
3504,0,0,3504,2.2363162347411e-11,1.1022370011371e-05,2.2453273612907e-13,-2.5254017991022e-15
3505,0,0,3505,2.2365693333816e-11,1.1021127038288e-05,2.2497812800628e-13,-2.5309864048639e-15
3506,0,0,3506,2.2368229908405e-11,1.1019881604496e-05,2.2542351640604e-13,-2.53657458908e-15
3507,0,0,3507,2.2370772074766e-11,1.1018633710014e-05,2.2586890131916e-13,-2.542166360843e-15
3508,0,0,3508,2.2373319836495e-11,1.101738335486e-05,2.2631428273675e-13,-2.5477617292423e-15
3509,0,0,3509,2.2375873197199e-11,1.1016130539056e-05,2.2675966064991e-13,-2.5533607033962e-15
3510,0,0,3510,2.2378432160491e-11,1.1014875262619e-05,2.2720503504975e-13,-2.5589632924166e-15
3511,0,0,3511,2.2380996729997e-11,1.101361752557e-05,2.2765040592707e-13,-2.5645695054477e-15
3512,0,0,3512,2.2383566909348e-11,1.1012357327927e-05,2.2809577327359e-13,-2.5701793516338e-15
3513,0,0,3513,2.2386142702188e-11,1.1011094669711e-05,2.2854113707981e-13,-2.5757928401385e-15
3514,0,0,3514,2.2388724112169e-11,1.1009829550941e-05,2.2898649733684e-13,-2.5814099801415e-15
3515,0,0,3515,2.2391311142949e-11,1.1008561971637e-05,2.2943185403547e-13,-2.5870307808258e-15
3516,0,0,3516,2.2393903798201e-11,1.1007291931819e-05,2.2987720716712e-13,-2.5926552513939e-15
3517,0,0,3517,2.2396502081602e-11,1.1006019431505e-05,2.303225567229e-13,-2.5982834010675e-15
3518,0,0,3518,2.2399105996841e-11,1.1004744470717e-05,2.3076790269299e-13,-2.6039152390683e-15
3519,0,0,3519,2.2401715547616e-11,1.1003467049474e-05,2.3121324506913e-13,-2.6095507746472e-15
3520,0,0,3520,2.2404330737633e-11,1.1002187167795e-05,2.316585838421e-13,-2.6151900170584e-15
3521,0,0,3521,2.2406951570608e-11,1.1000904825701e-05,2.3210391900241e-13,-2.6208329755623e-15
3522,0,0,3522,2.2409578050268e-11,1.0999620023212e-05,2.3254925054146e-13,-2.626479659455e-15
3523,0,0,3523,2.2412210180346e-11,1.0998332760347e-05,2.3299457844976e-13,-2.6321300780294e-15
3524,0,0,3524,2.2414847964586e-11,1.0997043037128e-05,2.3343990271871e-13,-2.6377842405913e-15
3525,0,0,3525,2.2417491406743e-11,1.0995750853574e-05,2.3388522333881e-13,-2.6434421564723e-15
3526,0,0,3526,2.2420140510578e-11,1.0994456209705e-05,2.3433054030056e-13,-2.6491038350105e-15
3527,0,0,3527,2.2422795279863e-11,1.0993159105541e-05,2.3477585359599e-13,-2.654769285557e-15
3528,0,0,3528,2.2425455718381e-11,1.0991859541103e-05,2.3522116321435e-13,-2.6604385174723e-15
3529,0,0,3529,2.2428121829921e-11,1.0990557516412e-05,2.35666469148e-13,-2.6661115401431e-15
3530,0,0,3530,2.2430793618284e-11,1.0989253031487e-05,2.3611177138649e-13,-2.6717883629625e-15
3531,0,0,3531,2.2433471087279e-11,1.0987946086349e-05,2.3655706992156e-13,-2.6774689953363e-15
3532,0,0,3532,2.2436154240726e-11,1.0986636681019e-05,2.3700236474308e-13,-2.6831534466899e-15
3533,0,0,3533,2.2438843082452e-11,1.0985324815518e-05,2.3744765584308e-13,-2.6888417264551e-15
3534,0,0,3534,2.2441537616296e-11,1.0984010489864e-05,2.3789294321082e-13,-2.6945338440863e-15
3535,0,0,3535,2.2444237846106e-11,1.0982693704081e-05,2.3833822683835e-13,-2.7002298090476e-15
3536,0,0,3536,2.2446943775736e-11,1.0981374458187e-05,2.3878350671553e-13,-2.7059296308161e-15
3537,0,0,3537,2.2449655409055e-11,1.0980052752205e-05,2.3922878283318e-13,-2.7116333188817e-15
3538,0,0,3538,2.2452372749938e-11,1.0978728586154e-05,2.3967405518208e-13,-2.717340882757e-15
3539,0,0,3539,2.245509580227e-11,1.0977401960056e-05,2.4011932375366e-13,-2.7230523319578e-15
3540,0,0,3540,2.2457824569946e-11,1.0976072873931e-05,2.4056458853719e-13,-2.7287676760322e-15
3541,0,0,3541,2.246055905687e-11,1.0974741327802e-05,2.4100984952437e-13,-2.7344869245122e-15
3542,0,0,3542,2.2463299266957e-11,1.0973407321687e-05,2.4145510670541e-13,-2.7402100869782e-15
3543,0,0,3543,2.246604520413e-11,1.0972070855609e-05,2.419003600708e-13,-2.7459371729977e-15
3544,0,0,3544,2.2468796872323e-11,1.0970731929589e-05,2.4234560961195e-13,-2.7516681921771e-15
3545,0,0,3545,2.2471554275477e-11,1.0969390543648e-05,2.4279085531813e-13,-2.7574031541128e-15
3546,0,0,3546,2.2474317417545e-11,1.0968046697808e-05,2.4323609718136e-13,-2.7631420684338e-15
3547,0,0,3547,2.247708630249e-11,1.0966700392088e-05,2.4368133519123e-13,-2.7688849447787e-15
3548,0,0,3548,2.2479860934283e-11,1.0965351626512e-05,2.4412656933822e-13,-2.7746317927957e-15
3549,0,0,3549,2.2482641316905e-11,1.09640004011e-05,2.4457179961376e-13,-2.7803826221558e-15
3550,0,0,3550,2.2485427454347e-11,1.0962646715873e-05,2.450170260071e-13,-2.7861374425364e-15
3551,0,0,3551,2.2488219350611e-11,1.0961290570854e-05,2.4546224851028e-13,-2.7918962636406e-15
3552,0,0,3552,2.2491017009706e-11,1.0959931966063e-05,2.4590746711226e-13,-2.7976590951782e-15
3553,0,0,3553,2.2493820435653e-11,1.0958570901523e-05,2.4635268180476e-13,-2.8034259468685e-15
3554,0,0,3554,2.2496629632482e-11,1.0957207377254e-05,2.4679789257705e-13,-2.8091968284599e-15
3555,0,0,3555,2.2499444604231e-11,1.095584139328e-05,2.4724309942084e-13,-2.8149717497139e-15
3556,0,0,3556,2.2502265354952e-11,1.095447294962e-05,2.4768830232541e-13,-2.8207507203885e-15
3557,0,0,3557,2.2505091888702e-11,1.0953102046298e-05,2.4813350128217e-13,-2.826533750284e-15
3558,0,0,3558,2.2507924209551e-11,1.0951728683335e-05,2.485786962807e-13,-2.8323208491908e-15
3559,0,0,3559,2.2510762321578e-11,1.0950352860754e-05,2.490238873118e-13,-2.8381120269381e-15
3560,0,0,3560,2.2513606228871e-11,1.0948974578575e-05,2.4946907436565e-13,-2.8439072933454e-15
3561,0,0,3561,2.251645593553e-11,1.0947593836821e-05,2.4991425743306e-13,-2.8497066582712e-15
3562,0,0,3562,2.2519311445661e-11,1.0946210635514e-05,2.5035943650359e-13,-2.8555101315703e-15
3563,0,0,3563,2.2522172763384e-11,1.0944824974677e-05,2.5080461156837e-13,-2.8613177231239e-15
3564,0,0,3564,2.2525039892827e-11,1.0943436854331e-05,2.5124978261696e-13,-2.8671294428322e-15
3565,0,0,3565,2.2527912838128e-11,1.0942046274499e-05,2.5169494964047e-13,-2.8729453005923e-15
3566,0,0,3566,2.2530791603434e-11,1.0940653235203e-05,2.5214011262818e-13,-2.8787653063368e-15
3567,0,0,3567,2.2533676192904e-11,1.0939257736465e-05,2.5258527157117e-13,-2.8845894700049e-15
3568,0,0,3568,2.2536566610706e-11,1.0937859778307e-05,2.5303042645966e-13,-2.8904178015484e-15
3569,0,0,3569,2.2539462861017e-11,1.0936459360753e-05,2.534755772829e-13,-2.8962503109486e-15
3570,0,0,3570,2.2542364948025e-11,1.0935056483825e-05,2.5392072403261e-13,-2.90208700818e-15
3571,0,0,3571,2.2545272875928e-11,1.0933651147545e-05,2.5436586669776e-13,-2.9079279032529e-15
3572,0,0,3572,2.2548186648934e-11,1.0932243351936e-05,2.5481100526914e-13,-2.9137730061871e-15
3573,0,0,3573,2.2551106271261e-11,1.093083309702e-05,2.5525613973634e-13,-2.919622327009e-15
3574,0,0,3574,2.2554031747137e-11,1.0929420382821e-05,2.5570127009046e-13,-2.9254758757804e-15
3575,0,0,3575,2.25569630808e-11,1.092800520936e-05,2.5614639632107e-13,-2.9313336625599e-15
3576,0,0,3576,2.2559900276497e-11,1.0926587576662e-05,2.5659151841806e-13,-2.9371956974257e-15
3577,0,0,3577,2.2562843338488e-11,1.0925167484748e-05,2.5703663637161e-13,-2.9430619904912e-15
3578,0,0,3578,2.2565792271039e-11,1.0923744933642e-05,2.5748175017222e-13,-2.9489325518539e-15
3579,0,0,3579,2.2568747078431e-11,1.0922319923367e-05,2.5792685980977e-13,-2.9548073916501e-15
3580,0,0,3580,2.2571707764951e-11,1.0920892453946e-05,2.5837196527414e-13,-2.9606865200351e-15
3581,0,0,3581,2.2574674334898e-11,1.0919462525401e-05,2.5881706655583e-13,-2.9665699471583e-15
3582,0,0,3582,2.2577646792581e-11,1.0918030137757e-05,2.5926216364379e-13,-2.9724576832043e-15
3583,0,0,3583,2.258062514232e-11,1.0916595291035e-05,2.5970725652914e-13,-2.9783497383737e-15
3584,0,0,3584,2.2583609388443e-11,1.0915157985261e-05,2.6015234520176e-13,-2.9842461228644e-15
3585,0,0,3585,2.258659953529e-11,1.0913718220456e-05,2.6059742965091e-13,-2.990146846919e-15
3586,0,0,3586,2.258959558721e-11,1.0912275996645e-05,2.6104250986739e-13,-2.996051920774e-15
3587,0,0,3587,2.2592597548565e-11,1.091083131385e-05,2.6148758584017e-13,-3.0019613546915e-15
3588,0,0,3588,2.2595605423724e-11,1.0909384172096e-05,2.6193265756005e-13,-3.0078751589467e-15
3589,0,0,3589,2.2598619217068e-11,1.0907934571405e-05,2.6237772501661e-13,-3.0137933438373e-15
3590,0,0,3590,2.2601638932988e-11,1.0906482511802e-05,2.6282278820002e-13,-3.0197159196741e-15
3591,0,0,3591,2.2604664575884e-11,1.0905027993309e-05,2.6326784709926e-13,-3.0256428967837e-15
3592,0,0,3592,2.260769615017e-11,1.0903571015952e-05,2.6371290170512e-13,-3.0315742855029e-15
3593,0,0,3593,2.2610733660266e-11,1.0902111579753e-05,2.6415795200718e-13,-3.0375100962036e-15
3594,0,0,3594,2.2613777110605e-11,1.0900649684736e-05,2.6460299799502e-13,-3.0434503392579e-15
3595,0,0,3595,2.261682650563e-11,1.0899185330926e-05,2.6504803965881e-13,-3.0493950250572e-15
3596,0,0,3596,2.2619881849794e-11,1.0897718518346e-05,2.6549307698814e-13,-3.055344164019e-15
3597,0,0,3597,2.2622943147561e-11,1.089624924702e-05,2.6593810997258e-13,-3.0612977665636e-15
3598,0,0,3598,2.2626010403404e-11,1.0894777516973e-05,2.6638313860232e-13,-3.0672558431472e-15
3599,0,0,3599,2.2629083621808e-11,1.0893303328228e-05,2.6682816286663e-13,-3.0732184042195e-15
3600,0,0,3600,2.2632162807269e-11,1.0891826680809e-05,2.6727318275569e-13,-3.0791854602719e-15
3601,0,0,3601,2.263524796429e-11,1.0890347574741e-05,2.6771819825908e-13,-3.0851570217898e-15
3602,0,0,3602,2.263833909739e-11,1.0888866010049e-05,2.6816320936638e-13,-3.0911330992937e-15
3603,0,0,3603,2.2641436211093e-11,1.0887381986755e-05,2.6860821606684e-13,-3.0971137033174e-15
3604,0,0,3604,2.2644539309937e-11,1.0885895504886e-05,2.6905321835098e-13,-3.1030988443976e-15
3605,0,0,3605,2.264764839847e-11,1.0884406564465e-05,2.6949821620804e-13,-3.1090885331133e-15
3606,0,0,3606,2.2650763481251e-11,1.0882915165517e-05,2.6994320962732e-13,-3.1150827800368e-15
3607,0,0,3607,2.2653884562846e-11,1.0881421308066e-05,2.7038819859867e-13,-3.1210815957761e-15
3608,0,0,3608,2.2657011647837e-11,1.0879924992137e-05,2.7083318311199e-13,-3.1270849909424e-15
3609,0,0,3609,2.2660144740813e-11,1.0878426217755e-05,2.7127816315655e-13,-3.1330929761792e-15
3610,0,0,3610,2.2663283846376e-11,1.0876924984945e-05,2.717231387216e-13,-3.1391055621331e-15
3611,0,0,3611,2.2666428969135e-11,1.087542129373e-05,2.7216810979704e-13,-3.1451227594735e-15
3612,0,0,3612,2.2669580113714e-11,1.0873915144137e-05,2.7261307637244e-13,-3.1511445788957e-15
3613,0,0,3613,2.2672737284745e-11,1.087240653619e-05,2.7305803843737e-13,-3.1571710311044e-15
3614,0,0,3614,2.2675900486872e-11,1.0870895469914e-05,2.7350299598049e-13,-3.1632021268175e-15
3615,0,0,3615,2.2679069724749e-11,1.0869381945334e-05,2.7394794899229e-13,-3.1692378767786e-15
3616,0,0,3616,2.268224500304e-11,1.0867865962475e-05,2.7439289746173e-13,-3.1752782917573e-15
3617,0,0,3617,2.2685426326423e-11,1.0866347521362e-05,2.7483784137839e-13,-3.1813233825165e-15
3618,0,0,3618,2.2688613699583e-11,1.0864826622021e-05,2.7528278073154e-13,-3.1873731598646e-15
3619,0,0,3619,2.2691807127217e-11,1.0863303264477e-05,2.7572771551045e-13,-3.1934276346034e-15
3620,0,0,3620,2.2695006614035e-11,1.0861777448755e-05,2.7617264570437e-13,-3.1994868175767e-15
3621,0,0,3621,2.2698212164755e-11,1.086024917488e-05,2.7661757130351e-13,-3.2055507196251e-15
3622,0,0,3622,2.2701423784106e-11,1.0858718442878e-05,2.7706249229651e-13,-3.2116193516215e-15
3623,0,0,3623,2.2704641476831e-11,1.0857185252775e-05,2.7750740867233e-13,-3.2176927244517e-15
3624,0,0,3624,2.270786524768e-11,1.0855649604596e-05,2.7795232042118e-13,-3.2237708490209e-15
3625,0,0,3625,2.2711095101416e-11,1.0854111498367e-05,2.7839722753169e-13,-3.2298537362505e-15
3626,0,0,3626,2.2714331042813e-11,1.0852570934113e-05,2.7884212999314e-13,-3.2359413970845e-15
3627,0,0,3627,2.2717573076655e-11,1.085102791186e-05,2.792870277951e-13,-3.2420338424766e-15
3628,0,0,3628,2.2720821207739e-11,1.0849482431633e-05,2.7973192092684e-13,-3.2481310834159e-15
3629,0,0,3629,2.272407544087e-11,1.084793449346e-05,2.8017680937702e-13,-3.2542331308918e-15
3630,0,0,3630,2.2727335780866e-11,1.0846384097365e-05,2.8062169313521e-13,-3.2603399959225e-15
3631,0,0,3631,2.2730602232555e-11,1.0844831243375e-05,2.8106657219037e-13,-3.2664516895425e-15
3632,0,0,3632,2.2733874800778e-11,1.0843275931516e-05,2.8151144653207e-13,-3.2725682228023e-15
3633,0,0,3633,2.2737153490385e-11,1.0841718161814e-05,2.8195631614929e-13,-3.2786896067785e-15
3634,0,0,3634,2.2740438306237e-11,1.0840157934294e-05,2.8240118103066e-13,-3.2848158525573e-15
3635,0,0,3635,2.2743729253209e-11,1.0838595248984e-05,2.8284604116547e-13,-3.2909469712538e-15
3636,0,0,3636,2.2747026336183e-11,1.0837030105909e-05,2.8329089654359e-13,-3.2970829739897e-15
3637,0,0,3637,2.2750329560055e-11,1.0835462505096e-05,2.8373574715275e-13,-3.3032238719224e-15
3638,0,0,3638,2.2753638929731e-11,1.0833892446571e-05,2.8418059298285e-13,-3.3093696762058e-15
3639,0,0,3639,2.2756954450129e-11,1.0832319930361e-05,2.8462543402314e-13,-3.3155203980391e-15
3640,0,0,3640,2.2760276126177e-11,1.0830744956492e-05,2.8507027026136e-13,-3.3216760486152e-15
3641,0,0,3641,2.2763603962817e-11,1.0829167524991e-05,2.8551510168801e-13,-3.3278366391688e-15
3642,0,0,3642,2.2766937964998e-11,1.0827587635885e-05,2.8595992829112e-13,-3.3340021809348e-15
3643,0,0,3643,2.2770278137683e-11,1.0826005289199e-05,2.8640475005997e-13,-3.3401726851835e-15
3644,0,0,3644,2.2773624485846e-11,1.0824420484962e-05,2.8684956698291e-13,-3.3463481631916e-15
3645,0,0,3645,2.2776977014472e-11,1.0822833223199e-05,2.8729437904981e-13,-3.3525286262619e-15
3646,0,0,3646,2.2780335728558e-11,1.0821243503938e-05,2.8773918624872e-13,-3.3587140857195e-15
3647,0,0,3647,2.2783700633111e-11,1.0819651327206e-05,2.881839885689e-13,-3.3649045528995e-15
3648,0,0,3648,2.278707173315e-11,1.0818056693029e-05,2.8862878599901e-13,-3.3711000391659e-15
3649,0,0,3649,2.2790449033706e-11,1.0816459601435e-05,2.8907357852801e-13,-3.3773005558989e-15
3650,0,0,3650,2.279383253982e-11,1.0814860052451e-05,2.8951836614456e-13,-3.3835061144916e-15
3651,0,0,3651,2.2797222256547e-11,1.0813258046103e-05,2.8996314883762e-13,-3.3897167263758e-15
3652,0,0,3652,2.280061818895e-11,1.0811653582421e-05,2.9040792659614e-13,-3.3959324029804e-15
3653,0,0,3653,2.2804020342105e-11,1.0810046661429e-05,2.9085269940787e-13,-3.4021531557661e-15
3654,0,0,3654,2.2807428721102e-11,1.0808437283157e-05,2.9129746726299e-13,-3.4083789962167e-15
3655,0,0,3655,2.2810843331037e-11,1.0806825447631e-05,2.9174223014893e-13,-3.4146099358287e-15
3656,0,0,3656,2.2814264177024e-11,1.080521115488e-05,2.9218698805496e-13,-3.4208459861179e-15
3657,0,0,3657,2.2817691264182e-11,1.080359440493e-05,2.9263174096973e-13,-3.4270871586325e-15
3658,0,0,3658,2.2821124597647e-11,1.0801975197809e-05,2.930764888819e-13,-3.4333334649209e-15
3659,0,0,3659,2.2824564182564e-11,1.0800353533545e-05,2.9352123177982e-13,-3.4395849165732e-15
3660,0,0,3660,2.2828010024089e-11,1.0798729412166e-05,2.9396596965244e-13,-3.4458415251828e-15
3661,0,0,3661,2.2831462127391e-11,1.0797102833699e-05,2.9441070248843e-13,-3.4521033023723e-15
3662,0,0,3662,2.2834920497651e-11,1.0795473798172e-05,2.9485543027552e-13,-3.4583702597772e-15
3663,0,0,3663,2.283838514006e-11,1.0793842305614e-05,2.9530015300297e-13,-3.4646424090717e-15
3664,0,0,3664,2.2841856059822e-11,1.0792208356053e-05,2.9574487065944e-13,-3.4709197619235e-15
3665,0,0,3665,2.2845333262152e-11,1.0790571949515e-05,2.9618958323266e-13,-3.4772023300457e-15
3666,0,0,3666,2.2848816752277e-11,1.0788933086031e-05,2.9663429071222e-13,-3.4834901251513e-15
3667,0,0,3667,2.2852306535436e-11,1.0787291765627e-05,2.9707899308553e-13,-3.489783158992e-15
3668,0,0,3668,2.285580261688e-11,1.0785647988332e-05,2.9752369034126e-13,-3.4960814433293e-15
3669,0,0,3669,2.285930500187e-11,1.0784001754175e-05,2.9796838246836e-13,-3.5023849899474e-15
3670,0,0,3670,2.286281369568e-11,1.0782353063184e-05,2.9841306945488e-13,-3.5086938106529e-15
3671,0,0,3671,2.2866328703597e-11,1.0780701915386e-05,2.9885775128886e-13,-3.5150079172751e-15
3672,0,0,3672,2.2869850030919e-11,1.0779048310812e-05,2.9930242795925e-13,-3.5213273216564e-15
3673,0,0,3673,2.2873377682955e-11,1.0777392249489e-05,2.997470994538e-13,-3.5276520356745e-15
3674,0,0,3674,2.2876911665026e-11,1.0775733731446e-05,3.0019176576147e-13,-3.5339820712136e-15
3675,0,0,3675,2.2880451982466e-11,1.0774072756712e-05,3.0063642686999e-13,-3.5403174401839e-15
3676,0,0,3676,2.2883998640621e-11,1.0772409325316e-05,3.0108108276801e-13,-3.5466581545214e-15
3677,0,0,3677,2.2887551644847e-11,1.0770743437286e-05,3.0152573344327e-13,-3.5530042261781e-15
3678,0,0,3678,2.2891111000514e-11,1.0769075092651e-05,3.0197037888443e-13,-3.5593556671287e-15
3679,0,0,3679,2.2894676713003e-11,1.0767404291441e-05,3.0241501907983e-13,-3.565712489374e-15
3680,0,0,3680,2.2898248787708e-11,1.0765731033684e-05,3.0285965401721e-13,-3.5720747049273e-15
3681,0,0,3681,2.2901827230034e-11,1.0764055319409e-05,3.0330428368492e-13,-3.578442325828e-15
3682,0,0,3682,2.2905412045398e-11,1.0762377148646e-05,3.037489080713e-13,-3.5848153641414e-15
3683,0,0,3683,2.290900323923e-11,1.0760696521424e-05,3.041935271641e-13,-3.5911938319455e-15
3684,0,0,3684,2.2912600816972e-11,1.0759013437773e-05,3.0463814095134e-13,-3.5975777413508e-15
3685,0,0,3685,2.2916204784076e-11,1.0757327897721e-05,3.0508274942169e-13,-3.6039671044742e-15
3686,0,0,3686,2.291981514601e-11,1.0755639901298e-05,3.0552735256288e-13,-3.6103619334778e-15
3687,0,0,3687,2.292343190825e-11,1.0753949448533e-05,3.0597195036296e-13,-3.6167622405174e-15
3688,0,0,3688,2.2927055076288e-11,1.0752256539457e-05,3.0641654280934e-13,-3.6231680377938e-15
3689,0,0,3689,2.2930684655625e-11,1.0750561174098e-05,3.0686112989131e-13,-3.6295793375176e-15
3690,0,0,3690,2.2934320651777e-11,1.0748863352487e-05,3.0730571159567e-13,-3.6359961519254e-15
3691,0,0,3691,2.2937963070271e-11,1.0747163074654e-05,3.0775028791047e-13,-3.6424184932793e-15
3692,0,0,3692,2.2941611916644e-11,1.0745460340627e-05,3.0819485882466e-13,-3.6488463738515e-15
3693,0,0,3693,2.294526719645e-11,1.0743755150437e-05,3.0863942432476e-13,-3.6552798059494e-15
3694,0,0,3694,2.2948928915252e-11,1.0742047504115e-05,3.0908398439973e-13,-3.6617188019031e-15
3695,0,0,3695,2.2952597078626e-11,1.0740337401689e-05,3.0952853903699e-13,-3.6681633740495e-15
3696,0,0,3696,2.2956271692161e-11,1.073862484319e-05,3.0997308822367e-13,-3.674613534767e-15
3697,0,0,3697,2.2959952761458e-11,1.0736909828649e-05,3.1041763194934e-13,-3.6810692964472e-15
3698,0,0,3698,2.2963640292129e-11,1.0735192358096e-05,3.1086217019991e-13,-3.687530671501e-15
3699,0,0,3699,2.2967334289801e-11,1.073347243156e-05,3.1130670296401e-13,-3.6939976723653e-15
3700,0,0,3700,2.2971034760113e-11,1.0731750049073e-05,3.1175123022969e-13,-3.7004703115091e-15
3701,0,0,3701,2.2974741708714e-11,1.0730025210664e-05,3.1219575198409e-13,-3.7069486014081e-15
3702,0,0,3702,2.2978455141269e-11,1.0728297916364e-05,3.1264026821523e-13,-3.7134325545668e-15
3703,0,0,3703,2.2982175063452e-11,1.0726568166205e-05,3.1308477891054e-13,-3.7199221835222e-15
3704,0,0,3704,2.2985901480953e-11,1.0724835960215e-05,3.1352928405777e-13,-3.7264175008209e-15
3705,0,0,3705,2.2989634399472e-11,1.0723101298427e-05,3.1397378364433e-13,-3.7329185190388e-15
3706,0,0,3706,2.2993373824723e-11,1.0721364180871e-05,3.1441827765858e-13,-3.7394252507708e-15
3707,0,0,3707,2.2997119762432e-11,1.0719624607578e-05,3.1486276608734e-13,-3.7459377086445e-15
3708,0,0,3708,2.3000872218337e-11,1.0717882578578e-05,3.1530724891833e-13,-3.752455905297e-15
3709,0,0,3709,2.300463119819e-11,1.0716138093903e-05,3.1575172613898e-13,-3.7589798534041e-15
3710,0,0,3710,2.3008396707756e-11,1.0714391153584e-05,3.1619619773734e-13,-3.7655095656547e-15
3711,0,0,3711,2.3012168752811e-11,1.0712641757652e-05,3.1664066370054e-13,-3.7720450547537e-15
3712,0,0,3712,2.3015947339144e-11,1.0710889906138e-05,3.1708512401537e-13,-3.7785863334578e-15
3713,0,0,3713,2.3019732472559e-11,1.0709135599074e-05,3.1752957867081e-13,-3.7851334145076e-15
3714,0,0,3714,2.3023524158869e-11,1.070737883649e-05,3.1797402765275e-13,-3.7916863107082e-15
3715,0,0,3715,2.3027322403904e-11,1.0705619618419e-05,3.1841847094924e-13,-3.7982450348519e-15
3716,0,0,3716,2.3031127213504e-11,1.0703857944891e-05,3.18862908548e-13,-3.8048095997824e-15
3717,0,0,3717,2.3034938593522e-11,1.0702093815938e-05,3.1930734043585e-13,-3.8113800183535e-15
3718,0,0,3718,2.3038756549826e-11,1.0700327231592e-05,3.1975176659991e-13,-3.8179563034413e-15
3719,0,0,3719,2.3042581088294e-11,1.0698558191885e-05,3.2019618702854e-13,-3.8245384679577e-15
3720,0,0,3720,2.3046412214819e-11,1.0696786696848e-05,3.2064060170763e-13,-3.8311265248273e-15
3721,0,0,3721,2.3050249935306e-11,1.0695012746513e-05,3.2108501062521e-13,-3.8377204870007e-15
3722,0,0,3722,2.3054094255673e-11,1.0693236340912e-05,3.2152941376872e-13,-3.8443203674576e-15
3723,0,0,3723,2.3057945181852e-11,1.0691457480077e-05,3.2197381112467e-13,-3.8509261791968e-15
3724,0,0,3724,2.3061802719788e-11,1.068967616404e-05,3.2241820268079e-13,-3.8575379352466e-15
3725,0,0,3725,2.3065666875436e-11,1.0687892392833e-05,3.2286258842389e-13,-3.8641556486576e-15
3726,0,0,3726,2.3069537654769e-11,1.0686106166489e-05,3.233069683411e-13,-3.8707793324967e-15
3727,0,0,3727,2.3073415063769e-11,1.0684317485039e-05,3.2375134242015e-13,-3.8774089998728e-15
3728,0,0,3728,2.3077299108432e-11,1.0682526348516e-05,3.2419571064695e-13,-3.884044663898e-15
3729,0,0,3729,2.308118979477e-11,1.0680732756953e-05,3.2464007300982e-13,-3.8906863377295e-15
3730,0,0,3730,2.3085087128805e-11,1.0678936710381e-05,3.2508442949499e-13,-3.8973340345378e-15
3731,0,0,3731,2.3088991116572e-11,1.0677138208833e-05,3.2552878008956e-13,-3.9039877675189e-15
3732,0,0,3732,2.3092901764122e-11,1.0675337252343e-05,3.2597312478036e-13,-3.9106475498915e-15
3733,0,0,3733,2.3096819077517e-11,1.0673533840942e-05,3.2641746355511e-13,-3.91731339491e-15
3734,0,0,3734,2.3100743062833e-11,1.0671727974664e-05,3.2686179640003e-13,-3.9239853158447e-15
3735,0,0,3735,2.3104673726159e-11,1.066991965354e-05,3.2730612330223e-13,-3.9306633259887e-15
3736,0,0,3736,2.3108611073598e-11,1.0668108877605e-05,3.2775044424823e-13,-3.9373474386673e-15
3737,0,0,3737,2.3112555111265e-11,1.0666295646891e-05,3.2819475922574e-13,-3.9440376672318e-15
3738,0,0,3738,2.311650584529e-11,1.0664479961432e-05,3.2863906822068e-13,-3.9507340250496e-15
3739,0,0,3739,2.3120463281815e-11,1.0662661821259e-05,3.2908337122047e-13,-3.9574365255203e-15
3740,0,0,3740,2.3124427426997e-11,1.0660841226407e-05,3.2952766821132e-13,-3.9641451820694e-15
3741,0,0,3741,2.3128398287006e-11,1.0659018176909e-05,3.2997195918064e-13,-3.9708600081484e-15
3742,0,0,3742,2.3132375868023e-11,1.0657192672798e-05,3.3041624411495e-13,-3.9775810172248e-15
3743,0,0,3743,2.3136360176246e-11,1.0655364714107e-05,3.3086052300045e-13,-3.984308222808e-15
3744,0,0,3744,2.3140351217884e-11,1.0653534300871e-05,3.3130479582426e-13,-3.9910416384174e-15
3745,0,0,3745,2.3144348999162e-11,1.0651701433121e-05,3.317490625729e-13,-3.9977812776109e-15
3746,0,0,3746,2.3148353526316e-11,1.0649866110894e-05,3.3219332323347e-13,-4.0045271539595e-15
3747,0,0,3747,2.3152364805597e-11,1.0648028334221e-05,3.3263757779158e-13,-4.0112792810697e-15
3748,0,0,3748,2.3156382843269e-11,1.0646188103137e-05,3.3308182623495e-13,-4.0180376725769e-15
3749,0,0,3749,2.3160407645611e-11,1.0644345417675e-05,3.3352606854918e-13,-4.024802342133e-15
3750,0,0,3750,2.3164439218915e-11,1.064250027787e-05,3.3397030472107e-13,-4.0315733034187e-15
3751,0,0,3751,2.3168477569485e-11,1.0640652683755e-05,3.3441453473715e-13,-4.0383505701406e-15
3752,0,0,3752,2.3172522703641e-11,1.0638802635365e-05,3.3485875858421e-13,-4.045134156041e-15
3753,0,0,3753,2.3176574627716e-11,1.0636950132734e-05,3.3530297624848e-13,-4.0519240748749e-15
3754,0,0,3754,2.3180633348056e-11,1.0635095175896e-05,3.3574718771583e-13,-4.058720340433e-15
3755,0,0,3755,2.3184698871023e-11,1.0633237764885e-05,3.3619139297339e-13,-4.0655229665253e-15
3756,0,0,3756,2.318877120299e-11,1.0631377899736e-05,3.3663559200737e-13,-4.0723319669975e-15
3757,0,0,3757,2.3192850350346e-11,1.0629515580483e-05,3.3707978480365e-13,-4.0791473557112e-15
3758,0,0,3758,2.3196936319492e-11,1.062765080716e-05,3.3752397134906e-13,-4.0859691465702e-15
3759,0,0,3759,2.3201029116846e-11,1.0625783579803e-05,3.3796815162949e-13,-4.092797353488e-15
3760,0,0,3760,2.3205128748836e-11,1.0623913898446e-05,3.3841232563176e-13,-4.0996319904102e-15
3761,0,0,3761,2.3209235221907e-11,1.0622041763124e-05,3.3885649334113e-13,-4.1064730713182e-15
3762,0,0,3762,2.3213348542518e-11,1.0620167173871e-05,3.3930065474506e-13,-4.1133206102126e-15
3763,0,0,3763,2.3217468717139e-11,1.0618290130723e-05,3.3974480982819e-13,-4.1201746211201e-15
3764,0,0,3764,2.3221595752257e-11,1.0616410633714e-05,3.4018895857859e-13,-4.1270351180993e-15
3765,0,0,3765,2.3225729654372e-11,1.061452868288e-05,3.4063310098029e-13,-4.1339021152318e-15
3766,0,0,3766,2.3229870429999e-11,1.0612644278256e-05,3.4107723702103e-13,-4.1407756266314e-15
3767,0,0,3767,2.3234018085665e-11,1.0610757419876e-05,3.415213666858e-13,-4.1476556664344e-15
3768,0,0,3768,2.3238172627914e-11,1.0608868107777e-05,3.419654899614e-13,-4.1545422488095e-15
3769,0,0,3769,2.3242334063302e-11,1.0606976341993e-05,3.4240960683312e-13,-4.1614353879448e-15
3770,0,0,3770,2.32465023984e-11,1.0605082122561e-05,3.4285371728778e-13,-4.1683350980705e-15
3771,0,0,3771,2.3250677639793e-11,1.0603185449515e-05,3.4329782131064e-13,-4.1752413934262e-15
3772,0,0,3772,2.3254859794082e-11,1.0601286322891e-05,3.4374191888793e-13,-4.1821542882938e-15
3773,0,0,3773,2.3259048867879e-11,1.0599384742725e-05,3.4418601000522e-13,-4.189073796981e-15
3774,0,0,3774,2.3263244867812e-11,1.0597480709053e-05,3.4463009464871e-13,-4.1959999338147e-15
3775,0,0,3775,2.3267447800526e-11,1.0595574221911e-05,3.4507417280431e-13,-4.2029327131607e-15
3776,0,0,3776,2.3271657672675e-11,1.0593665281334e-05,3.455182444576e-13,-4.2098721494043e-15
3777,0,0,3777,2.3275874490932e-11,1.0591753887358e-05,3.4596230959416e-13,-4.2168182569662e-15
3778,0,0,3778,2.3280098261982e-11,1.058984004002e-05,3.4640636820052e-13,-4.2237710502896e-15
3779,0,0,3779,2.3284328992526e-11,1.0587923739356e-05,3.4685042026164e-13,-4.2307305438536e-15
3780,0,0,3780,2.3288566689278e-11,1.0586004985401e-05,3.4729446576341e-13,-4.2376967521532e-15
3781,0,0,3781,2.3292811358968e-11,1.0584083778193e-05,3.4773850469143e-13,-4.2446696897221e-15
3782,0,0,3782,2.3297063008339e-11,1.0582160117767e-05,3.4818253703191e-13,-4.2516493711265e-15
3783,0,0,3783,2.330132164415e-11,1.0580234004161e-05,3.486265627698e-13,-4.2586358109487e-15
3784,0,0,3784,2.3305587273174e-11,1.057830543741e-05,3.4907058189071e-13,-4.2656290238066e-15
3785,0,0,3785,2.3309859902198e-11,1.0576374417551e-05,3.4951459438083e-13,-4.272629024347e-15
3786,0,0,3786,2.3314139538025e-11,1.0574440944622e-05,3.4995860022484e-13,-4.279635827246e-15
3787,0,0,3787,2.3318426187473e-11,1.0572505018658e-05,3.5040259940893e-13,-4.2866494472085e-15
3788,0,0,3788,2.3322719857372e-11,1.0570566639698e-05,3.5084659191808e-13,-4.2936698989689e-15
3789,0,0,3789,2.3327020554569e-11,1.0568625807776e-05,3.5129057773788e-13,-4.3006971972838e-15
3790,0,0,3790,2.3331328285926e-11,1.0566682522932e-05,3.5173455685422e-13,-4.307731356952e-15
3791,0,0,3791,2.3335643058319e-11,1.0564736785201e-05,3.5217852925147e-13,-4.3147723927949e-15
3792,0,0,3792,2.3339964878638e-11,1.0562788594622e-05,3.5262249491582e-13,-4.3218203196566e-15
3793,0,0,3793,2.3344293753791e-11,1.056083795123e-05,3.5306645383226e-13,-4.328875152423e-15
3794,0,0,3794,2.3348629690697e-11,1.0558884855065e-05,3.5351040598638e-13,-4.335936906006e-15
3795,0,0,3795,2.3352972696292e-11,1.0556929306162e-05,3.5395435136283e-13,-4.3430055953401e-15
3796,0,0,3796,2.3357322777527e-11,1.055497130456e-05,3.5439828994752e-13,-4.3500812353986e-15
3797,0,0,3797,2.3361679941369e-11,1.0553010850296e-05,3.548422217248e-13,-4.3571638411774e-15
3798,0,0,3798,2.3366044194796e-11,1.0551047943409e-05,3.552861466812e-13,-4.3642534277143e-15
3799,0,0,3799,2.3370415544806e-11,1.0549082583935e-05,3.5573006480044e-13,-4.3713500100569e-15
3800,0,0,3800,2.337479399841e-11,1.0547114771912e-05,3.5617397606844e-13,-4.3784536033045e-15
3801,0,0,3801,2.3379179562632e-11,1.0545144507379e-05,3.5661788047016e-13,-4.3855642225758e-15
3802,0,0,3802,2.3383572244515e-11,1.0543171790374e-05,3.5706177799028e-13,-4.3926818830152e-15
3803,0,0,3803,2.3387972051115e-11,1.0541196620934e-05,3.5750566861438e-13,-4.3998065998093e-15
3804,0,0,3804,2.3392378989503e-11,1.0539218999098e-05,3.5794955232683e-13,-4.4069383881672e-15
3805,0,0,3805,2.3396793066767e-11,1.0537238924904e-05,3.5839342911321e-13,-4.4140772633272e-15
3806,0,0,3806,2.3401214290007e-11,1.053525639839e-05,3.5883729895819e-13,-4.4212232405727e-15
3807,0,0,3807,2.3405642666342e-11,1.0533271419595e-05,3.5928116184644e-13,-4.4283763351968e-15
3808,0,0,3808,2.3410078202905e-11,1.0531283988558e-05,3.5972501776324e-13,-4.4355365625347e-15
3809,0,0,3809,2.3414520906843e-11,1.0529294105317e-05,3.6016886669296e-13,-4.4427039379572e-15
3810,0,0,3810,2.341897078532e-11,1.052730176991e-05,3.6061270862057e-13,-4.4498784768509e-15
3811,0,0,3811,2.3423427845514e-11,1.0525306982377e-05,3.6105654353136e-13,-4.4570601946546e-15
3812,0,0,3812,2.3427892094621e-11,1.0523309742756e-05,3.6150037140937e-13,-4.4642491068196e-15
3813,0,0,3813,2.343236353985e-11,1.0521310051086e-05,3.6194419223958e-13,-4.471445228833e-15
3814,0,0,3814,2.3436842188426e-11,1.0519307907406e-05,3.6238800600667e-13,-4.4786485762239e-15
3815,0,0,3815,2.3441328047591e-11,1.0517303311756e-05,3.628318126956e-13,-4.4858591645373e-15
3816,0,0,3816,2.34458211246e-11,1.0515296264174e-05,3.6327561228982e-13,-4.4930770093605e-15
3817,0,0,3817,2.3450321426726e-11,1.05132867647e-05,3.6371940477584e-13,-4.5003021263162e-15
3818,0,0,3818,2.3454828961257e-11,1.0511274813374e-05,3.6416319013618e-13,-4.5075345310369e-15
3819,0,0,3819,2.3459343735497e-11,1.0509260410234e-05,3.6460696835704e-13,-4.514774239213e-15
3820,0,0,3820,2.3463865756763e-11,1.050724355532e-05,3.6505073942156e-13,-4.5220212665514e-15
3821,0,0,3821,2.3468395032392e-11,1.0505224248671e-05,3.6549450331533e-13,-4.5292756288008e-15
3822,0,0,3822,2.3472931569734e-11,1.0503202490329e-05,3.6593826002209e-13,-4.5365373417293e-15
3823,0,0,3823,2.3477475376155e-11,1.0501178280331e-05,3.663820095262e-13,-4.5438064211503e-15
3824,0,0,3824,2.3482026459038e-11,1.0499151618719e-05,3.6682575181265e-13,-4.5510828828998e-15
3825,0,0,3825,2.3486584825781e-11,1.0497122505532e-05,3.6726948686488e-13,-4.5583667428525e-15
3826,0,0,3826,2.3491150483798e-11,1.049509094081e-05,3.6771321466816e-13,-4.565658016909e-15
3827,0,0,3827,2.3495723440519e-11,1.0493056924594e-05,3.6815693520563e-13,-4.572956721012e-15
3828,0,0,3828,2.350030370339e-11,1.0491020456922e-05,3.6860064846257e-13,-4.58026287113e-15
3829,0,0,3829,2.3504891279873e-11,1.0488981537837e-05,3.6904435442244e-13,-4.5875764832636e-15
3830,0,0,3830,2.3509486177446e-11,1.0486940167378e-05,3.6948805307019e-13,-4.5948975734524e-15
3831,0,0,3831,2.3514088403604e-11,1.0484896345586e-05,3.6993174438867e-13,-4.6022261577587e-15
3832,0,0,3832,2.3518697965857e-11,1.0482850072501e-05,3.7037542836376e-13,-4.6095622522865e-15
3833,0,0,3833,2.352331487173e-11,1.0480801348164e-05,3.7081910497768e-13,-4.6169058731789e-15
3834,0,0,3834,2.3527939128766e-11,1.0478750172616e-05,3.7126277421571e-13,-4.6242570365884e-15
3835,0,0,3835,2.3532570744525e-11,1.0476696545898e-05,3.717064360613e-13,-4.6316157587292e-15
3836,0,0,3836,2.3537209726581e-11,1.047464046805e-05,3.7215009049881e-13,-4.6389820558313e-15
3837,0,0,3837,2.3541856082525e-11,1.0472581939113e-05,3.7259373751168e-13,-4.6463559441606e-15
3838,0,0,3838,2.3546509819965e-11,1.0470520959129e-05,3.7303737708427e-13,-4.6537374400215e-15
3839,0,0,3839,2.3551170946525e-11,1.0468457528139e-05,3.7348100920002e-13,-4.6611265597475e-15
3840,0,0,3840,2.3555839469844e-11,1.0466391646184e-05,3.7392463384299e-13,-4.6685233197144e-15
3841,0,0,3841,2.3560515397581e-11,1.0464323313306e-05,3.7436825099724e-13,-4.6759277363171e-15
3842,0,0,3842,2.3565198737407e-11,1.0462252529545e-05,3.748118606459e-13,-4.683339825999e-15
3843,0,0,3843,2.3569889497012e-11,1.0460179294944e-05,3.7525546277333e-13,-4.6907596052262e-15
3844,0,0,3844,2.3574587684103e-11,1.0458103609544e-05,3.7569905736267e-13,-4.6981870905068e-15
3845,0,0,3845,2.3579293306401e-11,1.0456025473388e-05,3.7614264439798e-13,-4.7056222983811e-15
3846,0,0,3846,2.3584006371646e-11,1.0453944886515e-05,3.7658622386299e-13,-4.7130652454218e-15
3847,0,0,3847,2.3588726887595e-11,1.045186184897e-05,3.7702979574055e-13,-4.7205159482404e-15
3848,0,0,3848,2.3593454862018e-11,1.0449776360793e-05,3.7747336001532e-13,-4.7279744234775e-15
3849,0,0,3849,2.3598190302706e-11,1.0447688422027e-05,3.7791691666982e-13,-4.7354406878123e-15
3850,0,0,3850,2.3602933217464e-11,1.0445598032714e-05,3.783604656881e-13,-4.7429147579566e-15
3851,0,0,3851,2.3607683614114e-11,1.0443505192896e-05,3.7880400705362e-13,-4.7503966506607e-15
3852,0,0,3852,2.3612441500497e-11,1.0441409902615e-05,3.792475407492e-13,-4.7578863827008e-15
3853,0,0,3853,2.3617206884468e-11,1.0439312161915e-05,3.7969106675889e-13,-4.765383970905e-15
3854,0,0,3854,2.36219797739e-11,1.0437211970837e-05,3.8013458506583e-13,-4.772889432114e-15
3855,0,0,3855,2.3626760176683e-11,1.0435109329425e-05,3.8057809565347e-13,-4.7804027832303e-15
3856,0,0,3856,2.3631548100725e-11,1.043300423772e-05,3.8102159850462e-13,-4.7879240411592e-15
3857,0,0,3857,2.3636343553947e-11,1.0430896695767e-05,3.8146509360305e-13,-4.7954532228806e-15
3858,0,0,3858,2.3641146544293e-11,1.0428786703607e-05,3.8190858093126e-13,-4.8029903453711e-15
3859,0,0,3859,2.3645957079719e-11,1.0426674261284e-05,3.8235206047364e-13,-4.8105354256751e-15
3860,0,0,3860,2.3650775168199e-11,1.0424559368841e-05,3.8279553221207e-13,-4.8180884808469e-15
3861,0,0,3861,2.3655600817727e-11,1.0422442026321e-05,3.8323899613032e-13,-4.8256495279953e-15
3862,0,0,3862,2.3660434036312e-11,1.0420322233767e-05,3.8368245221152e-13,-4.8332185842619e-15
3863,0,0,3863,2.3665274831978e-11,1.0418199991223e-05,3.8412590043788e-13,-4.8407956668138e-15
3864,0,0,3864,2.3670123212771e-11,1.0416075298733e-05,3.8456934079345e-13,-4.8483807928668e-15
3865,0,0,3865,2.3674979186751e-11,1.0413948156339e-05,3.8501277326047e-13,-4.8559739796591e-15
3866,0,0,3866,2.3679842761995e-11,1.0411818564086e-05,3.8545619782205e-13,-4.8635752444841e-15
3867,0,0,3867,2.36847139466e-11,1.0409686522017e-05,3.8589961446165e-13,-4.8711846046607e-15
3868,0,0,3868,2.3689592748678e-11,1.0407552030176e-05,3.8634302316086e-13,-4.8788020775372e-15
3869,0,0,3869,2.3694479176358e-11,1.0405415088608e-05,3.8678642390343e-13,-4.8864276805135e-15
3870,0,0,3870,2.3699373237789e-11,1.0403275697355e-05,3.872298166722e-13,-4.8940614310184e-15
3871,0,0,3871,2.3704274941136e-11,1.0401133856463e-05,3.8767320144938e-13,-4.9017033465166e-15
3872,0,0,3872,2.370918429458e-11,1.0398989565976e-05,3.881165782181e-13,-4.9093534445177e-15
3873,0,0,3873,2.3714101306323e-11,1.0396842825938e-05,3.8855994696027e-13,-4.917011742554e-15
3874,0,0,3874,2.3719025984581e-11,1.0394693636392e-05,3.8900330765965e-13,-4.9246782582162e-15
3875,0,0,3875,2.372395833759e-11,1.0392541997385e-05,3.8944666029783e-13,-4.9323530091108e-15
3876,0,0,3876,2.3728898373603e-11,1.0390387908961e-05,3.8989000485764e-13,-4.9400360128898e-15
3877,0,0,3877,2.373384610089e-11,1.0388231371163e-05,3.9033334132222e-13,-4.9477272872503e-15
3878,0,0,3878,2.373880152774e-11,1.0386072384038e-05,3.9077666967348e-13,-4.9554268499218e-15
3879,0,0,3879,2.3743764662459e-11,1.038391094763e-05,3.9121998989333e-13,-4.963134718666e-15
3880,0,0,3880,2.374873551337e-11,1.0381747061984e-05,3.916633019652e-13,-4.9708509112867e-15
3881,0,0,3881,2.3753714088816e-11,1.0379580727144e-05,3.9210660587071e-13,-4.9785754456361e-15
3882,0,0,3882,2.3758700397155e-11,1.0377411943158e-05,3.9254990159268e-13,-4.9863083395794e-15
3883,0,0,3883,2.3763694446766e-11,1.0375240710069e-05,3.9299318911302e-13,-4.9940496110529e-15
3884,0,0,3884,2.3768696246044e-11,1.0373067027923e-05,3.9343646841425e-13,-5.001799277996e-15
3885,0,0,3885,2.3773705803403e-11,1.0370890896765e-05,3.9387973947797e-13,-5.0095573584226e-15
3886,0,0,3886,2.3778723127273e-11,1.0368712316642e-05,3.9432300228764e-13,-5.0173238703496e-15
3887,0,0,3887,2.3783748226105e-11,1.0366531287599e-05,3.9476625682361e-13,-5.0250988318651e-15
3888,0,0,3888,2.3788781108366e-11,1.0364347809682e-05,3.9520950306965e-13,-5.0328822610735e-15
3889,0,0,3889,2.3793821782542e-11,1.0362161882936e-05,3.9565274100673e-13,-5.0406741761274e-15
3890,0,0,3890,2.3798870257137e-11,1.0359973507407e-05,3.9609597061708e-13,-5.0484745952152e-15
3891,0,0,3891,2.3803926540674e-11,1.0357782683143e-05,3.9653919188323e-13,-5.0562835365672e-15
3892,0,0,3892,2.3808990641692e-11,1.0355589410188e-05,3.9698240478645e-13,-5.0641010184523e-15
3893,0,0,3893,2.3814062568752e-11,1.035339368859e-05,3.9742560930867e-13,-5.0719270591753e-15
3894,0,0,3894,2.3819142330429e-11,1.0351195518394e-05,3.978688054321e-13,-5.0797616770923e-15
3895,0,0,3895,2.3824229935319e-11,1.0348994899647e-05,3.9831199313834e-13,-5.0876048905759e-15
3896,0,0,3896,2.3829325392037e-11,1.0346791832397e-05,3.9875517240899e-13,-5.0954567180696e-15
3897,0,0,3897,2.3834428709215e-11,1.0344586316688e-05,3.9919834322658e-13,-5.1033171780234e-15
3898,0,0,3898,2.3839539895504e-11,1.0342378352569e-05,3.9964150557179e-13,-5.1111862889551e-15
3899,0,0,3899,2.3844658959574e-11,1.0340167940086e-05,4.0008465942653e-13,-5.1190640694118e-15
3900,0,0,3900,2.3849785910112e-11,1.0337955079286e-05,4.0052780477301e-13,-5.1269505379694e-15
3901,0,0,3901,2.3854920755825e-11,1.0335739770217e-05,4.0097094159223e-13,-5.1348457132621e-15
3902,0,0,3902,2.3860063505439e-11,1.0333522012924e-05,4.0141406986578e-13,-5.1427496139628e-15
3903,0,0,3903,2.3865214167698e-11,1.0331301807457e-05,4.0185718957526e-13,-5.1506622587737e-15
3904,0,0,3904,2.3870372751364e-11,1.0329079153862e-05,4.0230030070199e-13,-5.1585836664387e-15
3905,0,0,3905,2.387553926522e-11,1.0326854052187e-05,4.0274340322785e-13,-5.1665138557535e-15
3906,0,0,3906,2.3880713718065e-11,1.0324626502479e-05,4.0318649713354e-13,-5.1744528455528e-15
3907,0,0,3907,2.388589611872e-11,1.0322396504786e-05,4.0362958240066e-13,-5.1824006547001e-15
3908,0,0,3908,2.3891086476022e-11,1.0320164059156e-05,4.040726590108e-13,-5.1903573021106e-15
3909,0,0,3909,2.3896284798829e-11,1.0317929165637e-05,4.0451572694497e-13,-5.1983228067385e-15
3910,0,0,3910,2.3901491096017e-11,1.0315691824277e-05,4.0495878618415e-13,-5.2062971875799e-15
3911,0,0,3911,2.390670537648e-11,1.0313452035124e-05,4.0540183670932e-13,-5.2142804636695e-15
3912,0,0,3912,2.3911927649134e-11,1.0311209798226e-05,4.0584487850271e-13,-5.2222726540907e-15
3913,0,0,3913,2.3917157922912e-11,1.0308965113632e-05,4.0628791154438e-13,-5.2302737779591e-15
3914,0,0,3914,2.3922396206767e-11,1.030671798139e-05,4.0673093581562e-13,-5.2382838544388e-15
3915,0,0,3915,2.3927642509669e-11,1.0304468401549e-05,4.0717395129744e-13,-5.2463029027295e-15
3916,0,0,3916,2.3932896840612e-11,1.0302216374156e-05,4.0761695797081e-13,-5.2543309420857e-15
3917,0,0,3917,2.3938159208603e-11,1.0299961899262e-05,4.0805995581673e-13,-5.2623679917911e-15
3918,0,0,3918,2.3943429622675e-11,1.0297704976915e-05,4.0850294481588e-13,-5.2704140711745e-15
3919,0,0,3919,2.3948708091874e-11,1.0295445607164e-05,4.0894592494955e-13,-5.2784691996133e-15
3920,0,0,3920,2.3953994625271e-11,1.0293183790058e-05,4.0938889619751e-13,-5.2865333965204e-15
3921,0,0,3921,2.3959289231952e-11,1.0290919525646e-05,4.0983185854167e-13,-5.2946066813572e-15
3922,0,0,3922,2.3964591921026e-11,1.0288652813978e-05,4.1027481196209e-13,-5.302689073627e-15
3923,0,0,3923,2.3969902701619e-11,1.0286383655103e-05,4.1071775643946e-13,-5.3107805928655e-15
3924,0,0,3924,2.3975221582877e-11,1.028411204907e-05,4.1116069195477e-13,-5.3188812586731e-15
3925,0,0,3925,2.3980548573968e-11,1.0281837995929e-05,4.1160361848778e-13,-5.3269910906693e-15
3926,0,0,3926,2.3985883684076e-11,1.027956149573e-05,4.1204653602009e-13,-5.3351101085353e-15
3927,0,0,3927,2.3991226922408e-11,1.0277282548523e-05,4.1248944453115e-13,-5.3432383319877e-15
3928,0,0,3928,2.3996578298189e-11,1.0275001154357e-05,4.1293234400228e-13,-5.3513757807851e-15
3929,0,0,3929,2.4001937820664e-11,1.0272717313283e-05,4.1337523441322e-13,-5.359522474738e-15
3930,0,0,3930,2.4007305499098e-11,1.027043102535e-05,4.1381811574466e-13,-5.367678433692e-15
3931,0,0,3931,2.4012681342775e-11,1.026814229061e-05,4.1426098797667e-13,-5.3758436775384e-15
3932,0,0,3932,2.4018065361001e-11,1.0265851109113e-05,4.1470385108993e-13,-5.38401822622e-15
3933,0,0,3933,2.4023457563101e-11,1.0263557480908e-05,4.151467050642e-13,-5.3922020997119e-15
3934,0,0,3934,2.4028857958419e-11,1.0261261406047e-05,4.1558954987987e-13,-5.4003953180473e-15
3935,0,0,3935,2.403426655632e-11,1.025896288458e-05,4.160323855173e-13,-5.4085979012918e-15
3936,0,0,3936,2.403968336619e-11,1.0256661916558e-05,4.1647521195595e-13,-5.4168098695628e-15
3937,0,0,3937,2.4045108397433e-11,1.0254358502032e-05,4.169180291762e-13,-5.4250312430163e-15
3938,0,0,3938,2.4050541659475e-11,1.0252052641053e-05,4.1736083715843e-13,-5.4332620418633e-15
3939,0,0,3939,2.4055983161761e-11,1.0249744333673e-05,4.1780363588208e-13,-5.4415022863503e-15
3940,0,0,3940,2.4061432913758e-11,1.0247433579941e-05,4.1824642532693e-13,-5.4497519967756e-15
3941,0,0,3941,2.4066890924951e-11,1.0245120379911e-05,4.1868920547365e-13,-5.4580111934698e-15
3942,0,0,3942,2.4072357204848e-11,1.0242804733633e-05,4.1913197630079e-13,-5.4662798968344e-15
3943,0,0,3943,2.4077831762976e-11,1.0240486641159e-05,4.1957473778963e-13,-5.4745581272904e-15
3944,0,0,3944,2.4083314608881e-11,1.0238166102541e-05,4.2001748991872e-13,-5.4828459053139e-15
3945,0,0,3945,2.4088805752132e-11,1.023584311783e-05,4.2046023266781e-13,-5.491143251439e-15
3946,0,0,3946,2.4094305202319e-11,1.0233517687079e-05,4.2090296601759e-13,-5.4994501862255e-15
3947,0,0,3947,2.4099812969049e-11,1.0231189810339e-05,4.2134568994629e-13,-5.5077667302885e-15
3948,0,0,3948,2.4105329061953e-11,1.0228859487662e-05,4.2178840443429e-13,-5.5160929042944e-15
3949,0,0,3949,2.4110853490682e-11,1.0226526719102e-05,4.2223110946072e-13,-5.5244287289519e-15
3950,0,0,3950,2.4116386264907e-11,1.0224191504709e-05,4.2267380500537e-13,-5.5327742250116e-15
3951,0,0,3951,2.412192739432e-11,1.0221853844538e-05,4.2311649104737e-13,-5.5411294132726e-15
3952,0,0,3952,2.4127476888635e-11,1.021951373864e-05,4.2355916756587e-13,-5.549494314592e-15
3953,0,0,3953,2.4133034757585e-11,1.0217171187068e-05,4.2400183454095e-13,-5.5578689498594e-15
3954,0,0,3954,2.4138601010925e-11,1.0214826189875e-05,4.2444449195053e-13,-5.5662533400129e-15
3955,0,0,3955,2.4144175658431e-11,1.0212478747113e-05,4.248871397756e-13,-5.5746475060519e-15
3956,0,0,3956,2.41497587099e-11,1.0210128858837e-05,4.2532977799346e-13,-5.5830514690079e-15
3957,0,0,3957,2.415535017515e-11,1.0207776525099e-05,4.257724065848e-13,-5.5914652499614e-15
3958,0,0,3958,2.416095006402e-11,1.0205421745953e-05,4.2621502552785e-13,-5.5998888700504e-15
3959,0,0,3959,2.416655838637e-11,1.0203064521451e-05,4.2665763480145e-13,-5.6083223504523e-15
3960,0,0,3960,2.4172175152083e-11,1.0200704851648e-05,4.2710023438536e-13,-5.6167657123958e-15
3961,0,0,3961,2.417780037106e-11,1.0198342736596e-05,4.2754282425751e-13,-5.6252189771614e-15
3962,0,0,3962,2.4183434053226e-11,1.0195978176351e-05,4.2798540439797e-13,-5.6336821660619e-15
3963,0,0,3963,2.4189076208526e-11,1.0193611170966e-05,4.2842797478465e-13,-5.642155300478e-15
3964,0,0,3964,2.4194726846928e-11,1.0191241720494e-05,4.2887053539641e-13,-5.6506384018293e-15
3965,0,0,3965,2.420038597842e-11,1.018886982499e-05,4.2931308621239e-13,-5.65913149159e-15
3966,0,0,3966,2.4206053613011e-11,1.0186495484508e-05,4.2975562721113e-13,-5.6676345912668e-15
3967,0,0,3967,2.4211729760734e-11,1.0184118699103e-05,4.3019815837086e-13,-5.6761477224408e-15
3968,0,0,3968,2.421741443164e-11,1.0181739468828e-05,4.3064067967072e-13,-5.6846709067221e-15
3969,0,0,3969,2.4223107635806e-11,1.0179357793739e-05,4.3108319108895e-13,-5.6932041657724e-15
3970,0,0,3970,2.4228809383327e-11,1.0176973673891e-05,4.3152569260408e-13,-5.701747521315e-15
3971,0,0,3971,2.4234519684322e-11,1.0174587109337e-05,4.3196818419465e-13,-5.7103009951118e-15
3972,0,0,3972,2.4240238548931e-11,1.0172198100134e-05,4.3241066583888e-13,-5.7188646089764e-15
3973,0,0,3973,2.4245965987316e-11,1.0169806646335e-05,4.3285313751502e-13,-5.7274383847742e-15
3974,0,0,3974,2.4251702009661e-11,1.0167412747997e-05,4.332955992019e-13,-5.7360223444191e-15
3975,0,0,3975,2.4257446626171e-11,1.0165016405175e-05,4.3373805087682e-13,-5.7446165098733e-15
3976,0,0,3976,2.4263199847074e-11,1.0162617617923e-05,4.3418049251895e-13,-5.7532209031573e-15
3977,0,0,3977,2.426896168262e-11,1.0160216386298e-05,4.346229241062e-13,-5.7618355463335e-15
3978,0,0,3978,2.4274732143082e-11,1.0157812710356e-05,4.3506534561588e-13,-5.7704604615161e-15
3979,0,0,3979,2.4280511238752e-11,1.0155406590151e-05,4.3550775702653e-13,-5.779095670871e-15
3980,0,0,3980,2.4286298979949e-11,1.015299802574e-05,4.3595015831699e-13,-5.7877411966189e-15
3981,0,0,3981,2.429209537701e-11,1.015058701718e-05,4.3639254946365e-13,-5.7963970610323e-15
3982,0,0,3982,2.4297900440296e-11,1.0148173564525e-05,4.3683493044535e-13,-5.805063286416e-15
3983,0,0,3983,2.4303714180192e-11,1.0145757667834e-05,4.3727730123972e-13,-5.8137398951621e-15
3984,0,0,3984,2.4309536607101e-11,1.014333932716e-05,4.3771966182436e-13,-5.8224269096723e-15
3985,0,0,3985,2.4315367731454e-11,1.0140918542563e-05,4.3816201217751e-13,-5.8311243524355e-15
3986,0,0,3986,2.43212075637e-11,1.0138495314097e-05,4.3860435227586e-13,-5.8398322459731e-15
3987,0,0,3987,2.4327056114313e-11,1.013606964182e-05,4.3904668209856e-13,-5.8485506128613e-15
3988,0,0,3988,2.4332913393788e-11,1.0133641525789e-05,4.3948900162139e-13,-5.8572794757343e-15
3989,0,0,3989,2.4338779412646e-11,1.0131210966061e-05,4.399313108235e-13,-5.8660188572719e-15
3990,0,0,3990,2.4344654181426e-11,1.0128777962693e-05,4.4037360968097e-13,-5.8747687802054e-15
3991,0,0,3991,2.4350537710693e-11,1.0126342515741e-05,4.4081589817203e-13,-5.8835292673307e-15
3992,0,0,3992,2.4356430011035e-11,1.0123904625265e-05,4.412581762743e-13,-5.8923003414856e-15
3993,0,0,3993,2.436233109306e-11,1.012146429132e-05,4.4170044396386e-13,-5.9010820255535e-15
3994,0,0,3994,2.4368240967403e-11,1.0119021513965e-05,4.4214270121955e-13,-5.9098743424951e-15
3995,0,0,3995,2.4374159644718e-11,1.0116576293258e-05,4.4258494801715e-13,-5.9186773153033e-15
3996,0,0,3996,2.4380087135685e-11,1.0114128629256e-05,4.4302718433489e-13,-5.9274909670293e-15
3997,0,0,3997,2.4386023451006e-11,1.0111678522018e-05,4.4346941014916e-13,-5.9363153207794e-15
3998,0,0,3998,2.4391968601406e-11,1.0109225971601e-05,4.4391162543696e-13,-5.9451503997209e-15
3999,0,0,3999,2.4397922597633e-11,1.0106770978064e-05,4.4435383017621e-13,-5.953996227057e-15
4000,0,0,4000,2.4403885450459e-11,1.0104313541466e-05,4.447960243427e-13,-5.9628528260651e-15
4001,0,0,4001,2.4409857170679e-11,1.0101853661864e-05,4.4523820791372e-13,-5.9717202200645e-15
4002,0,0,4002,2.4415837769111e-11,1.0099391339318e-05,4.456803808666e-13,-5.9805984324328e-15
4003,0,0,4003,2.4421827256598e-11,1.0096926573886e-05,4.4612254317742e-13,-5.9894874865928e-15
4004,0,0,4004,2.4427825644004e-11,1.0094459365627e-05,4.4656469482316e-13,-5.9983874060448e-15
4005,0,0,4005,2.4433832942218e-11,1.0091989714601e-05,4.4700683578055e-13,-6.0072982143149e-15
4006,0,0,4006,2.4439849162153e-11,1.0089517620866e-05,4.4744896602595e-13,-6.0162199350134e-15
4007,0,0,4007,2.4445874314745e-11,1.0087043084482e-05,4.4789108553608e-13,-6.0251525917796e-15
4008,0,0,4008,2.4451908410953e-11,1.0084566105508e-05,4.4833319428762e-13,-6.0340962083269e-15
4009,0,0,4009,2.4457951461762e-11,1.0082086684003e-05,4.4877529225666e-13,-6.0430508084111e-15
4010,0,0,4010,2.4464003478177e-11,1.0079604820029e-05,4.4921737941959e-13,-6.0520164158556e-15
4011,0,0,4011,2.4470064471232e-11,1.0077120513643e-05,4.4965945575311e-13,-6.0609930545322e-15
4012,0,0,4012,2.447613445198e-11,1.0074633764907e-05,4.501015212336e-13,-6.0699807483679e-15
4013,0,0,4013,2.4482213431502e-11,1.007214457388e-05,4.5054357583623e-13,-6.0789795213475e-15
4014,0,0,4014,2.4488301420899e-11,1.0069652940623e-05,4.50985619538e-13,-6.0879893975209e-15
4015,0,0,4015,2.44943984313e-11,1.0067158865196e-05,4.514276523153e-13,-6.0970104009796e-15
4016,0,0,4016,2.4500504473856e-11,1.0064662347659e-05,4.518696741433e-13,-6.1060425558765e-15
4017,0,0,4017,2.4506619559743e-11,1.0062163388074e-05,4.5231168499869e-13,-6.1150858864327e-15
4018,0,0,4018,2.4512743700159e-11,1.00596619865e-05,4.5275368485724e-13,-6.1241404169142e-15
4019,0,0,4019,2.4518876906331e-11,1.0057158142999e-05,4.5319567369444e-13,-6.1332061716389e-15
4020,0,0,4020,2.4525019189506e-11,1.0054651857632e-05,4.5363765148666e-13,-6.1422831750053e-15
4021,0,0,4021,2.4531170560958e-11,1.0052143130459e-05,4.5407961820907e-13,-6.1513714514444e-15
4022,0,0,4022,2.4537331031983e-11,1.0049631961543e-05,4.5452157383776e-13,-6.1604710254548e-15
4023,0,0,4023,2.4543500613905e-11,1.0047118350944e-05,4.549635183488e-13,-6.1695819216033e-15
4024,0,0,4024,2.4549679318069e-11,1.0044602298725e-05,4.5540545171675e-13,-6.1787041644953e-15
4025,0,0,4025,2.4555867155848e-11,1.0042083804946e-05,4.5584737391769e-13,-6.1878377788071e-15
4026,0,0,4026,2.4562064138637e-11,1.0039562869671e-05,4.562892849271e-13,-6.1969827892767e-15
4027,0,0,4027,2.4568270277858e-11,1.0037039492959e-05,4.5673118472073e-13,-6.2061392206872e-15
4028,0,0,4028,2.4574485584956e-11,1.0034513674875e-05,4.5717307327316e-13,-6.2153070978895e-15
4029,0,0,4029,2.4580710071402e-11,1.003198541548e-05,4.5761495056015e-13,-6.224486445796e-15
4030,0,0,4030,2.4586943748691e-11,1.0029454714836e-05,4.5805681655686e-13,-6.2336772893675e-15
4031,0,0,4031,2.4593186628345e-11,1.0026921573006e-05,4.5849867123847e-13,-6.2428796536392e-15
4032,0,0,4032,2.4599438721908e-11,1.0024385990052e-05,4.5894051458013e-13,-6.2520935636914e-15
4033,0,0,4033,2.4605700040953e-11,1.0021847966038e-05,4.59382346557e-13,-6.2613190446724e-15
4034,0,0,4034,2.4611970597075e-11,1.0019307501026e-05,4.5982416714364e-13,-6.2705561217917e-15
4035,0,0,4035,2.4618250401895e-11,1.001676459508e-05,4.6026597631522e-13,-6.2798048203075e-15
4036,0,0,4036,2.4624539467061e-11,1.0014219248262e-05,4.6070777404688e-13,-6.2890651655554e-15
4037,0,0,4037,2.4630837804243e-11,1.0011671460636e-05,4.6114956031288e-13,-6.2983371829163e-15
4038,0,0,4038,2.4637145425141e-11,1.0009121232265e-05,4.61591335089e-13,-6.3076208978422e-15
4039,0,0,4039,2.4643462341477e-11,1.0006568563213e-05,4.6203309834855e-13,-6.3169163358366e-15
4040,0,0,4040,2.4649788565e-11,1.0004013453545e-05,4.6247485006701e-13,-6.3262235224711e-15
4041,0,0,4041,2.4656124107483e-11,1.0001455903322e-05,4.6291659021892e-13,-6.3355424833787e-15
4042,0,0,4042,2.4662468980727e-11,9.9988959126109e-06,4.6335831877854e-13,-6.3448732442471e-15
4043,0,0,4043,2.4668823196558e-11,9.9963334814743e-06,4.6380003572041e-13,-6.3542158308353e-15
4044,0,0,4044,2.4675186766827e-11,9.993768609977e-06,4.6424174101877e-13,-6.3635702689571e-15
4045,0,0,4045,2.4681559703412e-11,9.9912012981833e-06,4.6468343464878e-13,-6.3729365844813e-15
4046,0,0,4046,2.4687942018215e-11,9.988631546158e-06,4.6512511658317e-13,-6.3823148033639e-15
4047,0,0,4047,2.4694333723166e-11,9.9860593539657e-06,4.6556678679739e-13,-6.3917049515901e-15
4048,0,0,4048,2.4700734830222e-11,9.9834847216715e-06,4.6600844526538e-13,-6.4011070552321e-15
4049,0,0,4049,2.4707145351362e-11,9.9809076493402e-06,4.6645009196048e-13,-6.4105211404206e-15
4050,0,0,4050,2.4713565298595e-11,9.9783281370371e-06,4.6689172685783e-13,-6.4199472333408e-15
4051,0,0,4051,2.4719994683956e-11,9.9757461848275e-06,4.6733334993046e-13,-6.4293853602429e-15
4052,0,0,4052,2.4726433519503e-11,9.973161792777e-06,4.6777496115231e-13,-6.4388355474481e-15
4053,0,0,4053,2.4732881817325e-11,9.970574960951e-06,4.6821656049792e-13,-6.4482978213356e-15
4054,0,0,4054,2.4739339589533e-11,9.9679856894154e-06,4.6865814794031e-13,-6.4577722083493e-15
4055,0,0,4055,2.4745806848268e-11,9.9653939782361e-06,4.6909972345342e-13,-6.4672587349914e-15
4056,0,0,4056,2.4752283605696e-11,9.9627998274792e-06,4.6954128701119e-13,-6.4767574278415e-15
4057,0,0,4057,2.4758769874009e-11,9.9602032372107e-06,4.6998283858662e-13,-6.4862683135309e-15
4058,0,0,4058,2.4765265665428e-11,9.9576042074972e-06,4.7042437815367e-13,-6.4957914187589e-15
4059,0,0,4059,2.4771770992198e-11,9.955002738405e-06,4.7086590568534e-13,-6.5053267702924e-15
4060,0,0,4060,2.4778285866593e-11,9.9523988300008e-06,4.7130742115558e-13,-6.5148743949632e-15
4061,0,0,4061,2.4784810300913e-11,9.9497924823514e-06,4.7174892453739e-13,-6.524434319661e-15
4062,0,0,4062,2.4791344307484e-11,9.9471836955238e-06,4.7219041580349e-13,-6.5340065713468e-15
4063,0,0,4063,2.4797887898661e-11,9.944572469585e-06,4.7263189492782e-13,-6.5435911770526e-15
4064,0,0,4064,2.4804441086825e-11,9.9419588046022e-06,4.730733618834e-13,-6.5531881638622e-15
4065,0,0,4065,2.4811003884384e-11,9.9393427006428e-06,4.7351481664292e-13,-6.5627975589366e-15
4066,0,0,4066,2.4817576303774e-11,9.9367241577744e-06,4.7395625917973e-13,-6.5724193894987e-15
4067,0,0,4067,2.4824158357456e-11,9.9341031760647e-06,4.7439768946622e-13,-6.5820536828388e-15
4068,0,0,4068,2.4830750057923e-11,9.9314797555814e-06,4.7483910747571e-13,-6.591700466309e-15
4069,0,0,4069,2.483735141769e-11,9.9288538963926e-06,4.7528051318091e-13,-6.6013597673385e-15
4070,0,0,4070,2.4843962449303e-11,9.9262255985663e-06,4.7572190655423e-13,-6.6110316134087e-15
4071,0,0,4071,2.4850583165336e-11,9.9235948621709e-06,4.7616328756869e-13,-6.6207160320877e-15
4072,0,0,4072,2.4857213578387e-11,9.9209616872748e-06,4.7660465619669e-13,-6.6304130509861e-15
4073,0,0,4073,2.4863853701084e-11,9.9183260739465e-06,4.7704601241063e-13,-6.6401226978079e-15
4074,0,0,4074,2.4870503546085e-11,9.9156880222549e-06,4.7748735618323e-13,-6.6498450003024e-15
4075,0,0,4075,2.4877163126071e-11,9.9130475322688e-06,4.7792868748626e-13,-6.6595799863062e-15
4076,0,0,4076,2.4883832453755e-11,9.9104046040572e-06,4.7837000629307e-13,-6.6693276837076e-15
4077,0,0,4077,2.4890511541875e-11,9.9077592376894e-06,4.7881131257512e-13,-6.6790881204723e-15
4078,0,0,4078,2.48972004032e-11,9.9051114332347e-06,4.7925260630452e-13,-6.6888613246373e-15
4079,0,0,4079,2.4903899050524e-11,9.9024611907626e-06,4.7969388745368e-13,-6.6986473242977e-15
4080,0,0,4080,2.4910607496672e-11,9.8998085103427e-06,4.8013515599468e-13,-6.708446147626e-15
4081,0,0,4081,2.4917325754495e-11,9.8971533920449e-06,4.8057641189932e-13,-6.718257822866e-15
4082,0,0,4082,2.4924053836873e-11,9.8944958359392e-06,4.8101765513939e-13,-6.7280823783162e-15
4083,0,0,4083,2.4930791756715e-11,9.8918358420956e-06,4.8145888568668e-13,-6.737919842369e-15
4084,0,0,4084,2.4937539526959e-11,9.8891734105845e-06,4.819001035136e-13,-6.7477702434587e-15
4085,0,0,4085,2.4944297160569e-11,9.8865085414763e-06,4.823413085907e-13,-6.7576336101166e-15
4086,0,0,4086,2.495106467054e-11,9.8838412348415e-06,4.8278250089101e-13,-6.7675099709257e-15
4087,0,0,4087,2.4957842069894e-11,9.881171490751e-06,4.8322368038447e-13,-6.7773993545433e-15
4088,0,0,4088,2.4964629371684e-11,9.8784993092756e-06,4.8366484704379e-13,-6.7873017897041e-15
4089,0,0,4089,2.4971426588989e-11,9.8758246904864e-06,4.8410600083985e-13,-6.7972173052076e-15
4090,0,0,4090,2.4978233734919e-11,9.8731476344547e-06,4.8454714174414e-13,-6.8071459299245e-15
4091,0,0,4091,2.4985050822612e-11,9.8704681412518e-06,4.8498826972781e-13,-6.8170876927994e-15
4092,0,0,4092,2.4991877865235e-11,9.8677862109492e-06,4.8542938476176e-13,-6.8270426228517e-15
4093,0,0,4093,2.4998714875984e-11,9.8651018436187e-06,4.8587048681807e-13,-6.8370107491651e-15
4094,0,0,4094,2.5005561868085e-11,9.8624150393322e-06,4.8631157586669e-13,-6.8469921008977e-15
4095,0,0,4095,2.5012418854792e-11,9.8597257981616e-06,4.8675265187881e-13,-6.8569867072852e-15
4096,0,0,4096,2.501928584939e-11,9.8570341201791e-06,4.871937148259e-13,-6.8669945976312e-15
4097,0,0,4097,2.5026162865191e-11,9.8543400054571e-06,4.8763476467853e-13,-6.8770158013069e-15
4098,0,0,4098,2.5033049915539e-11,9.8516434540681e-06,4.8807580140696e-13,-6.887050347771e-15
4099,0,0,4099,2.5039947013805e-11,9.8489444660848e-06,4.8851682498267e-13,-6.8970982665435e-15
4100,0,0,4100,2.5046854173393e-11,9.84624304158e-06,4.8895783537531e-13,-6.9071595872188e-15
4101,0,0,4101,2.5053771407732e-11,9.8435391806266e-06,4.8939883255635e-13,-6.9172343394719e-15
4102,0,0,4102,2.5060698730285e-11,9.8408328832979e-06,4.8983981649575e-13,-6.9273225530393e-15
4103,0,0,4103,2.5067636154543e-11,9.8381241496672e-06,4.9028078716408e-13,-6.9374242577513e-15
4104,0,0,4104,2.5074583694026e-11,9.8354129798079e-06,4.9072174453128e-13,-6.9475394834897e-15
4105,0,0,4105,2.5081541362287e-11,9.8326993737937e-06,4.9116268856792e-13,-6.9576682602334e-15
4106,0,0,4106,2.5088509172905e-11,9.8299833316984e-06,4.9160361924425e-13,-6.9678106180097e-15
4107,0,0,4107,2.5095487139492e-11,9.8272648535961e-06,4.9204453652992e-13,-6.9779665869525e-15
4108,0,0,4108,2.5102475275689e-11,9.8245439395607e-06,4.924854403955e-13,-6.9881361972441e-15
4109,0,0,4109,2.5109473595168e-11,9.8218205896667e-06,4.9292633081062e-13,-6.9983194791544e-15
4110,0,0,4110,2.5116482111631e-11,9.8190948039886e-06,4.9336720774493e-13,-7.0085164630336e-15
4111,0,0,4111,2.512350083881e-11,9.8163665826009e-06,4.9380807116839e-13,-7.0187271792968e-15
4112,0,0,4112,2.5130529790469e-11,9.8136359255785e-06,4.9424892105094e-13,-7.0289516584366e-15
4113,0,0,4113,2.51375689804e-11,9.8109028329964e-06,4.9468975736191e-13,-7.0391899310393e-15
4114,0,0,4114,2.5144618422428e-11,9.8081673049297e-06,4.9513058007066e-13,-7.0494420277396e-15
4115,0,0,4115,2.5151678130407e-11,9.8054293414538e-06,4.9557138914743e-13,-7.0597079792758e-15
4116,0,0,4116,2.5158748118223e-11,9.8026889426441e-06,4.9601218456095e-13,-7.0699878164474e-15
4117,0,0,4117,2.5165828399793e-11,9.7999461085762e-06,4.9645296628055e-13,-7.0802815701346e-15
4118,0,0,4118,2.5172918989065e-11,9.7972008393261e-06,4.9689373427588e-13,-7.0905892713019e-15
4119,0,0,4119,2.5180019900016e-11,9.7944531349696e-06,4.9733448851567e-13,-7.1009109509815e-15
4120,0,0,4120,2.5187131146656e-11,9.7917029955831e-06,4.9777522896925e-13,-7.1112466402927e-15
4121,0,0,4121,2.5194252743026e-11,9.7889504212427e-06,4.9821595560535e-13,-7.1215963704294e-15
4122,0,0,4122,2.5201384703199e-11,9.7861954120251e-06,4.986566683936e-13,-7.1319601726596e-15
4123,0,0,4123,2.5208527041277e-11,9.7834379680068e-06,4.9909736730182e-13,-7.1423380783419e-15
4124,0,0,4124,2.5215679771396e-11,9.7806780892648e-06,4.9953805229996e-13,-7.1527301189058e-15
4125,0,0,4125,2.5222842907722e-11,9.7779157758761e-06,4.9997872335551e-13,-7.1631363258554e-15
4126,0,0,4126,2.5230016464453e-11,9.7751510279179e-06,5.004193804378e-13,-7.1735567307948e-15
4127,0,0,4127,2.5237200455818e-11,9.7723838454675e-06,5.0086002351496e-13,-7.1839913653797e-15
4128,0,0,4128,2.524439489608e-11,9.7696142286026e-06,5.0130065255632e-13,-7.1944402613694e-15
4129,0,0,4129,2.525159979953e-11,9.7668421774008e-06,5.0174126752906e-13,-7.204903450591e-15
4130,0,0,4130,2.5258815180495e-11,9.76406769194e-06,5.0218186840223e-13,-7.215380964962e-15
4131,0,0,4131,2.5266041053332e-11,9.7612907722983e-06,5.0262245514362e-13,-7.2258728364677e-15
4132,0,0,4132,2.5273277432429e-11,9.758511418554e-06,5.0306302772196e-13,-7.2363790971873e-15
4133,0,0,4133,2.5280524332208e-11,9.7557296307855e-06,5.0350358610444e-13,-7.2468997792775e-15
4134,0,0,4134,2.5287781767123e-11,9.7529454090713e-06,5.0394413025978e-13,-7.2574349149724e-15
4135,0,0,4135,2.529504975166e-11,9.7501587534903e-06,5.0438466015517e-13,-7.2679845365902e-15
4136,0,0,4136,2.5302328300336e-11,9.7473696641215e-06,5.0482517575935e-13,-7.2785486765396e-15
4137,0,0,4137,2.5309617427704e-11,9.7445781410439e-06,5.0526567703919e-13,-7.2891273672972e-15
4138,0,0,4138,2.5316917148345e-11,9.741784184337e-06,5.0570616396249e-13,-7.2997206414396e-15
4139,0,0,4139,2.5324227476877e-11,9.7389877940801e-06,5.0614663649676e-13,-7.3103285316049e-15
4140,0,0,4140,2.5331548427947e-11,9.736188970353e-06,5.0658709461011e-13,-7.3209510705379e-15
4141,0,0,4141,2.5338880016238e-11,9.7333877132354e-06,5.0702753826942e-13,-7.3315882910543e-15
4142,0,0,4142,2.5346222256464e-11,9.7305840228076e-06,5.0746796744126e-13,-7.3422402260508e-15
4143,0,0,4143,2.5353575163373e-11,9.7277778991496e-06,5.0790838209467e-13,-7.3529069085144e-15
4144,0,0,4144,2.5360938751744e-11,9.7249693423419e-06,5.083487821947e-13,-7.3635883715161e-15
4145,0,0,4145,2.5368313036392e-11,9.722158352465e-06,5.0878916771007e-13,-7.3742846482143e-15
4146,0,0,4146,2.5375698032164e-11,9.7193449295998e-06,5.0922953860674e-13,-7.3849957718416e-15
4147,0,0,4147,2.538309375394e-11,9.7165290738272e-06,5.096698948519e-13,-7.3957217757276e-15
4148,0,0,4148,2.5390500216633e-11,9.7137107852282e-06,5.1011023641274e-13,-7.4064626932826e-15
4149,0,0,4149,2.5397917435191e-11,9.7108900638842e-06,5.1055056325493e-13,-7.4172185580042e-15
4150,0,0,4150,2.5405345424595e-11,9.7080669098768e-06,5.1099087534627e-13,-7.4279894034708e-15
4151,0,0,4151,2.5412784199858e-11,9.7052413232876e-06,5.114311726524e-13,-7.4387752633511e-15
4152,0,0,4152,2.542023377603e-11,9.7024133041984e-06,5.1187145514023e-13,-7.4495761714078e-15
4153,0,0,4153,2.5427694168191e-11,9.6995828526913e-06,5.1231172277602e-13,-7.4603921614777e-15
4154,0,0,4154,2.5435165391459e-11,9.6967499688487e-06,5.1275197552604e-13,-7.471223267488e-15
4155,0,0,4155,2.5442647460982e-11,9.6939146527528e-06,5.1319221335656e-13,-7.48206952346e-15
4156,0,0,4156,2.5450140391946e-11,9.6910769044863e-06,5.1363243623324e-13,-7.4929309634985e-15
4157,0,0,4157,2.5457644199567e-11,9.688236724132e-06,5.1407264412266e-13,-7.5038076217927e-15
4158,0,0,4158,2.54651588991e-11,9.6853941117729e-06,5.1451283699047e-13,-7.5146995326318e-15
4159,0,0,4159,2.547268450583e-11,9.6825490674923e-06,5.1495301480265e-13,-7.525606730376e-15
4160,0,0,4160,2.548022103508e-11,9.6797015913734e-06,5.1539317752423e-13,-7.5365292494924e-15
4161,0,0,4161,2.5487768502204e-11,9.6768516834998e-06,5.158333251221e-13,-7.5474671245189e-15
4162,0,0,4162,2.5495326922594e-11,9.6739993439552e-06,5.16273457561e-13,-7.5584203901066e-15
4163,0,0,4163,2.5502896311675e-11,9.6711445728237e-06,5.1671357480627e-13,-7.5693890809713e-15
4164,0,0,4164,2.5510476684907e-11,9.6682873701893e-06,5.1715367682389e-13,-7.5803732319322e-15
4165,0,0,4165,2.5518068057785e-11,9.6654277361364e-06,5.175937635789e-13,-7.5913728779053e-15
4166,0,0,4166,2.5525670445839e-11,9.6625656707494e-06,5.1803383503634e-13,-7.6023880538744e-15
4167,0,0,4167,2.5533283864634e-11,9.6597011741132e-06,5.1847389116126e-13,-7.6134187949432e-15
4168,0,0,4168,2.554090832977e-11,9.6568342463125e-06,5.1891393191931e-13,-7.6244651362828e-15
4169,0,0,4169,2.5548543856884e-11,9.6539648874326e-06,5.1935395727431e-13,-7.6355271131714e-15
4170,0,0,4170,2.5556190461644e-11,9.6510930975586e-06,5.1979396719224e-13,-7.6466047609676e-15
4171,0,0,4171,2.556384815976e-11,9.648218876776e-06,5.202339616372e-13,-7.6576981151271e-15
4172,0,0,4172,2.5571516966971e-11,9.6453422251707e-06,5.2067394057425e-13,-7.6688072112057e-15
4173,0,0,4173,2.5579196899056e-11,9.6424631428283e-06,5.2111390396721e-13,-7.6799320848336e-15
4174,0,0,4174,2.5586887971827e-11,9.639581629835e-06,5.2155385178142e-13,-7.6910727717541e-15
4175,0,0,4175,2.5594590201135e-11,9.6366976862771e-06,5.2199378398071e-13,-7.7022293077912e-15
4176,0,0,4176,2.5602303602864e-11,9.6338113122411e-06,5.224337005292e-13,-7.7134017288658e-15
4177,0,0,4177,2.5610028192935e-11,9.6309225078135e-06,5.2287360139193e-13,-7.7245900709926e-15
4178,0,0,4178,2.5617763987305e-11,9.6280312730813e-06,5.2331348653242e-13,-7.73579437028e-15
4179,0,0,4179,2.5625511001968e-11,9.6251376081315e-06,5.2375335591418e-13,-7.7470146629365e-15
4180,0,0,4180,2.5633269252954e-11,9.6222415130513e-06,5.2419320950194e-13,-7.7582509852547e-15
4181,0,0,4181,2.5641038756327e-11,9.6193429879283e-06,5.2463304725952e-13,-7.7695033736305e-15
4182,0,0,4182,2.5648819528192e-11,9.6164420328502e-06,5.2507286914952e-13,-7.7807718645568e-15
4183,0,0,4183,2.5656611584686e-11,9.6135386479047e-06,5.2551267513698e-13,-7.7920564946137e-15
4184,0,0,4184,2.5664414941987e-11,9.6106328331799e-06,5.2595246518448e-13,-7.8033573004848e-15
4185,0,0,4185,2.5672229616306e-11,9.6077245887641e-06,5.2639223925586e-13,-7.8146743189472e-15
4186,0,0,4186,2.5680055623893e-11,9.6048139147458e-06,5.2683199731401e-13,-7.8260075868785e-15
4187,0,0,4187,2.5687892981034e-11,9.6019008112136e-06,5.2727173932305e-13,-7.8373571412398e-15
4188,0,0,4188,2.5695741704053e-11,9.5989852782565e-06,5.2771146524496e-13,-7.8487230191156e-15
4189,0,0,4189,2.5703601809311e-11,9.5960673159634e-06,5.2815117504355e-13,-7.8601052576577e-15
4190,0,0,4190,2.5711473313205e-11,9.5931469244237e-06,5.2859086868174e-13,-7.8715038941411e-15
4191,0,0,4191,2.5719356232171e-11,9.5902241037269e-06,5.290305461221e-13,-7.8829189659212e-15
4192,0,0,4192,2.5727250582681e-11,9.5872988539627e-06,5.2947020732693e-13,-7.8943505104637e-15
4193,0,0,4193,2.5735156381246e-11,9.5843711752209e-06,5.2990985226004e-13,-7.9057985653276e-15
4194,0,0,4194,2.5743073644415e-11,9.5814410675917e-06,5.303494808831e-13,-7.9172631681724e-15
4195,0,0,4195,2.5751002388771e-11,9.5785085311654e-06,5.3078909315871e-13,-7.9287443567574e-15
4196,0,0,4196,2.575894263094e-11,9.5755735660326e-06,5.3122868904915e-13,-7.9402421689456e-15
4197,0,0,4197,2.5766894387583e-11,9.5726361722839e-06,5.3166826851701e-13,-7.9517566426937e-15
4198,0,0,4198,2.5774857675399e-11,9.5696963500103e-06,5.3210783152397e-13,-7.9632878160551e-15
4199,0,0,4199,2.5782832511126e-11,9.5667540993029e-06,5.3254737803261e-13,-7.9748357272029e-15
4200,0,0,4200,2.5790818911541e-11,9.5638094202531e-06,5.3298690800399e-13,-7.9864004143943e-15
4201,0,0,4201,2.5798816893457e-11,9.5608623129526e-06,5.3342642140102e-13,-7.9979819159929e-15
4202,0,0,4202,2.5806826473727e-11,9.557912777493e-06,5.3386591818474e-13,-8.0095802704595e-15
4203,0,0,4203,2.5814847669244e-11,9.5549608139664e-06,5.3430539831715e-13,-8.0211955163742e-15
4204,0,0,4204,2.5822880496936e-11,9.552006422465e-06,5.3474486175898e-13,-8.0328276924013e-15
4205,0,0,4205,2.5830924973773e-11,9.5490496030811e-06,5.3518430847284e-13,-8.0444768373117e-15
4206,0,0,4206,2.5838981116763e-11,9.5460903559075e-06,5.3562373841948e-13,-8.0561429899828e-15
4207,0,0,4207,2.5847048942953e-11,9.543128681037e-06,5.3606315155964e-13,-8.0678261894053e-15
4208,0,0,4208,2.5855128469427e-11,9.5401645785627e-06,5.3650254785561e-13,-8.0795264746536e-15
4209,0,0,4209,2.5863219713312e-11,9.5371980485778e-06,5.3694192726692e-13,-8.0912438849221e-15
4210,0,0,4210,2.5871322691772e-11,9.5342290911758e-06,5.3738128975585e-13,-8.1029784594951e-15
4211,0,0,4211,2.5879437422009e-11,9.5312577064505e-06,5.3782063528223e-13,-8.1147302377868e-15
4212,0,0,4212,2.5887563921269e-11,9.5282838944958e-06,5.3825996380743e-13,-8.1264992592916e-15
4213,0,0,4213,2.5895702206832e-11,9.5253076554058e-06,5.3869927529159e-13,-8.1382855636173e-15
4214,0,0,4214,2.5903852296023e-11,9.5223289892749e-06,5.3913856969515e-13,-8.1500891904879e-15
4215,0,0,4215,2.5912014206203e-11,9.5193478961976e-06,5.3957784697918e-13,-8.1619101797181e-15
4216,0,0,4216,2.5920187954774e-11,9.5163643762689e-06,5.4001710710288e-13,-8.1737485712451e-15
4217,0,0,4217,2.5928373559179e-11,9.5133784295837e-06,5.4045635002763e-13,-8.1856044050935e-15
4218,0,0,4218,2.59365710369e-11,9.5103900562372e-06,5.4089557571234e-13,-8.197477721417e-15
4219,0,0,4219,2.5944780405461e-11,9.5073992563249e-06,5.4133478411745e-13,-8.2093685604664e-15
4220,0,0,4220,2.5953001682423e-11,9.5044060299426e-06,5.417739752031e-13,-8.2212769625959e-15
4221,0,0,4221,2.5961234885392e-11,9.5014103771861e-06,5.4221314892851e-13,-8.2332029682791e-15
4222,0,0,4222,2.596948003201e-11,9.4984122981515e-06,5.4265230525381e-13,-8.2451466180867e-15
4223,0,0,4223,2.5977737139963e-11,9.4954117929353e-06,5.4309144413793e-13,-8.2571079527153e-15
4224,0,0,4224,2.5986006226975e-11,9.492408861634e-06,5.4353056554069e-13,-8.2690870129552e-15
4225,0,0,4225,2.5994287310815e-11,9.4894035043443e-06,5.4396966942132e-13,-8.2810838397067e-15
4226,0,0,4226,2.6002580409289e-11,9.4863957211635e-06,5.4440875573871e-13,-8.2930984739991e-15
4227,0,0,4227,2.6010885540246e-11,9.4833855121886e-06,5.4484782445241e-13,-8.3051309569525e-15
4228,0,0,4228,2.6019202721576e-11,9.4803728775172e-06,5.4528687552101e-13,-8.3171813297998e-15
4229,0,0,4229,2.602753197121e-11,9.477357817247e-06,5.4572590890373e-13,-8.3292496339033e-15
4230,0,0,4230,2.6035873307121e-11,9.474340331476e-06,5.4616492455888e-13,-8.3413359107157e-15
4231,0,0,4231,2.6044226747322e-11,9.4713204203022e-06,5.4660392244505e-13,-8.3534402018159e-15
4232,0,0,4232,2.6052592309871e-11,9.4682980838242e-06,5.4704290252147e-13,-8.365562548889e-15
4233,0,0,4233,2.6060970012865e-11,9.4652733221405e-06,5.4748186474582e-13,-8.3777029937305e-15
4234,0,0,4234,2.6069359874443e-11,9.4622461353501e-06,5.479208090764e-13,-8.3898615782615e-15
4235,0,0,4235,2.6077761912788e-11,9.4592165235519e-06,5.4835973547213e-13,-8.4020383445036e-15
4236,0,0,4236,2.6086176146122e-11,9.4561844868453e-06,5.4879864388976e-13,-8.4142333345943e-15
4237,0,0,4237,2.6094602592713e-11,9.4531500253299e-06,5.4923753428883e-13,-8.4264465907975e-15
4238,0,0,4238,2.6103041270869e-11,9.4501131391054e-06,5.4967640662579e-13,-8.4386781554803e-15
4239,0,0,4239,2.611149219894e-11,9.447073828272e-06,5.5011526085925e-13,-8.4509280711231e-15
4240,0,0,4240,2.611995539532e-11,9.4440320929297e-06,5.5055409694628e-13,-8.4631963803352e-15
4241,0,0,4241,2.6128430878446e-11,9.4409879331792e-06,5.5099291484456e-13,-8.4754831258295e-15
4242,0,0,4242,2.6136918666796e-11,9.4379413491211e-06,5.5143171451148e-13,-8.4877883504386e-15
4243,0,0,4243,2.6145418778893e-11,9.4348923408565e-06,5.5187049590411e-13,-8.5001120971145e-15
4244,0,0,4244,2.6153931233302e-11,9.4318409084864e-06,5.5230925898014e-13,-8.5124544089318e-15
4245,0,0,4245,2.6162456048631e-11,9.4287870521124e-06,5.5274800369602e-13,-8.5248153290623e-15
4246,0,0,4246,2.6170993243532e-11,9.4257307718361e-06,5.5318673000851e-13,-8.5371949008232e-15
4247,0,0,4247,2.61795428367e-11,9.4226720677595e-06,5.53625437875e-13,-8.5495931676252e-15
4248,0,0,4248,2.6188104846873e-11,9.4196109399846e-06,5.5406412725165e-13,-8.5620101730215e-15
4249,0,0,4249,2.6196679292834e-11,9.4165473886139e-06,5.5450279809551e-13,-8.5744459606553e-15
4250,0,0,4250,2.6205266193408e-11,9.41348141375e-06,5.5494145036214e-13,-8.5869005743254e-15
4251,0,0,4251,2.6213865567466e-11,9.4104130154958e-06,5.553800840086e-13,-8.5993740579207e-15
4252,0,0,4252,2.6222477433921e-11,9.4073421939544e-06,5.5581869899104e-13,-8.6118664554563e-15
4253,0,0,4253,2.6231101811732e-11,9.4042689492292e-06,5.5625729526502e-13,-8.6243778110894e-15
4254,0,0,4254,2.6239738719901e-11,9.4011932814238e-06,5.5669587278728e-13,-8.6369081690646e-15
4255,0,0,4255,2.6248388177475e-11,9.3981151906419e-06,5.5713443151246e-13,-8.6494575737813e-15
4256,0,0,4256,2.6257050203545e-11,9.3950346769878e-06,5.5757297139731e-13,-8.6620260697328e-15
4257,0,0,4257,2.6265724817247e-11,9.3919517405657e-06,5.5801149239676e-13,-8.6746137015578e-15
4258,0,0,4258,2.6274412037761e-11,9.3888663814803e-06,5.5844999446697e-13,-8.6872205139984e-15
4259,0,0,4259,2.6283111884312e-11,9.3857785998363e-06,5.5888847756225e-13,-8.6998465519421e-15
4260,0,0,4260,2.6291824376173e-11,9.3826883957388e-06,5.5932694163874e-13,-8.7124918603732e-15
4261,0,0,4261,2.6300549532657e-11,9.3795957692932e-06,5.5976538665139e-13,-8.7251564844216e-15
4262,0,0,4262,2.6309287373127e-11,9.3765007206051e-06,5.6020381255418e-13,-8.7378404693399e-15
4263,0,0,4263,2.6318037916987e-11,9.3734032497802e-06,5.6064221930298e-13,-8.7505438604905e-15
4264,0,0,4264,2.632680118369e-11,9.3703033569247e-06,5.6108060685239e-13,-8.763266703378e-15
4265,0,0,4265,2.6335577192734e-11,9.3672010421448e-06,5.6151897515673e-13,-8.7760090436202e-15
4266,0,0,4266,2.6344365963661e-11,9.3640963055472e-06,5.6195732417001e-13,-8.7887709269737e-15
4267,0,0,4267,2.635316751606e-11,9.3609891472386e-06,5.6239565384746e-13,-8.8015523993147e-15
4268,0,0,4268,2.6361981869567e-11,9.3578795673262e-06,5.6283396414277e-13,-8.8143535066391e-15
4269,0,0,4269,2.6370809043862e-11,9.3547675659173e-06,5.6327225501027e-13,-8.8271742950879e-15
4270,0,0,4270,2.6379649058673e-11,9.3516531431195e-06,5.6371052640334e-13,-8.8400148109187e-15
4271,0,0,4271,2.6388501933774e-11,9.3485362990406e-06,5.641487782763e-13,-8.8528751005149e-15
4272,0,0,4272,2.6397367688984e-11,9.3454170337888e-06,5.6458701058254e-13,-8.8657552103958e-15
4273,0,0,4273,2.6406246344171e-11,9.3422953474724e-06,5.6502522327606e-13,-8.8786551872132e-15
4274,0,0,4274,2.6415137919249e-11,9.3391712401999e-06,5.6546341630995e-13,-8.8915750777349e-15
4275,0,0,4275,2.6424042434178e-11,9.3360447120804e-06,5.6590158963762e-13,-8.9045149288711e-15
4276,0,0,4276,2.6432959908965e-11,9.3329157632229e-06,5.6633974321182e-13,-8.9174747876614e-15
4277,0,0,4277,2.6441890363667e-11,9.3297843937368e-06,5.6677787698627e-13,-8.9304547012712e-15
4278,0,0,4278,2.6450833818384e-11,9.3266506037317e-06,5.6721599091313e-13,-8.9434547169984e-15
4279,0,0,4279,2.6459790293266e-11,9.3235143933176e-06,5.6765408494579e-13,-8.9564748822798e-15
4280,0,0,4280,2.6468759808511e-11,9.3203757626047e-06,5.6809215903673e-13,-8.9695152446752e-15
4281,0,0,4281,2.6477742384363e-11,9.3172347117034e-06,5.6853021313842e-13,-8.9825758518863e-15
4282,0,0,4282,2.6486738041114e-11,9.3140912407244e-06,5.6896824720302e-13,-8.9956567517377e-15
4283,0,0,4283,2.6495746799106e-11,9.3109453497786e-06,5.6940626118302e-13,-9.008757992206e-15
4284,0,0,4284,2.6504768678728e-11,9.3077970389774e-06,5.6984425503026e-13,-9.021879621371e-15
4285,0,0,4285,2.6513803700415e-11,9.3046463084321e-06,5.7028222869722e-13,-9.0350216874871e-15
4286,0,0,4286,2.6522851884654e-11,9.3014931582545e-06,5.7072018213484e-13,-9.0481842389119e-15
4287,0,0,4287,2.6531913251978e-11,9.2983375885568e-06,5.711581152959e-13,-9.0613673241488e-15
4288,0,0,4288,2.654098782297e-11,9.2951795994511e-06,5.7159602813104e-13,-9.0745709918429e-15
4289,0,0,4289,2.6550075618261e-11,9.29201919105e-06,5.7203392059242e-13,-9.0877952907754e-15
4290,0,0,4290,2.6559176658531e-11,9.2888563634664e-06,5.7247179263067e-13,-9.1010402698533e-15
4291,0,0,4291,2.6568290964509e-11,9.2856911168134e-06,5.7290964419766e-13,-9.114305978129e-15
4292,0,0,4292,2.6577418556974e-11,9.2825234512043e-06,5.7334747524339e-13,-9.1275924648037e-15
4293,0,0,4293,2.6586559456753e-11,9.2793533667528e-06,5.7378528571944e-13,-9.1408997791979e-15
4294,0,0,4294,2.6595713684724e-11,9.2761808635728e-06,5.7422307557673e-13,-9.1542279707746e-15
4295,0,0,4295,2.6604881261813e-11,9.2730059417786e-06,5.7466084476528e-13,-9.1675770891548e-15
4296,0,0,4296,2.6614062208997e-11,9.2698286014844e-06,5.7509859323605e-13,-9.180947184076e-15
4297,0,0,4297,2.6623256547302e-11,9.2666488428052e-06,5.7553632093904e-13,-9.1943383054307e-15
4298,0,0,4298,2.6632464297806e-11,9.2634666658559e-06,5.7597402782427e-13,-9.2077505032441e-15
4299,0,0,4299,2.6641685481633e-11,9.2602820707518e-06,5.7641171384208e-13,-9.221183827693e-15
4300,0,0,4300,2.6650920119962e-11,9.2570950576085e-06,5.7684937894217e-13,-9.2346383290868e-15
4301,0,0,4301,2.666016823402e-11,9.2539056265418e-06,5.7728702307457e-13,-9.2481140578771e-15
4302,0,0,4302,2.6669429845085e-11,9.2507137776678e-06,5.7772464618868e-13,-9.2616110646639e-15
4303,0,0,4303,2.6678704974485e-11,9.247519511103e-06,5.7816224823391e-13,-9.2751294001931e-15
4304,0,0,4304,2.6687993643601e-11,9.244322826964e-06,5.7859982915936e-13,-9.288669115349e-15
4305,0,0,4305,2.6697295873862e-11,9.2411237253678e-06,5.7903738891505e-13,-9.3022302611551e-15
4306,0,0,4306,2.670661168675e-11,9.2379222064316e-06,5.7947492744885e-13,-9.31581288879e-15
4307,0,0,4307,2.67159411038e-11,9.2347182702729e-06,5.7991244471048e-13,-9.3294170495745e-15
4308,0,0,4308,2.6725284146595e-11,9.2315119170097e-06,5.8034994064873e-13,-9.343042794978e-15
4309,0,0,4309,2.6734640836772e-11,9.2283031467599e-06,5.8078741521116e-13,-9.3566901766054e-15
4310,0,0,4310,2.6744011196018e-11,9.225091959642e-06,5.8122486834719e-13,-9.3703592462235e-15
4311,0,0,4311,2.6753395246074e-11,9.2218783557745e-06,5.8166230000499e-13,-9.3840500557378e-15
4312,0,0,4312,2.6762793008731e-11,9.2186623352766e-06,5.8209971013275e-13,-9.3977626572025e-15
4313,0,0,4313,2.6772204505834e-11,9.2154438982673e-06,5.8253709867772e-13,-9.4114971028174e-15
4314,0,0,4314,2.6781629759279e-11,9.2122230448663e-06,5.829744655887e-13,-9.4252534449467e-15
4315,0,0,4315,2.6791068791015e-11,9.2089997751933e-06,5.8341181081264e-13,-9.4390317360777e-15
4316,0,0,4316,2.6800521623044e-11,9.2057740893684e-06,5.8384913429772e-13,-9.4528320288785e-15
4317,0,0,4317,2.680998827742e-11,9.2025459875121e-06,5.842864359912e-13,-9.4666543761401e-15
4318,0,0,4318,2.681946877625e-11,9.199315469745e-06,5.8472371583974e-13,-9.4804988308246e-15
4319,0,0,4319,2.6828963141696e-11,9.1960825361882e-06,5.8516097379089e-13,-9.4943654460331e-15
4320,0,0,4320,2.6838471395972e-11,9.1928471869628e-06,5.8559820979191e-13,-9.5082542750284e-15
4321,0,0,4321,2.6847993561343e-11,9.1896094221905e-06,5.8603542378915e-13,-9.5221653712152e-15
4322,0,0,4322,2.6857529660131e-11,9.1863692419931e-06,5.8647261572926e-13,-9.5360987881664e-15
4323,0,0,4323,2.6867079714711e-11,9.1831266464928e-06,5.8690978555857e-13,-9.5500545795907e-15
4324,0,0,4324,2.687664374751e-11,9.179881635812e-06,5.8734693322404e-13,-9.564032799371e-15
4325,0,0,4325,2.6886221781011e-11,9.1766342100735e-06,5.8778405867108e-13,-9.5780335015262e-15
4326,0,0,4326,2.6895813837752e-11,9.1733843694003e-06,5.8822116184636e-13,-9.592056740243e-15
4327,0,0,4327,2.6905419940322e-11,9.1701321139158e-06,5.8865824269528e-13,-9.6061025698633e-15
4328,0,0,4328,2.6915040111366e-11,9.1668774437436e-06,5.8909530116387e-13,-9.6201710448745e-15
4329,0,0,4329,2.6924674373586e-11,9.1636203590077e-06,5.8953233719727e-13,-9.634262219935e-15
4330,0,0,4330,2.6934322749736e-11,9.1603608598323e-06,5.8996935074118e-13,-9.6483761498585e-15
4331,0,0,4331,2.6943985262626e-11,9.157098946342e-06,5.9040634174104e-13,-9.6625128896073e-15
4332,0,0,4332,2.695366193512e-11,9.1538346186617e-06,5.9084331014134e-13,-9.6766724943117e-15
4333,0,0,4333,2.6963352790139e-11,9.1505678769165e-06,5.912802558875e-13,-9.6908550192603e-15
4334,0,0,4334,2.6973057850659e-11,9.1472987212318e-06,5.9171717892403e-13,-9.7050605198935e-15
4335,0,0,4335,2.6982777139711e-11,9.1440271517335e-06,5.9215407919573e-13,-9.7192890518297e-15
4336,0,0,4336,2.6992510680382e-11,9.1407531685476e-06,5.9259095664618e-13,-9.7335406708226e-15
4337,0,0,4337,2.7002258495815e-11,9.1374767718005e-06,5.9302781122111e-13,-9.7478154328137e-15
4338,0,0,4338,2.7012020609209e-11,9.134197961619e-06,5.9346464286379e-13,-9.7621133938928e-15
4339,0,0,4339,2.7021797043819e-11,9.1309167381299e-06,5.9390145151781e-13,-9.7764346103148e-15
4340,0,0,4340,2.7031587822957e-11,9.1276331014607e-06,5.9433823712766e-13,-9.7907791384926e-15
4341,0,0,4341,2.7041392969992e-11,9.1243470517389e-06,5.9477499963632e-13,-9.8051470350171e-15
4342,0,0,4342,2.7051212508349e-11,9.1210585890926e-06,5.9521173898827e-13,-9.8195383566277e-15
4343,0,0,4343,2.7061046461509e-11,9.1177677136499e-06,5.9564845512558e-13,-9.8339531602415e-15
4344,0,0,4344,2.7070894853012e-11,9.1144744255395e-06,5.9608514799213e-13,-9.8483915029308e-15
4345,0,0,4345,2.7080757706454e-11,9.1111787248901e-06,5.9652181753058e-13,-9.8628534419488e-15
4346,0,0,4346,2.7090635045489e-11,9.1078806118311e-06,5.9695846368359e-13,-9.8773390347004e-15
4347,0,0,4347,2.7100526893828e-11,9.1045800864919e-06,5.9739508639443e-13,-9.8918483387587e-15
4348,0,0,4348,2.711043327524e-11,9.1012771490024e-06,5.9783168560485e-13,-9.9063814118778e-15
4349,0,0,4349,2.7120354213551e-11,9.0979717994927e-06,5.9826826125751e-13,-9.9209383119733e-15
4350,0,0,4350,2.7130289732649e-11,9.0946640380932e-06,5.9870481329445e-13,-9.9355190971253e-15
4351,0,0,4351,2.7140239856474e-11,9.0913538649349e-06,5.9914134165741e-13,-9.950123825589e-15
4352,0,0,4352,2.715020460903e-11,9.0880412801488e-06,5.9957784628814e-13,-9.9647525557902e-15
4353,0,0,4353,2.7160184014376e-11,9.0847262838663e-06,6.0001432712899e-13,-9.9794053463264e-15
4354,0,0,4354,2.7170178096632e-11,9.0814088762192e-06,6.0045078412048e-13,-9.9940822559629e-15
4355,0,0,4355,2.7180186879976e-11,9.0780890573397e-06,6.0088721720435e-13,-1.000878334364e-14
4356,0,0,4356,2.7190210388644e-11,9.07476682736e-06,6.0132362632141e-13,-1.0023508668471e-14
4357,0,0,4357,2.7200248646934e-11,9.071442186413e-06,6.017600114131e-13,-1.0038258289742e-14
4358,0,0,4358,2.7210301679201e-11,9.0681151346316e-06,6.0219637241933e-13,-1.0053032266913e-14
4359,0,0,4359,2.7220369509861e-11,9.0647856721494e-06,6.0263270928122e-13,-1.0067830659623e-14
4360,0,0,4360,2.7230452163388e-11,9.0614537991e-06,6.0306902193928e-13,-1.0082653527682e-14
4361,0,0,4361,2.7240549664319e-11,9.0581195156175e-06,6.0350531033342e-13,-1.0097500931072e-14
4362,0,0,4362,2.7250662037249e-11,9.0547828218363e-06,6.0394157440354e-13,-1.0112372929967e-14
4363,0,0,4363,2.7260789306834e-11,9.051443717891e-06,6.0437781409016e-13,-1.0127269584699e-14
4364,0,0,4364,2.727093149779e-11,9.0481022039168e-06,6.0481402933225e-13,-1.0142190955791e-14
4365,0,0,4365,2.7281088634894e-11,9.044758280049e-06,6.052502200694e-13,-1.0157137103938e-14
4366,0,0,4366,2.7291260742984e-11,9.0414119464234e-06,6.0568638624153e-13,-1.0172108090024e-14
4367,0,0,4367,2.7301447846959e-11,9.038063203176e-06,6.06122527787e-13,-1.01871039751e-14
4368,0,0,4368,2.7311649971779e-11,9.0347120504431e-06,6.065586446454e-13,-1.0202124820406e-14
4369,0,0,4369,2.7321867142467e-11,9.0313584883616e-06,6.069947367551e-13,-1.0217170687363e-14
4370,0,0,4370,2.7332099384104e-11,9.0280025170685e-06,6.0743080405477e-13,-1.0232241637564e-14
4371,0,0,4371,2.7342346721837e-11,9.0246441367012e-06,6.078668464831e-13,-1.0247337732806e-14
4372,0,0,4372,2.7352609180872e-11,9.0212833473974e-06,6.0830286397784e-13,-1.0262459035042e-14
4373,0,0,4373,2.7362886786479e-11,9.0179201492953e-06,6.0873885647796e-13,-1.027760560643e-14
4374,0,0,4374,2.7373179563988e-11,9.0145545425333e-06,6.0917482392e-13,-1.0292777509304e-14
4375,0,0,4375,2.7383487538794e-11,9.0111865272502e-06,6.0961076624232e-13,-1.0307974806184e-14
4376,0,0,4376,2.7393810736354e-11,9.0078161035851e-06,6.1004668338299e-13,-1.0323197559776e-14
4377,0,0,4377,2.7404149182187e-11,9.0044432716775e-06,6.1048257527853e-13,-1.0338445832973e-14
4378,0,0,4378,2.7414502901876e-11,9.0010680316672e-06,6.1091844186609e-13,-1.0353719688859e-14
4379,0,0,4379,2.7424871921066e-11,8.9976903836944e-06,6.1135428308281e-13,-1.0369019190692e-14
4380,0,0,4380,2.7435256265468e-11,8.9943103278995e-06,6.1179009886551e-13,-1.0384344401938e-14
4381,0,0,4381,2.7445655960855e-11,8.9909278644236e-06,6.1222588915074e-13,-1.0399695386242e-14
4382,0,0,4382,2.7456071033062e-11,8.9875429934077e-06,6.1266165387472e-13,-1.0415072207435e-14
4383,0,0,4383,2.7466501507992e-11,8.9841557149935e-06,6.1309739297365e-13,-1.0430474929547e-14
4384,0,0,4384,2.7476947411608e-11,8.9807660293228e-06,6.1353310638347e-13,-1.0445903616796e-14
4385,0,0,4385,2.7487408769942e-11,8.9773739365381e-06,6.1396879404008e-13,-1.0461358333594e-14
4386,0,0,4386,2.7497885609086e-11,8.9739794367818e-06,6.1440445587879e-13,-1.0476839144538e-14
4387,0,0,4387,2.7508377955201e-11,8.9705825301971e-06,6.1484009183582e-13,-1.0492346114432e-14
4388,0,0,4388,2.7518885834509e-11,8.9671832169272e-06,6.1527570184524e-13,-1.0507879308259e-14
4389,0,0,4389,2.75294092733e-11,8.963781497116e-06,6.1571128584297e-13,-1.052343879121e-14
4390,0,0,4390,2.7539948297929e-11,8.9603773709073e-06,6.161468437637e-13,-1.0539024628662e-14
4391,0,0,4391,2.7550502934815e-11,8.9569708384458e-06,6.165823755412e-13,-1.0554636886199e-14
4392,0,0,4392,2.7561073210445e-11,8.9535618998761e-06,6.1701788111076e-13,-1.057027562959e-14
4393,0,0,4393,2.757165915137e-11,8.9501505553435e-06,6.1745336040678e-13,-1.0585940924807e-14
4394,0,0,4394,2.7582260784208e-11,8.9467368049934e-06,6.178888133624e-13,-1.0601632838024e-14
4395,0,0,4395,2.7592878135643e-11,8.9433206489718e-06,6.1832423991232e-13,-1.0617351435605e-14
4396,0,0,4396,2.7603511232427e-11,8.9399020874249e-06,6.1875963998938e-13,-1.0633096784134e-14
4397,0,0,4397,2.7614160101378e-11,8.9364811204993e-06,6.1919501352796e-13,-1.0648868950365e-14
4398,0,0,4398,2.7624824769379e-11,8.9330577483421e-06,6.1963036046031e-13,-1.0664668001282e-14
4399,0,0,4399,2.7635505263383e-11,8.9296319711005e-06,6.2006568071989e-13,-1.0680494004052e-14
4400,0,0,4400,2.7646201610409e-11,8.9262037889224e-06,6.2050097423984e-13,-1.0696347026055e-14
4401,0,0,4401,2.7656913837544e-11,8.9227732019558e-06,6.209362409521e-13,-1.0712227134877e-14
4402,0,0,4402,2.7667641971942e-11,8.9193402103492e-06,6.2137148078982e-13,-1.0728134398295e-14
4403,0,0,4403,2.7678386040827e-11,8.9159048142515e-06,6.2180669368463e-13,-1.0744068884304e-14
4404,0,0,4404,2.7689146071488e-11,8.9124670138119e-06,6.2224187956877e-13,-1.0760030661102e-14
4405,0,0,4405,2.7699922091285e-11,8.90902680918e-06,6.2267703837415e-13,-1.0776019797092e-14
4406,0,0,4406,2.7710714127646e-11,8.9055842005058e-06,6.231121700318e-13,-1.0792036360879e-14
4407,0,0,4407,2.7721522208067e-11,8.9021391879397e-06,6.2354727447394e-13,-1.0808080421287e-14
4408,0,0,4408,2.7732346360114e-11,8.8986917716323e-06,6.2398235163127e-13,-1.0824152047347e-14
4409,0,0,4409,2.7743186611423e-11,8.8952419517349e-06,6.2441740143451e-13,-1.084025130829e-14
4410,0,0,4410,2.7754042989696e-11,8.8917897283989e-06,6.2485242381528e-13,-1.0856378273573e-14
4411,0,0,4411,2.7764915522709e-11,8.8883351017762e-06,6.2528741870273e-13,-1.0872533012844e-14
4412,0,0,4412,2.7775804238305e-11,8.8848780720192e-06,6.2572238602851e-13,-1.0888715595984e-14
4413,0,0,4413,2.7786709164398e-11,8.8814186392804e-06,6.2615732572238e-13,-1.090492609308e-14
4414,0,0,4414,2.7797630328972e-11,8.8779568037129e-06,6.2659223771351e-13,-1.0921164574417e-14
4415,0,0,4415,2.7808567760083e-11,8.8744925654702e-06,6.2702712193293e-13,-1.0937431110525e-14
4416,0,0,4416,2.7819521485855e-11,8.871025924706e-06,6.2746197830856e-13,-1.095372577212e-14
4417,0,0,4417,2.7830491534485e-11,8.8675568815747e-06,6.2789680677081e-13,-1.0970048630155e-14
4418,0,0,4418,2.7841477934241e-11,8.8640854362308e-06,6.2833160724854e-13,-1.0986399755781e-14
4419,0,0,4419,2.7852480713461e-11,8.8606115888293e-06,6.287663796703e-13,-1.1002779220388e-14
4420,0,0,4420,2.7863499900557e-11,8.8571353395256e-06,6.2920112396434e-13,-1.1019187095571e-14
4421,0,0,4421,2.787453552401e-11,8.8536566884756e-06,6.2963584005984e-13,-1.1035623453138e-14
4422,0,0,4422,2.7885587612375e-11,8.8501756358353e-06,6.3007052788473e-13,-1.1052088365141e-14
4423,0,0,4423,2.7896656194279e-11,8.8466921817615e-06,6.3050518736635e-13,-1.1068581903823e-14
4424,0,0,4424,2.7907741298421e-11,8.843206326411e-06,6.3093981843326e-13,-1.1085104141678e-14
4425,0,0,4425,2.7918842953572e-11,8.8397180699413e-06,6.3137442101246e-13,-1.1101655151399e-14
4426,0,0,4426,2.7929961188578e-11,8.8362274125102e-06,6.3180899503161e-13,-1.1118235005916e-14
4427,0,0,4427,2.7941096032356e-11,8.8327343542759e-06,6.3224354041711e-13,-1.113484377838e-14
4428,0,0,4428,2.7952247513899e-11,8.8292388953969e-06,6.3267805709629e-13,-1.1151481542167e-14
4429,0,0,4429,2.796341566227e-11,8.8257410360323e-06,6.3311254499587e-13,-1.1168148370873e-14
4430,0,0,4430,2.7974600506608e-11,8.8222407763414e-06,6.3354700404133e-13,-1.1184844338332e-14
4431,0,0,4431,2.7985802076126e-11,8.8187381164842e-06,6.3398143416032e-13,-1.1201569518602e-14
4432,0,0,4432,2.7997020400112e-11,8.8152330566208e-06,6.344158352774e-13,-1.121832398596e-14
4433,0,0,4433,2.8008255507927e-11,8.8117255969118e-06,6.3485020731868e-13,-1.1235107814932e-14
4434,0,0,4434,2.8019507429008e-11,8.8082157375184e-06,6.3528455021025e-13,-1.1251921080249e-14
4435,0,0,4435,2.8030776192865e-11,8.804703478602e-06,6.3571886387609e-13,-1.1268763856896e-14
4436,0,0,4436,2.8042061829085e-11,8.8011888203244e-06,6.3615314824197e-13,-1.1285636220081e-14
4437,0,0,4437,2.805336436733e-11,8.797671762848e-06,6.365874032331e-13,-1.1302538245239e-14
4438,0,0,4438,2.8064683837338e-11,8.7941523063354e-06,6.3702162877311e-13,-1.1319470008047e-14
4439,0,0,4439,2.8076020268922e-11,8.7906304509498e-06,6.3745582478626e-13,-1.1336431584416e-14
4440,0,0,4440,2.8087373691973e-11,8.7871061968548e-06,6.3788999119776e-13,-1.1353423050491e-14
4441,0,0,4441,2.8098744136455e-11,8.7835795442143e-06,6.3832412793e-13,-1.137044448265e-14
4442,0,0,4442,2.8110131632413e-11,8.7800504931927e-06,6.3875823490789e-13,-1.1387495957508e-14
4443,0,0,4443,2.8121536209965e-11,8.7765190439549e-06,6.3919231205321e-13,-1.1404577551935e-14
4444,0,0,4444,2.8132957899308e-11,8.772985196666e-06,6.3962635929086e-13,-1.1421689343011e-14
4445,0,0,4445,2.8144396730716e-11,8.7694489514917e-06,6.4006037654202e-13,-1.1438831408085e-14
4446,0,0,4446,2.8155852734541e-11,8.7659103085982e-06,6.4049436373066e-13,-1.1456003824724e-14
4447,0,0,4447,2.8167325941211e-11,8.7623692681519e-06,6.4092832077827e-13,-1.1473206670755e-14
4448,0,0,4448,2.8178816381236e-11,8.7588258303198e-06,6.4136224760729e-13,-1.1490440024235e-14
4449,0,0,4449,2.8190324085199e-11,8.7552799952693e-06,6.4179614413983e-13,-1.1507703963468e-14
4450,0,0,4450,2.8201849083766e-11,8.7517317631682e-06,6.4223001029738e-13,-1.1524998567007e-14
4451,0,0,4451,2.821339140768e-11,8.7481811341848e-06,6.4266384600116e-13,-1.1542323913643e-14
4452,0,0,4452,2.8224951087762e-11,8.7446281084877e-06,6.4309765117236e-13,-1.1559680082429e-14
4453,0,0,4453,2.8236528154915e-11,8.7410726862461e-06,6.4353142573216e-13,-1.1577067152643e-14
4454,0,0,4454,2.8248122640119e-11,8.7375148676295e-06,6.4396516960117e-13,-1.1594485203824e-14
4455,0,0,4455,2.8259734574434e-11,8.7339546528079e-06,6.4439888269965e-13,-1.1611934315767e-14
4456,0,0,4456,2.8271363989003e-11,8.7303920419519e-06,6.4483256494758e-13,-1.1629414568501e-14
4457,0,0,4457,2.8283010915045e-11,8.7268270352322e-06,6.4526621626553e-13,-1.1646926042324e-14
4458,0,0,4458,2.8294675383863e-11,8.7232596328202e-06,6.4569983657226e-13,-1.1664468817762e-14
4459,0,0,4459,2.8306357426839e-11,8.7196898348877e-06,6.4613342578774e-13,-1.1682042975626e-14
4460,0,0,4460,2.8318057075436e-11,8.7161176416068e-06,6.4656698383131e-13,-1.1699648596959e-14
4461,0,0,4461,2.8329774361199e-11,8.7125430531503e-06,6.4700051062143e-13,-1.1717285763053e-14
4462,0,0,4462,2.8341509315754e-11,8.7089660696914e-06,6.4743400607713e-13,-1.1734954555487e-14
4463,0,0,4463,2.835326197081e-11,8.7053866914034e-06,6.4786747011594e-13,-1.1752655056058e-14
4464,0,0,4464,2.8365032358157e-11,8.7018049184606e-06,6.4830090265722e-13,-1.177038734686e-14
4465,0,0,4465,2.8376820509667e-11,8.6982207510373e-06,6.4873430361787e-13,-1.178815151021e-14
4466,0,0,4466,2.8388626457296e-11,8.6946341893084e-06,6.4916767291601e-13,-1.1805947628711e-14
4467,0,0,4467,2.8400450233081e-11,8.6910452334495e-06,6.4960101046857e-13,-1.1823775785219e-14
4468,0,0,4468,2.8412291869144e-11,8.6874538836363e-06,6.5003431619335e-13,-1.1841636062841e-14
4469,0,0,4469,2.8424151397689e-11,8.6838601400451e-06,6.5046759000634e-13,-1.1859528544971e-14
4470,0,0,4470,2.8436028851004e-11,8.6802640028527e-06,6.5090083182445e-13,-1.1877453315238e-14
4471,0,0,4471,2.8447924261462e-11,8.6766654722363e-06,6.5133404156428e-13,-1.1895410457567e-14
4472,0,0,4472,2.8459837661518e-11,8.6730645483736e-06,6.5176721914119e-13,-1.191340005612e-14
4473,0,0,4473,2.8471769083713e-11,8.6694612314429e-06,6.5220036447148e-13,-1.1931422195345e-14
4474,0,0,4474,2.8483718560673e-11,8.6658555216226e-06,6.5263347747052e-13,-1.1949476959953e-14
4475,0,0,4475,2.8495686125108e-11,8.6622474190919e-06,6.5306655805337e-13,-1.1967564434924e-14
4476,0,0,4476,2.8507671809814e-11,8.6586369240304e-06,6.534996061351e-13,-1.1985684705506e-14
4477,0,0,4477,2.8519675647671e-11,8.6550240366181e-06,6.5393262163047e-13,-1.2003837857221e-14
4478,0,0,4478,2.8531697671647e-11,8.6514087570354e-06,6.5436560445362e-13,-1.2022023975868e-14
4479,0,0,4479,2.8543737914794e-11,8.6477910854635e-06,6.54798554519e-13,-1.2040243147502e-14
4480,0,0,4480,2.8555796410253e-11,8.6441710220837e-06,6.5523147173984e-13,-1.2058495458479e-14
4481,0,0,4481,2.8567873191248e-11,8.640548567078e-06,6.5566435603089e-13,-1.2076780995408e-14
4482,0,0,4482,2.8579968291093e-11,8.6369237206288e-06,6.5609720730447e-13,-1.2095099845184e-14
4483,0,0,4483,2.8592081743188e-11,8.633296482919e-06,6.5653002547409e-13,-1.2113452094976e-14
4484,0,0,4484,2.8604213581021e-11,8.629666854132e-06,6.5696281045177e-13,-1.2131837832238e-14
4485,0,0,4485,2.8616363838165e-11,8.6260348344516e-06,6.5739556215102e-13,-1.2150257144702e-14
4486,0,0,4486,2.8628532548286e-11,8.6224004240622e-06,6.5782828048325e-13,-1.2168710120374e-14
4487,0,0,4487,2.8640719745133e-11,8.6187636231486e-06,6.5826096536074e-13,-1.2187196847548e-14
4488,0,0,4488,2.8652925462548e-11,8.6151244318962e-06,6.586936166952e-13,-1.2205717414807e-14
4489,0,0,4489,2.8665149734459e-11,8.6114828504906e-06,6.591262343977e-13,-1.2224271910998e-14
4490,0,0,4490,2.8677392594884e-11,8.6078388791184e-06,6.5955881837932e-13,-1.2242860425276e-14
4491,0,0,4491,2.8689654077931e-11,8.6041925179662e-06,6.5999136855084e-13,-1.2261483047077e-14
4492,0,0,4492,2.8701934217797e-11,8.6005437672213e-06,6.6042388482271e-13,-1.2280139866111e-14
4493,0,0,4493,2.871423304877e-11,8.5968926270715e-06,6.608563671054e-13,-1.2298830972389e-14
4494,0,0,4494,2.8726550605226e-11,8.5932390977052e-06,6.6128881530846e-13,-1.2317556456219e-14
4495,0,0,4495,2.8738886921634e-11,8.589583179311e-06,6.6172122934205e-13,-1.2336316408174e-14
4496,0,0,4496,2.8751242032553e-11,8.5859248720784e-06,6.6215360911448e-13,-1.2355110919153e-14
4497,0,0,4497,2.8763615972634e-11,8.582264176197e-06,6.6258595453592e-13,-1.2373940080312e-14
4498,0,0,4498,2.8776008776617e-11,8.5786010918571e-06,6.6301826551406e-13,-1.2392803983136e-14
4499,0,0,4499,2.8788420479336e-11,8.5749356192496e-06,6.6345054195847e-13,-1.2411702719383e-14
4500,0,0,4500,2.8800851115717e-11,8.5712677585657e-06,6.6388278377621e-13,-1.2430636381112e-14
4501,0,0,4501,2.8813300720778e-11,8.5675975099974e-06,6.6431499087563e-13,-1.2449605060685e-14
4502,0,0,4502,2.8825769329629e-11,8.5639248737368e-06,6.6474716316411e-13,-1.2468608850763e-14
4503,0,0,4503,2.8838256977473e-11,8.5602498499769e-06,6.6517930054936e-13,-1.2487647844298e-14
4504,0,0,4504,2.8850763699608e-11,8.5565724389109e-06,6.6561140293756e-13,-1.2506722134556e-14
4505,0,0,4505,2.8863289531423e-11,8.5528926407328e-06,6.6604347023609e-13,-1.2525831815098e-14
4506,0,0,4506,2.8875834508403e-11,8.5492104556369e-06,6.6647550235084e-13,-1.2544976979784e-14
4507,0,0,4507,2.8888398666125e-11,8.5455258838182e-06,6.6690749918765e-13,-1.2564157722795e-14
4508,0,0,4508,2.8900982040264e-11,8.5418389254721e-06,6.6733946065303e-13,-1.2583374138602e-14
4509,0,0,4509,2.8913584666586e-11,8.5381495807944e-06,6.6777138665128e-13,-1.2602626321997e-14
4510,0,0,4510,2.8926206580954e-11,8.5344578499818e-06,6.682032770886e-13,-1.2621914368063e-14
4511,0,0,4511,2.8938847819326e-11,8.5307637332311e-06,6.68635131869e-13,-1.2641238372209e-14
4512,0,0,4512,2.8951508417756e-11,8.52706723074e-06,6.6906695089773e-13,-1.2660598430153e-14
4513,0,0,4513,2.8964188412394e-11,8.5233683427064e-06,6.6949873407791e-13,-1.2679994637916e-14
4514,0,0,4514,2.8976887839486e-11,8.519667069329e-06,6.6993048131448e-13,-1.2699427091841e-14
4515,0,0,4515,2.8989606735375e-11,8.5159634108068e-06,6.7036219250993e-13,-1.2718895888584e-14
4516,0,0,4516,2.90023451365e-11,8.5122573673396e-06,6.7079386756859e-13,-1.2738401125114e-14
4517,0,0,4517,2.9015103079399e-11,8.5085489391275e-06,6.7122550639297e-13,-1.2757942898718e-14
4518,0,0,4518,2.9027880600706e-11,8.5048381263712e-06,6.7165710888492e-13,-1.2777521307009e-14
4519,0,0,4519,2.9040677737153e-11,8.5011249292721e-06,6.7208867494758e-13,-1.2797136447908e-14
4520,0,0,4520,2.9053494525573e-11,8.4974093480318e-06,6.725202044828e-13,-1.2816788419668e-14
4521,0,0,4521,2.9066331002894e-11,8.4936913828529e-06,6.7295169739187e-13,-1.2836477320854e-14
4522,0,0,4522,2.9079187206144e-11,8.4899710339381e-06,6.7338315357635e-13,-1.2856203250364e-14
4523,0,0,4523,2.9092063172452e-11,8.4862483014909e-06,6.738145729372e-13,-1.2875966307413e-14
4524,0,0,4524,2.9104958939043e-11,8.4825231857154e-06,6.7424595537477e-13,-1.2895766591548e-14
4525,0,0,4525,2.9117874543246e-11,8.478795686816e-06,6.7467730079002e-13,-1.2915604202651e-14
4526,0,0,4526,2.9130810022487e-11,8.4750658049978e-06,6.7510860908237e-13,-1.2935479240901e-14
4527,0,0,4527,2.9143765414294e-11,8.4713335404666e-06,6.7553988015157e-13,-1.2955391806855e-14
4528,0,0,4528,2.9156740756295e-11,8.4675988934285e-06,6.7597111389733e-13,-1.2975342001359e-14
4529,0,0,4529,2.9169736086221e-11,8.4638618640903e-06,6.7640231021818e-13,-1.299532992562e-14
4530,0,0,4530,2.9182751441902e-11,8.4601224526593e-06,6.7683346901322e-13,-1.301535568116e-14
4531,0,0,4531,2.9195786861272e-11,8.4563806593433e-06,6.7726459018067e-13,-1.3035419369852e-14
4532,0,0,4532,2.9208842382366e-11,8.452636484351e-06,6.7769567361779e-13,-1.3055521093886e-14
4533,0,0,4533,2.9221918043321e-11,8.4488899278912e-06,6.7812671922371e-13,-1.3075660955818e-14
4534,0,0,4534,2.923501388238e-11,8.4451409901735e-06,6.7855772689418e-13,-1.3095839058517e-14
4535,0,0,4535,2.9248129937885e-11,8.4413896714082e-06,6.789886965274e-13,-1.3116055505219e-14
4536,0,0,4536,2.9261266248285e-11,8.4376359718059e-06,6.7941962801911e-13,-1.3136310399469e-14
4537,0,0,4537,2.927442285213e-11,8.4338798915779e-06,6.798505212666e-13,-1.3156603845189e-14
4538,0,0,4538,2.9287599788076e-11,8.4301214309361e-06,6.8028137616469e-13,-1.3176935946617e-14
4539,0,0,4539,2.9300797094885e-11,8.4263605900929e-06,6.8071219261004e-13,-1.3197306808371e-14
4540,0,0,4540,2.931401481142e-11,8.4225973692615e-06,6.8114297049688e-13,-1.3217716535374e-14
4541,0,0,4541,2.9327252976653e-11,8.4188317686553e-06,6.8157370972065e-13,-1.3238165232943e-14
4542,0,0,4542,2.934051162966e-11,8.4150637884886e-06,6.8200441017616e-13,-1.3258653006718e-14
4543,0,0,4543,2.9353790809622e-11,8.4112934289761e-06,6.8243507175734e-13,-1.3279179962688e-14
4544,0,0,4544,2.936709055583e-11,8.4075206903332e-06,6.8286569435777e-13,-1.3299746207217e-14
4545,0,0,4545,2.9380410907677e-11,8.4037455727759e-06,6.8329627787137e-13,-1.3320351847011e-14
4546,0,0,4546,2.9393751904666e-11,8.3999680765207e-06,6.8372682219112e-13,-1.3340996989119e-14
4547,0,0,4547,2.9407113586407e-11,8.3961882017848e-06,6.841573272094e-13,-1.3361681740984e-14
4548,0,0,4548,2.9420495992617e-11,8.3924059487858e-06,6.8458779281951e-13,-1.3382406210371e-14
4549,0,0,4549,2.9433899163123e-11,8.388621317742e-06,6.8501821891289e-13,-1.3403170505429e-14
4550,0,0,4550,2.9447323137857e-11,8.3848343088725e-06,6.8544860538131e-13,-1.3423974734654e-14
4551,0,0,4551,2.9460767956864e-11,8.3810449223968e-06,6.8587895211591e-13,-1.3444819006924e-14
4552,0,0,4552,2.9474233660296e-11,8.3772531585348e-06,6.8630925900816e-13,-1.3465703431451e-14
4553,0,0,4553,2.9487720288414e-11,8.3734590175075e-06,6.8673952594827e-13,-1.3486628117864e-14
4554,0,0,4554,2.950122788159e-11,8.3696624995361e-06,6.8716975282679e-13,-1.35075931761e-14
4555,0,0,4555,2.9514756480306e-11,8.3658636048425e-06,6.8759993953332e-13,-1.3528598716516e-14
4556,0,0,4556,2.9528306125156e-11,8.3620623336494e-06,6.8803008595718e-13,-1.3549644849813e-14
4557,0,0,4557,2.9541876856843e-11,8.3582586861798e-06,6.8846019198798e-13,-1.3570731687065e-14
4558,0,0,4558,2.9555468716183e-11,8.3544526626577e-06,6.8889025751411e-13,-1.3591859339734e-14
4559,0,0,4559,2.9569081744102e-11,8.3506442633072e-06,6.8932028242426e-13,-1.3613027919646e-14
4560,0,0,4560,2.9582715981641e-11,8.3468334883536e-06,6.897502666059e-13,-1.3634237539019e-14
4561,0,0,4561,2.9596371469952e-11,8.3430203380224e-06,6.9018020994712e-13,-1.3655488310421e-14
4562,0,0,4562,2.9610048250299e-11,8.3392048125399e-06,6.9061011233507e-13,-1.3676780346827e-14
4563,0,0,4563,2.962374636406e-11,8.335386912133e-06,6.910399736563e-13,-1.3698113761598e-14
4564,0,0,4564,2.9637465852729e-11,8.3315666370291e-06,6.9146979379767e-13,-1.3719488668447e-14
4565,0,0,4565,2.965120675791e-11,8.3277439874565e-06,6.9189957264511e-13,-1.3740905181491e-14
4566,0,0,4566,2.9664969121325e-11,8.3239189636439e-06,6.9232931008395e-13,-1.3762363415251e-14
4567,0,0,4567,2.967875298481e-11,8.3200915658207e-06,6.9275900600043e-13,-1.3783863484602e-14
4568,0,0,4568,2.9692558390315e-11,8.3162617942169e-06,6.9318866027833e-13,-1.380540550483e-14
4569,0,0,4569,2.9706385379906e-11,8.3124296490633e-06,6.9361827280298e-13,-1.3826989591613e-14
4570,0,0,4570,2.9720233995768e-11,8.3085951305912e-06,6.9404784345847e-13,-1.3848615861008e-14
4571,0,0,4571,2.9734104280197e-11,8.3047582390324e-06,6.9447737212798e-13,-1.3870284429478e-14
4572,0,0,4572,2.9747996275611e-11,8.3009189746198e-06,6.949068586953e-13,-1.3891995413884e-14
4573,0,0,4573,2.9761910024542e-11,8.2970773375864e-06,6.9533630304329e-13,-1.3913748931477e-14
4574,0,0,4574,2.9775845569642e-11,8.2932333281662e-06,6.9576570505483e-13,-1.3935545099912e-14
4575,0,0,4575,2.9789802953679e-11,8.2893869465937e-06,6.9619506461125e-13,-1.3957384037242e-14
4576,0,0,4576,2.9803782219541e-11,8.2855381931043e-06,6.9662438159481e-13,-1.3979265861922e-14
4577,0,0,4577,2.9817783410234e-11,8.2816870679336e-06,6.9705365588684e-13,-1.4001190692827e-14
4578,0,0,4578,2.9831806568883e-11,8.2778335713183e-06,6.9748288736867e-13,-1.4023158649207e-14
4579,0,0,4579,2.9845851738734e-11,8.2739777034956e-06,6.9791207591981e-13,-1.4045169850757e-14
4580,0,0,4580,2.9859918963152e-11,8.2701194647032e-06,6.9834122142129e-13,-1.4067224417542e-14
4581,0,0,4581,2.9874008285622e-11,8.2662588551797e-06,6.9877032375228e-13,-1.4089322470084e-14
4582,0,0,4582,2.9888119749751e-11,8.2623958751643e-06,6.991993827923e-13,-1.4111464129268e-14
4583,0,0,4583,2.9902253399268e-11,8.2585305248967e-06,6.9962839842052e-13,-1.4133649516437e-14
4584,0,0,4584,2.9916409278021e-11,8.2546628046177e-06,7.0005737051461e-13,-1.4155878753323e-14
4585,0,0,4585,2.9930587429983e-11,8.2507927145682e-06,7.0048629895313e-13,-1.417815196209e-14
4586,0,0,4586,2.9944787899248e-11,8.2469202549902e-06,7.0091518361376e-13,-1.4200469265309e-14
4587,0,0,4587,2.9959010730034e-11,8.2430454261263e-06,7.0134402437383e-13,-1.4222830785992e-14
4588,0,0,4588,2.9973255966682e-11,8.2391682282196e-06,7.0177282110946e-13,-1.4245236647555e-14
4589,0,0,4589,2.9987523653656e-11,8.2352886615141e-06,7.0220157369771e-13,-1.4267686973838e-14
4590,0,0,4590,3.0001813835545e-11,8.2314067262543e-06,7.0263028201378e-13,-1.4290181889142e-14
4591,0,0,4591,3.0016126557063e-11,8.2275224226856e-06,7.0305894593409e-13,-1.4312721518147e-14
4592,0,0,4592,3.0030461863049e-11,8.223635751054e-06,7.0348756533263e-13,-1.4335305985996e-14
4593,0,0,4593,3.0044819798467e-11,8.219746711606e-06,7.039161400852e-13,-1.4357935418272e-14
4594,0,0,4594,3.0059200408408e-11,8.2158553045891e-06,7.0434467006517e-13,-1.4380609940944e-14
4595,0,0,4595,3.0073603738089e-11,8.2119615302512e-06,7.0477315514653e-13,-1.4403329680469e-14
4596,0,0,4596,3.0088029832852e-11,8.2080653888413e-06,7.0520159520262e-13,-1.4426094763728e-14
4597,0,0,4597,3.010247873817e-11,8.2041668806086e-06,7.0562999010621e-13,-1.4448905318023e-14
4598,0,0,4598,3.0116950499641e-11,8.2002660058035e-06,7.0605833972973e-13,-1.4471761471114e-14
4599,0,0,4599,3.0131445162993e-11,8.1963627646767e-06,7.0648664394564e-13,-1.449466335119e-14
4600,0,0,4600,3.014596277408e-11,8.1924571574799e-06,7.0691490262514e-13,-1.4517611086914e-14
4601,0,0,4601,3.0160503378887e-11,8.1885491844653e-06,7.0734311563915e-13,-1.4540604807366e-14
4602,0,0,4602,3.0175067023529e-11,8.184638845886e-06,7.0777128285857e-13,-1.4563644642078e-14
4603,0,0,4603,3.018965375425e-11,8.1807261419956e-06,7.0819940415371e-13,-1.4586730721058e-14
4604,0,0,4604,3.0204263617425e-11,8.1768110730487e-06,7.0862747939395e-13,-1.4609863174737e-14
4605,0,0,4605,3.0218896659559e-11,8.1728936393004e-06,7.0905550844926e-13,-1.4633042134009e-14
4606,0,0,4606,3.0233552927289e-11,8.1689738410065e-06,7.0948349118751e-13,-1.4656267730235e-14
4607,0,0,4607,3.0248232467384e-11,8.1650516784238e-06,7.0991142747806e-13,-1.4679540095233e-14
4608,0,0,4608,3.0262935326746e-11,8.1611271518095e-06,7.1033931718814e-13,-1.4702859361268e-14
4609,0,0,4609,3.0277661552407e-11,8.1572002614217e-06,7.107671601856e-13,-1.4726225661065e-14
4610,0,0,4610,3.0292411191534e-11,8.1532710075193e-06,7.1119495633737e-13,-1.474963912785e-14
4611,0,0,4611,3.030718429143e-11,8.1493393903618e-06,7.1162270551006e-13,-1.4773099895253e-14
4612,0,0,4612,3.0321980899527e-11,8.1454054102095e-06,7.1205040756937e-13,-1.4796608097444e-14
4613,0,0,4613,3.0336801063396e-11,8.1414690673234e-06,7.124780623813e-13,-1.4820163868995e-14
4614,0,0,4614,3.0351644830741e-11,8.1375303619653e-06,7.1290566981064e-13,-1.4843767344996e-14
4615,0,0,4615,3.0366512249402e-11,8.1335892943978e-06,7.1333322972246e-13,-1.4867418661001e-14
4616,0,0,4616,3.0381403367355e-11,8.1296458648841e-06,7.1376074198063e-13,-1.4891117953029e-14
4617,0,0,4617,3.0396318232713e-11,8.1257000736882e-06,7.14188206449e-13,-1.4914865357578e-14
4618,0,0,4618,3.0411256893724e-11,8.121751921075e-06,7.1461562299051e-13,-1.4938661011649e-14
4619,0,0,4619,3.0426219398777e-11,8.11780140731e-06,7.150429914681e-13,-1.4962505052691e-14
4620,0,0,4620,3.0441205796396e-11,8.1138485326595e-06,7.1547031174409e-13,-1.4986397618661e-14
4621,0,0,4621,3.0456216135244e-11,8.1098932973905e-06,7.158975836802e-13,-1.5010338847997e-14
4622,0,0,4622,3.0471250464123e-11,8.105935701771e-06,7.1632480713753e-13,-1.5034328879618e-14
4623,0,0,4623,3.0486308831976e-11,8.1019757460694e-06,7.1675198197686e-13,-1.5058367852958e-14
4624,0,0,4624,3.0501391287884e-11,8.0980134305553e-06,7.1717910805899e-13,-1.5082455907899e-14
4625,0,0,4625,3.0516497881069e-11,8.0940487554987e-06,7.1760618524318e-13,-1.5106593184862e-14
4626,0,0,4626,3.0531628660894e-11,8.0900817211706e-06,7.1803321338868e-13,-1.5130779824733e-14
4627,0,0,4627,3.0546783676863e-11,8.0861123278427e-06,7.1846019235506e-13,-1.5155015968927e-14
4628,0,0,4628,3.0561962978622e-11,8.0821405757874e-06,7.1888712199944e-13,-1.5179301759332e-14
4629,0,0,4629,3.057716661596e-11,8.0781664652781e-06,7.1931400218045e-13,-1.5203637338352e-14
4630,0,0,4630,3.0592394638809e-11,8.0741899965889e-06,7.1974083275522e-13,-1.5228022848895e-14
4631,0,0,4631,3.0607647097244e-11,8.0702111699945e-06,7.2016761358054e-13,-1.5252458434381e-14
4632,0,0,4632,3.0622924041482e-11,8.0662299857707e-06,7.2059434451261e-13,-1.5276944238732e-14
4633,0,0,4633,3.0638225521889e-11,8.0622464441939e-06,7.2102102540732e-13,-1.5301480406381e-14
4634,0,0,4634,3.0653551588971e-11,8.0582605455413e-06,7.2144765611962e-13,-1.532606708228e-14
4635,0,0,4635,3.0668902293383e-11,8.054272290091e-06,7.218742365045e-13,-1.5350704411908e-14
4636,0,0,4636,3.0684277685924e-11,8.0502816781218e-06,7.2230076641598e-13,-1.5375392541238e-14
4637,0,0,4637,3.0699677817541e-11,8.0462887099135e-06,7.2272724570813e-13,-1.540013161677e-14
4638,0,0,4638,3.0715102739327e-11,8.0422933857464e-06,7.2315367423375e-13,-1.5424921785555e-14
4639,0,0,4639,3.0730552502522e-11,8.038295705902e-06,7.2358005184567e-13,-1.5449763195136e-14
4640,0,0,4640,3.0746027158515e-11,8.0342956706622e-06,7.2400637839579e-13,-1.5474655993583e-14
4641,0,0,4641,3.0761526758845e-11,8.0302932803101e-06,7.2443265373601e-13,-1.5499600329525e-14
4642,0,0,4642,3.0777051355197e-11,8.0262885351293e-06,7.2485887771699e-13,-1.5524596352106e-14
4643,0,0,4643,3.0792600999408e-11,8.0222814354045e-06,7.2528505019004e-13,-1.5549644210988e-14
4644,0,0,4644,3.0808175743464e-11,8.0182719814211e-06,7.2571117100397e-13,-1.55747440564e-14
4645,0,0,4645,3.0823775639503e-11,8.0142601734652e-06,7.2613724000947e-13,-1.5599896039097e-14
4646,0,0,4646,3.0839400739814e-11,8.0102460118241e-06,7.2656325705414e-13,-1.5625100310356e-14
4647,0,0,4647,3.0855051096836e-11,8.0062294967855e-06,7.2698922198773e-13,-1.5650357022035e-14
4648,0,0,4648,3.0870726763162e-11,8.0022106286382e-06,7.2741513465693e-13,-1.567566632651e-14
4649,0,0,4649,3.0886427791539e-11,7.9981894076718e-06,7.2784099490935e-13,-1.5701028376706e-14
4650,0,0,4650,3.0902154234865e-11,7.9941658341768e-06,7.2826680259198e-13,-1.5726443326129e-14
4651,0,0,4651,3.0917906146194e-11,7.9901399084445e-06,7.286925575509e-13,-1.5751911328792e-14
4652,0,0,4652,3.0933683578733e-11,7.986111630767e-06,7.2911825963156e-13,-1.5777432539297e-14
4653,0,0,4653,3.0949486585846e-11,7.9820810014373e-06,7.2954390867882e-13,-1.5803007112788e-14
4654,0,0,4654,3.0965315221051e-11,7.9780480207492e-06,7.2996950453751e-13,-1.5828635204994e-14
4655,0,0,4655,3.0981169538023e-11,7.9740126889976e-06,7.3039504705188e-13,-1.5854316972161e-14
4656,0,0,4656,3.0997049590594e-11,7.9699750064779e-06,7.3082053606432e-13,-1.5880052571151e-14
4657,0,0,4657,3.1012955432754e-11,7.9659349734866e-06,7.3124597141814e-13,-1.5905842159346e-14
4658,0,0,4658,3.1028887118648e-11,7.9618925903211e-06,7.3167135295605e-13,-1.5931685894752e-14
4659,0,0,4659,3.1044844702584e-11,7.9578478572796e-06,7.320966805192e-13,-1.5957583935884e-14
4660,0,0,4660,3.1060828239026e-11,7.9538007746611e-06,7.3252195394847e-13,-1.5983536441896e-14
4661,0,0,4661,3.1076837782599e-11,7.9497513427656e-06,7.3294717308441e-13,-1.6009543572473e-14
4662,0,0,4662,3.1092873388087e-11,7.9456995618939e-06,7.3337233776756e-13,-1.6035605487894e-14
4663,0,0,4663,3.1108935110436e-11,7.9416454323479e-06,7.3379744783696e-13,-1.6061722349039e-14
4664,0,0,4664,3.1125023004753e-11,7.93758895443e-06,7.3422250313071e-13,-1.6087894317338e-14
4665,0,0,4665,3.1141137126308e-11,7.9335301284439e-06,7.3464750348751e-13,-1.611412155484e-14
4666,0,0,4666,3.1157277530532e-11,7.9294689546939e-06,7.3507244874517e-13,-1.6140404224177e-14
4667,0,0,4667,3.1173444273021e-11,7.9254054334854e-06,7.3549733874056e-13,-1.6166742488563e-14
4668,0,0,4668,3.1189637409532e-11,7.9213395651246e-06,7.3592217330963e-13,-1.6193136511804e-14
4669,0,0,4669,3.1205856995991e-11,7.9172713499186e-06,7.3634695228864e-13,-1.6219586458342e-14
4670,0,0,4670,3.1222103088484e-11,7.9132007881754e-06,7.3677167551233e-13,-1.624609249316e-14
4671,0,0,4671,3.1238375743266e-11,7.909127880204e-06,7.3719634281574e-13,-1.6272654781907e-14
4672,0,0,4672,3.1254675016757e-11,7.9050526263144e-06,7.3762095403266e-13,-1.6299273490777e-14
4673,0,0,4673,3.1271000965543e-11,7.9009750268171e-06,7.3804550899598e-13,-1.632594878664e-14
4674,0,0,4674,3.128735364638e-11,7.8968950820241e-06,7.3847000753953e-13,-1.6352680836902e-14
4675,0,0,4675,3.130373311619e-11,7.8928127922479e-06,7.3889444949464e-13,-1.6379469809657e-14
4676,0,0,4676,3.1320139432063e-11,7.8887281578021e-06,7.3931883469299e-13,-1.6406315873557e-14
4677,0,0,4677,3.1336572651261e-11,7.8846411790012e-06,7.3974316296532e-13,-1.6433219197905e-14
4678,0,0,4678,3.1353032831214e-11,7.8805518561606e-06,7.4016743414236e-13,-1.6460179952621e-14
4679,0,0,4679,3.1369520029522e-11,7.8764601895968e-06,7.4059164805364e-13,-1.6487198308253e-14
4680,0,0,4680,3.1386034303958e-11,7.872366179627e-06,7.4101580452776e-13,-1.6514274435962e-14
4681,0,0,4681,3.1402575712466e-11,7.8682698265696e-06,7.414399033933e-13,-1.6541408507556e-14
4682,0,0,4682,3.1419144313161e-11,7.8641711307437e-06,7.4186394447886e-13,-1.6568600695459e-14
4683,0,0,4683,3.1435740164334e-11,7.8600700924696e-06,7.4228792760998e-13,-1.659585117275e-14
4684,0,0,4684,3.1452363324447e-11,7.8559667120685e-06,7.4271185261463e-13,-1.662316011315e-14
4685,0,0,4685,3.1469013852138e-11,7.8518609898623e-06,7.4313571931774e-13,-1.6650527690988e-14
4686,0,0,4686,3.1485691806219e-11,7.8477529261742e-06,7.4355952754513e-13,-1.6677954081277e-14
4687,0,0,4687,3.1502397245679e-11,7.8436425213282e-06,7.4398327712051e-13,-1.6705439459651e-14
4688,0,0,4688,3.1519130229681e-11,7.8395297756494e-06,7.4440696786908e-13,-1.6732984002409e-14
4689,0,0,4689,3.1535890817568e-11,7.8354146894637e-06,7.4483059961271e-13,-1.6760587886503e-14
4690,0,0,4690,3.1552679068857e-11,7.8312972630981e-06,7.4525417217509e-13,-1.6788251289525e-14
4691,0,0,4691,3.1569495043247e-11,7.8271774968805e-06,7.4567768537744e-13,-1.6815974389752e-14
4692,0,0,4692,3.1586338800613e-11,7.82305539114e-06,7.4610113904132e-13,-1.6843757366094e-14
4693,0,0,4693,3.1603210401011e-11,7.8189309462063e-06,7.4652453298734e-13,-1.6871600398152e-14
4694,0,0,4694,3.1620109904677e-11,7.8148041624105e-06,7.4694786703553e-13,-1.6899503666181e-14
4695,0,0,4695,3.1637037372029e-11,7.8106750400846e-06,7.4737114100465e-13,-1.6927467351101e-14
4696,0,0,4696,3.1653992863663e-11,7.8065435795613e-06,7.4779435471412e-13,-1.6955491634523e-14
4697,0,0,4697,3.1670976440362e-11,7.8024097811746e-06,7.4821750798148e-13,-1.698357669873e-14
4698,0,0,4698,3.1687988163089e-11,7.7982736452596e-06,7.4864060062338e-13,-1.7011722726672e-14
4699,0,0,4699,3.1705028092991e-11,7.7941351721521e-06,7.4906363245768e-13,-1.7039929901995e-14
4700,0,0,4700,3.17220962914e-11,7.7899943621891e-06,7.4948660329886e-13,-1.7068198409026e-14
4701,0,0,4701,3.1739192819832e-11,7.7858512157087e-06,7.4990951296297e-13,-1.7096528432787e-14
4702,0,0,4702,3.1756317739991e-11,7.7817057330497e-06,7.5033236126417e-13,-1.7124920158981e-14
4703,0,0,4703,3.1773471113765e-11,7.7775579145524e-06,7.5075514801666e-13,-1.7153373774021e-14
4704,0,0,4704,3.179065300323e-11,7.7734077605577e-06,7.5117787303277e-13,-1.7181889464997e-14
4705,0,0,4705,3.180786347065e-11,7.7692552714079e-06,7.5160053612578e-13,-1.721046741972e-14
4706,0,0,4706,3.1825102578477e-11,7.765100447446e-06,7.520231371068e-13,-1.7239107826715e-14
4707,0,0,4707,3.1842370389352e-11,7.7609432890162e-06,7.5244567578696e-13,-1.7267810875166e-14
4708,0,0,4708,3.1859666966107e-11,7.7567837964638e-06,7.5286815197644e-13,-1.729657675503e-14
4709,0,0,4709,3.1876992371764e-11,7.7526219701352e-06,7.5329056548484e-13,-1.7325405656931e-14
4710,0,0,4710,3.1894346669536e-11,7.7484578103776e-06,7.5371291612143e-13,-1.7354297772239e-14
4711,0,0,4711,3.1911729922829e-11,7.7442913175395e-06,7.5413520369365e-13,-1.7383253293035e-14
4712,0,0,4712,3.1929142195241e-11,7.7401224919704e-06,7.5455742800925e-13,-1.7412272412111e-14
4713,0,0,4713,3.1946583550564e-11,7.7359513340208e-06,7.5497958887475e-13,-1.7441355323006e-14
4714,0,0,4714,3.1964054052784e-11,7.7317778440424e-06,7.5540168609667e-13,-1.7470502219979e-14
4715,0,0,4715,3.1981553766082e-11,7.7276020223878e-06,7.5582371947906e-13,-1.7499713298031e-14
4716,0,0,4716,3.1999082754835e-11,7.7234238694109e-06,7.5624568882754e-13,-1.7528988752882e-14
4717,0,0,4717,3.2016641083616e-11,7.7192433854664e-06,7.5666759394524e-13,-1.7558328781025e-14
4718,0,0,4718,3.2034228817196e-11,7.7150605709104e-06,7.5708943463502e-13,-1.7587733579646e-14
4719,0,0,4719,3.2051846020543e-11,7.7108754260999e-06,7.575112107e-13,-1.7617203346726e-14
4720,0,0,4720,3.2069492758824e-11,7.7066879513931e-06,7.5793292194028e-13,-1.7646738280981e-14
4721,0,0,4721,3.2087169097405e-11,7.7024981471491e-06,7.5835456815777e-13,-1.7676338581872e-14
4722,0,0,4722,3.2104875101855e-11,7.6983060137284e-06,7.5877614915194e-13,-1.7706004449622e-14
4723,0,0,4723,3.212261083794e-11,7.6941115514924e-06,7.5919766472195e-13,-1.773573608521e-14
4724,0,0,4724,3.2140376371631e-11,7.6899147608036e-06,7.5961911466665e-13,-1.7765533690397e-14
4725,0,0,4725,3.2158171769098e-11,7.6857156420258e-06,7.6004049878336e-13,-1.7795397467694e-14
4726,0,0,4726,3.2175997096719e-11,7.6815141955237e-06,7.604618168688e-13,-1.7825327620386e-14
4727,0,0,4727,3.2193852421071e-11,7.6773104216634e-06,7.6088306871996e-13,-1.785532435253e-14
4728,0,0,4728,3.221173780894e-11,7.6731043208119e-06,7.6130425413112e-13,-1.7885387868974e-14
4729,0,0,4729,3.2229653327316e-11,7.6688958933373e-06,7.6172537289774e-13,-1.7915518375332e-14
4730,0,0,4730,3.2247599043394e-11,7.664685139609e-06,7.6214642481286e-13,-1.7945716078016e-14
4731,0,0,4731,3.2265575024578e-11,7.6604720599976e-06,7.6256740967011e-13,-1.7975981184211e-14
4732,0,0,4732,3.228358133848e-11,7.6562566548746e-06,7.6298832726192e-13,-1.8006313901914e-14
4733,0,0,4733,3.230161805292e-11,7.6520389246129e-06,7.6340917737854e-13,-1.8036714439902e-14
4734,0,0,4734,3.2319685235927e-11,7.6478188695863e-06,7.6382995981148e-13,-1.8067183007751e-14
4735,0,0,4735,3.2337782955743e-11,7.64359649017e-06,7.6425067435069e-13,-1.8097719815856e-14
4736,0,0,4736,3.2355911280819e-11,7.6393717867402e-06,7.646713207846e-13,-1.8128325075404e-14
4737,0,0,4737,3.2374070279817e-11,7.6351447596745e-06,7.6509189890195e-13,-1.8158998998395e-14
4738,0,0,4738,3.2392260021615e-11,7.6309154093513e-06,7.6551240848933e-13,-1.8189741797639e-14
4739,0,0,4739,3.2410480575301e-11,7.6266837361506e-06,7.6593284933454e-13,-1.8220553686788e-14
4740,0,0,4740,3.2428732010182e-11,7.6224497404532e-06,7.6635322122204e-13,-1.825143488027e-14
4741,0,0,4741,3.2447014395775e-11,7.6182134226414e-06,7.6677352393764e-13,-1.828238559339e-14
4742,0,0,4742,3.2465327801817e-11,7.6139747830985e-06,7.6719375726502e-13,-1.8313406042237e-14
4743,0,0,4743,3.2483672298261e-11,7.6097338222091e-06,7.6761392098739e-13,-1.8344496443777e-14
4744,0,0,4744,3.2502047955277e-11,7.6054905403589e-06,7.6803401488767e-13,-1.837565701576e-14
4745,0,0,4745,3.2520454843254e-11,7.6012449379348e-06,7.6845403874677e-13,-1.8406887976818e-14
4746,0,0,4746,3.25388930328e-11,7.5969970153252e-06,7.6887399234591e-13,-1.8438189546421e-14
4747,0,0,4747,3.2557362594745e-11,7.5927467729193e-06,7.6929387546478e-13,-1.8469561944876e-14
4748,0,0,4748,3.2575863600138e-11,7.5884942111078e-06,7.6971368788246e-13,-1.8501005393332e-14
4749,0,0,4749,3.2594396120252e-11,7.5842393302825e-06,7.701334293771e-13,-1.853252011382e-14
4750,0,0,4750,3.2612960226581e-11,7.5799821308365e-06,7.7055309972594e-13,-1.8564106329223e-14
4751,0,0,4751,3.2631555990845e-11,7.5757226131641e-06,7.7097269870575e-13,-1.8595764263278e-14
4752,0,0,4752,3.2650183484985e-11,7.5714607776608e-06,7.7139222609179e-13,-1.8627494140591e-14
4753,0,0,4753,3.2668842781172e-11,7.5671966247235e-06,7.7181168165883e-13,-1.8659296186648e-14
4754,0,0,4754,3.26875339518e-11,7.5629301547501e-06,7.7223106518103e-13,-1.8691170627809e-14
4755,0,0,4755,3.2706257069491e-11,7.55866136814e-06,7.7265037643075e-13,-1.8723117691312e-14
4756,0,0,4756,3.2725012207096e-11,7.5543902652937e-06,7.7306961518075e-13,-1.8755137605258e-14
4757,0,0,4757,3.2743799437695e-11,7.550116846613e-06,7.7348878120184e-13,-1.8787230598692e-14
4758,0,0,4758,3.2762618834596e-11,7.5458411125011e-06,7.7390787426406e-13,-1.8819396901479e-14
4759,0,0,4759,3.2781470471341e-11,7.5415630633622e-06,7.7432689413758e-13,-1.8851636744435e-14
4760,0,0,4760,3.28003544217e-11,7.537282699602e-06,7.7474584059013e-13,-1.8883950359249e-14
4761,0,0,4761,3.2819270759679e-11,7.5330000216275e-06,7.7516471338976e-13,-1.8916337978532e-14
4762,0,0,4762,3.2838219559514e-11,7.5287150298468e-06,7.7558351230296e-13,-1.8948799835783e-14
4763,0,0,4763,3.285720089568e-11,7.5244277246695e-06,7.7600223709563e-13,-1.8981336165429e-14
4764,0,0,4764,3.2876214842883e-11,7.5201381065063e-06,7.7642088753259e-13,-1.9013947202796e-14
4765,0,0,4765,3.2895261476067e-11,7.5158461757694e-06,7.7683946337773e-13,-1.9046633184169e-14
4766,0,0,4766,3.2914340870414e-11,7.5115519328722e-06,7.7725796439403e-13,-1.9079394346701e-14
4767,0,0,4767,3.2933453101342e-11,7.5072553782295e-06,7.7767639034386e-13,-1.9112230928537e-14
4768,0,0,4768,3.2952598244511e-11,7.5029565122571e-06,7.7809474098805e-13,-1.9145143168706e-14
4769,0,0,4769,3.2971776375818e-11,7.4986553353727e-06,7.7851301608682e-13,-1.9178131307194e-14
4770,0,0,4770,3.2990987571403e-11,7.4943518479948e-06,7.7893121539976e-13,-1.9211195584937e-14
4771,0,0,4771,3.3010231907647e-11,7.4900460505435e-06,7.7934933868481e-13,-1.9244336243807e-14
4772,0,0,4772,3.3029509461173e-11,7.4857379434402e-06,7.7976738569958e-13,-1.9277553526641e-14
4773,0,0,4773,3.3048820308851e-11,7.4814275271076e-06,7.8018535620044e-13,-1.9310847677198e-14
4774,0,0,4774,3.3068164527791e-11,7.4771148019698e-06,7.8060324994272e-13,-1.9344218940239e-14
4775,0,0,4775,3.3087542195352e-11,7.4727997684522e-06,7.810210666811e-13,-1.9377667561463e-14
4776,0,0,4776,3.310695338914e-11,7.4684824269817e-06,7.8143880616923e-13,-1.941119378755e-14
4777,0,0,4777,3.3126398187006e-11,7.4641627779863e-06,7.8185646815903e-13,-1.9444797866145e-14
4778,0,0,4778,3.3145876667052e-11,7.4598408218957e-06,7.822740524029e-13,-1.9478480045873e-14
4779,0,0,4779,3.3165388907628e-11,7.4555165591407e-06,7.826915586508e-13,-1.951224057635e-14
4780,0,0,4780,3.3184934987336e-11,7.4511899901537e-06,7.8310898665267e-13,-1.9546079708164e-14
4781,0,0,4781,3.3204514985029e-11,7.4468611153683e-06,7.8352633615692e-13,-1.9579997692903e-14
4782,0,0,4782,3.3224128979812e-11,7.4425299352196e-06,7.8394360691136e-13,-1.961399478316e-14
4783,0,0,4783,3.3243777051045e-11,7.4381964501441e-06,7.8436079866255e-13,-1.9648071232504e-14
4784,0,0,4784,3.326345927834e-11,7.4338606605797e-06,7.8477791115584e-13,-1.968222729554e-14
4785,0,0,4785,3.3283175741568e-11,7.4295225669657e-06,7.8519494413628e-13,-1.9716463227859e-14
4786,0,0,4786,3.3302926520854e-11,7.4251821697428e-06,7.8561189734722e-13,-1.9750779286068e-14
4787,0,0,4787,3.3322711696582e-11,7.4208394693531e-06,7.8602877053109e-13,-1.9785175727822e-14
4788,0,0,4788,3.3342531349394e-11,7.4164944662402e-06,7.8644556342972e-13,-1.9819652811756e-14
4789,0,0,4789,3.3362385560192e-11,7.4121471608492e-06,7.8686227578338e-13,-1.9854210797567e-14
4790,0,0,4790,3.3382274410137e-11,7.4077975536263e-06,7.8727890733177e-13,-1.9888849945984e-14
4791,0,0,4791,3.3402197980656e-11,7.4034456450196e-06,7.8769545781301e-13,-1.9923570518751e-14
4792,0,0,4792,3.3422156353435e-11,7.3990914354784e-06,7.8811192696479e-13,-1.9958372778674e-14
4793,0,0,4793,3.3442149610425e-11,7.3947349254534e-06,7.8852831452341e-13,-1.9993256989616e-14
4794,0,0,4794,3.3462177833841e-11,7.3903761153969e-06,7.8894462022425e-13,-2.0028223416456e-14
4795,0,0,4795,3.3482241106166e-11,7.3860150057627e-06,7.8936084380101e-13,-2.0063272325178e-14
4796,0,0,4796,3.3502339510149e-11,7.3816515970058e-06,7.8977698498769e-13,-2.0098403982799e-14
4797,0,0,4797,3.3522473128806e-11,7.3772858895831e-06,7.9019304351584e-13,-2.0133618657404e-14
4798,0,0,4798,3.3542642045425e-11,7.3729178839526e-06,7.9060901911655e-13,-2.0168916618163e-14
4799,0,0,4799,3.356284634356e-11,7.368547580574e-06,7.9102491151998e-13,-2.020429813533e-14
4800,0,0,4800,3.358308610704e-11,7.3641749799085e-06,7.9144072045478e-13,-2.0239763480202e-14
4801,0,0,4801,3.3603361419965e-11,7.3598000824188e-06,7.9185644564897e-13,-2.0275312925225e-14
4802,0,0,4802,3.3623672366709e-11,7.3554228885689e-06,7.9227208682918e-13,-2.0310946743878e-14
4803,0,0,4803,3.364401903192e-11,7.3510433988246e-06,7.9268764372069e-13,-2.0346665210787e-14
4804,0,0,4804,3.3664401500522e-11,7.346661613653e-06,7.9310311604844e-13,-2.0382468601634e-14
4805,0,0,4805,3.3684819857715e-11,7.342277533523e-06,7.9351850353572e-13,-2.0418357193267e-14
4806,0,0,4806,3.3705274188978e-11,7.3378911589047e-06,7.939338059044e-13,-2.045433126358e-14
4807,0,0,4807,3.372576458007e-11,7.3335024902701e-06,7.9434902287623e-13,-2.0490391091642e-14
4808,0,0,4808,3.3746291117028e-11,7.3291115280923e-06,7.947641541708e-13,-2.0526536957622e-14
4809,0,0,4809,3.3766853886171e-11,7.3247182728464e-06,7.9517919950708e-13,-2.0562769142815e-14
4810,0,0,4810,3.37874529741e-11,7.3203227250088e-06,7.9559415860313e-13,-2.0599087929655e-14
4811,0,0,4811,3.3808088467702e-11,7.3159248850576e-06,7.9600903117517e-13,-2.0635493601724e-14
4812,0,0,4812,3.3828760454146e-11,7.3115247534723e-06,7.9642381693896e-13,-2.0671986443728e-14
4813,0,0,4813,3.3849469020887e-11,7.3071223307341e-06,7.9683851560888e-13,-2.0708566741548e-14
4814,0,0,4814,3.3870214255669e-11,7.3027176173259e-06,7.9725312689761e-13,-2.0745234782202e-14
4815,0,0,4815,3.3890996246523e-11,7.2983106137318e-06,7.9766765051785e-13,-2.0781990853879e-14
4816,0,0,4816,3.3911815081769e-11,7.293901320438e-06,7.9808208617983e-13,-2.0818835245938e-14
4817,0,0,4817,3.3932670850018e-11,7.289489737932e-06,7.984964335938e-13,-2.0855768248885e-14
4818,0,0,4818,3.3953563640173e-11,7.2850758667029e-06,7.9891069246785e-13,-2.0892790154433e-14
4819,0,0,4819,3.3974493541428e-11,7.2806597072415e-06,7.993248625093e-13,-2.0929901255474e-14
4820,0,0,4820,3.3995460643274e-11,7.2762412600403e-06,7.9973894342456e-13,-2.0967101846063e-14
4821,0,0,4821,3.4016465035496e-11,7.2718205255932e-06,8.0015293491819e-13,-2.1004392221486e-14
4822,0,0,4822,3.4037506808174e-11,7.267397504396e-06,8.0056683669446e-13,-2.104177267819e-14
4823,0,0,4823,3.4058586051688e-11,7.262972196946e-06,8.0098064845531e-13,-2.1079243513868e-14
4824,0,0,4824,3.4079702856715e-11,7.2585446037421e-06,8.0139436990227e-13,-2.111680502738e-14
4825,0,0,4825,3.4100857314234e-11,7.254114725285e-06,8.0180800073574e-13,-2.1154457518835e-14
4826,0,0,4826,3.4122049515523e-11,7.2496825620769e-06,8.0222154065401e-13,-2.1192201289555e-14
4827,0,0,4827,3.4143279552165e-11,7.2452481146219e-06,8.0263498935536e-13,-2.1230036642088e-14
4828,0,0,4828,3.4164547516046e-11,7.2408113834256e-06,8.0304834653592e-13,-2.1267963880207e-14
4829,0,0,4829,3.4185853499355e-11,7.2363723689953e-06,8.0346161189061e-13,-2.1305983308957e-14
4830,0,0,4830,3.4207197594589e-11,7.23193107184e-06,8.0387478511386e-13,-2.1344095234568e-14
4831,0,0,4831,3.4228579894554e-11,7.2274874924704e-06,8.0428786589783e-13,-2.138229996459e-14
4832,0,0,4832,3.4250000492362e-11,7.2230416313989e-06,8.0470085393466e-13,-2.142059780778e-14
4833,0,0,4833,3.4271459481436e-11,7.2185934891397e-06,8.0511374891358e-13,-2.1458989074178e-14
4834,0,0,4834,3.4292956955511e-11,7.2141430662086e-06,8.055265505243e-13,-2.1497474075086e-14
4835,0,0,4835,3.4314493008634e-11,7.2096903631232e-06,8.0593925845421e-13,-2.1536053123088e-14
4836,0,0,4836,3.4336067735166e-11,7.2052353804029e-06,8.0635187238917e-13,-2.1574726532049e-14
4837,0,0,4837,3.4357681229783e-11,7.2007781185685e-06,8.0676439201503e-13,-2.1613494617097e-14
4838,0,0,4838,3.4379333587478e-11,7.196318578143e-06,8.0717681701491e-13,-2.1652357694695e-14
4839,0,0,4839,3.440102490356e-11,7.1918567596509e-06,8.0758914707159e-13,-2.169131608255e-14
4840,0,0,4840,3.442275527366e-11,7.1873926636185e-06,8.080013818662e-13,-2.1730370099735e-14
4841,0,0,4841,3.4444524793727e-11,7.1829262905739e-06,8.0841352107845e-13,-2.1769520066588e-14
4842,0,0,4842,3.4466333560031e-11,7.1784576410469e-06,8.08825564387e-13,-2.1808766304766e-14
4843,0,0,4843,3.4488181669169e-11,7.1739867155691e-06,8.0923751146897e-13,-2.1848109137277e-14
4844,0,0,4844,3.4510069218057e-11,7.1695135146741e-06,8.0964936200042e-13,-2.188754888844e-14
4845,0,0,4845,3.4531996303941e-11,7.165038038897e-06,8.1006111565556e-13,-2.1927085883906e-14
4846,0,0,4846,3.4553963024392e-11,7.1605602887749e-06,8.1047277210798e-13,-2.1966720450669e-14
4847,0,0,4847,3.4575969477309e-11,7.1560802648465e-06,8.1088433102928e-13,-2.2006452917088e-14
4848,0,0,4848,3.4598015760922e-11,7.1515979676527e-06,8.1129579209e-13,-2.204628361284e-14
4849,0,0,4849,3.4620101973791e-11,7.1471133977358e-06,8.1170715495928e-13,-2.2086212869004e-14
4850,0,0,4850,3.4642228214809e-11,7.1426265556402e-06,8.1211841930505e-13,-2.2126241017996e-14
4851,0,0,4851,3.4664394583202e-11,7.138137441912e-06,8.125295847934e-13,-2.2166368393623e-14
4852,0,0,4852,3.4686601178533e-11,7.1336460570994e-06,8.1294065108965e-13,-2.2206595331061e-14
4853,0,0,4853,3.47088481007e-11,7.1291524017521e-06,8.1335161785741e-13,-2.2246922166862e-14
4854,0,0,4854,3.4731135449939e-11,7.1246564764219e-06,8.1376248475864e-13,-2.2287349239001e-14
4855,0,0,4855,3.4753463326826e-11,7.1201582816625e-06,8.1417325145453e-13,-2.2327876886829e-14
4856,0,0,4856,3.4775831832277e-11,7.1156578180293e-06,8.1458391760424e-13,-2.2368505451092e-14
4857,0,0,4857,3.4798241067551e-11,7.1111550860798e-06,8.1499448286605e-13,-2.2409235273985e-14
4858,0,0,4858,3.482069113425e-11,7.1066500863732e-06,8.1540494689623e-13,-2.2450066699084e-14
4859,0,0,4859,3.4843182134322e-11,7.1021428194707e-06,8.1581530935044e-13,-2.2491000071422e-14
4860,0,0,4860,3.4865714170059e-11,7.0976332859354e-06,8.1622556988204e-13,-2.2532035737425e-14
4861,0,0,4861,3.4888287344104e-11,7.0931214863324e-06,8.1663572814347e-13,-2.2573174044994e-14
4862,0,0,4862,3.4910901759447e-11,7.0886074212287e-06,8.1704578378563e-13,-2.2614415343458e-14
4863,0,0,4863,3.4933557519431e-11,7.084091091193e-06,8.174557364579e-13,-2.2655759983611e-14
4864,0,0,4864,3.4956254727749e-11,7.0795724967962e-06,8.1786558580812e-13,-2.2697208317673e-14
4865,0,0,4865,3.4978993488448e-11,7.0750516386113e-06,8.1827533148305e-13,-2.2738760699371e-14
4866,0,0,4866,3.5001773905932e-11,7.0705285172128e-06,8.1868497312747e-13,-2.2780417483883e-14
4867,0,0,4867,3.502459608496e-11,7.0660031331775e-06,8.1909451038508e-13,-2.2822179027848e-14
4868,0,0,4868,3.5047460130649e-11,7.0614754870841e-06,8.1950394289789e-13,-2.2864045689446e-14
4869,0,0,4869,3.5070366148478e-11,7.0569455795134e-06,8.1991327030639e-13,-2.2906017828283e-14
4870,0,0,4870,3.5093314244283e-11,7.0524134110479e-06,8.2032249224952e-13,-2.2948095805505e-14
4871,0,0,4871,3.5116304524267e-11,7.0478789822724e-06,8.2073160836531e-13,-2.2990279983775e-14
4872,0,0,4872,3.5139337094994e-11,7.0433422937736e-06,8.2114061828934e-13,-2.3032570727225e-14
4873,0,0,4873,3.5162412063396e-11,7.0388033461401e-06,8.2154952165626e-13,-2.3074968401541e-14
4874,0,0,4874,3.518552953677e-11,7.0342621399628e-06,8.2195831809919e-13,-2.3117473373945e-14
4875,0,0,4875,3.5208689622783e-11,7.0297186758343e-06,8.2236700724942e-13,-2.3160086013153e-14
4876,0,0,4876,3.5231892429472e-11,7.0251729543496e-06,8.22775588737e-13,-2.3202806689472e-14
4877,0,0,4877,3.5255138065247e-11,7.0206249761054e-06,8.231840621903e-13,-2.3245635774724e-14
4878,0,0,4878,3.5278426638889e-11,7.0160747417008e-06,8.2359242723584e-13,-2.3288573642286e-14
4879,0,0,4879,3.5301758259556e-11,7.0115222517367e-06,8.2400068349925e-13,-2.3331620667128e-14
4880,0,0,4880,3.5325133036782e-11,7.0069675068163e-06,8.2440883060399e-13,-2.3374777225766e-14
4881,0,0,4881,3.5348551080478e-11,7.0024105075446e-06,8.2481686817243e-13,-2.3418043696306e-14
4882,0,0,4882,3.5372012500937e-11,6.997851254529e-06,8.2522479582453e-13,-2.3461420458424e-14
4883,0,0,4883,3.539551740883e-11,6.9932897483788e-06,8.2563261317975e-13,-2.3504907893398e-14
4884,0,0,4884,3.5419065915214e-11,6.9887259897056e-06,8.2604031985528e-13,-2.3548506384122e-14
4885,0,0,4885,3.5442658131529e-11,6.9841599791229e-06,8.2644791546661e-13,-2.3592216315068e-14
4886,0,0,4886,3.5466294169602e-11,6.9795917172465e-06,8.2685539962815e-13,-2.3636038072347e-14
4887,0,0,4887,3.5489974141645e-11,6.9750212046943e-06,8.2726277195218e-13,-2.3679972043662e-14
4888,0,0,4888,3.5513698160264e-11,6.9704484420863e-06,8.2767003204943e-13,-2.3724018618396e-14
4889,0,0,4889,3.5537466338451e-11,6.9658734300447e-06,8.2807717952957e-13,-2.3768178187507e-14
4890,0,0,4890,3.5561278789595e-11,6.9612961691939e-06,8.2848421399966e-13,-2.3812451143654e-14
4891,0,0,4891,3.5585135627476e-11,6.9567166601603e-06,8.2889113506583e-13,-2.3856837881105e-14
4892,0,0,4892,3.5609036966272e-11,6.9521349035729e-06,8.2929794233239e-13,-2.3901338795828e-14
4893,0,0,4893,3.5632982920557e-11,6.9475509000624e-06,8.2970463540196e-13,-2.3945954285411e-14
4894,0,0,4894,3.5656973605306e-11,6.9429646502619e-06,8.3011121387514e-13,-2.3990684749165e-14
4895,0,0,4895,3.5681009135895e-11,6.938376154807e-06,8.3051767735149e-13,-2.403553058805e-14
4896,0,0,4896,3.5705089628099e-11,6.933785414335e-06,8.309240254284e-13,-2.4080492204725e-14
4897,0,0,4897,3.5729215198103e-11,6.9291924294858e-06,8.313302577019e-13,-2.4125570003569e-14
4898,0,0,4898,3.5753385962493e-11,6.9245972009015e-06,8.317363737657e-13,-2.4170764390625e-14
4899,0,0,4899,3.5777602038267e-11,6.9199997292263e-06,8.3214237321262e-13,-2.4216075773694e-14
4900,0,0,4900,3.5801863542829e-11,6.9154000151067e-06,8.3254825563314e-13,-2.4261504562261e-14
4901,0,0,4901,3.5826170593997e-11,6.9107980591917e-06,8.3295402061639e-13,-2.4307051167566e-14
4902,0,0,4902,3.585052331e-11,6.9061938621323e-06,8.333596677495e-13,-2.4352716002584e-14
4903,0,0,4903,3.5874921809482e-11,6.901587424582e-06,8.3376519661806e-13,-2.4398499482017e-14
4904,0,0,4904,3.5899366211504e-11,6.8969787471963e-06,8.3417060680553e-13,-2.4444402022337e-14
4905,0,0,4905,3.5923856635546e-11,6.8923678306333e-06,8.3457589789412e-13,-2.4490424041783e-14
4906,0,0,4906,3.5948393201506e-11,6.8877546755534e-06,8.3498106946422e-13,-2.453656596034e-14
4907,0,0,4907,3.5972976029706e-11,6.8831392826192e-06,8.3538612109359e-13,-2.4582828199782e-14
4908,0,0,4908,3.5997605240889e-11,6.8785216524957e-06,8.3579105235957e-13,-2.4629211183683e-14
4909,0,0,4909,3.6022280956227e-11,6.8739017858502e-06,8.361958628367e-13,-2.4675715337394e-14
4910,0,0,4910,3.6047003297315e-11,6.8692796833524e-06,8.3660055209801e-13,-2.4722341088057e-14
4911,0,0,4911,3.607177238618e-11,6.8646553456744e-06,8.3700511971469e-13,-2.4769088864657e-14
4912,0,0,4912,3.6096588345278e-11,6.8600287734907e-06,8.3740956525653e-13,-2.4815959097972e-14
4913,0,0,4913,3.6121451297498e-11,6.855399967478e-06,8.3781388829042e-13,-2.48629522206e-14
4914,0,0,4914,3.6146361366165e-11,6.8507689283157e-06,8.3821808838281e-13,-2.4910068667004e-14
4915,0,0,4915,3.6171318675039e-11,6.8461356566853e-06,8.3862216509735e-13,-2.4957308873456e-14
4916,0,0,4916,3.6196323348317e-11,6.841500153271e-06,8.3902611799588e-13,-2.5004673278105e-14
4917,0,0,4917,3.6221375510638e-11,6.8368624187592e-06,8.3942994663886e-13,-2.5052162320946e-14
4918,0,0,4918,3.6246475287082e-11,6.8322224538388e-06,8.3983365058474e-13,-2.5099776443848e-14
4919,0,0,4919,3.6271622803172e-11,6.8275802592013e-06,8.4023722938952e-13,-2.514751609053e-14
4920,0,0,4920,3.6296818184879e-11,6.8229358355405e-06,8.406406826083e-13,-2.5195381706659e-14
4921,0,0,4921,3.6322061558618e-11,6.8182891835527e-06,8.4104400979355e-13,-2.524337373971e-14
4922,0,0,4922,3.6347353051258e-11,6.8136403039367e-06,8.4144721049576e-13,-2.5291492639138e-14
4923,0,0,4923,3.6372692790114e-11,6.8089891973938e-06,8.4185028426418e-13,-2.5339738856254e-14
4924,0,0,4924,3.6398080902958e-11,6.8043358646278e-06,8.4225323064564e-13,-2.5388112844321e-14
4925,0,0,4925,3.6423517518017e-11,6.799680306345e-06,8.4265604918523e-13,-2.5436615058501e-14
4926,0,0,4926,3.6449002763973e-11,6.7950225232542e-06,8.430587394258e-13,-2.5485245955909e-14
4927,0,0,4927,3.6474536769968e-11,6.7903625160669e-06,8.4346130090892e-13,-2.5534005995611e-14
4928,0,0,4928,3.6500119665607e-11,6.7857002854969e-06,8.4386373317329e-13,-2.5582895638611e-14
4929,0,0,4929,3.6525751580955e-11,6.7810358322606e-06,8.4426603575635e-13,-2.5631915347878e-14
4930,0,0,4930,3.6551432646543e-11,6.7763691570772e-06,8.4466820819372e-13,-2.5681065588353e-14
4931,0,0,4931,3.657716299337e-11,6.7717002606683e-06,8.4507025001796e-13,-2.5730346826952e-14
4932,0,0,4932,3.6602942752903e-11,6.767029143758e-06,8.4547216076084e-13,-2.5779759532592e-14
4933,0,0,4933,3.6628772057079e-11,6.7623558070732e-06,8.4587393995169e-13,-2.5829304176175e-14
4934,0,0,4934,3.6654651038309e-11,6.7576802513433e-06,8.4627558711754e-13,-2.5878981230604e-14
4935,0,0,4935,3.668057982948e-11,6.7530024773003e-06,8.4667710178389e-13,-2.5928791170817e-14
4936,0,0,4936,3.6706558563954e-11,6.7483224856789e-06,8.4707848347378e-13,-2.5978734473748e-14
4937,0,0,4937,3.6732587375572e-11,6.7436402772164e-06,8.4747973170872e-13,-2.6028811618379e-14
4938,0,0,4938,3.6758666398658e-11,6.7389558526528e-06,8.4788084600746e-13,-2.6079023085729e-14
4939,0,0,4939,3.6784795768017e-11,6.7342692127308e-06,8.4828182588753e-13,-2.6129369358878e-14
4940,0,0,4940,3.681097561894e-11,6.7295803581956e-06,8.48682670864e-13,-2.6179850922948e-14
4941,0,0,4941,3.6837206087205e-11,6.7248892897954e-06,8.4908338044948e-13,-2.6230468265136e-14
4942,0,0,4942,3.686348730908e-11,6.7201960082807e-06,8.4948395415522e-13,-2.6281221874711e-14
4943,0,0,4943,3.6889819421323e-11,6.715500514405e-06,8.4988439149015e-13,-2.633211224304e-14
4944,0,0,4944,3.6916202561186e-11,6.7108028089246e-06,8.502846919606e-13,-2.6383139863574e-14
4945,0,0,4945,3.6942636866418e-11,6.7061028925982e-06,8.5068485507169e-13,-2.6434305231864e-14
4946,0,0,4946,3.6969122475264e-11,6.7014007661876e-06,8.5108488032559e-13,-2.6485608845597e-14
4947,0,0,4947,3.6995659526468e-11,6.6966964304571e-06,8.5148476722283e-13,-2.6537051204557e-14
4948,0,0,4948,3.7022248159279e-11,6.6919898861739e-06,8.518845152616e-13,-2.6588632810662e-14
4949,0,0,4949,3.7048888513447e-11,6.6872811341079e-06,8.5228412393843e-13,-2.6640354168001e-14
4950,0,0,4950,3.707558072923e-11,6.682570175032e-06,8.5268359274676e-13,-2.6692215782763e-14
4951,0,0,4951,3.7102324947393e-11,6.6778570097216e-06,8.5308292117884e-13,-2.6744218163342e-14
4952,0,0,4952,3.7129121309213e-11,6.6731416389552e-06,8.5348210872382e-13,-2.6796361820268e-14
4953,0,0,4953,3.715596995648e-11,6.6684240635139e-06,8.5388115486978e-13,-2.6848647266265e-14
4954,0,0,4954,3.7182871031496e-11,6.6637042841818e-06,8.5428005910175e-13,-2.6901075016254e-14
4955,0,0,4955,3.7209824677083e-11,6.6589823017459e-06,8.546788209026e-13,-2.6953645587324e-14
4956,0,0,4956,3.7236831036582e-11,6.6542581169959e-06,8.5507743975368e-13,-2.7006359498784e-14
4957,0,0,4957,3.7263890253854e-11,6.6495317307244e-06,8.5547591513327e-13,-2.7059217272165e-14
4958,0,0,4958,3.7291002473285e-11,6.6448031437271e-06,8.5587424651794e-13,-2.7112219431215e-14
4959,0,0,4959,3.7318167839787e-11,6.6400723568023e-06,8.5627243338184e-13,-2.716536650191e-14
4960,0,0,4960,3.73453864988e-11,6.6353393707515e-06,8.5667047519743e-13,-2.7218659012489e-14
4961,0,0,4961,3.7372658596293e-11,6.630604186379e-06,8.5706837143361e-13,-2.7272097493421e-14
4962,0,0,4962,3.7399984278771e-11,6.6258668044919e-06,8.574661215584e-13,-2.7325682477435e-14
4963,0,0,4963,3.742736369327e-11,6.6211272259005e-06,8.5786372503704e-13,-2.737941449957e-14
4964,0,0,4964,3.7454796987367e-11,6.616385451418e-06,8.5826118133217e-13,-2.7433294097097e-14
4965,0,0,4965,3.7482284309177e-11,6.6116414818606e-06,8.5865848990428e-13,-2.7487321809611e-14
4966,0,0,4966,3.7509825807356e-11,6.6068953180472e-06,8.5905565021218e-13,-2.7541498178986e-14
4967,0,0,4967,3.7537421631105e-11,6.6021469608002e-06,8.5945266171129e-13,-2.7595823749422e-14
4968,0,0,4968,3.7565071930173e-11,6.5973964109446e-06,8.5984952385599e-13,-2.7650299067434e-14
4969,0,0,4969,3.7592776854855e-11,6.5926436693087e-06,8.6024623609693e-13,-2.7704924681863e-14
4970,0,0,4970,3.7620536555998e-11,6.5878887367238e-06,8.6064279788359e-13,-2.7759701143882e-14
4971,0,0,4971,3.7648351185005e-11,6.583131614024e-06,8.6103920866235e-13,-2.7814629007024e-14
4972,0,0,4972,3.7676220893833e-11,6.5783723020467e-06,8.614354678779e-13,-2.7869708827174e-14
4973,0,0,4973,3.7704145834995e-11,6.5736108016325e-06,8.6183157497189e-13,-2.7924941162588e-14
4974,0,0,4974,3.7732126161569e-11,6.5688471136249e-06,8.6222752938379e-13,-2.7980326573887e-14
4975,0,0,4975,3.7760162027193e-11,6.5640812388705e-06,8.6262333055111e-13,-2.8035865624111e-14
4976,0,0,4976,3.7788253586072e-11,6.559313178219e-06,8.6301897790842e-13,-2.8091558878637e-14
4977,0,0,4977,3.7816400992977e-11,6.5545429325235e-06,8.6341447088832e-13,-2.8147406905325e-14
4978,0,0,4978,3.7844604403252e-11,6.54977050264e-06,8.6380980892033e-13,-2.820341027438e-14
4979,0,0,4979,3.787286397281e-11,6.5449958894276e-06,8.6420499143258e-13,-2.8259569558476e-14
4980,0,0,4980,3.7901179858143e-11,6.5402190937489e-06,8.6460001784955e-13,-2.8315885332704e-14
4981,0,0,4981,3.7929552216317e-11,6.5354401164694e-06,8.6499488759447e-13,-2.8372358174617e-14
4982,0,0,4982,3.7957981204982e-11,6.5306589584579e-06,8.653896000872e-13,-2.8428988664204e-14
4983,0,0,4983,3.7986466982366e-11,6.5258756205863e-06,8.6578415474546e-13,-2.8485777383916e-14
4984,0,0,4984,3.8015009707284e-11,6.5210901037301e-06,8.6617855098483e-13,-2.8542724918707e-14
4985,0,0,4985,3.804360953914e-11,6.5163024087675e-06,8.6657278821764e-13,-2.8599831855977e-14
4986,0,0,4986,3.8072266637926e-11,6.5115125365805e-06,8.6696686585458e-13,-2.8657098785669e-14
4987,0,0,4987,3.8100981164226e-11,6.506720488054e-06,8.6736078330323e-13,-2.8714526300166e-14
4988,0,0,4988,3.812975327922e-11,6.5019262640762e-06,8.6775453996889e-13,-2.8772114994423e-14
4989,0,0,4989,3.8158583144686e-11,6.4971298655389e-06,8.6814813525427e-13,-2.8829865465887e-14
4990,0,0,4990,3.8187470923001e-11,6.4923312933369e-06,8.6854156855975e-13,-2.8887778314546e-14
4991,0,0,4991,3.8216416777144e-11,6.4875305483685e-06,8.6893483928281e-13,-2.894585414293e-14
4992,0,0,4992,3.82454208707e-11,6.4827276315353e-06,8.6932794681847e-13,-2.900409355613e-14
4993,0,0,4993,3.8274483367862e-11,6.4779225437421e-06,8.6972089055978e-13,-2.9062497161779e-14
4994,0,0,4994,3.8303604433432e-11,6.4731152858974e-06,8.7011366989593e-13,-2.9121065570112e-14
4995,0,0,4995,3.8332784232826e-11,6.4683058589128e-06,8.7050628421521e-13,-2.9179799393926e-14
4996,0,0,4996,3.8362022932074e-11,6.4634942637034e-06,8.7089873290176e-13,-2.9238699248605e-14
4997,0,0,4997,3.8391320697827e-11,6.4586805011877e-06,8.7129101533802e-13,-2.9297765752164e-14
4998,0,0,4998,3.8420677697352e-11,6.4538645722877e-06,8.7168313090355e-13,-2.9356999525194e-14
4999,0,0,4999,3.8450094098543e-11,6.4490464779287e-06,8.7207507897544e-13,-2.9416401190944e-14
5000,0,0,5000,3.8479570069918e-11,6.4442262190396e-06,8.7246685892785e-13,-2.9475971375253e-14
5001,0,0,5001,3.8509105780625e-11,6.4394037965527e-06,8.7285847013252e-13,-2.9535710706644e-14
5002,0,0,5002,3.8538701400441e-11,6.4345792114037e-06,8.7324991195857e-13,-2.9595619816266e-14
5003,0,0,5003,3.8568357099779e-11,6.4297524645321e-06,8.7364118377233e-13,-2.9655699337936e-14
5004,0,0,5004,3.8598073049687e-11,6.4249235568805e-06,8.7403228493758e-13,-2.9715949908136e-14
5005,0,0,5005,3.8627849421853e-11,6.4200924893953e-06,8.744232148153e-13,-2.9776372166044e-14
5006,0,0,5006,3.8657686388606e-11,6.4152592630264e-06,8.7481397276373e-13,-2.9836966753513e-14
5007,0,0,5007,3.8687584122922e-11,6.4104238787273e-06,8.7520455813863e-13,-2.9897734315098e-14
5008,0,0,5008,3.871754279842e-11,6.405586337455e-06,8.7559497029289e-13,-2.9958675498081e-14
5009,0,0,5009,3.8747562589372e-11,6.40074664017e-06,8.7598520857675e-13,-3.0019790952438e-14
5010,0,0,5010,3.8777643670703e-11,6.3959047878367e-06,8.7637527233772e-13,-3.0081081330899e-14
5011,0,0,5011,3.8807786217992e-11,6.3910607814228e-06,8.7676516092054e-13,-3.0142547288914e-14
5012,0,0,5012,3.8837990407477e-11,6.3862146218997e-06,8.7715487366703e-13,-3.0204189484712e-14
5013,0,0,5013,3.8868256416056e-11,6.3813663102427e-06,8.7754440991658e-13,-3.026600857923e-14
5014,0,0,5014,3.8898584421292e-11,6.3765158474305e-06,8.7793376900563e-13,-3.0328005236235e-14
5015,0,0,5015,3.8928974601414e-11,6.3716632344456e-06,8.783229502679e-13,-3.0390180122221e-14
5016,0,0,5016,3.8959427135321e-11,6.3668084722742e-06,8.7871195303418e-13,-3.04525339065e-14
5017,0,0,5017,3.8989942202582e-11,6.361951561906e-06,8.7910077663263e-13,-3.0515067261169e-14
5018,0,0,5018,3.9020519983443e-11,6.3570925043348e-06,8.794894203887e-13,-3.057778086115e-14
5019,0,0,5019,3.9051160658827e-11,6.3522313005579e-06,8.7987788362458e-13,-3.0640675384149e-14
5020,0,0,5020,3.9081864410338e-11,6.3473679515764e-06,8.8026616565986e-13,-3.0703751510735e-14
5021,0,0,5021,3.9112631420262e-11,6.3425024583951e-06,8.8065426581185e-13,-3.0767009924295e-14
5022,0,0,5022,3.9143461871573e-11,6.3376348220227e-06,8.8104218339402e-13,-3.0830451311054e-14
5023,0,0,5023,3.9174355947933e-11,6.3327650434718e-06,8.8142991771782e-13,-3.0894076360123e-14
5024,0,0,5024,3.9205313833697e-11,6.3278931237586e-06,8.8181746809106e-13,-3.0957885763433e-14
5025,0,0,5025,3.9236335713913e-11,6.3230190639032e-06,8.8220483381953e-13,-3.1021880215841e-14
5026,0,0,5026,3.9267421774328e-11,6.3181428649297e-06,8.8259201420566e-13,-3.1086060415041e-14
5027,0,0,5027,3.9298572201389e-11,6.3132645278659e-06,8.829790085488e-13,-3.1150427061651e-14
5028,0,0,5028,3.9329787182249e-11,6.3083840537436e-06,8.8336581614572e-13,-3.1214980859185e-14
5029,0,0,5029,3.9361066904763e-11,6.3035014435983e-06,8.8375243629056e-13,-3.1279722514057e-14
5030,0,0,5030,3.9392411557498e-11,6.2986166984697e-06,8.8413886827348e-13,-3.134465273562e-14
5031,0,0,5031,3.9423821329734e-11,6.2937298194013e-06,8.8452511138311e-13,-3.1409772236146e-14
5032,0,0,5032,3.9455296411465e-11,6.2888408074405e-06,8.8491116490393e-13,-3.1475081730857e-14
5033,0,0,5033,3.9486836993403e-11,6.2839496636388e-06,8.8529702811829e-13,-3.154058193792e-14
5034,0,0,5034,3.9518443266982e-11,6.2790563890514e-06,8.8568270030516e-13,-3.1606273578441e-14
5035,0,0,5035,3.9550115424358e-11,6.274160984738e-06,8.8606818074044e-13,-3.1672157376541e-14
5036,0,0,5036,3.9581853658417e-11,6.2692634517617e-06,8.8645346869758e-13,-3.1738234059259e-14
5037,0,0,5037,3.9613658162774e-11,6.2643637911902e-06,8.8683856344665e-13,-3.180450435668e-14
5038,0,0,5038,3.9645529131776e-11,6.2594620040949e-06,8.8722346425453e-13,-3.1870969001833e-14
5039,0,0,5039,3.9677466760507e-11,6.2545580915513e-06,8.8760817038575e-13,-3.1937628730787e-14
5040,0,0,5040,3.9709471244789e-11,6.2496520546391e-06,8.8799268110136e-13,-3.2004484282589e-14
5041,0,0,5041,3.9741542781189e-11,6.2447438944421e-06,8.8837699565916e-13,-3.2071536399349e-14
5042,0,0,5042,3.9773681567015e-11,6.2398336120481e-06,8.8876111331452e-13,-3.2138785826175e-14
5043,0,0,5043,3.9805887800326e-11,6.2349212085491e-06,8.8914503331942e-13,-3.2206233311235e-14
5044,0,0,5044,3.9838161679932e-11,6.2300066850413e-06,8.8952875492293e-13,-3.2273879605729e-14
5045,0,0,5045,3.9870503405396e-11,6.2250900426249e-06,8.8991227737091e-13,-3.2341725463925e-14
5046,0,0,5046,3.9902913177039e-11,6.2201712824044e-06,8.9029559990599e-13,-3.2409771643151e-14
5047,0,0,5047,3.9935391195943e-11,6.2152504054885e-06,8.9067872176835e-13,-3.2478018903818e-14
5048,0,0,5048,3.9967937663952e-11,6.2103274129902e-06,8.9106164219465e-13,-3.2546468009402e-14
5049,0,0,5049,4.0000552783679e-11,6.2054023060266e-06,8.9144436041817e-13,-3.261511972648e-14
5050,0,0,5050,4.0033236758503e-11,6.200475085719e-06,8.9182687566974e-13,-3.2683974824749e-14
5051,0,0,5051,4.006598979258e-11,6.1955457531932e-06,8.9220918717696e-13,-3.275303407697e-14
5052,0,0,5052,4.0098812090839e-11,6.190614309579e-06,8.9259129416362e-13,-3.2822298259053e-14
5053,0,0,5053,4.0131703858989e-11,6.1856807560108e-06,8.9297319585119e-13,-3.2891768150025e-14
5054,0,0,5054,4.0164665303521e-11,6.180745093627e-06,8.9335489145762e-13,-3.2961444532046e-14
5055,0,0,5055,4.0197696631712e-11,6.1758073235707e-06,8.9373638019795e-13,-3.30313281904e-14
5056,0,0,5056,4.0230798051625e-11,6.170867446989e-06,8.9411766128399e-13,-3.3101419913545e-14
5057,0,0,5057,4.0263969772118e-11,6.1659254650336e-06,8.9449873392389e-13,-3.3171720493081e-14
5058,0,0,5058,4.0297212002842e-11,6.1609813788606e-06,8.9487959732364e-13,-3.3242230723766e-14
5059,0,0,5059,4.0330524954246e-11,6.1560351896303e-06,8.9526025068524e-13,-3.3312951403545e-14
5060,0,0,5060,4.0363908837579e-11,6.1510868985076e-06,8.9564069320763e-13,-3.3383883333529e-14
5061,0,0,5061,4.0397363864897e-11,6.1461365066618e-06,8.96020924087e-13,-3.3455027318024e-14
5062,0,0,5062,4.0430890249062e-11,6.1411840152667e-06,8.9640094251599e-13,-3.3526384164524e-14
5063,0,0,5063,4.0464488203746e-11,6.1362294255005e-06,8.9678074768374e-13,-3.3597954683732e-14
5064,0,0,5064,4.0498157943435e-11,6.1312727385459e-06,8.9716033877707e-13,-3.3669739689561e-14
5065,0,0,5065,4.0531899683434e-11,6.1263139555902e-06,8.9753971497883e-13,-3.3741739999111e-14
5066,0,0,5066,4.0565713639867e-11,6.1213530778252e-06,8.9791887546878e-13,-3.3813956432756e-14
5067,0,0,5067,4.0599600029681e-11,6.1163901064472e-06,8.982978194235e-13,-3.3886389814059e-14
5068,0,0,5068,4.0633559070651e-11,6.111425042657e-06,8.9867654601676e-13,-3.3959040969832e-14
5069,0,0,5069,4.0667590981381e-11,6.1064578876602e-06,8.9905505441839e-13,-3.4031910730145e-14
5070,0,0,5070,4.0701695981309e-11,6.1014886426669e-06,8.9943334379528e-13,-3.4104999928284e-14
5071,0,0,5071,4.073587429071e-11,6.0965173088917e-06,8.9981141331096e-13,-3.417830940084e-14
5072,0,0,5072,4.0770126130698e-11,6.091543887554e-06,9.0018926212634e-13,-3.4251839987627e-14
5073,0,0,5073,4.080445172323e-11,6.0865683798777e-06,9.0056688939774e-13,-3.4325592531737e-14
5074,0,0,5074,4.0838851291109e-11,6.0815907870917e-06,9.0094429427964e-13,-3.4399567879561e-14
5075,0,0,5075,4.087332505799e-11,6.0766111104291e-06,9.0132147592223e-13,-3.4473766880738e-14
5076,0,0,5076,4.0907873248378e-11,6.0716293511281e-06,9.0169843347308e-13,-3.4548190388227e-14
5077,0,0,5077,4.0942496087636e-11,6.0666455104316e-06,9.0207516607565e-13,-3.4622839258255e-14
5078,0,0,5078,4.0977193801987e-11,6.061659589587e-06,9.0245167287091e-13,-3.4697714350368e-14
5079,0,0,5079,4.1011966618514e-11,6.0566715898467e-06,9.0282795299648e-13,-3.4772816527399e-14
5080,0,0,5080,4.104681476517e-11,6.0516815124678e-06,9.0320400558583e-13,-3.4848146655516e-14
5081,0,0,5081,4.1081738470774e-11,6.0466893587121e-06,9.0357982977014e-13,-3.4923705604182e-14
5082,0,0,5082,4.111673796502e-11,6.0416951298465e-06,9.0395542467661e-13,-3.4999494246183e-14
5083,0,0,5083,4.1151813478478e-11,6.0366988271425e-06,9.043307894295e-13,-3.5075513457639e-14
5084,0,0,5084,4.1186965242596e-11,6.0317004518765e-06,9.0470592314926e-13,-3.5151764118004e-14
5085,0,0,5085,4.1222193489706e-11,6.0267000053298e-06,9.0508082495342e-13,-3.5228247110067e-14
5086,0,0,5086,4.1257498453026e-11,6.0216974887886e-06,9.0545549395644e-13,-3.5304963319934e-14
5087,0,0,5087,4.1292880366663e-11,6.016692903544e-06,9.058299292685e-13,-3.53819136371e-14
5088,0,0,5088,4.1328339465617e-11,6.0116862508921e-06,9.0620412999716e-13,-3.5459098954366e-14
5089,0,0,5089,4.1363875985785e-11,6.0066775321338e-06,9.0657809524661e-13,-3.5536520167916e-14
5090,0,0,5090,4.1399490163962e-11,6.0016667485751e-06,9.0695182411737e-13,-3.5614178177271e-14
5091,0,0,5091,4.1435182237848e-11,5.996653901527e-06,9.0732531570673e-13,-3.5692073885344e-14
5092,0,0,5092,4.1470952446046e-11,5.9916389923054e-06,9.0769856910877e-13,-3.5770208198363e-14
5093,0,0,5093,4.1506801028072e-11,5.9866220222313e-06,9.0807158341402e-13,-3.5848582025987e-14
5094,0,0,5094,4.1542728224353e-11,5.9816029926307e-06,9.0844435770936e-13,-3.5927196281179e-14
5095,0,0,5095,4.1578734276233e-11,5.9765819048347e-06,9.0881689107921e-13,-3.6006051880344e-14
5096,0,0,5096,4.1614819425977e-11,5.9715587601794e-06,9.0918918260353e-13,-3.608514974321e-14
5097,0,0,5097,4.165098391677e-11,5.9665335600062e-06,9.0956123135953e-13,-3.6164490792917e-14
5098,0,0,5098,4.1687227992726e-11,5.9615063056613e-06,9.0993303642105e-13,-3.624407595598e-14
5099,0,0,5099,4.1723551898888e-11,5.9564769984964e-06,9.1030459685825e-13,-3.6323906162297e-14
5100,0,0,5100,4.1759955881233e-11,5.951445639868e-06,9.1067591173806e-13,-3.640398234516e-14
5101,0,0,5101,4.1796440186674e-11,5.946412231138e-06,9.1104698012389e-13,-3.648430544123e-14
5102,0,0,5102,4.1833005063065e-11,5.9413767736735e-06,9.1141780107593e-13,-3.6564876390603e-14
5103,0,0,5103,4.1869650759202e-11,5.9363392688467e-06,9.1178837365132e-13,-3.6645696136724e-14
5104,0,0,5104,4.1906377524828e-11,5.9312997180351e-06,9.1215869690258e-13,-3.672676562645e-14
5105,0,0,5105,4.1943185610638e-11,5.9262581226214e-06,9.1252876988054e-13,-3.680808581003e-14
5106,0,0,5106,4.1980075268279e-11,5.9212144839936e-06,9.1289859163113e-13,-3.6889657641133e-14
5107,0,0,5107,4.2017046750356e-11,5.916168803545e-06,9.1326816119785e-13,-3.6971482076774e-14
5108,0,0,5108,4.2054100310433e-11,5.9111210826741e-06,9.1363747762019e-13,-3.705356007742e-14
5109,0,0,5109,4.209123620304e-11,5.906071322785e-06,9.1400653993456e-13,-3.713589260691e-14
5110,0,0,5110,4.2128454683673e-11,5.9010195252868e-06,9.1437534717434e-13,-3.7218480632472e-14
5111,0,0,5111,4.2165756008798e-11,5.8959656915942e-06,9.1474389836844e-13,-3.7301325124749e-14
5112,0,0,5112,4.2203140435855e-11,5.8909098231271e-06,9.1511219254332e-13,-3.7384427057779e-14
5113,0,0,5113,4.2240608223264e-11,5.8858519213109e-06,9.1548022872207e-13,-3.7467787408992e-14
5114,0,0,5114,4.2278159630424e-11,5.8807919875765e-06,9.1584800592349e-13,-3.7551407159205e-14
5115,0,0,5115,4.2315794917716e-11,5.8757300233602e-06,9.1621552316392e-13,-3.7635287292653e-14
5116,0,0,5116,4.2353514346513e-11,5.8706660301035e-06,9.1658277945588e-13,-3.7719428796938e-14
5117,0,0,5117,4.2391318179176e-11,5.8656000092537e-06,9.169497738085e-13,-3.7803832663074e-14
5118,0,0,5118,4.2429206679062e-11,5.8605319622635e-06,9.1731650522755e-13,-3.7888499885442e-14
5119,0,0,5119,4.2467180110523e-11,5.8554618905911e-06,9.1768297271572e-13,-3.7973431461834e-14
5120,0,0,5120,4.2505238738917e-11,5.8503897957001e-06,9.1804917527174e-13,-3.8058628393412e-14
5121,0,0,5121,4.2543382830602e-11,5.8453156790598e-06,9.1841511189155e-13,-3.8144091684708e-14
5122,0,0,5122,4.2581612652945e-11,5.840239542145e-06,9.1878078156696e-13,-3.8229822343667e-14
5123,0,0,5123,4.2619928474327e-11,5.8351613864363e-06,9.1914618328719e-13,-3.831582138157e-14
5124,0,0,5124,4.265833056414e-11,5.8300812134195e-06,9.1951131603808e-13,-3.8402089813095e-14
5125,0,0,5125,4.2696819192796e-11,5.8249990245863e-06,9.1987617880115e-13,-3.8488628656271e-14
5126,0,0,5126,4.2735394631729e-11,5.8199148214341e-06,9.2024077055566e-13,-3.8575438932502e-14
5127,0,0,5127,4.2774057153395e-11,5.8148286054657e-06,9.206050902767e-13,-3.8662521666543e-14
5128,0,0,5128,4.2812807031282e-11,5.8097403781898e-06,9.2096913693693e-13,-3.8749877886496e-14
5129,0,0,5129,4.2851644539906e-11,5.8046501411207e-06,9.213329095044e-13,-3.8837508623828e-14
5130,0,0,5130,4.2890569954819e-11,5.7995578957785e-06,9.2169640694516e-13,-3.8925414913318e-14
5131,0,0,5131,4.2929583552612e-11,5.7944636436889e-06,9.2205962822068e-13,-3.9013597793127e-14
5132,0,0,5132,4.2968685610917e-11,5.7893673863834e-06,9.2242257228995e-13,-3.9102058304684e-14
5133,0,0,5133,4.3007876408409e-11,5.7842691253994e-06,9.2278523810877e-13,-3.9190797492808e-14
5134,0,0,5134,4.3047156224815e-11,5.7791688622799e-06,9.2314762462847e-13,-3.9279816405569e-14
5135,0,0,5135,4.3086525340909e-11,5.7740665985738e-06,9.235097307987e-13,-3.9369116094403e-14
5136,0,0,5136,4.3125984038523e-11,5.7689623358359e-06,9.2387155556406e-13,-3.9458697613999e-14
5137,0,0,5137,4.3165532600546e-11,5.7638560756267e-06,9.2423309786746e-13,-3.9548562022366e-14
5138,0,0,5138,4.3205171310927e-11,5.7587478195126e-06,9.2459435664736e-13,-3.9638710380802e-14
5139,0,0,5139,4.324490045468e-11,5.753637569066e-06,9.2495533083976e-13,-3.9729143753837e-14
5140,0,0,5140,4.328472031789e-11,5.748525325865e-06,9.2531601937684e-13,-3.9819863209336e-14
5141,0,0,5141,4.3324631187708e-11,5.7434110914938e-06,9.2567642118771e-13,-3.9910869818348e-14
5142,0,0,5142,4.3364633352363e-11,5.7382948675424e-06,9.2603653519825e-13,-4.0002164655221e-14
5143,0,0,5143,4.3404727101161e-11,5.7331766556069e-06,9.2639636033115e-13,-4.0093748797504e-14
5144,0,0,5144,4.3444912724487e-11,5.7280564572892e-06,9.2675589550569e-13,-4.0185623326007e-14
5145,0,0,5145,4.3485190513812e-11,5.7229342741973e-06,9.2711513963826e-13,-4.027778932471e-14
5146,0,0,5146,4.3525560761692e-11,5.7178101079451e-06,9.2747409164172e-13,-4.0370247880827e-14
5147,0,0,5147,4.3566023761777e-11,5.7126839601527e-06,9.2783275042601e-13,-4.0463000084737e-14
5148,0,0,5148,4.3606579808807e-11,5.7075558324461e-06,9.2819111489755e-13,-4.0556047030031e-14
5149,0,0,5149,4.3647229198621e-11,5.7024257264573e-06,9.2854918396e-13,-4.0649389813427e-14
5150,0,0,5150,4.3687972228155e-11,5.6972936438247e-06,9.2890695651365e-13,-4.0743029534803e-14
5151,0,0,5151,4.3728809195453e-11,5.6921595861923e-06,9.2926443145555e-13,-4.0836967297194e-14
5152,0,0,5152,4.3769740399659e-11,5.6870235552107e-06,9.2962160767972e-13,-4.0931204206732e-14
5153,0,0,5153,4.3810766141032e-11,5.6818855525362e-06,9.2997848407755e-13,-4.1025741372655e-14
5154,0,0,5154,4.3851886720939e-11,5.6767455798316e-06,9.3033505953628e-13,-4.1120579907319e-14
5155,0,0,5155,4.3893102441865e-11,5.6716036387656e-06,9.3069133294135e-13,-4.1215720926126e-14
5156,0,0,5156,4.3934413607413e-11,5.6664597310133e-06,9.310473031737e-13,-4.1311165547561e-14
5157,0,0,5157,4.3975820522306e-11,5.6613138582557e-06,9.3140296911294e-13,-4.140691489313e-14
5158,0,0,5158,4.4017323492394e-11,5.6561660221804e-06,9.3175832963375e-13,-4.1502970087381e-14
5159,0,0,5159,4.4058922824651e-11,5.6510162244809e-06,9.3211338360973e-13,-4.1599332257856e-14
5160,0,0,5160,4.4100618827186e-11,5.6458644668571e-06,9.3246812990974e-13,-4.1696002535099e-14
5161,0,0,5161,4.4142411809239e-11,5.6407107510151e-06,9.3282256740096e-13,-4.1792982052619e-14
5162,0,0,5162,4.4184302081186e-11,5.6355550786673e-06,9.3317669494703e-13,-4.1890271946857e-14
5163,0,0,5163,4.4226289954543e-11,5.6303974515325e-06,9.3353051140867e-13,-4.1987873357218e-14
5164,0,0,5164,4.4268375741969e-11,5.6252378713355e-06,9.3388401564386e-13,-4.2085787425991e-14
5165,0,0,5165,4.4310559757268e-11,5.6200763398079e-06,9.3423720650751e-13,-4.2184015298358e-14
5166,0,0,5166,4.435284231539e-11,5.6149128586871e-06,9.3459008285207e-13,-4.2282558122379e-14
5167,0,0,5167,4.4395223732439e-11,5.6097474297174e-06,9.3494264352631e-13,-4.2381417048941e-14
5168,0,0,5168,4.4437704325671e-11,5.604580054649e-06,9.3529488737732e-13,-4.2480593231774e-14
5169,0,0,5169,4.4480284413498e-11,5.5994107352388e-06,9.3564681324835e-13,-4.2580087827379e-14
5170,0,0,5170,4.4522964315493e-11,5.5942394732499e-06,9.3599841998035e-13,-4.267990199505e-14
5171,0,0,5171,4.456574435239e-11,5.5890662704521e-06,9.3634970641183e-13,-4.278003689684e-14
5172,0,0,5172,4.4608624846087e-11,5.5838911286213e-06,9.3670067137777e-13,-4.2880493697484e-14
5173,0,0,5173,4.4651606119652e-11,5.57871404954e-06,9.3705131371129e-13,-4.298127356447e-14
5174,0,0,5174,4.469468849732e-11,5.5735350349972e-06,9.3740163224216e-13,-4.308237766791e-14
5175,0,0,5175,4.47378723045e-11,5.5683540867884e-06,9.3775162579783e-13,-4.318380718059e-14
5176,0,0,5176,4.4781157867778e-11,5.5631712067155e-06,9.3810129320349e-13,-4.3285563277889e-14
5177,0,0,5177,4.4824545514916e-11,5.5579863965868e-06,9.384506332809e-13,-4.3387647137803e-14
5178,0,0,5178,4.4868035574857e-11,5.5527996582175e-06,9.3879964485004e-13,-4.3490059940847e-14
5179,0,0,5179,4.4911628377727e-11,5.5476109934289e-06,9.3914832672776e-13,-4.359280287011e-14
5180,0,0,5180,4.4955324254838e-11,5.5424204040492e-06,9.3949667772898e-13,-4.3695877111129e-14
5181,0,0,5181,4.499912353869e-11,5.5372278919129e-06,9.3984469666551e-13,-4.3799283851942e-14
5182,0,0,5182,4.5043026562973e-11,5.5320334588613e-06,9.4019238234764e-13,-4.3903024283023e-14
5183,0,0,5183,4.508703366257e-11,5.5268371067421e-06,9.4053973358215e-13,-4.4007099597212e-14
5184,0,0,5184,4.513114517356e-11,5.5216388374096e-06,9.4088674917441e-13,-4.4111510989759e-14
5185,0,0,5185,4.5175361433218e-11,5.5164386527249e-06,9.4123342792689e-13,-4.4216259658209e-14
5186,0,0,5186,4.5219682780021e-11,5.5112365545556e-06,9.4157976863978e-13,-4.4321346802452e-14
5187,0,0,5187,4.5264109553645e-11,5.506032544776e-06,9.4192577011125e-13,-4.4426773624574e-14
5188,0,0,5188,4.5308642094974e-11,5.500826625267e-06,9.4227143113763e-13,-4.4532541328951e-14
5189,0,0,5189,4.5353280746096e-11,5.4956187979161e-06,9.426167505116e-13,-4.4638651122117e-14
5190,0,0,5190,4.5398025850309e-11,5.4904090646176e-06,9.4296172702565e-13,-4.4745104212756e-14
5191,0,0,5191,4.5442877752121e-11,5.4851974272725e-06,9.4330635946862e-13,-4.4851901811661e-14
5192,0,0,5192,4.5487836797252e-11,5.4799838877883e-06,9.436506466281e-13,-4.4959045131718e-14
5193,0,0,5193,4.553290333264e-11,5.4747684480796e-06,9.439945872891e-13,-4.5066535387815e-14
5194,0,0,5194,4.5578077706437e-11,5.4695511100672e-06,9.4433818023507e-13,-4.5174373796846e-14
5195,0,0,5195,4.5623360268015e-11,5.4643318756791e-06,9.4468142424763e-13,-4.5282561577641e-14
5196,0,0,5196,4.5668751367966e-11,5.4591107468498e-06,9.450243181058e-13,-4.5391099950952e-14
5197,0,0,5197,4.5714251358105e-11,5.4538877255206e-06,9.4536686058752e-13,-4.549999013937e-14
5198,0,0,5198,4.5759860591472e-11,5.4486628136395e-06,9.4570905046844e-13,-4.5609233367304e-14
5199,0,0,5199,4.5805579422333e-11,5.4434360131615e-06,9.4605088652251e-13,-4.5718830860945e-14
5200,0,0,5200,4.5851408206182e-11,5.4382073260481e-06,9.4639236752216e-13,-4.5828783848192e-14
5201,0,0,5201,4.589734729974e-11,5.4329767542678e-06,9.4673349223811e-13,-4.5939093558623e-14
5202,0,0,5202,4.5943397060964e-11,5.4277442997958e-06,9.4707425943897e-13,-4.6049761223437e-14
5203,0,0,5203,4.5989557849039e-11,5.422509964614e-06,9.4741466789255e-13,-4.6160788075412e-14
5204,0,0,5204,4.6035830024388e-11,5.4172737507115e-06,9.4775471636453e-13,-4.6272175348857e-14
5205,0,0,5205,4.6082213948667e-11,5.4120356600837e-06,9.4809440361937e-13,-4.638392427954e-14
5206,0,0,5206,4.6128709984772e-11,5.4067956947334e-06,9.4843372842028e-13,-4.6496036104665e-14
5207,0,0,5207,4.6175318496835e-11,5.4015538566697e-06,9.487726895285e-13,-4.6608512062781e-14
5208,0,0,5208,4.6222039850229e-11,5.3963101479089e-06,9.4911128570481e-13,-4.6721353393778e-14
5209,0,0,5209,4.6268874411567e-11,5.391064570474e-06,9.4944951570781e-13,-4.6834561338791e-14
5210,0,0,5210,4.6315822548708e-11,5.385817126395e-06,9.4978737829584e-13,-4.694813714014e-14
5211,0,0,5211,4.6362884630749e-11,5.3805678177087e-06,9.5012487222507e-13,-4.7062082041304e-14
5212,0,0,5212,4.6410061028036e-11,5.3753166464587e-06,9.5046199625181e-13,-4.7176397286861e-14
5213,0,0,5213,4.6457352112158e-11,5.3700636146955e-06,9.507987491301e-13,-4.7291084122371e-14
5214,0,0,5214,4.6504758255953e-11,5.3648087244767e-06,9.5113512961381e-13,-4.7406143794394e-14
5215,0,0,5215,4.6552279833503e-11,5.3595519778664e-06,9.5147113645574e-13,-4.752157755037e-14
5216,0,0,5216,4.6599917220141e-11,5.354293376936e-06,9.5180676840776e-13,-4.7637386638586e-14
5217,0,0,5217,4.664767079245e-11,5.3490329237635e-06,9.5214202422115e-13,-4.7753572308117e-14
5218,0,0,5218,4.6695540928258e-11,5.343770620434e-06,9.5247690264593e-13,-4.7870135808698e-14
5219,0,0,5219,4.6743528006649e-11,5.3385064690393e-06,9.5281140243247e-13,-4.7987078390773e-14
5220,0,0,5220,4.6791632407954e-11,5.3332404716784e-06,9.5314552232941e-13,-4.8104401305298e-14
5221,0,0,5221,4.6839854513758e-11,5.3279726304569e-06,9.5347926108588e-13,-4.8222105803765e-14
5222,0,0,5222,4.6888194706896e-11,5.3227029474876e-06,9.5381261744992e-13,-4.8340193138105e-14
5223,0,0,5223,4.6936653371457e-11,5.31743142489e-06,9.5414559016958e-13,-4.8458664560592e-14
5224,0,0,5224,4.6985230892781e-11,5.3121580647905e-06,9.544781779926e-13,-4.8577521323797e-14
5225,0,0,5225,4.7033927657461e-11,5.3068828693228e-06,9.5481037966611e-13,-4.8696764680512e-14
5226,0,0,5226,4.7082744053345e-11,5.301605840627e-06,9.5514219393738e-13,-4.8816395883682e-14
5227,0,0,5227,4.7131680469531e-11,5.2963269808505e-06,9.55473619554e-13,-4.8936416186279e-14
5228,0,0,5228,4.7180737296372e-11,5.2910462921473e-06,9.5580465526279e-13,-4.9056826841301e-14
5229,0,0,5229,4.7229914925474e-11,5.2857637766788e-06,9.5613529981119e-13,-4.9177629101629e-14
5230,0,0,5230,4.7279213749694e-11,5.2804794366128e-06,9.5646555194663e-13,-4.9298824219989e-14
5231,0,0,5231,4.7328634163143e-11,5.2751932741243e-06,9.5679541041715e-13,-4.9420413448823e-14
5232,0,0,5232,4.7378176561183e-11,5.2699052913952e-06,9.5712487397034e-13,-4.9542398040283e-14
5233,0,0,5233,4.7427841340429e-11,5.2646154906142e-06,9.5745394135517e-13,-4.9664779246041e-14
5234,0,0,5234,4.7477628898746e-11,5.2593238739771e-06,9.577826113203e-13,-4.9787558317312e-14
5235,0,0,5235,4.7527539635251e-11,5.2540304436864e-06,9.5811088261545e-13,-4.9910736504675e-14
5236,0,0,5236,4.7577573950309e-11,5.2487352019516e-06,9.5843875399083e-13,-5.0034315058047e-14
5237,0,0,5237,4.7627732245536e-11,5.2434381509892e-06,9.5876622419784e-13,-5.015829522658e-14
5238,0,0,5238,4.7678014923794e-11,5.2381392930224e-06,9.5909329198792e-13,-5.0282678258515e-14
5239,0,0,5239,4.7728422389195e-11,5.2328386302814e-06,9.5941995611432e-13,-5.0407465401176e-14
5240,0,0,5240,4.7778955047096e-11,5.2275361650034e-06,9.5974621533091e-13,-5.0532657900827e-14
5241,0,0,5241,4.7829613304099e-11,5.2222318994321e-06,9.6007206839278e-13,-5.0658257002555e-14
5242,0,0,5242,4.7880397568049e-11,5.2169258358186e-06,9.6039751405597e-13,-5.0784263950215e-14
5243,0,0,5243,4.7931308248035e-11,5.2116179764204e-06,9.6072255107879e-13,-5.0910679986315e-14
5244,0,0,5244,4.7982345754387e-11,5.206308323502e-06,9.6104717821985e-13,-5.1037506351917e-14
5245,0,0,5245,4.8033510498674e-11,5.2009968793349e-06,9.6137139423994e-13,-5.1164744286513e-14
5246,0,0,5246,4.8084802893702e-11,5.1956836461974e-06,9.6169519790182e-13,-5.1292395027958e-14
5247,0,0,5247,4.8136223353514e-11,5.1903686263743e-06,9.6201858796902e-13,-5.142045981234e-14
5248,0,0,5248,4.8187772293388e-11,5.1850518221577e-06,9.6234156320798e-13,-5.1548939873855e-14
5249,0,0,5249,4.8239450129833e-11,5.1797332358462e-06,9.6266412238637e-13,-5.1677836444759e-14
5250,0,0,5250,4.8291257280588e-11,5.1744128697452e-06,9.6298626427447e-13,-5.1807150755197e-14
5251,0,0,5251,4.8343194164621e-11,5.1690907261671e-06,9.6330798764425e-13,-5.1936884033093e-14
5252,0,0,5252,4.8395261202125e-11,5.1637668074308e-06,9.6362929127057e-13,-5.2067037504104e-14
5253,0,0,5253,4.8447458814516e-11,5.1584411158621e-06,9.6395017393047e-13,-5.2197612391396e-14
5254,0,0,5254,4.8499787424432e-11,5.1531136537936e-06,9.6427063440311e-13,-5.2328609915623e-14
5255,0,0,5255,4.8552247455727e-11,5.1477844235644e-06,9.6459067147103e-13,-5.2460031294764e-14
5256,0,0,5256,4.8604839333471e-11,5.1424534275207e-06,9.6491028391922e-13,-5.2591877743997e-14
5257,0,0,5257,4.8657563483946e-11,5.137120668015e-06,9.652294705356e-13,-5.2724150475577e-14
5258,0,0,5258,4.8710420334645e-11,5.1317861474066e-06,9.6554823011114e-13,-5.2856850698737e-14
5259,0,0,5259,4.8763410314265e-11,5.1264498680617e-06,9.6586656143988e-13,-5.2989979619539e-14
5260,0,0,5260,4.8816533852705e-11,5.1211118323527e-06,9.6618446331954e-13,-5.312353844073e-14
5261,0,0,5261,4.8869791381067e-11,5.1157720426591e-06,9.6650193455059e-13,-5.3257528361651e-14
5262,0,0,5262,4.8923183331645e-11,5.1104305013666e-06,9.6681897393766e-13,-5.3391950578074e-14
5263,0,0,5263,4.8976710137927e-11,5.1050872108677e-06,9.6713558028905e-13,-5.3526806282078e-14
5264,0,0,5264,4.9030372234589e-11,5.0997421735616e-06,9.6745175241658e-13,-5.36620966619e-14
5265,0,0,5265,4.9084170057491e-11,5.0943953918536e-06,9.677674891359e-13,-5.3797822901811e-14
5266,0,0,5266,4.9138104043673e-11,5.089046868156e-06,9.6808278926728e-13,-5.3933986181992e-14
5267,0,0,5267,4.9192174631351e-11,5.0836966048873e-06,9.6839765163541e-13,-5.4070587678324e-14
5268,0,0,5268,4.9246382259914e-11,5.0783446044726e-06,9.6871207506807e-13,-5.4207628562328e-14
5269,0,0,5269,4.9300727369915e-11,5.0729908693433e-06,9.6902605839946e-13,-5.4345110000956e-14
5270,0,0,5270,4.9355210403071e-11,5.0676354019374e-06,9.6933960046687e-13,-5.4483033156474e-14
5271,0,0,5271,4.9409831802257e-11,5.0622782046992e-06,9.6965270011338e-13,-5.4621399186301e-14
5272,0,0,5272,4.94645920115e-11,5.0569192800794e-06,9.6996535618654e-13,-5.4760209242842e-14
5273,0,0,5273,4.9519491475974e-11,5.051558630535e-06,9.7027756753973e-13,-5.4899464473346e-14
5274,0,0,5274,4.9574530641993e-11,5.0461962585293e-06,9.7058933303062e-13,-5.503916601976e-14
5275,0,0,5275,4.9629709957012e-11,5.0408321665319e-06,9.7090065152361e-13,-5.5179315018547e-14
5276,0,0,5276,4.9685029869612e-11,5.0354663570187e-06,9.7121152188741e-13,-5.5319912600533e-14
5277,0,0,5277,4.9740490829503e-11,5.0300988324718e-06,9.7152194299777e-13,-5.5460959890731e-14
5278,0,0,5278,4.9796093287511e-11,5.0247295953793e-06,9.7183191373535e-13,-5.5602458008185e-14
5279,0,0,5279,4.9851837695577e-11,5.0193586482357e-06,9.7214143298788e-13,-5.5744408065828e-14
5280,0,0,5280,4.9907724506747e-11,5.0139859935416e-06,9.7245049964873e-13,-5.5886811170229e-14
5281,0,0,5281,4.9963754175169e-11,5.0086116338033e-06,9.7275911261789e-13,-5.6029668421504e-14
5282,0,0,5282,5.0019927156082e-11,5.0032355715337e-06,9.7306727080239e-13,-5.617298091311e-14
5283,0,0,5283,5.0076243905814e-11,4.9978578092513e-06,9.7337497311554e-13,-5.6316749731637e-14
5284,0,0,5284,5.013270488177e-11,4.9924783494807e-06,9.7368221847833e-13,-5.6460975956655e-14
5285,0,0,5285,5.0189310542431e-11,4.9870971947524e-06,9.7398900581818e-13,-5.660566066055e-14
5286,0,0,5286,5.0246061347339e-11,4.9817143476029e-06,9.7429533407065e-13,-5.6750804908273e-14
5287,0,0,5287,5.0302957757096e-11,4.9763298105743e-06,9.7460120217832e-13,-5.6896409757212e-14
5288,0,0,5288,5.0360000233353e-11,4.9709435862146e-06,9.7490660909193e-13,-5.7042476256982e-14
5289,0,0,5289,5.0417189238802e-11,4.9655556770778e-06,9.7521155377017e-13,-5.7189005449204e-14
5290,0,0,5290,5.047452523717e-11,4.9601660857232e-06,9.7551603517926e-13,-5.733599836735e-14
5291,0,0,5291,5.0532008693206e-11,4.954774814716e-06,9.7582005229492e-13,-5.7483456036503e-14
5292,0,0,5292,5.058964007268e-11,4.9493818666271e-06,9.7612360410051e-13,-5.763137947319e-14
5293,0,0,5293,5.0647419842365e-11,4.9439872440327e-06,9.7642668958848e-13,-5.7779769685157e-14
5294,0,0,5294,5.0705348470036e-11,4.9385909495147e-06,9.7672930776044e-13,-5.7928627671134e-14
5295,0,0,5295,5.0763426424457e-11,4.9331929856604e-06,9.7703145762691e-13,-5.8077954420707e-14
5296,0,0,5296,5.0821654175371e-11,4.9277933550625e-06,9.7733313820808e-13,-5.8227750914e-14
5297,0,0,5297,5.0880032193492e-11,4.9223920603193e-06,9.7763434853332e-13,-5.8378018121529e-14
5298,0,0,5298,5.0938560950496e-11,4.9169891040339e-06,9.7793508764242e-13,-5.8528757003974e-14
5299,0,0,5299,5.0997240919008e-11,4.9115844888152e-06,9.78235354585e-13,-5.8679968511908e-14
5300,0,0,5300,5.1056072572594e-11,4.906178217277e-06,9.7853514842095e-13,-5.8831653585647e-14
5301,0,0,5301,5.1115056385749e-11,4.9007702920382e-06,9.7883446822058e-13,-5.8983813154969e-14
5302,0,0,5302,5.1174192833887e-11,4.8953607157229e-06,9.7913331306508e-13,-5.9136448138865e-14
5303,0,0,5303,5.1233482393333e-11,4.8899494909603e-06,9.7943168204668e-13,-5.9289559445391e-14
5304,0,0,5304,5.1292925541304e-11,4.8845366203842e-06,9.7972957426897e-13,-5.9443147971308e-14
5305,0,0,5305,5.1352522755906e-11,4.8791221066336e-06,9.8002698884656e-13,-5.9597214601972e-14
5306,0,0,5306,5.1412274516117e-11,4.8737059523524e-06,9.8032392490602e-13,-5.9751760210981e-14
5307,0,0,5307,5.1472181301777e-11,4.8682881601889e-06,9.8062038158621e-13,-5.990678565998e-14
5308,0,0,5308,5.1532243593575e-11,4.8628687327965e-06,9.8091635803745e-13,-6.0062291798412e-14
5309,0,0,5309,5.1592461873039e-11,4.8574476728328e-06,9.8121185342328e-13,-6.0218279463242e-14
5310,0,0,5310,5.1652836622517e-11,4.8520249829603e-06,9.8150686691964e-13,-6.0374749478736e-14
5311,0,0,5311,5.1713368325174e-11,4.8466006658459e-06,9.8180139771534e-13,-6.0531702656146e-14
5312,0,0,5312,5.1774057464967e-11,4.8411747241607e-06,9.820954450127e-13,-6.0689139793492e-14
5313,0,0,5313,5.1834904526642e-11,4.8357471605805e-06,9.8238900802722e-13,-6.0847061675293e-14
5314,0,0,5314,5.1895909995715e-11,4.8303179777849e-06,9.826820859885e-13,-6.1005469072266e-14
5315,0,0,5315,5.1957074358456e-11,4.8248871784582e-06,9.8297467814009e-13,-6.1164362741075e-14
5316,0,0,5316,5.201839810188e-11,4.8194547652884e-06,9.8326678373996e-13,-6.1323743424057e-14
5317,0,0,5317,5.2079881713729e-11,4.8140207409676e-06,9.8355840206018e-13,-6.1483611848917e-14
5318,0,0,5318,5.2141525682457e-11,4.808585108192e-06,9.8384953238862e-13,-6.1643968728492e-14
5319,0,0,5319,5.2203330497218e-11,4.8031478696614e-06,9.8414017402768e-13,-6.1804814760384e-14
5320,0,0,5320,5.2265296647844e-11,4.7977090280797e-06,9.8443032629514e-13,-6.1966150626761e-14
5321,0,0,5321,5.2327424624838e-11,4.7922685861541e-06,9.8471998852531e-13,-6.2127976993986e-14
5322,0,0,5322,5.2389714919351e-11,4.7868265465957e-06,9.8500916006784e-13,-6.2290294512353e-14
5323,0,0,5323,5.2452168023166e-11,4.781382912119e-06,9.8529784028877e-13,-6.2453103815786e-14
5324,0,0,5324,5.2514784428688e-11,4.7759376854418e-06,9.8558602857163e-13,-6.2616405521536e-14
5325,0,0,5325,5.2577564628918e-11,4.7704908692854e-06,9.8587372431575e-13,-6.2780200229827e-14
5326,0,0,5326,5.2640509117441e-11,4.7650424663741e-06,9.8616092693884e-13,-6.2944488523607e-14
5327,0,0,5327,5.270361838841e-11,4.7595924794356e-06,9.8644763587579e-13,-6.3109270968183e-14
5328,0,0,5328,5.276689293652e-11,4.7541409112003e-06,9.8673385057912e-13,-6.3274548110903e-14
5329,0,0,5329,5.2830333257001e-11,4.7486877644019e-06,9.8701957052021e-13,-6.3440320480879e-14
5330,0,0,5330,5.289393984559e-11,4.7432330417765e-06,9.8730479518867e-13,-6.3606588588571e-14
5331,0,0,5331,5.2957713198515e-11,4.7377767460633e-06,9.8758952409299e-13,-6.3773352925531e-14
5332,0,0,5332,5.302165381248e-11,4.7323188800038e-06,9.8787375676173e-13,-6.3940613964028e-14
5333,0,0,5333,5.3085762184636e-11,4.7268594463423e-06,9.8815749274155e-13,-6.4108372156691e-14
5334,0,0,5334,5.3150038812572e-11,4.7213984478252e-06,9.884407316007e-13,-6.4276627936233e-14
5335,0,0,5335,5.3214484194287e-11,4.7159358872012e-06,9.8872347292663e-13,-6.444538171499e-14
5336,0,0,5336,5.3279098828172e-11,4.7104717672215e-06,9.8900571632794e-13,-6.4614633884677e-14
5337,0,0,5337,5.3343883212988e-11,4.705006090639e-06,9.8928746143421e-13,-6.4784384815937e-14
5338,0,0,5338,5.3408837847846e-11,4.6995388602087e-06,9.8956870789635e-13,-6.4954634858065e-14
5339,0,0,5339,5.3473963232185e-11,4.6940700786872e-06,9.8984945538719e-13,-6.512538433854e-14
5340,0,0,5340,5.3539259865747e-11,4.688599748833e-06,9.9012970360103e-13,-6.5296633562749e-14
5341,0,0,5341,5.3604728248561e-11,4.6831278734062e-06,9.9040945225592e-13,-6.5468382813546e-14
5342,0,0,5342,5.3670368880912e-11,4.6776544551681e-06,9.906887010917e-13,-6.5640632350914e-14
5343,0,0,5343,5.3736182263323e-11,4.6721794968815e-06,9.9096744987195e-13,-6.5813382411516e-14
5344,0,0,5344,5.3802168896532e-11,4.6667030013104e-06,9.9124569838371e-13,-6.5986633208396e-14
5345,0,0,5345,5.3868329281462e-11,4.6612249712195e-06,9.9152344643858e-13,-6.6160384930488e-14
5346,0,0,5346,5.3934663919205e-11,4.6557454093749e-06,9.9180069387174e-13,-6.633463774229e-14
5347,0,0,5347,5.4001173310988e-11,4.6502643185432e-06,9.9207744054444e-13,-6.6509391783428e-14
5348,0,0,5348,5.4067857958156e-11,4.6447817014916e-06,9.92353686342e-13,-6.6684647168235e-14
5349,0,0,5349,5.4134718362142e-11,4.6392975609879e-06,9.9262943117611e-13,-6.6860403985366e-14
5350,0,0,5350,5.4201755024439e-11,4.6338118998001e-06,9.9290467498453e-13,-6.7036662297351e-14
5351,0,0,5351,5.4268968446579e-11,4.6283247206966e-06,9.9317941773139e-13,-6.72134221402e-14
5352,0,0,5352,5.4336359130102e-11,4.6228360264457e-06,9.9345365940794e-13,-6.7390683522952e-14
5353,0,0,5353,5.4403927576529e-11,4.6173458198157e-06,9.9372740003243e-13,-6.7568446427229e-14
5354,0,0,5354,5.4471674287336e-11,4.6118541035746e-06,9.9400063965177e-13,-6.7746710806851e-14
5355,0,0,5355,5.4539599763923e-11,4.6063608804898e-06,9.9427337834032e-13,-6.7925476587319e-14
5356,0,0,5356,5.4607704507589e-11,4.6008661533285e-06,9.9454561620141e-13,-6.8104743665444e-14
5357,0,0,5357,5.4675989019498e-11,4.5953699248568e-06,9.9481735336781e-13,-6.8284511908811e-14
5358,0,0,5358,5.4744453800653e-11,4.5898721978402e-06,9.9508859000173e-13,-6.8464781155377e-14
5359,0,0,5359,5.4813099351866e-11,4.584372975043e-06,9.9535932629558e-13,-6.8645551213003e-14
5360,0,0,5360,5.4881926173725e-11,4.5788722592283e-06,9.9562956247211e-13,-6.882682185894e-14
5361,0,0,5361,5.4950934766564e-11,4.5733700531576e-06,9.9589929878552e-13,-6.900859283941e-14
5362,0,0,5362,5.5020125630434e-11,4.5678663595912e-06,9.9616853552098e-13,-6.9190863869088e-14
5363,0,0,5363,5.5089499265064e-11,4.5623611812874e-06,9.9643727299676e-13,-6.9373634630621e-14
5364,0,0,5364,5.5159056169838e-11,4.5568545210025e-06,9.9670551156195e-13,-6.9556904774143e-14
5365,0,0,5365,5.5228796843755e-11,4.5513463814909e-06,9.969732516006e-13,-6.974067391678e-14
5366,0,0,5366,5.5298721785397e-11,4.5458367655045e-06,9.9724049352835e-13,-6.9924941642131e-14
5367,0,0,5367,5.5368831492897e-11,4.540325675793e-06,9.9750723779686e-13,-7.0109707499777e-14
5368,0,0,5368,5.5439126463902e-11,4.534813115103e-06,9.9777348489028e-13,-7.0294971004762e-14
5369,0,0,5369,5.5509607195539e-11,4.5292990861785e-06,9.9803923532957e-13,-7.048073163705e-14
5370,0,0,5370,5.558027418438e-11,4.5237835917604e-06,9.983044896702e-13,-7.0666988841033e-14
5371,0,0,5371,5.5651127926405e-11,4.5182666345864e-06,9.9856924850409e-13,-7.0853742024987e-14
5372,0,0,5372,5.5722168916965e-11,4.5127482173904e-06,9.9883351246014e-13,-7.1040990560512e-14
5373,0,0,5373,5.5793397650747e-11,4.5072283429031e-06,9.9909728220357e-13,-7.1228733782012e-14
5374,0,0,5374,5.5864814621734e-11,4.501707013851e-06,9.9936055843855e-13,-7.1416970986165e-14
5375,0,0,5375,5.5936420323165e-11,4.4961842329565e-06,9.9962334190666e-13,-7.160570143128e-14
5376,0,0,5376,5.6008215247502e-11,4.4906600029378e-06,9.9988563338841e-13,-7.1794924336848e-14
5377,0,0,5377,5.6080199886385e-11,4.4851343265085e-06,1.0001474337043e-12,-7.1984638882906e-14
5378,0,0,5378,5.6152374730594e-11,4.4796072063774e-06,1.0004087437145e-12,-7.2174844209451e-14
5379,0,0,5379,5.622474027001e-11,4.4740786452486e-06,1.0006695643197e-12,-7.2365539415904e-14
5380,0,0,5380,5.629729699357e-11,4.4685486458206e-06,1.0009298964617e-12,-7.25567235605e-14
5381,0,0,5381,5.637004538923e-11,4.4630172107868e-06,1.0011897411245e-12,-7.2748395659696e-14
5382,0,0,5382,5.6442985943918e-11,4.4574843428347e-06,1.0014490993341e-12,-7.2940554687541e-14
5383,0,0,5383,5.6516119143493e-11,4.4519500446459e-06,1.0017079721598e-12,-7.3133199575138e-14
5384,0,0,5384,5.6589445472703e-11,4.4464143188961e-06,1.001966360714e-12,-7.3326329209955e-14
5385,0,0,5385,5.6662965415138e-11,4.4408771682544e-06,1.0022242661541e-12,-7.3519942435243e-14
5386,0,0,5386,5.6736679453187e-11,4.4353385953832e-06,1.0024816896813e-12,-7.3714038049421e-14
5387,0,0,5387,5.6810588067993e-11,4.4297986029382e-06,1.0027386325433e-12,-7.3908614805402e-14
5388,0,0,5388,5.6884691739403e-11,4.4242571935679e-06,1.0029950960335e-12,-7.4103671409988e-14
5389,0,0,5389,5.6958990945926e-11,4.4187143699132e-06,1.0032510814919e-12,-7.4299206523191e-14
5390,0,0,5390,5.7033486164684e-11,4.4131701346077e-06,1.0035065903064e-12,-7.4495218757629e-14
5391,0,0,5391,5.7108177871361e-11,4.4076244902767e-06,1.0037616239121e-12,-7.4691706677781e-14
5392,0,0,5392,5.7183066540161e-11,4.4020774395375e-06,1.0040161837942e-12,-7.4888668799401e-14
5393,0,0,5393,5.725815264375e-11,4.3965289849989e-06,1.0042702714859e-12,-7.5086103588805e-14
5394,0,0,5394,5.7333436653212e-11,4.3909791292609e-06,1.0045238885718e-12,-7.528400946217e-14
5395,0,0,5395,5.7408919037997e-11,4.3854278749146e-06,1.0047770366863e-12,-7.5482384784896e-14
5396,0,0,5396,5.7484600265868e-11,4.3798752245416e-06,1.0050297175159e-12,-7.5681227870845e-14
5397,0,0,5397,5.7560480802849e-11,4.374321180714e-06,1.0052819327992e-12,-7.5880536981679e-14
5398,0,0,5398,5.7636561113175e-11,4.3687657459939e-06,1.0055336843276e-12,-7.6080310326145e-14
5399,0,0,5399,5.7712841659235e-11,4.3632089229334e-06,1.005784973946e-12,-7.6280546059319e-14
5400,0,0,5400,5.7789322901517e-11,4.357650714074e-06,1.0060358035542e-12,-7.6481242281924e-14
5401,0,0,5401,5.7866005298556e-11,4.3520911219464e-06,1.0062861751066e-12,-7.6682397039578e-14
5402,0,0,5402,5.7942889306878e-11,4.34653014907e-06,1.0065360906139e-12,-7.6884008322018e-14
5403,0,0,5403,5.8019975380941e-11,4.3409677979532e-06,1.0067855521426e-12,-7.708607406241e-14
5404,0,0,5404,5.8097263973077e-11,4.3354040710924e-06,1.0070345618179e-12,-7.7288592136537e-14
5405,0,0,5405,5.8174755533439e-11,4.3298389709718e-06,1.0072831218216e-12,-7.7491560362068e-14
5406,0,0,5406,5.8252450509937e-11,4.3242725000635e-06,1.0075312343955e-12,-7.7694976497759e-14
5407,0,0,5407,5.833034934818e-11,4.3187046608268e-06,1.0077789018406e-12,-7.7898838242657e-14
5408,0,0,5408,5.8408452491415e-11,4.313135455708e-06,1.0080261265188e-12,-7.8103143235395e-14
5409,0,0,5409,5.8486760380468e-11,4.3075648871397e-06,1.0082729108527e-12,-7.830788905327e-14
5410,0,0,5410,5.856527345368e-11,4.3019929575412e-06,1.0085192573272e-12,-7.8513073211522e-14
5411,0,0,5411,5.8643992146842e-11,4.2964196693175e-06,1.0087651684903e-12,-7.8718693162475e-14
5412,0,0,5412,5.8722916893137e-11,4.2908450248592e-06,1.0090106469537e-12,-7.8924746294757e-14
5413,0,0,5413,5.8802048123069e-11,4.2852690265421e-06,1.0092556953935e-12,-7.9131229932426e-14
5414,0,0,5414,5.8881386264404e-11,4.2796916767269e-06,1.0095003165508e-12,-7.9338141334128e-14
5415,0,0,5415,5.8960931742096e-11,4.2741129777588e-06,1.0097445132341e-12,-7.954547769231e-14
5416,0,0,5416,5.9040684978228e-11,4.268532931967e-06,1.0099882883177e-12,-7.9753236132271e-14
5417,0,0,5417,5.9120646391939e-11,4.2629515416645e-06,1.0102316447447e-12,-7.9961413711344e-14
5418,0,0,5418,5.9200816399358e-11,4.2573688091478e-06,1.0104745855269e-12,-8.0170007418061e-14
5419,0,0,5419,5.9281195413529e-11,4.2517847366961e-06,1.0107171137456e-12,-8.0379014171175e-14
5420,0,0,5420,5.9361783844348e-11,4.2461993265715e-06,1.0109592325526e-12,-8.0588430818842e-14
5421,0,0,5421,5.9442582098485e-11,4.2406125810181e-06,1.0112009451721e-12,-8.0798254137682e-14
5422,0,0,5422,5.9523590579317e-11,4.2350245022618e-06,1.0114422548994e-12,-8.1008480831897e-14
5423,0,0,5423,5.9604809686849e-11,4.2294350925098e-06,1.0116831651043e-12,-8.1219107532317e-14
5424,0,0,5424,5.9686239817645e-11,4.2238443539505e-06,1.0119236792303e-12,-8.1430130795478e-14
5425,0,0,5425,5.9767881364748e-11,4.2182522887527e-06,1.0121638007966e-12,-8.1641547102723e-14
5426,0,0,5426,5.9849734717607e-11,4.2126588990655e-06,1.0124035333975e-12,-8.1853352859227e-14
5427,0,0,5427,5.9931800262e-11,4.2070641870174e-06,1.012642880706e-12,-8.2065544392969e-14
5428,0,0,5428,6.0014078379954e-11,4.2014681547164e-06,1.012881846472e-12,-8.2278117953898e-14
5429,0,0,5429,6.0096569449667e-11,4.1958708042494e-06,1.0131204345246e-12,-8.249106971288e-14
5430,0,0,5430,6.0179273845427e-11,4.1902721376816e-06,1.0133586487737e-12,-8.2704395760711e-14
5431,0,0,5431,6.0262191937534e-11,4.1846721570562e-06,1.0135964932093e-12,-8.2918092107135e-14
5432,0,0,5432,6.0345324092214e-11,4.1790708643937e-06,1.0138339719045e-12,-8.3132154679802e-14
5433,0,0,5433,6.0428670671538e-11,4.173468261692e-06,1.014071089014e-12,-8.3346579323381e-14
5434,0,0,5434,6.0512232033336e-11,4.1678643509252e-06,1.0143078487784e-12,-8.3561361798326e-14
5435,0,0,5435,6.0596008531116e-11,4.1622591340439e-06,1.0145442555221e-12,-8.3776497780035e-14
5436,0,0,5436,6.0680000513974e-11,4.156652612974e-06,1.014780313656e-12,-8.3991982857682e-14
5437,0,0,5437,6.0764208326507e-11,4.1510447896166e-06,1.0150160276785e-12,-8.4207812533228e-14
5438,0,0,5438,6.0848632308727e-11,4.1454356658477e-06,1.0152514021762e-12,-8.4423982220343e-14
5439,0,0,5439,6.0933272795971e-11,4.1398252435172e-06,1.0154864418251e-12,-8.4640487243261e-14
5440,0,0,5440,6.1018130118806e-11,4.1342135244487e-06,1.0157211513914e-12,-8.485732283583e-14
5441,0,0,5441,6.1103204602947e-11,4.1286005104391e-06,1.015955535733e-12,-8.5074484140253e-14
5442,0,0,5442,6.1188496569153e-11,4.1229862032579e-06,1.0161895998008e-12,-8.5291966206137e-14
5443,0,0,5443,6.1274006333142e-11,4.1173706046467e-06,1.0164233486388e-12,-8.550976398927e-14
5444,0,0,5444,6.1359734205493e-11,4.1117537163186e-06,1.016656787387e-12,-8.5727872350521e-14
5445,0,0,5445,6.1445680491547e-11,4.1061355399579e-06,1.0168899212799e-12,-8.594628605469e-14
5446,0,0,5446,6.1531845491317e-11,4.1005160772195e-06,1.0171227556509e-12,-8.6164999769449e-14
5447,0,0,5447,6.1618229499381e-11,4.0948953297282e-06,1.0173552959303e-12,-8.638400806398e-14
5448,0,0,5448,6.1704832804789e-11,4.0892732990782e-06,1.0175875476492e-12,-8.6603305408026e-14
5449,0,0,5449,6.1791655690959e-11,4.0836499868327e-06,1.0178195164383e-12,-8.6822886170608e-14
5450,0,0,5450,6.1878698435578e-11,4.0780253945231e-06,1.018051208031e-12,-8.7042744618728e-14
5451,0,0,5451,6.1965961310494e-11,4.0723995236487e-06,1.0182826282634e-12,-8.7262874916423e-14
5452,0,0,5452,6.2053444581618e-11,4.0667723756759e-06,1.0185137830761e-12,-8.7483271123242e-14
5453,0,0,5453,6.2141148508811e-11,4.0611439520377e-06,1.0187446785153e-12,-8.7703927193271e-14
5454,0,0,5454,6.2229073345785e-11,4.0555142541331e-06,1.0189753207341e-12,-8.7924836973759e-14
5455,0,0,5455,6.2317219339989e-11,4.0498832833265e-06,1.0192057159932e-12,-8.8145994203867e-14
5456,0,0,5456,6.2405586732502e-11,4.0442510409471e-06,1.0194358706631e-12,-8.8367392513503e-14
5457,0,0,5457,6.2494175757924e-11,4.0386175282884e-06,1.0196657912246e-12,-8.8589025421925e-14
5458,0,0,5458,6.2582986644261e-11,4.0329827466074e-06,1.0198954842709e-12,-8.8810886336532e-14
5459,0,0,5459,6.2672019612812e-11,4.0273466971239e-06,1.0201249565076e-12,-8.9032968551524e-14
5460,0,0,5460,6.2761274878059e-11,4.0217093810203e-06,1.0203542147551e-12,-8.9255265246682e-14
5461,0,0,5461,6.2850752647545e-11,4.0160707994405e-06,1.02058326595e-12,-8.9477769485875e-14
5462,0,0,5462,6.2940453121761e-11,4.0104309534894e-06,1.0208121171455e-12,-8.9700474215903e-14
5463,0,0,5463,6.3030376494026e-11,4.0047898442324e-06,1.0210407755134e-12,-8.9923372265071e-14
5464,0,0,5464,6.3120522950367e-11,3.9991474726946e-06,1.0212692483459e-12,-9.0146456341782e-14
5465,0,0,5465,6.3210892669401e-11,3.99350383986e-06,1.0214975430556e-12,-9.0369719033284e-14
5466,0,0,5466,6.3301485822205e-11,3.9878589466712e-06,1.0217256671782e-12,-9.0593152804179e-14
5467,0,0,5467,6.33923025722e-11,3.9822127940283e-06,1.0219536283733e-12,-9.0816749995074e-14
5468,0,0,5468,6.3483343075021e-11,3.9765653827883e-06,1.0221814344258e-12,-9.1040502821176e-14
5469,0,0,5469,6.3574607478392e-11,3.9709167137649e-06,1.0224090932478e-12,-9.126440337088e-14
5470,0,0,5470,6.3666095921996e-11,3.9652667877269e-06,1.0226366128791e-12,-9.1488443604286e-14
5471,0,0,5471,6.3757808537348e-11,3.9596156053982e-06,1.0228640014894e-12,-9.1712615351809e-14
5472,0,0,5472,6.3849745447661e-11,3.9539631674569e-06,1.0230912673801e-12,-9.193691031268e-14
5473,0,0,5473,6.3941906767714e-11,3.9483094745343e-06,1.0233184189845e-12,-9.2161320053469e-14
5474,0,0,5474,6.4034292603721e-11,3.9426545272146e-06,1.0235454648703e-12,-9.2385836006691e-14
5475,0,0,5475,6.412690305319e-11,3.9369983260337e-06,1.023772413741e-12,-9.261044946914e-14
5476,0,0,5476,6.4219738204791e-11,3.9313408714788e-06,1.023999274437e-12,-9.2835151600517e-14
5477,0,0,5477,6.4312798138212e-11,3.9256821639874e-06,1.0242260559375e-12,-9.3059933421866e-14
5478,0,0,5478,6.4406082924026e-11,3.9200222039467e-06,1.0244527673621e-12,-9.3284785814026e-14
5479,0,0,5479,6.4499592623543e-11,3.9143609916928e-06,1.0246794179714e-12,-9.3509699516025e-14
5480,0,0,5480,6.4593327288666e-11,3.9086985275095e-06,1.0249060171705e-12,-9.3734665123659e-14
5481,0,0,5481,6.4687286961754e-11,3.9030348116282e-06,1.0251325745084e-12,-9.3959673087748e-14
5482,0,0,5482,6.4781471675467e-11,3.8973698442267e-06,1.0253590996807e-12,-9.4184713712611e-14
5483,0,0,5483,6.4875881452621e-11,3.8917036254282e-06,1.0255856025319e-12,-9.4409777154554e-14
5484,0,0,5484,6.4970516306041e-11,3.8860361553008e-06,1.0258120930555e-12,-9.4634853420032e-14
5485,0,0,5485,6.5065376238405e-11,3.8803674338566e-06,1.0260385813963e-12,-9.485993236423e-14
5486,0,0,5486,6.5160461242095e-11,3.8746974610508e-06,1.0262650778525e-12,-9.5085003689282e-14
5487,0,0,5487,6.5255771299037e-11,3.8690262367807e-06,1.026491592877e-12,-9.5310056942673e-14
5488,0,0,5488,6.5351306380553e-11,3.8633537608853e-06,1.0267181370786e-12,-9.5535081515489e-14
5489,0,0,5489,6.5447066447194e-11,3.8576800331437e-06,1.0269447212249e-12,-9.5760066640824e-14
5490,0,0,5490,6.5543051448586e-11,3.852005053275e-06,1.027171356242e-12,-9.5985001391984e-14
5491,0,0,5491,6.5639261323266e-11,3.8463288209367e-06,1.0273980532191e-12,-9.6209874680794e-14
5492,0,0,5492,6.5735695998522e-11,3.8406513357245e-06,1.0276248234072e-12,-9.6434675255931e-14
5493,0,0,5493,6.5832355390223e-11,3.8349725971708e-06,1.0278516782232e-12,-9.6659391701035e-14
5494,0,0,5494,6.5929239402656e-11,3.829292604744e-06,1.02807862925e-12,-9.6884012433044e-14
5495,0,0,5495,6.6026347928357e-11,3.8236113578477e-06,1.0283056882396e-12,-9.7108525700424e-14
5496,0,0,5496,6.6123680847938e-11,3.8179288558194e-06,1.0285328671138e-12,-9.7332919581291e-14
5497,0,0,5497,6.622123802992e-11,3.8122450979301e-06,1.0287601779673e-12,-9.755718198167e-14
5498,0,0,5498,6.6319019330553e-11,3.8065600833828e-06,1.0289876330677e-12,-9.7781300633659e-14
5499,0,0,5499,6.6417024593647e-11,3.8008738113117e-06,1.029215244859e-12,-9.8005263093541e-14
5500,0,0,5500,6.6515253650387e-11,3.7951862807815e-06,1.029443025963e-12,-9.8229056739999e-14
5501,0,0,5501,6.6613706319159e-11,3.7894974907861e-06,1.0296709891805e-12,-9.8452668772207e-14
5502,0,0,5502,6.6712382405367e-11,3.7838074402474e-06,1.029899147494e-12,-9.8676086207913e-14
5503,0,0,5503,6.6811281701249e-11,3.778116128015e-06,1.0301275140691e-12,-9.8899295881609e-14
5504,0,0,5504,6.6910403985691e-11,3.7724235528644e-06,1.030356102257e-12,-9.9122284442522e-14
5505,0,0,5505,6.7009749024044e-11,3.7667297134965e-06,1.0305849255955e-12,-9.9345038352806e-14
5506,0,0,5506,6.7109316567929e-11,3.7610346085362e-06,1.030813997812e-12,-9.9567543885425e-14
5507,0,0,5507,6.7209106355052e-11,3.7553382365316e-06,1.0310433328247e-12,-9.9789787122381e-14
5508,0,0,5508,6.7309118109004e-11,3.7496405959529e-06,1.0312729447448e-12,-1.0001175395251e-13
5509,0,0,5509,6.7409351539074e-11,3.7439416851912e-06,1.0315028478788e-12,-1.0023343006975e-13
5510,0,0,5510,6.7509806340045e-11,3.7382415025573e-06,1.03173305673e-12,-1.0045480097083e-13
5511,0,0,5511,6.7610482191998e-11,3.7325400462811e-06,1.0319635860009e-12,-1.0067585195352e-13
5512,0,0,5512,6.7711378760113e-11,3.7268373145098e-06,1.032194450595e-12,-1.008965681144e-13
5513,0,0,5513,6.781249569446e-11,3.7211333053075e-06,1.0324256656193e-12,-1.0111693434683e-13
5514,0,0,5514,6.7913832629799e-11,3.7154280166534e-06,1.0326572463859e-12,-1.0133693533894e-13
5515,0,0,5515,6.801538918537e-11,3.7097214464412e-06,1.032889208414e-12,-1.0155655557149e-13
5516,0,0,5516,6.8117164964686e-11,3.7040135924775e-06,1.0331215674327e-12,-1.0177577931573e-13
5517,0,0,5517,6.8219159555317e-11,3.6983044524809e-06,1.0333543393826e-12,-1.0199459063131e-13
5518,0,0,5518,6.8321372528681e-11,3.6925940240808e-06,1.033587540418e-12,-1.0221297336415e-13
5519,0,0,5519,6.8423803439826e-11,3.6868823048161e-06,1.0338211869089e-12,-1.024309111442e-13
5520,0,0,5520,6.8526451827209e-11,3.6811692921341e-06,1.0340552954439e-12,-1.0264838738336e-13
5521,0,0,5521,6.8629317212482e-11,3.6754549833892e-06,1.0342898828315e-12,-1.028653852732e-13
5522,0,0,5522,6.8732399100265e-11,3.6697393758416e-06,1.0345249661028e-12,-1.0308188778279e-13
5523,0,0,5523,6.8835696977921e-11,3.6640224666565e-06,1.0347605625137e-12,-1.0329787765649e-13
5524,0,0,5524,6.8939210315333e-11,3.6583042529021e-06,1.034996689547e-12,-1.0351333741165e-13
5525,0,0,5525,6.9042938564669e-11,3.652584731549e-06,1.0352333649149e-12,-1.0372824933631e-13
5526,0,0,5526,6.9146881160156e-11,3.6468638994685e-06,1.035470606561e-12,-1.0394259548711e-13
5527,0,0,5527,6.9251037517843e-11,3.6411417534317e-06,1.0357084326627e-12,-1.0415635768671e-13
5528,0,0,5528,6.9355407035365e-11,3.6354182901078e-06,1.0359468616337e-12,-1.0436951752172e-13
5529,0,0,5529,6.9459989091705e-11,3.6296935060629e-06,1.0361859121261e-12,-1.045820563402e-13
5530,0,0,5530,6.9564783046954e-11,3.6239673977588e-06,1.0364256030328e-12,-1.0479395524941e-13
5531,0,0,5531,6.9669788242068e-11,3.6182399615517e-06,1.0366659534902e-12,-1.0500519511335e-13
5532,0,0,5532,6.9775003998618e-11,3.6125111936905e-06,1.0369069828798e-12,-1.0521575655047e-13
5533,0,0,5533,6.9880429618549e-11,3.6067810903157e-06,1.0371487108316e-12,-1.0542561993118e-13
5534,0,0,5534,6.9986064383925e-11,3.6010496474581e-06,1.0373911572256e-12,-1.0563476537544e-13
5535,0,0,5535,7.0091907556675e-11,3.5953168610371e-06,1.0376343421951e-12,-1.058431727504e-13
5536,0,0,5536,7.0197958378343e-11,3.5895827268596e-06,1.0378782861284e-12,-1.060508216678e-13
5537,0,0,5537,7.0304216069825e-11,3.5838472406184e-06,1.0381230096717e-12,-1.0625769148159e-13
5538,0,0,5538,7.041067983111e-11,3.5781103978906e-06,1.0383685337317e-12,-1.0646376128545e-13
5539,0,0,5539,7.051734884102e-11,3.5723721941365e-06,1.0386148794777e-12,-1.0666900991016e-13
5540,0,0,5540,7.0624222256941e-11,3.5666326246982e-06,1.0388620683445e-12,-1.0687341592117e-13
5541,0,0,5541,7.0731299214558e-11,3.5608916847974e-06,1.0391101220348e-12,-1.0707695761607e-13
5542,0,0,5542,7.0838578827579e-11,3.5551493695349e-06,1.0393590625215e-12,-1.0727961302183e-13
5543,0,0,5543,7.0946060187472e-11,3.5494056738882e-06,1.0396089120512e-12,-1.0748135989249e-13
5544,0,0,5544,7.1053742363178e-11,3.5436605927106e-06,1.0398596931455e-12,-1.0768217570633e-13
5545,0,0,5545,7.1161624400841e-11,3.5379141207293e-06,1.0401114286048e-12,-1.078820376633e-13
5546,0,0,5546,7.1269705323524e-11,3.5321662525442e-06,1.0403641415101e-12,-1.0808092268246e-13
5547,0,0,5547,7.1377984130923e-11,3.5264169826258e-06,1.0406178552263e-12,-1.082788073992e-13
5548,0,0,5548,7.1486459799086e-11,3.5206663053142e-06,1.0408725934046e-12,-1.0847566816262e-13
5549,0,0,5549,7.1595131280119e-11,3.514914214817e-06,1.041128379985e-12,-1.0867148103281e-13
5550,0,0,5550,7.1703997501897e-11,3.5091607052082e-06,1.0413852391993e-12,-1.0886622177814e-13
5551,0,0,5551,7.1813057367769e-11,3.503405770426e-06,1.0416431955738e-12,-1.0905986587252e-13
5552,0,0,5552,7.1922309756262e-11,3.4976494042717e-06,1.0419022739321e-12,-1.0925238849261e-13
5553,0,0,5553,7.2031753520777e-11,3.4918916004076e-06,1.0421624993978e-12,-1.0944376451505e-13
5554,0,0,5554,7.2141387489291e-11,3.4861323523557e-06,1.0424238973971e-12,-1.0963396851374e-13
5555,0,0,5555,7.2251210464047e-11,3.4803716534957e-06,1.0426864936619e-12,-1.0982297475687e-13
5556,0,0,5556,7.2361221221252e-11,3.4746094970635e-06,1.0429503142329e-12,-1.1001075720427e-13
5557,0,0,5557,7.2471418510756e-11,3.4688458761493e-06,1.0432153854617e-12,-1.1019728950436e-13
5558,0,0,5558,7.2581801055748e-11,3.4630807836962e-06,1.043481734014e-12,-1.1038254499145e-13
5559,0,0,5559,7.269236755243e-11,3.457314212498e-06,1.0437493868732e-12,-1.1056649668272e-13
5560,0,0,5560,7.2803116669706e-11,3.4515461551978e-06,1.0440183713419e-12,-1.1074911727535e-13
5561,0,0,5561,7.2914047048849e-11,3.4457766042859e-06,1.0442887150464e-12,-1.1093037914366e-13
5562,0,0,5562,7.3025157303185e-11,3.4400055520984e-06,1.0445604459383e-12,-1.1111025433594e-13
5563,0,0,5563,7.3136446017757e-11,3.434232990815e-06,1.0448335922983e-12,-1.1128871457182e-13
5564,0,0,5564,7.3247911748996e-11,3.4284589124573e-06,1.045108182739e-12,-1.1146573123889e-13
5565,0,0,5565,7.3359553024386e-11,3.4226833088871e-06,1.0453842462077e-12,-1.1164127539001e-13
5566,0,0,5566,7.3471368342126e-11,3.4169061718043e-06,1.0456618119899e-12,-1.118153177401e-13
5567,0,0,5567,7.3583356170789e-11,3.4111274927451e-06,1.0459409097113e-12,-1.119878286631e-13
5568,0,0,5568,7.3695514948978e-11,3.4053472630803e-06,1.0462215693428e-12,-1.1215877818905e-13
5569,0,0,5569,7.3807843084979e-11,3.3995654740128e-06,1.0465038212012e-12,-1.1232813600073e-13
5570,0,0,5570,7.392033895641e-11,3.3937821165766e-06,1.0467876959544e-12,-1.1249587143085e-13
5571,0,0,5571,7.4033000909868e-11,3.387997181634e-06,1.0470732246231e-12,-1.1266195345864e-13
5572,0,0,5572,7.4145827260575e-11,3.3822106598738e-06,1.0473604385848e-12,-1.1282635070695e-13
5573,0,0,5573,7.4258816292014e-11,3.3764225418099e-06,1.0476493695765e-12,-1.1298903143891e-13
5574,0,0,5574,7.4371966255569e-11,3.3706328177784e-06,1.0479400496983e-12,-1.1314996355478e-13
5575,0,0,5575,7.4485275370158e-11,3.3648414779363e-06,1.0482325114159e-12,-1.1330911458878e-13
5576,0,0,5576,7.4598741821864e-11,3.3590485122592e-06,1.0485267875648e-12,-1.1346645170582e-13
5577,0,0,5577,7.4712363763562e-11,3.353253910539e-06,1.0488229113527e-12,-1.1362194169828e-13
5578,0,0,5578,7.4826139314545e-11,3.3474576623823e-06,1.0491209163633e-12,-1.1377555098272e-13
5579,0,0,5579,7.4940066560141e-11,3.3416597572079e-06,1.0494208365595e-12,-1.1392724559658e-13
5580,0,0,5580,7.5054143551336e-11,3.335860184245e-06,1.0497227062861e-12,-1.1407699119493e-13
5581,0,0,5581,7.5168368304383e-11,3.3300589325308e-06,1.0500265602744e-12,-1.1422475304704e-13
5582,0,0,5582,7.5282738800416e-11,3.3242559909084e-06,1.050332433644e-12,-1.1437049603314e-13
5583,0,0,5583,7.5397252985057e-11,3.318451348025e-06,1.0506403619077e-12,-1.14514184641e-13
5584,0,0,5584,7.551190876802e-11,3.312644992329e-06,1.0509503809736e-12,-1.1465578296249e-13
5585,0,0,5585,7.562670402271e-11,3.3068369120685e-06,1.0512625271492e-12,-1.1479525469029e-13
5586,0,0,5586,7.5741636585825e-11,3.3010270952887e-06,1.0515768371448e-12,-1.1493256311436e-13
5587,0,0,5587,7.5856704256943e-11,3.2952155298297e-06,1.0518933480768e-12,-1.1506767111856e-13
5588,0,0,5588,7.597190479812e-11,3.2894022033243e-06,1.0522120974711e-12,-1.1520054117713e-13
5589,0,0,5589,7.6087235933471e-11,3.2835871031958e-06,1.0525331232667e-12,-1.153311353512e-13
5590,0,0,5590,7.6202695348757e-11,3.2777702166553e-06,1.0528564638194e-12,-1.1545941528537e-13
5591,0,0,5591,7.6318280690961e-11,3.2719515307001e-06,1.0531821579048e-12,-1.1558534220409e-13
5592,0,0,5592,7.6433989567869e-11,3.2661310321104e-06,1.0535102447223e-12,-1.1570887690813e-13
5593,0,0,5593,7.654981954764e-11,3.260308707448e-06,1.0538407638987e-12,-1.1582997977106e-13
5594,0,0,5594,7.6665768158376e-11,3.254484543053e-06,1.0541737554912e-12,-1.1594861073562e-13
5595,0,0,5595,7.6781832887686e-11,3.248658525042e-06,1.0545092599919e-12,-1.1606472931013e-13
5596,0,0,5596,7.6898011182251e-11,3.2428306393054e-06,1.0548473183306e-12,-1.1617829456488e-13
5597,0,0,5597,7.7014300447379e-11,3.237000871505e-06,1.055187971879e-12,-1.1628926512849e-13
5598,0,0,5598,7.7130698046563e-11,3.2311692070715e-06,1.055531262454e-12,-1.1639759918415e-13
5599,0,0,5599,7.7247201301029e-11,3.2253356312023e-06,1.0558772323215e-12,-1.1650325446614e-13
5600,0,0,5600,7.7363807489285e-11,3.2195001288587e-06,1.0562259242003e-12,-1.1660618825592e-13
5601,0,0,5601,7.7480513846664e-11,3.2136626847633e-06,1.0565773812655e-12,-1.1670635737852e-13
5602,0,0,5602,7.7597317564863e-11,3.2078232833978e-06,1.0569316471526e-12,-1.1680371819881e-13
5603,0,0,5603,7.771421579148e-11,3.2019819090002e-06,1.0572887659608e-12,-1.1689822661765e-13
5604,0,0,5604,7.7831205629549e-11,3.1961385455624e-06,1.0576487822571e-12,-1.1698983806827e-13
5605,0,0,5605,7.7948284137061e-11,3.1902931768271e-06,1.0580117410801e-12,-1.1707850751229e-13
5606,0,0,5606,7.8065448326497e-11,3.184445786286e-06,1.0583776879436e-12,-1.1716418943606e-13
5607,0,0,5607,7.8182695164344e-11,3.1785963571764e-06,1.0587466688406e-12,-1.172468378467e-13
5608,0,0,5608,7.8300021570612e-11,3.1727448724789e-06,1.0591187302473e-12,-1.1732640626839e-13
5609,0,0,5609,7.841742441835e-11,3.1668913149146e-06,1.0594939191266e-12,-1.1740284773839e-13
5610,0,0,5610,7.8534900533154e-11,3.1610356669426e-06,1.0598722829321e-12,-1.1747611480317e-13
5611,0,0,5611,7.8652446692668e-11,3.1551779107569e-06,1.0602538696125e-12,-1.1754615951453e-13
5612,0,0,5612,7.8770059626094e-11,3.1493180282839e-06,1.0606387276144e-12,-1.1761293342569e-13
5613,0,0,5613,7.8887736013681e-11,3.1434560011796e-06,1.0610269058876e-12,-1.1767638758734e-13
5614,0,0,5614,7.9005472486225e-11,3.1375918108266e-06,1.0614184538879e-12,-1.1773647254362e-13
5615,0,0,5615,7.9123265624553e-11,3.1317254383317e-06,1.061813421582e-12,-1.1779313832823e-13
5616,0,0,5616,7.9241111959013e-11,3.1258568645226e-06,1.0622118594509e-12,-1.1784633446039e-13
5617,0,0,5617,7.9359007968954e-11,3.1199860699452e-06,1.062613818494e-12,-1.1789600994085e-13
5618,0,0,5618,7.9476950082202e-11,3.1141130348611e-06,1.0630193502332e-12,-1.1794211324785e-13
5619,0,0,5619,7.9594934674535e-11,3.1082377392439e-06,1.0634285067169e-12,-1.1798459233306e-13
5620,0,0,5620,7.9712958069153e-11,3.1023601627769e-06,1.0638413405245e-12,-1.1802339461759e-13
5621,0,0,5621,7.9831016536141e-11,3.09648028485e-06,1.0642579047698e-12,-1.1805846698779e-13
5622,0,0,5622,7.9949106291932e-11,3.0905980845566e-06,1.0646782531051e-12,-1.1808975579129e-13
5623,0,0,5623,8.0067223498765e-11,3.0847135406907e-06,1.0651024397261e-12,-1.1811720683278e-13
5624,0,0,5624,8.0185364264135e-11,3.0788266317439e-06,1.0655305193754e-12,-1.1814076536999e-13
5625,0,0,5625,8.0303524640244e-11,3.0729373359022e-06,1.0659625473464e-12,-1.1816037610943e-13
5626,0,0,5626,8.0421700623446e-11,3.0670456310431e-06,1.0663985794883e-12,-1.1817598320233e-13
5627,0,0,5627,8.0539888153687e-11,3.0611514947326e-06,1.0668386722095e-12,-1.181875302404e-13
5628,0,0,5628,8.0658083113939e-11,3.0552549042216e-06,1.067282882482e-12,-1.1819496025177e-13
5629,0,0,5629,8.0776281329635e-11,3.0493558364435e-06,1.067731267846e-12,-1.1819821569658e-13
5630,0,0,5630,8.0894478568098e-11,3.0434542680102e-06,1.0681838864136e-12,-1.1819723846292e-13
5631,0,0,5631,8.1012670537961e-11,3.0375501752098e-06,1.068640796873e-12,-1.1819196986259e-13
5632,0,0,5632,8.1130852888587e-11,3.0316435340027e-06,1.0691020584934e-12,-1.1818235062682e-13
5633,0,0,5633,8.1249021209489e-11,3.0257343200185e-06,1.0695677311286e-12,-1.1816832090199e-13
5634,0,0,5634,8.1367171029735e-11,3.0198225085532e-06,1.0700378752213e-12,-1.1814982024539e-13
5635,0,0,5635,8.1485297817356e-11,3.0139080745653e-06,1.070512551808e-12,-1.1812678762097e-13
5636,0,0,5636,8.1603396978751e-11,3.007990992673e-06,1.0709918225225e-12,-1.1809916139499e-13
5637,0,0,5637,8.1721463858082e-11,3.0020712371503e-06,1.0714757496008e-12,-1.1806687933172e-13
5638,0,0,5638,8.1839493736672e-11,2.9961487819244e-06,1.0719643958851e-12,-1.180298785891e-13
5639,0,0,5639,8.1957481832386e-11,2.9902236005718e-06,1.0724578248282e-12,-1.1798809571453e-13
5640,0,0,5640,8.2075423299026e-11,2.9842956663149e-06,1.0729561004981e-12,-1.1794146664034e-13
5641,0,0,5641,8.2193313225706e-11,2.9783649520188e-06,1.0734592875817e-12,-1.1788992667952e-13
5642,0,0,5642,8.2311146636227e-11,2.972431430188e-06,1.0739674513902e-12,-1.1783341052147e-13
5643,0,0,5643,8.2428918488455e-11,2.9664950729622e-06,1.0744806578623e-12,-1.1777185222738e-13
5644,0,0,5644,8.2546623673681e-11,2.9605558521137e-06,1.0749989735696e-12,-1.1770518522605e-13
5645,0,0,5645,8.266425701599e-11,2.9546137390435e-06,1.0755224657202e-12,-1.1763334230943e-13
5646,0,0,5646,8.2781813271618e-11,2.9486687047774e-06,1.0760512021638e-12,-1.1755625562815e-13
5647,0,0,5647,8.2899287128306e-11,2.942720719963e-06,1.0765852513955e-12,-1.1747385668722e-13
5648,0,0,5648,8.3016673204647e-11,2.936769754866e-06,1.0771246825606e-12,-1.1738607634149e-13
5649,0,0,5649,8.3133966049439e-11,2.9308157793662e-06,1.0776695654591e-12,-1.1729284479136e-13
5650,0,0,5650,8.3251160141017e-11,2.9248587629544e-06,1.0782199705496e-12,-1.1719409157818e-13
5651,0,0,5651,8.3368249886597e-11,2.9188986747281e-06,1.0787759689545e-12,-1.1708974557996e-13
5652,0,0,5652,8.3485229621603e-11,2.9129354833885e-06,1.0793376324639e-12,-1.1697973500677e-13
5653,0,0,5653,8.3602093609e-11,2.9069691572364e-06,1.07990503354e-12,-1.1686398739642e-13
5654,0,0,5654,8.371883603861e-11,2.9009996641683e-06,1.0804782453222e-12,-1.1674242960997e-13
5655,0,0,5655,8.3835451027179e-11,2.8950269716772e-06,1.0812028559651e-12,-1.1658238719042e-13
5656,0,0,5656,8.395193261697e-11,2.8890510468445e-06,1.0817894089132e-12,-1.1644748943087e-13
5657,0,0,5657,8.406827477433e-11,2.8830718563321e-06,1.08238201493e-12,-1.1630653913303e-13
5658,0,0,5658,8.4184471389716e-11,2.8770893663827e-06,1.0829807500803e-12,-1.1615946023244e-13
5659,0,0,5659,8.4300516276995e-11,2.871103542816e-06,1.0835856911289e-12,-1.1600617596443e-13
5660,0,0,5660,8.4416403172743e-11,2.8651143510243e-06,1.0841969155456e-12,-1.1584660885959e-13
5661,0,0,5661,8.4532125735533e-11,2.8591217559692e-06,1.0848145015091e-12,-1.1568068073915e-13
5662,0,0,5662,8.4647677545225e-11,2.8531257221775e-06,1.0857529811286e-12,-1.1541968888087e-13
5663,0,0,5663,8.4763052102247e-11,2.8471262137369e-06,1.0865465203985e-12,-1.1519072367633e-13
5664,0,0,5664,8.4878242825923e-11,2.8411231942872e-06,1.0865465203985e-12,-1.1519072367633e-13
5665,0,0,5665,8.4993243054674e-11,2.8351166270211e-06,1.0871886751618e-12,-1.1500022875057e-13
5666,0,0,5666,8.5108046047241e-11,2.8291064746912e-06,1.0880006448676e-12,-1.1475283457363e-13
5667,0,0,5667,8.5222644980048e-11,2.8230926995952e-06,1.0886580821528e-12,-1.1454705832353e-13
5668,0,0,5668,8.5337032945455e-11,2.8170752635664e-06,1.0893224484732e-12,-1.1433435357103e-13
5669,0,0,5669,8.5451202951996e-11,2.811054127975e-06,1.089993827843e-12,-1.1411463630207e-13
5670,0,0,5670,8.556514792363e-11,2.8050292537238e-06,1.0906723050259e-12,-1.1388782175308e-13
5671,0,0,5671,8.5678860698985e-11,2.7990006012445e-06,1.0913579655399e-12,-1.1365382440637e-13
5672,0,0,5672,8.5792334030605e-11,2.7929681304927e-06,1.0920508956612e-12,-1.1341255798582e-13
5673,0,0,5673,8.5905560584182e-11,2.7869318009446e-06,1.0927511824292e-12,-1.1316393545236e-13
5674,0,0,5674,8.6018532937799e-11,2.780891571592e-06,1.0934589136503e-12,-1.1290786899952e-13
5675,0,0,5675,8.613124358115e-11,2.7748474009388e-06,1.0945346628097e-12,-1.1250961799437e-13
5676,0,0,5676,8.624368491477e-11,2.7687992469958e-06,1.0952613943945e-12,-1.1223455251397e-13
5677,0,0,5677,8.6355849249256e-11,2.7627470672773e-06,1.0956276637047e-12,-1.1209411645653e-13
5678,0,0,5678,8.6467728804477e-11,2.7566908187962e-06,1.0967382225295e-12,-1.1166105819185e-13
5679,0,0,5679,8.6579315708796e-11,2.7506304580597e-06,1.0971123640644e-12,-1.1151275044465e-13
5680,0,0,5680,8.6690601998265e-11,2.7445659410653e-06,1.0978666494758e-12,-1.1121013300953e-13
5681,0,0,5681,8.680157961584e-11,2.7384972232959e-06,1.0986290158451e-12,-1.1089943515219e-13
5682,0,0,5682,8.6912240410568e-11,2.7324242597157e-06,1.0993995572761e-12,-1.1058056276841e-13
5683,0,0,5683,8.7022576136792e-11,2.7263470047656e-06,1.1001783686803e-12,-1.1025342094725e-13
5684,0,0,5684,8.7132578453334e-11,2.7202654123587e-06,1.1009655457801e-12,-1.0991791396645e-13
5685,0,0,5685,8.7242238922681e-11,2.7141794358761e-06,1.1017611851133e-12,-1.0957394528837e-13
5686,0,0,5686,8.7351549010169e-11,2.7080890281618e-06,1.1025653840377e-12,-1.092214175556e-13
5687,0,0,5687,8.7460500083159e-11,2.7019941415189e-06,1.1033782407344e-12,-1.0886023258672e-13
5688,0,0,5688,8.7569083410211e-11,2.6958947277044e-06,1.1041998542136e-12,-1.0849029137213e-13
5689,0,0,5689,8.7677290160248e-11,2.6897907379247e-06,1.1050303243177e-12,-1.081114940698e-13
5690,0,0,5690,8.7785111401727e-11,2.6836821228315e-06,1.1062928561099e-12,-1.0752647248719e-13
5691,0,0,5691,8.7892538101793e-11,2.6775688325164e-06,1.1067182379561e-12,-1.073269276461e-13
5692,0,0,5692,8.7999561125442e-11,2.6714508165068e-06,1.107575885375e-12,-1.0692095464087e-13
5693,0,0,5693,8.8106171234664e-11,2.6653280237611e-06,1.1084427971955e-12,-1.0650571777176e-13
5694,0,0,5694,8.8212359087601e-11,2.6592004026638e-06,1.1093190774842e-12,-1.0608111297224e-13
5695,0,0,5695,8.8318115237682e-11,2.6530679010209e-06,1.1102048311654e-12,-1.0564703531853e-13
5696,0,0,5696,8.8423430132768e-11,2.6469304660552e-06,1.1111001640238e-12,-1.0520337902578e-13
5697,0,0,5697,8.8528294114288e-11,2.6407880444015e-06,1.1120051827101e-12,-1.0475003744382e-13
5698,0,0,5698,8.8632697416367e-11,2.6346405821016e-06,1.1129199947435e-12,-1.0428690305351e-13
5699,0,0,5699,8.8736630164956e-11,2.6284880245999e-06,1.1138447085163e-12,-1.0381386746258e-13
5700,0,0,5700,8.884008237696e-11,2.6223303167381e-06,1.1147794332981e-12,-1.033308214019e-13
5701,0,0,5701,8.8943043959349e-11,2.6161674027507e-06,1.1157242792388e-12,-1.0283765472155e-13
5702,0,0,5702,8.9045504708286e-11,2.6099992262599e-06,1.1171607684541e-12,-1.0207868540853e-13
5703,0,0,5703,8.9147454308228e-11,2.6038257302707e-06,1.1176447796241e-12,-1.0182051447581e-13
5704,0,0,5704,8.9248882331044e-11,2.5976468571663e-06,1.1186206588066e-12,-1.0129631617284e-13
5705,0,0,5705,8.9349778235115e-11,2.5914625487025e-06,1.1196071086316e-12,-1.0076154776776e-13
5706,0,0,5706,8.9450131364439e-11,2.5852727460035e-06,1.1206042437085e-12,-1.0021609465079e-13
5707,0,0,5707,8.9549930947725e-11,2.5790773895565e-06,1.1216121795506e-12,-9.9659841309189e-14
5708,0,0,5708,8.9649166097491e-11,2.5728764192066e-06,1.1226310325774e-12,-9.9092671323885e-14
5709,0,0,5709,8.9747825809154e-11,2.5666697741519e-06,1.1236609201177e-12,-9.8514467365925e-14
5710,0,0,5710,8.9845898960117e-11,2.5604573929388e-06,1.1247019604141e-12,-9.792511119289e-14
5711,0,0,5711,8.9943374308852e-11,2.5542392134562e-06,1.1257542726257e-12,-9.7324483645898e-14
5712,0,0,5712,9.0040240493984e-11,2.5480151729313e-06,1.1268179768319e-12,-9.671246464593e-14
5713,0,0,5713,9.0136486033367e-11,2.5417852079237e-06,1.1278931940351e-12,-9.6088933190731e-14
5714,0,0,5714,9.0232099323155e-11,2.5355492543209e-06,1.1295278736826e-12,-9.5131783181472e-14
5715,0,0,5715,9.0327068636881e-11,2.5293072473326e-06,1.1300786560773e-12,-9.4806844270596e-14
5716,0,0,5716,9.0421382124518e-11,2.5230591214861e-06,1.1311891475657e-12,-9.4148040156633e-14
5717,0,0,5717,9.0515027811546e-11,2.5168048106209e-06,1.1323116453559e-12,-9.3477230283341e-14
5718,0,0,5718,9.0607993598015e-11,2.5105442478835e-06,1.1334462751131e-12,-9.2794288985726e-14
5719,0,0,5719,9.0700267257606e-11,2.504277365722e-06,1.134593163444e-12,-9.2099089657434e-14
5720,0,0,5720,9.0791836436685e-11,2.4980040958814e-06,1.1357524378994e-12,-9.1391504747863e-14
5721,0,0,5721,9.0882688653356e-11,2.4917243693979e-06,1.1369242269767e-12,-9.0671405759597e-14
5722,0,0,5722,9.0972811296514e-11,2.485438116594e-06,1.1381086601234e-12,-8.9938663245641e-14
5723,0,0,5723,9.1062191624894e-11,2.4791452670728e-06,1.1393058677384e-12,-8.9193146806945e-14
5724,0,0,5724,9.1150816766117e-11,2.4728457497132e-06,1.1405159811757e-12,-8.843472508994e-14
5725,0,0,5725,9.123867371573e-11,2.4665394926645e-06,1.1417391327461e-12,-8.7663265784037e-14
5726,0,0,5726,9.1325749336253e-11,2.4602264233409e-06,1.1435985983917e-12,-8.6481339555729e-14
5727,0,0,5727,9.1412030356214e-11,2.4539064684162e-06,1.1442250843269e-12,-8.6080700365329e-14
5728,0,0,5728,9.1497503369186e-11,2.4475795538189e-06,1.1454881537636e-12,-8.5269324826562e-14
5729,0,0,5729,9.1582154832827e-11,2.4412456047264e-06,1.1467648001901e-12,-8.4444372842996e-14
5730,0,0,5730,9.1665971067905e-11,2.4349045455598e-06,1.1480551607346e-12,-8.3605707286775e-14
5731,0,0,5731,9.1748938257336e-11,2.4285562999785e-06,1.1493593734939e-12,-8.2753190060792e-14
5732,0,0,5732,9.183104244521e-11,2.4222007908752e-06,1.150677577537e-12,-8.188668209686e-14
5733,0,0,5733,9.1912269535819e-11,2.4158379403699e-06,1.1520099129046e-12,-8.10060433541e-14
5734,0,0,5734,9.1992605292683e-11,2.409467669805e-06,1.1533565206119e-12,-8.0111132817425e-14
5735,0,0,5735,9.2072035337578e-11,2.4030898997399e-06,1.1547175426499e-12,-7.9201808496243e-14
5736,0,0,5736,9.2150545149553e-11,2.3967045499452e-06,1.1560931219864e-12,-7.8277927422982e-14
5737,0,0,5737,9.2228120063959e-11,2.3903115393978e-06,1.157483402567e-12,-7.7339345652111e-14
5738,0,0,5738,9.2304745271465e-11,2.3839107862752e-06,1.159596705562e-12,-7.5903591897005e-14
5739,0,0,5739,9.2380405817083e-11,2.3775022079501e-06,1.1603086481403e-12,-7.5417499338665e-14
5740,0,0,5740,9.2455086599182e-11,2.3710857209849e-06,1.1617439059237e-12,-7.4433942005818e-14
5741,0,0,5741,9.2528772368511e-11,2.3646612411269e-06,1.1631944505343e-12,-7.343509839332e-14
5742,0,0,5742,9.2601447727215e-11,2.3582286833017e-06,1.1646604308208e-12,-7.2420819652035e-14
5743,0,0,5743,9.2673097127852e-11,2.3517879616091e-06,1.1661419966159e-12,-7.1390955950346e-14
5744,0,0,5744,9.2743704872413e-11,2.3453389893165e-06,1.1676392987335e-12,-7.034535647389e-14
5745,0,0,5745,9.2813255111337e-11,2.3388816788544e-06,1.1691524889712e-12,-6.9283869425385e-14
5746,0,0,5746,9.2881731842527e-11,2.3324159418103e-06,1.1706817201095e-12,-6.8206342024802e-14
5747,0,0,5747,9.2949118910372e-11,2.3259416889238e-06,1.1722271459113e-12,-6.7112620509323e-14
5748,0,0,5748,9.3015400004758e-11,2.3194588300805e-06,1.1737889211217e-12,-6.6002550133797e-14
5749,0,0,5749,9.3080558660093e-11,2.3129672743075e-06,1.1761625800007e-12,-6.4306449536489e-14
5750,0,0,5750,9.3144578254317e-11,2.306466929767e-06,1.1769621436597e-12,-6.3732738912874e-14
5751,0,0,5751,9.3207442007932e-11,2.2999577037516e-06,1.1785739053846e-12,-6.2572683670265e-14
5752,0,0,5752,9.3269132983011e-11,2.2934395026786e-06,1.1802026453119e-12,-6.139565077492e-14
5753,0,0,5753,9.3329634082229e-11,2.2869122320845e-06,1.1818485230885e-12,-6.0201480580101e-14
5754,0,0,5754,9.3388928048659e-11,2.2803757966243e-06,1.1835116982989e-12,-5.8990013501212e-14
5755,0,0,5755,9.3446997462719e-11,2.273830100054e-06,1.1851923346218e-12,-5.7761085860279e-14
5756,0,0,5756,9.3503824742757e-11,2.2672750452345e-06,1.1868905935909e-12,-5.6514536123325e-14
5757,0,0,5757,9.3559392144078e-11,2.2607105341257e-06,1.1886066387521e-12,-5.5250200744827e-14
5758,0,0,5758,9.3613681757717e-11,2.25413646778e-06,1.190340634621e-12,-5.3967915209366e-14
5759,0,0,5759,9.3666675509462e-11,2.2475527463368e-06,1.1920927466811e-12,-5.2667514033618e-14
5760,0,0,5760,9.3718355158898e-11,2.2409592690174e-06,1.1938631413813e-12,-5.1348830769043e-14
5761,0,0,5761,9.3768702298438e-11,2.2343559341192e-06,1.1965533798567e-12,-4.9336160480917e-14
5762,0,0,5762,9.3817698352362e-11,2.227742639011e-06,1.1974594493073e-12,-4.8655947368425e-14
5763,0,0,5763,9.3865324577014e-11,2.2211192801336e-06,1.1995151607925e-12,-4.7108413144224e-14
5764,0,0,5764,9.3911562058709e-11,2.2144857529885e-06,1.2013627478606e-12,-4.571253978676e-14
5765,0,0,5765,9.3956391711625e-11,2.2078419521261e-06,1.203229485631e-12,-4.4297516279635e-14
5766,0,0,5766,9.3999794278005e-11,2.2011877711468e-06,1.2051155463984e-12,-4.2863170327745e-14
5767,0,0,5767,9.4041750327202e-11,2.194523102696e-06,1.2070211034003e-12,-4.1409328693929e-14
5768,0,0,5768,9.4082240254749e-11,2.1878478384587e-06,1.2089463308113e-12,-3.9935817203834e-14
5769,0,0,5769,9.4121244281419e-11,2.1811618691543e-06,1.2108914037391e-12,-3.8442460749785e-14
5770,0,0,5770,9.41587424523e-11,2.1744650845316e-06,1.2128564982199e-12,-3.6929083296065e-14
5771,0,0,5771,9.4194714635864e-11,2.1677573733637e-06,1.2148417912126e-12,-3.539550788346e-14
5772,0,0,5772,9.422914052305e-11,2.1610386234427e-06,1.217352082684e-12,-3.3449864166203e-14
5773,0,0,5773,9.426199962635e-11,2.1543087215749e-06,1.2193834740838e-12,-3.1870191592716e-14
5774,0,0,5774,9.4293271278897e-11,2.1475675535757e-06,1.220920644597e-12,-3.0671810562843e-14
5775,0,0,5775,9.4322934633567e-11,2.1408150042645e-06,1.2235087775306e-12,-2.8648327461205e-14
5776,0,0,5776,9.4350968662076e-11,2.13405095746e-06,1.22507749139e-12,-2.7418403916941e-14
5777,0,0,5777,9.4377352154094e-11,2.1272752959748e-06,1.2271877426153e-12,-2.5759873596857e-14
5778,0,0,5778,9.4402063716362e-11,2.1204879016112e-06,1.2293194564473e-12,-2.4079881224974e-14
5779,0,0,5779,9.442508177181e-11,2.1136886551558e-06,1.2314728170201e-12,-2.2378242667165e-14
5780,0,0,5780,9.4446384558697e-11,2.1068774363747e-06,1.2336480093344e-12,-2.0654772923038e-14
5781,0,0,5781,9.4465950129739e-11,2.1000541240094e-06,1.2358452192497e-12,-1.8909286133743e-14
5782,0,0,5782,9.4483756351266e-11,2.0932185957712e-06,1.2380646334741e-12,-1.714159559045e-14
5783,0,0,5783,9.4499780902369e-11,2.0863707283371e-06,1.2408704118672e-12,-1.4900472580737e-14
5784,0,0,5784,9.4514001274068e-11,2.0795103973451e-06,1.2425708258891e-12,-1.3538852205407e-14
5785,0,0,5785,9.4526394768483e-11,2.0726374773894e-06,1.2448579816717e-12,-1.1703421772405e-14
5786,0,0,5786,9.4536938498019e-11,2.0657518420162e-06,1.2471680969286e-12,-9.8450324210496e-15
5787,0,0,5787,9.4545609384553e-11,2.0588533637189e-06,1.2495013624871e-12,-7.9634933247032e-15
5788,0,0,5788,9.4552384158637e-11,2.051941913934e-06,1.2524507915451e-12,-5.5787231278073e-15
5789,0,0,5789,9.4557239358714e-11,2.0450173630365e-06,1.2542381117782e-12,-4.1301986286505e-15
5790,0,0,5790,9.4560151330337e-11,2.0380795803358e-06,1.2566419810944e-12,-2.1780574457843e-15
5791,0,0,5791,9.4561096225401e-11,2.0311284340714e-06,1.2590697718571e-12,-2.0199537383761e-16
5792,0,0,5792,9.4560050001396e-11,2.0241637914085e-06,1.2615216787563e-12,1.7981822772782e-15
5793,0,0,5793,9.4556988420657e-11,2.0171855184345e-06,1.2639978972207e-12,3.8226709356002e-15
5794,0,0,5794,9.4551887049636e-11,2.0101934801542e-06,1.2671276573358e-12,6.3877680082961e-15
5795,0,0,5795,9.4544721258187e-11,2.0031875404863e-06,1.2690240541732e-12,7.9453666015148e-15
5796,0,0,5796,9.4535466218856e-11,1.9961675622596e-06,1.2715743870944e-12,1.0043968041911e-14
5797,0,0,5797,9.4524096906197e-11,1.9891334072088e-06,1.2741498204198e-12,1.2167669327978e-14
5798,0,0,5798,9.4510588096087e-11,1.9820849359711e-06,1.2767505530733e-12,1.4316669383676e-14
5799,0,0,5799,9.449491436507e-11,1.9750220080822e-06,1.279376784637e-12,1.6491167790111e-14
5800,0,0,5800,9.4477050089705e-11,1.9679444819731e-06,1.2820287153341e-12,1.8691364770847e-14
5801,0,0,5801,9.4456969445935e-11,1.9608522149664e-06,1.2847065460153e-12,2.0917461176297e-14
5802,0,0,5802,9.4434646408467e-11,1.9537450632729e-06,1.2874104781423e-12,2.3169658467954e-14
5803,0,0,5803,9.4410054750177e-11,1.9466228819881e-06,1.2901407137715e-12,2.5448158702001e-14
5804,0,0,5804,9.4383168041521e-11,1.9394855250895e-06,1.2928974555374e-12,2.7753164512511e-14
5805,0,0,5805,9.4353959649969e-11,1.9323328454328e-06,1.2963809666059e-12,3.0672004849009e-14
5806,0,0,5806,9.4322402739454e-11,1.9251646947495e-06,1.2991980909353e-12,3.3037391962494e-14
5807,0,0,5807,9.4288470269846e-11,1.9179809236434e-06,1.3013287522983e-12,3.482925004596e-14
5808,0,0,5808,9.4252134996431e-11,1.9107813815881e-06,1.3041935558954e-12,3.7242315445771e-14
5809,0,0,5809,9.4213369469425e-11,1.9035659169244e-06,1.3070858868466e-12,3.9682907638343e-14
5810,0,0,5810,9.4172146033495e-11,1.8963343768572e-06,1.3100059508725e-12,4.2151232344735e-14
5811,0,0,5811,9.4128436827307e-11,1.8890866074533e-06,1.3129539541408e-12,4.464749573196e-14
5812,0,0,5812,9.4082213783091e-11,1.8818224536392e-06,1.315930103244e-12,4.7171904392512e-14
5813,0,0,5813,9.4033448626234e-11,1.8745417591983e-06,1.3189346051786e-12,4.9724665322859e-14
5814,0,0,5814,9.3982112874882e-11,1.8672443667694e-06,1.322730419729e-12,5.2955802827274e-14
5815,0,0,5815,9.3928177839579e-11,1.8599301178439e-06,1.3250294974156e-12,5.4916073864679e-14
5816,0,0,5816,9.3871614622918e-11,1.8525988527646e-06,1.3281203035296e-12,5.7555137287439e-14
5817,0,0,5817,9.3812394119224e-11,1.8452504107236e-06,1.3320248761934e-12,6.089503079599e-14
5818,0,0,5818,9.375048701425e-11,1.8378846297605e-06,1.3343896776546e-12,6.2921024342087e-14
5819,0,0,5819,9.3685863784913e-11,1.8305013467614e-06,1.3375686632772e-12,6.5648265584948e-14
5820,0,0,5820,9.3618494699039e-11,1.8231003974569e-06,1.3407774600932e-12,6.8405317458332e-14
5821,0,0,5821,9.3548349815147e-11,1.8156816164214e-06,1.3440162774893e-12,7.119238934781e-14
5822,0,0,5822,9.3475398982254e-11,1.8082448370718e-06,1.3472853250348e-12,7.4009690823572e-14
5823,0,0,5823,9.3399611839704e-11,1.8007898916665e-06,1.3505848124577e-12,7.6857431612507e-14
5824,0,0,5824,9.3320957817035e-11,1.7933166113048e-06,1.3539149496131e-12,7.9735821570283e-14
5825,0,0,5825,9.323940613386e-11,1.7858248259262e-06,1.3572759464575e-12,8.2645070652504e-14
5826,0,0,5826,9.3154925799795e-11,1.77831436431e-06,1.3606680130167e-12,8.5585388885188e-14
5827,0,0,5827,9.3067485614399e-11,1.770785054075e-06,1.3649521080266e-12,8.9304797692821e-14
5828,0,0,5828,9.2977054167158e-11,1.7632367216792e-06,1.3675461955546e-12,9.1560073075894e-14
5829,0,0,5829,9.2883599837493e-11,1.7556691924203e-06,1.3710327316625e-12,9.4594859162619e-14
5830,0,0,5830,9.2787090794805e-11,1.7480822904354e-06,1.3745511776795e-12,9.7661554593367e-14
5831,0,0,5831,9.2687494998547e-11,1.7404758387019e-06,1.3781017435169e-12,1.0076036927902e-13
5832,0,0,5832,9.2584780198335e-11,1.7328496590377e-06,1.3816846389643e-12,1.0389151300897e-13
5833,0,0,5833,9.2478913934089e-11,1.7252035721021e-06,1.3853000736554e-12,1.0705519541669e-13
5834,0,0,5834,9.2369863536216e-11,1.7175373973971e-06,1.3889482570324e-12,1.1025162594436e-13
5835,0,0,5835,9.2257596125816e-11,1.7098509532683e-06,1.3926293983102e-12,1.1348101380652e-13
5836,0,0,5836,9.2142078614938e-11,1.702144056906e-06,1.3963437064392e-12,1.1674356795357e-13
5837,0,0,5837,9.2023277706868e-11,1.6944165243474e-06,1.4000913900682e-12,1.2003949703378e-13
5838,0,0,5838,9.1901159896452e-11,1.686668170478e-06,1.4048232462097e-12,1.2420665919218e-13
5839,0,0,5839,9.1775691470463e-11,1.6788988090338e-06,1.407687716678e-12,1.2673231284527e-13
5840,0,0,5840,9.1646838508005e-11,1.6711082526034e-06,1.4115367750953e-12,1.3012961501266e-13
5841,0,0,5841,9.1514566880958e-11,1.6632963126305e-06,1.4163962249308e-12,1.3442436873773e-13
5842,0,0,5842,9.1378842254467e-11,1.6554627994166e-06,1.4193377173496e-12,1.3702704306456e-13
5843,0,0,5843,9.123963008747e-11,1.6476075221241e-06,1.4232900137302e-12,1.4052758149221e-13
5844,0,0,5844,9.109689563327e-11,1.6397302887789e-06,1.427277134356e-12,1.4406294359697e-13
5845,0,0,5845,9.0950603940155e-11,1.6318309062747e-06,1.4312992840034e-12,1.4763333415508e-13
5846,0,0,5846,9.0800719852055e-11,1.6239091803759e-06,1.4353566667696e-12,1.512389572636e-13
5847,0,0,5847,9.0647208009254e-11,1.6159649157217e-06,1.4394494860269e-12,1.5488001629444e-13
5848,0,0,5848,9.0490032849143e-11,1.6079979158306e-06,1.4435779443748e-12,1.5855671384709e-13
5849,0,0,5849,9.0329158607022e-11,1.6000079831043e-06,1.4487889420963e-12,1.6320300977407e-13
5850,0,0,5850,9.0164549316953e-11,1.5919949188329e-06,1.4529983248222e-12,1.6696063042398e-13
5851,0,0,5851,8.999616881266e-11,1.5839585231995e-06,1.4561791673518e-12,1.6980265102282e-13
5852,0,0,5852,8.982398072848e-11,1.5758985952858e-06,1.4604521909014e-12,1.7362391149962e-13
5853,0,0,5853,8.9647948500369e-11,1.5678149330773e-06,1.4647618532323e-12,1.7748181018761e-13
5854,0,0,5854,8.9468035366954e-11,1.5597073334693e-06,1.4691083512633e-12,1.8137654400584e-13
5855,0,0,5855,8.9284204370647e-11,1.5515755922731e-06,1.4734918807837e-12,1.8530830874303e-13
5856,0,0,5856,8.9096418358808e-11,1.5434195042223e-06,1.4779126363969e-12,1.8927729900283e-13
5857,0,0,5857,8.8904639984961e-11,1.5352388629798e-06,1.4823708114659e-12,1.9328370814735e-13
5858,0,0,5858,8.8708831710081e-11,1.5270334611444e-06,1.4868665980541e-12,1.9732772824037e-13
5859,0,0,5859,8.8508955803917e-11,1.5188030902585e-06,1.492539512885e-12,2.0243593414913e-13
5860,0,0,5860,8.8304974346395e-11,1.5105475408158e-06,1.4959717672012e-12,2.0552936268364e-13
5861,0,0,5861,8.8096849229066e-11,1.5022666022692e-06,1.5005815268659e-12,2.0968735413905e-13
5862,0,0,5862,8.7884542156625e-11,1.4939600630393e-06,1.5052296521392e-12,2.1388371063163e-13
5863,0,0,5863,8.7668014648485e-11,1.485627710523e-06,1.5099163276973e-12,2.181186168371e-13
5864,0,0,5864,8.7447228040417e-11,1.4772693311026e-06,1.5146417365522e-12,2.2239225576694e-13
5865,0,0,5865,8.7222143486259e-11,1.4688847101553e-06,1.519406059986e-12,2.2670480870374e-13
5866,0,0,5866,8.6992721959681e-11,1.4604736320629e-06,1.5242094774864e-12,2.3105645513442e-13
5867,0,0,5867,8.6758924256026e-11,1.4520358802218e-06,1.5290521666782e-12,2.354473726839e-13
5868,0,0,5868,8.6520710994212e-11,1.4435712370538e-06,1.5351610214541e-12,2.4099151210106e-13
5869,0,0,5869,8.6278042618709e-11,1.435079484017e-06,1.54009271128e-12,2.4547142899525e-13
5870,0,0,5870,8.6030879401581e-11,1.4265604016169e-06,1.5438176112739e-12,2.4885749891391e-13
5871,0,0,5871,8.5779181444604e-11,1.418013769418e-06,1.5488191238172e-12,2.534072375221e-13
5872,0,0,5872,8.5522908681452e-11,1.4094393660562e-06,1.5538607658079e-12,2.5799710500387e-13
5873,0,0,5873,8.5262020879961e-11,1.4008369692514e-06,1.5589427022198e-12,2.6262726633267e-13
5874,0,0,5874,8.4996477644466e-11,1.3922063558198e-06,1.5640650956602e-12,2.6729788411605e-13
5875,0,0,5875,8.4726238418217e-11,1.3835473016878e-06,1.569228106294e-12,2.7200911851855e-13
5876,0,0,5876,8.4451262485866e-11,1.3748595819055e-06,1.574431891765e-12,2.7676112718363e-13
5877,0,0,5877,8.4171508976044e-11,1.3661429706612e-06,1.580994199163e-12,2.8275871276584e-13
5878,0,0,5878,8.3886936864005e-11,1.3573972412956e-06,1.58496240471e-12,2.8638808479218e-13
5879,0,0,5879,8.3597504974365e-11,1.3486221663172e-06,1.5916276512397e-12,2.9248860806863e-13
5880,0,0,5880,8.3303171983911e-11,1.3398175174177e-06,1.5956578421725e-12,2.96179964618e-13
5881,0,0,5881,8.3003896424506e-11,1.3309830654883e-06,1.6010677726149e-12,3.0113811537883e-13
5882,0,0,5882,8.2699636686068e-11,1.3221185806359e-06,1.6065193662758e-12,3.0613792878229e-13
5883,0,0,5883,8.2390351019647e-11,1.3132238322001e-06,1.6120127608547e-12,3.1117954252772e-13
5884,0,0,5884,8.2075997540582e-11,1.3042985887706e-06,1.6175480908578e-12,3.1626309112136e-13
5885,0,0,5885,8.175653423175e-11,1.2953426182056e-06,1.6231254875086e-12,3.2138870578633e-13
5886,0,0,5886,8.1431918946908e-11,1.2863556876497e-06,1.6287450786559e-12,3.2655651437119e-13
5887,0,0,5887,8.1102109414122e-11,1.2773375635531e-06,1.6344069886813e-12,3.3176664125733e-13
5888,0,0,5888,8.0767063239296e-11,1.2682880116911e-06,1.6415440708499e-12,3.3833899369065e-13
5889,0,0,5889,8.0426737909794e-11,1.259206797184e-06,1.645858244989e-12,3.4231432955553e-13
5890,0,0,5890,8.0081090798154e-11,1.2500936845178e-06,1.6516478218434e-12,3.4765212153932e-13
5891,0,0,5891,7.9730079165906e-11,1.2409484375653e-06,1.6574801785247e-12,3.5303269277239e-13
5892,0,0,5892,7.9373660167485e-11,1.2317708196073e-06,1.6633554206373e-12,3.5845614885904e-13
5893,0,0,5893,7.9011790854247e-11,1.2225605933554e-06,1.6692736497323e-12,3.6392259135014e-13
5894,0,0,5894,7.8644428178587e-11,1.2133175209742e-06,1.6767320345161e-12,3.7081624206585e-13
5895,0,0,5895,7.8271528998161e-11,1.2040413641052e-06,1.6812394541893e-12,3.7498482086442e-13
5896,0,0,5896,7.7893050080208e-11,1.1947318838901e-06,1.6872872114551e-12,3.8058078979096e-13
5897,0,0,5897,7.7508948105988e-11,1.1853888409955e-06,1.6949078792301e-12,3.8763672132821e-13
5898,0,0,5898,7.7119179675319e-11,1.1760119956384e-06,1.6995128574329e-12,3.9190285735379e-13
5899,0,0,5899,7.6723701311227e-11,1.1666011076112e-06,1.7056909008829e-12,3.9762911072776e-13
5900,0,0,5900,7.6322469464709e-11,1.1571559363085e-06,1.7119125198687e-12,4.0339893905822e-13
5901,0,0,5901,7.5915440519604e-11,1.1476762407538e-06,1.7181777796955e-12,4.0921240764974e-13
5902,0,0,5902,7.5502570797583e-11,1.1381617796273e-06,1.7260708157473e-12,4.1654070384248e-13
5903,0,0,5903,7.5083816563247e-11,1.1286123112936e-06,1.7308394578235e-12,4.2097050156796e-13
5904,0,0,5904,7.4659134029352e-11,1.1190275938311e-06,1.7372359811185e-12,4.2691523188796e-13
5905,0,0,5905,7.4228479362142e-11,1.1094073850611e-06,1.7452933048226e-12,4.3440781355688e-13
5906,0,0,5906,7.3791808686809e-11,1.0997514425782e-06,1.7501606184637e-12,4.3893628154153e-13
5907,0,0,5907,7.334907809307e-11,1.0900595237808e-06,1.7566888048491e-12,4.4501267320986e-13
5908,0,0,5908,7.2900243640871e-11,1.0803313859032e-06,1.7632609417681e-12,4.5113301483092e-13
5909,0,0,5909,7.2445261366213e-11,1.070566786047e-06,1.769877050955e-12,4.5729732813862e-13
5910,0,0,5910,7.1984087287101e-11,1.0607654812146e-06,1.7782090468292e-12,4.6506457834612e-13
5911,0,0,5911,7.1516677409626e-11,1.0509272283424e-06,1.7832412429427e-12,4.6975792662347e-13
5912,0,0,5912,7.1042987734172e-11,1.0410517843355e-06,1.7899893387009e-12,4.7605422475763e-13
5913,0,0,5913,7.0562974261757e-11,1.0311389061024e-06,1.7984863295019e-12,4.8398646771009e-13
5914,0,0,5914,7.0076593000498e-11,1.0211883505908e-06,1.8036175144263e-12,4.8877880348863e-13
5915,0,0,5915,6.9583799972222e-11,1.0111998748241e-06,1.8104975686242e-12,4.9520705831564e-13
5916,0,0,5916,6.9084551219198e-11,1.0011732359387e-06,1.8174215719735e-12,5.0167926171156e-13
5917,0,0,5917,6.8578802811014e-11,9.9110819122192e-07,1.8261383333909e-12,5.0983127236756e-13
5918,0,0,5918,6.8066510851595e-11,9.8100449815081e-07,1.8314012993513e-12,5.1475538743374e-13
5919,0,0,5919,6.7547631486345e-11,9.7086191443155e-07,1.8384569421901e-12,5.2135922856999e-13
5920,0,0,5920,6.702212090945e-11,9.6068019803985e-07,1.8473380637403e-12,5.2967559717146e-13
5921,0,0,5921,6.6489935371306e-11,9.5045910726196e-07,1.8526995283086e-12,5.3469820953287e-13
5922,0,0,5922,6.5951031186101e-11,9.4019840073658e-07,1.8598863458915e-12,5.4143322366222e-13
5923,0,0,5923,6.540536473954e-11,9.2989783749753e-07,1.8671167498247e-12,5.4821182355787e-13
5924,0,0,5924,6.4852892496711e-11,9.1955717701721e-07,1.8762159217949e-12,5.5674623965942e-13
5925,0,0,5925,6.4293571010111e-11,9.0917617925092e-07,1.8817079791896e-12,5.6189944309453e-13
5926,0,0,5926,6.3727356927805e-11,8.98754604682e-07,1.8890686155088e-12,5.6880827362278e-13
5927,0,0,5927,6.3154207001752e-11,8.8829221436776e-07,1.8983301585568e-12,5.7750505860953e-13
5928,0,0,5928,6.2574078096274e-11,8.7778876998629e-07,1.9039193960478e-12,5.82755440825e-13
5929,0,0,5929,6.1986927196679e-11,8.6724403388415e-07,1.9114093004402e-12,5.8979353767109e-13
5930,0,0,5930,6.1392711418042e-11,8.5665776912479e-07,1.9208319010628e-12,5.9865137803762e-13
5931,0,0,5931,6.079138801414e-11,8.4602973953803e-07,1.926517471848e-12,6.0399809222983e-13
5932,0,0,5932,6.0182914386549e-11,8.3535970977019e-07,1.9341354455349e-12,6.1116425661338e-13
5933,0,0,5933,5.9567248093891e-11,8.246474453353e-07,1.9437174912411e-12,6.2018153986621e-13
5934,0,0,5934,5.8944346861251e-11,8.1389271266705e-07,1.9494983659483e-12,6.2562355666163e-13
5935,0,0,5935,5.8314168589747e-11,8.030952791717e-07,1.9572429629876e-12,6.3291634263877e-13
5936,0,0,5936,5.7676671366272e-11,7.9225491328188e-07,1.9669825262758e-12,6.4209114127416e-13
5937,0,0,5937,5.7031813473392e-11,7.8137138451127e-07,1.9728574832715e-12,6.4762723903785e-13
5938,0,0,5938,5.6379553399409e-11,7.7044446351025e-07,1.9807269975447e-12,6.5504494048826e-13
5939,0,0,5939,5.5719849848599e-11,7.594739221224e-07,1.9906218194954e-12,6.6437499558428e-13
5940,0,0,5940,5.5052661751606e-11,7.4845953344194e-07,1.9965894349649e-12,6.7000375050029e-13
5941,0,0,5941,5.4377948276015e-11,7.3740107187219e-07,2.0045818868664e-12,6.7754438781636e-13
5942,0,0,5942,5.3695668837085e-11,7.262983131848e-07,2.0126148288431e-12,6.8512551461966e-13
5943,0,0,5943,5.300578310866e-11,7.1515103458008e-07,2.0206879981827e-12,6.9274686819775e-13
5944,0,0,5944,5.2308251034249e-11,7.0395901474821e-07,2.0308356113078e-12,7.0232971079351e-13
5945,0,0,5945,5.1603032838276e-11,6.9272203393137e-07,2.0369539122067e-12,7.0810914893338e-13
5946,0,0,5946,5.089008903751e-11,6.814398739869e-07,2.0451460750514e-12,7.1584949425088e-13
5947,0,0,5947,5.0169380452661e-11,6.701123184514e-07,2.0533773012311e-12,7.2362890231449e-13
5948,0,0,5948,4.9440868220161e-11,6.5873915260576e-07,2.0616472705724e-12,7.3144705295051e-13
5949,0,0,5949,4.870451380411e-11,6.4732016354119e-07,2.0720387075884e-12,7.4127371575607e-13
5950,0,0,5950,4.7960279008411e-11,6.3585514022629e-07,2.0783020977782e-12,7.4719824097753e-13
5951,0,0,5951,4.7208125989071e-11,6.2434387357496e-07,2.0887881428342e-12,7.5711951034886e-13
5952,0,0,5952,4.644801726669e-11,6.1278615651543e-07,2.0951077517234e-12,7.6310025338477e-13
5953,0,0,5953,4.5679915739123e-11,6.0118178406022e-07,2.1056865501054e-12,7.7311427460705e-13
5954,0,0,5954,4.4903784694323e-11,5.8953055337708e-07,2.112061226627e-12,7.7915008438991e-13
5955,0,0,5955,4.4119587823367e-11,5.7783226386095e-07,2.1205924013034e-12,7.8722943623133e-13
5956,0,0,5956,4.3327289233656e-11,5.6608671720693e-07,2.1291593101307e-12,7.9534452163277e-13
5957,0,0,5957,4.2526853462304e-11,5.542937174842e-07,2.1399175336735e-12,8.0553796506226e-13
5958,0,0,5958,4.1718245489701e-11,5.4245307121099e-07,2.1463985775223e-12,8.1168014039965e-13
5959,0,0,5959,4.0901430753265e-11,5.3056458743054e-07,2.1572432051915e-12,8.219599864772e-13
5960,0,0,5960,4.007637516137e-11,5.1862807778805e-07,2.1637753859343e-12,8.2815329782136e-13
5961,0,0,5961,3.9243045107456e-11,5.0664335660866e-07,2.17470402757e-12,8.3851715638613e-13
5962,0,0,5962,3.8401407484329e-11,4.9461024097642e-07,2.1812858685236e-12,8.4476012705324e-13
5963,0,0,5963,3.7551429698633e-11,4.8252855081426e-07,2.1900899665681e-12,8.5311239753076e-13
5964,0,0,5964,3.669307968551e-11,4.7039810896501e-07,2.201139833914e-12,8.6359747958473e-13
5965,0,0,5965,3.5826325923444e-11,4.5821874127338e-07,2.2077932057959e-12,8.6991197984716e-13
5966,0,0,5966,3.4951137449283e-11,4.4599027666894e-07,2.2189204783479e-12,8.8047446562548e-13
5967,0,0,5967,3.4067483873443e-11,4.3371254725016e-07,2.2278561288928e-12,8.8895828608426e-13
5968,0,0,5968,3.3175335395296e-11,4.2138538836942e-07,2.2345772108373e-12,8.9534049507488e-13
5969,0,0,5969,3.2274662818737e-11,4.0900863871899e-07,2.2458150931704e-12,9.060135884096e-13
5970,0,0,5970,3.1365437567936e-11,3.9658214041808e-07,2.2548371623648e-12,9.1458382573738e-13
5971,0,0,5971,3.0447631703263e-11,3.841057391008e-07,2.2616218200949e-12,9.2102960917789e-13
5972,0,0,5972,2.9521217937397e-11,3.7157928400521e-07,2.2706916418026e-12,9.2964759797959e-13
5973,0,0,5973,2.8586169651617e-11,3.5900262806325e-07,2.2820659140809e-12,9.4045707828973e-13
5974,0,0,5974,2.764246091226e-11,3.4637562799174e-07,2.2911940829877e-12,9.4913341295314e-13
5975,0,0,5975,2.6690066487369e-11,3.3369814438432e-07,2.3003470380127e-12,9.5783453314018e-13
5976,0,0,5976,2.5728961863512e-11,3.2097004180437e-07,2.3072275822045e-12,9.6437620081295e-13
5977,0,0,5977,2.4759123262767e-11,3.0819118887888e-07,2.3187243728535e-12,9.7530819651982e-13
5978,0,0,5978,2.3780527659899e-11,2.953614583933e-07,2.3256394540318e-12,9.8188440028638e-13
5979,0,0,5979,2.2793152799693e-11,2.8248072738737e-07,2.3371918794182e-12,9.9287202924224e-13
5980,0,0,5980,2.1796977214467e-11,2.6954887725181e-07,2.3464574836755e-12,1.001685795685e-12
5981,0,0,5981,2.0791980241749e-11,2.5656579382603e-07,2.3557432393904e-12,1.0105197129892e-12
5982,0,0,5982,1.9778142042129e-11,2.4353136749674e-07,2.3650483122701e-12,1.0193729468622e-12
5983,0,0,5983,1.8755443617271e-11,2.3044549329745e-07,2.3743718499051e-12,1.0282446448942e-12
5984,0,0,5984,1.7723866828088e-11,2.1730807100894e-07,2.3813760975446e-12,1.0349100124399e-12
5985,0,0,5985,1.6683394413091e-11,2.0411900526054e-07,2.3930708182411e-12,1.0460399322342e-12
5986,0,0,5986,1.563401000688e-11,1.908782056324e-07,2.4024444520802e-12,1.05496172468e-12
5987,0,0,5987,1.457569815881e-11,1.7758558675853e-07,2.4118329566355e-12,1.0638983872449e-12
5988,0,0,5988,1.3508444351803e-11,1.6424106843079e-07,2.4212353865084e-12,1.07284897453e-12
5989,0,0,5989,1.2432235021317e-11,1.5084457570365e-07,2.4306507772379e-12,1.0818125220741e-12
5990,0,0,5990,1.1347057574464e-11,1.3739603899985e-07,2.4400781451511e-12,1.0907880462042e-12
5991,0,0,5991,1.0252900409276e-11,1.238953942168e-07,2.4495164872175e-12,1.0997745438895e-12
5992,0,0,5992,9.1497529341187e-12,1.103425828339e-07,2.4589647809056e-12,1.1087709925983e-12
5993,0,0,5993,8.0376055872431e-12,9.6737552020483e-08,2.4684219840423e-12,1.1177763501573e-12
5994,0,0,5994,6.9164498564806e-12,8.3080254744699e-08,2.4778870346765e-12,1.1267895546152e-12
5995,0,0,5995,5.7862782990701e-12,6.9370649883011e-08,2.487358850945e-12,1.1358095241087e-12
5996,0,0,5996,4.6470845616199e-12,5.5608702330497e-08,2.4968363309428e-12,1.1448351567324e-12
5997,0,0,5997,3.498863400197e-12,4.1794383111843e-08,2.5063183525961e-12,1.1538653304125e-12
5998,0,0,5998,2.341610700542e-12,2.7927669493023e-08,2.51580377354e-12,1.1628989027837e-12
5999,0,0,5999,1.1753234984052e-12,1.4008545093654e-08,2.5229193713213e-12,1.1696756137421e-12
6000,0,0,6000,0,3.7e-11,2.5324079307542e-12,1.1787123235529e-12
