x,y,z,id,cv,ci,jvx,jix,D,jx,jy,mat_therm_cond
0,128,0,0,0.00066803225298345,1.4967143627677e-05,-2.8351923940206e-11,6.3512152047154e-10,15,0.038585611827562,-1.1546319456102e-14,1
0.05,128,0,0.05,0.00066803282172105,1.4967130887351e-05,-2.8351923940206e-11,6.3512152047154e-10,14.998070719409,0.038585611827562,-1.1546319456102e-14,1
0.1,128,0,0.1,0.00066803339045866,1.4967118147025e-05,-2.8351923940206e-11,6.3512152047154e-10,14.996141438817,0.038585611827562,-1.1546319456102e-14,1
0.15,128,0,0.15,0.00066803395919627,1.4967105406698e-05,-2.8351923940206e-11,6.3512152047154e-10,14.994212158226,0.038585611827562,-1.1546319456102e-14,1
0.2,128,0,0.2,0.00066803452793387,1.4967092666372e-05,-2.8351923940206e-11,6.3512152047154e-10,14.992282877634,0.038585611827562,-1.1546319456102e-14,1
0.25,128,0,0.25,0.00066803509667148,1.4967079926046e-05,-2.8351923940206e-11,6.3512152047154e-10,14.990353597043,0.038585611827562,-1.1546319456102e-14,1
0.3,128,0,0.3,0.00066803566540908,1.4967067185719e-05,-2.8351923940206e-11,6.3512152047154e-10,14.988424316452,0.038585611827562,-1.1546319456102e-14,1
0.35,128,0,0.35,0.00066803623414669,1.4967054445393e-05,-2.8351923940206e-11,6.3512152047154e-10,14.98649503586,0.038585611827562,-1.1546319456102e-14,1
0.4,128,0,0.4,0.00066803680288429,1.4967041705067e-05,-2.8351923940206e-11,6.3512152047154e-10,14.984565755269,0.038585611827562,-1.1546319456102e-14,1
0.45,128,0,0.45,0.0006680373716219,1.496702896474e-05,-2.8351923940206e-11,6.3512152047154e-10,14.982636474678,0.038585611827562,-1.1546319456102e-14,1
0.5,128,0,0.5,0.0006680379403595,1.4967016224414e-05,-2.8351923940206e-11,6.3512152047154e-10,14.980707194086,0.038585611827562,-1.1546319456102e-14,1
0.55,128,0,0.55,0.00066803850909711,1.4967003484088e-05,-2.8351923940206e-11,6.3512152047154e-10,14.978777913495,0.038585611827562,-1.1546319456102e-14,1
0.6,128,0,0.6,0.00066803907783471,1.4966990743761e-05,-2.8351923940206e-11,6.3512152047154e-10,14.976848632903,0.038585611827562,-1.1546319456102e-14,1
0.65,128,0,0.65,0.00066803964657232,1.4966978003435e-05,-2.8351923940206e-11,6.3512152047154e-10,14.974919352312,0.038585611827562,-1.1546319456102e-14,1
0.7,128,0,0.7,0.00066804021530992,1.4966965263109e-05,-2.8351923940206e-11,6.3512152047154e-10,14.972990071721,0.038585611827562,-1.1546319456102e-14,1
0.75,128,0,0.75,0.00066804078404753,1.4966952522782e-05,-2.8351923940206e-11,6.3512152047154e-10,14.971060791129,0.038585611827562,-1.1546319456102e-14,1
0.8,128,0,0.8,0.00066804135278513,1.4966939782456e-05,-2.8351923940206e-11,6.3512152047154e-10,14.969131510538,0.038585611827562,-1.1546319456102e-14,1
0.85,128,0,0.85,0.00066804192152274,1.4966927042129e-05,-2.8351923940206e-11,6.3512152047154e-10,14.967202229947,0.038585611827562,-1.1546319456102e-14,1
0.9,128,0,0.9,0.00066804249026034,1.4966914301803e-05,-2.8351923940206e-11,6.3512152047154e-10,14.965272949355,0.038585611827562,-1.1546319456102e-14,1
0.95,128,0,0.95,0.00066804305899795,1.4966901561477e-05,-2.8351923940206e-11,6.3512152047154e-10,14.963343668764,0.038585611827562,-1.1546319456102e-14,1
1,128,0,1,0.00066804362773555,1.496688882115e-05,-2.8351923940206e-11,6.3512152047154e-10,14.961414388172,0.038585611827562,-1.1546319456102e-14,1
1.05,128,0,1.05,0.00066804351514073,1.4966891344279e-05,2.7056528182815e-11,-6.061237415959e-10,14.959485107581,0.038585611827545,-1.7097434579227e-14,1
1.1,128,0,1.1,0.0006680434025459,1.4966893867407e-05,2.7056528182815e-11,-6.061237415959e-10,14.95755582699,0.038585611827545,-1.7097434579227e-14,1
1.15,128,0,1.15,0.00066804328995107,1.4966896390535e-05,2.7056528182815e-11,-6.061237415959e-10,14.955626546398,0.038585611827545,-1.7097434579227e-14,1
1.2,128,0,1.2,0.00066804317735625,1.4966898913663e-05,2.7056528182815e-11,-6.061237415959e-10,14.953697265807,0.038585611827545,-1.7097434579227e-14,1
1.25,128,0,1.25,0.00066804306476142,1.4966901436791e-05,2.7056528182815e-11,-6.061237415959e-10,14.951767985216,0.038585611827545,-1.7097434579227e-14,1
1.3,128,0,1.3,0.00066804295216659,1.4966903959919e-05,2.7056528182815e-11,-6.061237415959e-10,14.949838704624,0.038585611827545,-1.7097434579227e-14,1
1.35,128,0,1.35,0.00066804283957177,1.4966906483048e-05,2.7056528182815e-11,-6.061237415959e-10,14.947909424033,0.038585611827545,-1.7097434579227e-14,1
1.4,128,0,1.4,0.00066804272697694,1.4966909006176e-05,2.7056528182815e-11,-6.061237415959e-10,14.945980143441,0.038585611827545,-1.7097434579227e-14,1
1.45,128,0,1.45,0.00066804261438211,1.4966911529304e-05,2.7056528182815e-11,-6.061237415959e-10,14.94405086285,0.038585611827545,-1.7097434579227e-14,1
1.5,128,0,1.5,0.00066804250178728,1.4966914052432e-05,2.7056528182815e-11,-6.061237415959e-10,14.942121582259,0.038585611827545,-1.7097434579227e-14,1
1.55,128,0,1.55,0.00066804238919246,1.496691657556e-05,2.7056528182815e-11,-6.061237415959e-10,14.940192301667,0.038585611827545,-1.7097434579227e-14,1
1.6,128,0,1.6,0.00066804227659763,1.4966919098689e-05,2.7056528182815e-11,-6.061237415959e-10,14.938263021076,0.038585611827545,-1.7097434579227e-14,1
1.65,128,0,1.65,0.0006680421640028,1.4966921621817e-05,2.7056528182815e-11,-6.061237415959e-10,14.936333740485,0.038585611827545,-1.7097434579227e-14,1
1.7,128,0,1.7,0.00066804205140798,1.4966924144945e-05,2.7056528182815e-11,-6.061237415959e-10,14.934404459893,0.038585611827545,-1.7097434579227e-14,1
1.75,128,0,1.75,0.00066804193881315,1.4966926668073e-05,2.7056528182815e-11,-6.061237415959e-10,14.932475179302,0.038585611827545,-1.7097434579227e-14,1
1.8,128,0,1.8,0.00066804182621832,1.4966929191201e-05,2.7056528182815e-11,-6.061237415959e-10,14.93054589871,0.038585611827545,-1.7097434579227e-14,1
1.85,128,0,1.85,0.0006680417136235,1.4966931714329e-05,2.7056528182815e-11,-6.061237415959e-10,14.928616618119,0.038585611827545,-1.7097434579227e-14,1
1.9,128,0,1.9,0.00066804160102867,1.4966934237458e-05,2.7056528182815e-11,-6.061237415959e-10,14.926687337528,0.038585611827545,-1.7097434579227e-14,1
1.95,128,0,1.95,0.00066804148843384,1.4966936760586e-05,2.7056528182815e-11,-6.061237415959e-10,14.924758056936,0.038585611827545,-1.7097434579227e-14,1
2,128,0,2,0.00066804137583902,1.4966939283714e-05,2.7056528182815e-11,-6.061237415959e-10,14.922828776345,0.038585611827545,-1.7097434579227e-14,1
2.05,128,0,2.05,0.00066804204438974,1.4966924307056e-05,-1.950692829726e-11,4.3700008055367e-10,14.920899495754,0.038585611827574,-1.5321077739827e-14,1
2.1,128,0,2.1,0.00066804271294047,1.4966909330398e-05,-1.950692829726e-11,4.3700008055367e-10,14.918970215162,0.038585611827574,-1.5321077739827e-14,1
2.15,128,0,2.15,0.0006680433814912,1.496689435374e-05,-1.950692829726e-11,4.3700008055367e-10,14.917040934571,0.038585611827574,-1.5321077739827e-14,1
2.2,128,0,2.2,0.00066804405004192,1.4966879377081e-05,-1.950692829726e-11,4.3700008055367e-10,14.915111653979,0.038585611827574,-1.5321077739827e-14,1
2.25,128,0,2.25,0.00066804471859265,1.4966864400423e-05,-1.950692829726e-11,4.3700008055367e-10,14.913182373388,0.038585611827574,-1.5321077739827e-14,1
2.3,128,0,2.3,0.00066804538714338,1.4966849423765e-05,-1.950692829726e-11,4.3700008055367e-10,14.911253092797,0.038585611827574,-1.5321077739827e-14,1
2.35,128,0,2.35,0.0006680460556941,1.4966834447107e-05,-1.950692829726e-11,4.3700008055367e-10,14.909323812205,0.038585611827574,-1.5321077739827e-14,1
2.4,128,0,2.4,0.00066804672424483,1.4966819470449e-05,-1.950692829726e-11,4.3700008055367e-10,14.907394531614,0.038585611827574,-1.5321077739827e-14,1
2.45,128,0,2.45,0.00066804739279556,1.4966804493791e-05,-1.950692829726e-11,4.3700008055367e-10,14.905465251022,0.038585611827574,-1.5321077739827e-14,1
2.5,128,0,2.5,0.00066804806134628,1.4966789517133e-05,-1.950692829726e-11,4.3700008055367e-10,14.903535970431,0.038585611827574,-1.5321077739827e-14,1
2.55,128,0,2.55,0.00066804872989701,1.4966774540474e-05,-1.950692829726e-11,4.3700008055367e-10,14.90160668984,0.038585611827574,-1.5321077739827e-14,1
2.6,128,0,2.6,0.00066804939844774,1.4966759563816e-05,-1.950692829726e-11,4.3700008055367e-10,14.899677409248,0.038585611827574,-1.5321077739827e-14,1
2.65,128,0,2.65,0.00066805006699846,1.4966744587158e-05,-1.950692829726e-11,4.3700008055367e-10,14.897748128657,0.038585611827574,-1.5321077739827e-14,1
2.7,128,0,2.7,0.00066805073554919,1.49667296105e-05,-1.950692829726e-11,4.3700008055367e-10,14.895818848066,0.038585611827574,-1.5321077739827e-14,1
2.75,128,0,2.75,0.00066805140409992,1.4966714633842e-05,-1.950692829726e-11,4.3700008055367e-10,14.893889567474,0.038585611827574,-1.5321077739827e-14,1
2.8,128,0,2.8,0.00066805207265064,1.4966699657184e-05,-1.950692829726e-11,4.3700008055367e-10,14.891960286883,0.038585611827574,-1.5321077739827e-14,1
2.85,128,0,2.85,0.00066805274120137,1.4966684680526e-05,-1.950692829726e-11,4.3700008055367e-10,14.890031006291,0.038585611827574,-1.5321077739827e-14,1
2.9,128,0,2.9,0.0006680534097521,1.4966669703867e-05,-1.950692829726e-11,4.3700008055367e-10,14.8881017257,0.038585611827574,-1.5321077739827e-14,1
2.95,128,0,2.95,0.00066805407830282,1.4966654727209e-05,-1.950692829726e-11,4.3700008055367e-10,14.886172445109,0.038585611827574,-1.5321077739827e-14,1
3,128,0,3,0.00066805474685355,1.4966639750551e-05,-1.950692829726e-11,4.3700008055367e-10,14.884243164517,0.038585611827574,-1.5321077739827e-14,1
3.05,128,0,3.05,0.0006680537252926,1.4966662633779e-05,6.637876626451e-12,-1.4868901689187e-10,14.882313883926,0.038585611827558,-6.2172489379009e-15,1
3.1,128,0,3.1,0.00066805270373165,1.4966685517007e-05,6.637876626451e-12,-1.4868901689187e-10,14.880384603335,0.038585611827558,-6.2172489379009e-15,1
3.15,128,0,3.15,0.00066805168217071,1.4966708400235e-05,6.637876626451e-12,-1.4868901689187e-10,14.878455322743,0.038585611827558,-6.2172489379009e-15,1
3.2,128,0,3.2,0.00066805066060976,1.4966731283462e-05,6.637876626451e-12,-1.4868901689187e-10,14.876526042152,0.038585611827558,-6.2172489379009e-15,1
3.25,128,0,3.25,0.00066804963904881,1.496675416669e-05,6.637876626451e-12,-1.4868901689187e-10,14.87459676156,0.038585611827558,-6.2172489379009e-15,1
3.3,128,0,3.3,0.00066804861748786,1.4966777049918e-05,6.637876626451e-12,-1.4868901689187e-10,14.872667480969,0.038585611827558,-6.2172489379009e-15,1
3.35,128,0,3.35,0.00066804759592691,1.4966799933146e-05,6.637876626451e-12,-1.4868901689187e-10,14.870738200378,0.038585611827558,-6.2172489379009e-15,1
3.4,128,0,3.4,0.00066804657436597,1.4966822816374e-05,6.637876626451e-12,-1.4868901689187e-10,14.868808919786,0.038585611827558,-6.2172489379009e-15,1
3.45,128,0,3.45,0.00066804555280502,1.4966845699601e-05,6.637876626451e-12,-1.4868901689187e-10,14.866879639195,0.038585611827558,-6.2172489379009e-15,1
3.5,128,0,3.5,0.00066804453124407,1.4966868582829e-05,6.637876626451e-12,-1.4868901689187e-10,14.864950358604,0.038585611827558,-6.2172489379009e-15,1
3.55,128,0,3.55,0.00066804350968312,1.4966891466057e-05,6.637876626451e-12,-1.4868901689187e-10,14.863021078012,0.038585611827558,-6.2172489379009e-15,1
3.6,128,0,3.6,0.00066804248812217,1.4966914349285e-05,6.637876626451e-12,-1.4868901689187e-10,14.861091797421,0.038585611827558,-6.2172489379009e-15,1
3.65,128,0,3.65,0.00066804146656123,1.4966937232513e-05,6.637876626451e-12,-1.4868901689187e-10,14.859162516829,0.038585611827558,-6.2172489379009e-15,1
3.7,128,0,3.7,0.00066804044500028,1.4966960115741e-05,6.637876626451e-12,-1.4868901689187e-10,14.857233236238,0.038585611827558,-6.2172489379009e-15,1
3.75,128,0,3.75,0.00066803942343933,1.4966982998968e-05,6.637876626451e-12,-1.4868901689187e-10,14.855303955647,0.038585611827558,-6.2172489379009e-15,1
3.8,128,0,3.8,0.00066803840187838,1.4967005882196e-05,6.637876626451e-12,-1.4868901689187e-10,14.853374675055,0.038585611827558,-6.2172489379009e-15,1
3.85,128,0,3.85,0.00066803738031743,1.4967028765424e-05,6.637876626451e-12,-1.4868901689187e-10,14.851445394464,0.038585611827558,-6.2172489379009e-15,1
3.9,128,0,3.9,0.00066803635875649,1.4967051648652e-05,6.637876626451e-12,-1.4868901689187e-10,14.849516113873,0.038585611827558,-6.2172489379009e-15,1
3.95,128,0,3.95,0.00066803533719554,1.496707453188e-05,6.637876626451e-12,-1.4868901689187e-10,14.847586833281,0.038585611827558,-6.2172489379009e-15,1
4,128,0,4,0.00066803431563459,1.4967097415107e-05,6.637876626451e-12,-1.4868901689187e-10,14.84565755269,0.038585611827558,-6.2172489379009e-15,1
4.05,128,0,4.05,0.00066803465911731,1.496708972177e-05,3.719236957162e-12,-8.3332401964463e-11,14.843728272098,0.03858561182755,-9.7699626167014e-15,1
4.1,128,0,4.1,0.00066803500260004,1.4967082028432e-05,3.719236957162e-12,-8.3332401964463e-11,14.841798991507,0.03858561182755,-9.7699626167014e-15,1
4.15,128,0,4.15,0.00066803534608276,1.4967074335094e-05,3.719236957162e-12,-8.3332401964463e-11,14.839869710916,0.03858561182755,-9.7699626167014e-15,1
4.2,128,0,4.2,0.00066803568956549,1.4967066641756e-05,3.719236957162e-12,-8.3332401964463e-11,14.837940430324,0.03858561182755,-9.7699626167014e-15,1
4.25,128,0,4.25,0.00066803603304821,1.4967058948418e-05,3.719236957162e-12,-8.3332401964463e-11,14.836011149733,0.03858561182755,-9.7699626167014e-15,1
4.3,128,0,4.3,0.00066803637653094,1.496705125508e-05,3.719236957162e-12,-8.3332401964463e-11,14.834081869141,0.03858561182755,-9.7699626167014e-15,1
4.35,128,0,4.35,0.00066803672001366,1.4967043561742e-05,3.719236957162e-12,-8.3332401964463e-11,14.83215258855,0.03858561182755,-9.7699626167014e-15,1
4.4,128,0,4.4,0.00066803706349639,1.4967035868404e-05,3.719236957162e-12,-8.3332401964463e-11,14.830223307959,0.03858561182755,-9.7699626167014e-15,1
4.45,128,0,4.45,0.00066803740697912,1.4967028175067e-05,3.719236957162e-12,-8.3332401964463e-11,14.828294027367,0.03858561182755,-9.7699626167014e-15,1
4.5,128,0,4.5,0.00066803775046184,1.4967020481729e-05,3.719236957162e-12,-8.3332401964463e-11,14.826364746776,0.03858561182755,-9.7699626167014e-15,1
4.55,128,0,4.55,0.00066803809394457,1.4967012788391e-05,3.719236957162e-12,-8.3332401964463e-11,14.824435466185,0.03858561182755,-9.7699626167014e-15,1
4.6,128,0,4.6,0.00066803843742729,1.4967005095053e-05,3.719236957162e-12,-8.3332401964463e-11,14.822506185593,0.03858561182755,-9.7699626167014e-15,1
4.65,128,0,4.65,0.00066803878091002,1.4966997401715e-05,3.719236957162e-12,-8.3332401964463e-11,14.820576905002,0.03858561182755,-9.7699626167014e-15,1
4.7,128,0,4.7,0.00066803912439274,1.4966989708377e-05,3.719236957162e-12,-8.3332401964463e-11,14.81864762441,0.03858561182755,-9.7699626167014e-15,1
4.75,128,0,4.75,0.00066803946787547,1.4966982015039e-05,3.719236957162e-12,-8.3332401964463e-11,14.816718343819,0.03858561182755,-9.7699626167014e-15,1
4.8,128,0,4.8,0.00066803981135819,1.4966974321702e-05,3.719236957162e-12,-8.3332401964463e-11,14.814789063228,0.03858561182755,-9.7699626167014e-15,1
4.85,128,0,4.85,0.00066804015484092,1.4966966628364e-05,3.719236957162e-12,-8.3332401964463e-11,14.812859782636,0.03858561182755,-9.7699626167014e-15,1
4.9,128,0,4.9,0.00066804049832364,1.4966958935026e-05,3.719236957162e-12,-8.3332401964463e-11,14.810930502045,0.03858561182755,-9.7699626167014e-15,1
4.95,128,0,4.95,0.00066804084180637,1.4966951241688e-05,3.719236957162e-12,-8.3332401964463e-11,14.809001221454,0.03858561182755,-9.7699626167014e-15,1
5,128,0,5,0.00066804118528909,1.496694354835e-05,3.719236957162e-12,-8.3332401964463e-11,14.807071940862,0.03858561182755,-9.7699626167014e-15,1
5.05,128,0,5.05,0.00066804155043418,1.4966935368193e-05,-8.9071314585631e-12,1.9954116040638e-10,14.805142660271,0.038585611827598,-1.498801083244e-14,1
5.1,128,0,5.1,0.00066804191557927,1.4966927188035e-05,-8.9071314585631e-12,1.9954116040638e-10,14.803213379679,0.038585611827598,-1.498801083244e-14,1
5.15,128,0,5.15,0.00066804228072437,1.4966919007878e-05,-8.9071314585631e-12,1.9954116040638e-10,14.801284099088,0.038585611827598,-1.498801083244e-14,1
5.2,128,0,5.2,0.00066804264586946,1.496691082772e-05,-8.9071314585631e-12,1.9954116040638e-10,14.799354818497,0.038585611827598,-1.498801083244e-14,1
5.25,128,0,5.25,0.00066804301101455,1.4966902647563e-05,-8.9071314585631e-12,1.9954116040638e-10,14.797425537905,0.038585611827598,-1.498801083244e-14,1
5.3,128,0,5.3,0.00066804337615964,1.4966894467406e-05,-8.9071314585631e-12,1.9954116040638e-10,14.795496257314,0.038585611827598,-1.498801083244e-14,1
5.35,128,0,5.35,0.00066804374130473,1.4966886287248e-05,-8.9071314585631e-12,1.9954116040638e-10,14.793566976723,0.038585611827598,-1.498801083244e-14,1
5.4,128,0,5.4,0.00066804410644982,1.4966878107091e-05,-8.9071314585631e-12,1.9954116040638e-10,14.791637696131,0.038585611827598,-1.498801083244e-14,1
5.45,128,0,5.45,0.00066804447159491,1.4966869926933e-05,-8.9071314585631e-12,1.9954116040638e-10,14.78970841554,0.038585611827598,-1.498801083244e-14,1
5.5,128,0,5.5,0.00066804483674,1.4966861746776e-05,-8.9071314585631e-12,1.9954116040638e-10,14.787779134948,0.038585611827598,-1.498801083244e-14,1
5.55,128,0,5.55,0.00066804520188509,1.4966853566619e-05,-8.9071314585631e-12,1.9954116040638e-10,14.785849854357,0.038585611827598,-1.498801083244e-14,1
5.6,128,0,5.6,0.00066804556703018,1.4966845386461e-05,-8.9071314585631e-12,1.9954116040638e-10,14.783920573766,0.038585611827598,-1.498801083244e-14,1
5.65,128,0,5.65,0.00066804593217528,1.4966837206304e-05,-8.9071314585631e-12,1.9954116040638e-10,14.781991293174,0.038585611827598,-1.498801083244e-14,1
5.7,128,0,5.7,0.00066804629732037,1.4966829026146e-05,-8.9071314585631e-12,1.9954116040638e-10,14.780062012583,0.038585611827598,-1.498801083244e-14,1
5.75,128,0,5.75,0.00066804666246546,1.4966820845989e-05,-8.9071314585631e-12,1.9954116040638e-10,14.778132731992,0.038585611827598,-1.498801083244e-14,1
5.8,128,0,5.8,0.00066804702761055,1.4966812665832e-05,-8.9071314585631e-12,1.9954116040638e-10,14.7762034514,0.038585611827598,-1.498801083244e-14,1
5.85,128,0,5.85,0.00066804739275564,1.4966804485674e-05,-8.9071314585631e-12,1.9954116040638e-10,14.774274170809,0.038585611827598,-1.498801083244e-14,1
5.9,128,0,5.9,0.00066804775790073,1.4966796305517e-05,-8.9071314585631e-12,1.9954116040638e-10,14.772344890217,0.038585611827598,-1.498801083244e-14,1
5.95,128,0,5.95,0.00066804812304582,1.4966788125359e-05,-8.9071314585631e-12,1.9954116040638e-10,14.770415609626,0.038585611827598,-1.498801083244e-14,1
6,128,0,6,0.00066804848819091,1.4966779945202e-05,-8.9071314585631e-12,1.9954116040638e-10,14.768486329035,0.038585611827598,-1.498801083244e-14,1
6.05,128,0,6.05,0.00066804842361251,1.4966781392271e-05,1.1093724599151e-11,-2.4852042958107e-10,14.766557048443,0.03858561182754,9.1038288019263e-15,1
6.1,128,0,6.1,0.00066804835903411,1.496678283934e-05,1.1093724599151e-11,-2.4852042958107e-10,14.764627767852,0.03858561182754,9.1038288019263e-15,1
6.15,128,0,6.15,0.00066804829445571,1.496678428641e-05,1.1093724599151e-11,-2.4852042958107e-10,14.76269848726,0.03858561182754,9.1038288019263e-15,1
6.2,128,0,6.2,0.00066804822987731,1.4966785733479e-05,1.1093724599151e-11,-2.4852042958107e-10,14.760769206669,0.03858561182754,9.1038288019263e-15,1
6.25,128,0,6.25,0.00066804816529891,1.4966787180548e-05,1.1093724599151e-11,-2.4852042958107e-10,14.758839926078,0.03858561182754,9.1038288019263e-15,1
6.3,128,0,6.3,0.00066804810072051,1.4966788627617e-05,1.1093724599151e-11,-2.4852042958107e-10,14.756910645486,0.03858561182754,9.1038288019263e-15,1
6.35,128,0,6.35,0.00066804803614211,1.4966790074686e-05,1.1093724599151e-11,-2.4852042958107e-10,14.754981364895,0.03858561182754,9.1038288019263e-15,1
6.4,128,0,6.4,0.00066804797156371,1.4966791521755e-05,1.1093724599151e-11,-2.4852042958107e-10,14.753052084304,0.03858561182754,9.1038288019263e-15,1
6.45,128,0,6.45,0.00066804790698531,1.4966792968825e-05,1.1093724599151e-11,-2.4852042958107e-10,14.751122803712,0.03858561182754,9.1038288019263e-15,1
6.5,128,0,6.5,0.00066804784240691,1.4966794415894e-05,1.1093724599151e-11,-2.4852042958107e-10,14.749193523121,0.03858561182754,9.1038288019263e-15,1
6.55,128,0,6.55,0.00066804777782851,1.4966795862963e-05,1.1093724599151e-11,-2.4852042958107e-10,14.747264242529,0.03858561182754,9.1038288019263e-15,1
6.6,128,0,6.6,0.00066804771325011,1.4966797310032e-05,1.1093724599151e-11,-2.4852042958107e-10,14.745334961938,0.03858561182754,9.1038288019263e-15,1
6.65,128,0,6.65,0.00066804764867171,1.4966798757101e-05,1.1093724599151e-11,-2.4852042958107e-10,14.743405681347,0.03858561182754,9.1038288019263e-15,1
6.7,128,0,6.7,0.00066804758409332,1.4966800204171e-05,1.1093724599151e-11,-2.4852042958107e-10,14.741476400755,0.03858561182754,9.1038288019263e-15,1
6.75,128,0,6.75,0.00066804751951492,1.496680165124e-05,1.1093724599151e-11,-2.4852042958107e-10,14.739547120164,0.03858561182754,9.1038288019263e-15,1
6.8,128,0,6.8,0.00066804745493652,1.4966803098309e-05,1.1093724599151e-11,-2.4852042958107e-10,14.737617839573,0.03858561182754,9.1038288019263e-15,1
6.85,128,0,6.85,0.00066804739035812,1.4966804545378e-05,1.1093724599151e-11,-2.4852042958107e-10,14.735688558981,0.03858561182754,9.1038288019263e-15,1
6.9,128,0,6.9,0.00066804732577972,1.4966805992447e-05,1.1093724599151e-11,-2.4852042958107e-10,14.73375927839,0.03858561182754,9.1038288019263e-15,1
6.95,128,0,6.95,0.00066804726120132,1.4966807439516e-05,1.1093724599151e-11,-2.4852042958107e-10,14.731829997798,0.03858561182754,9.1038288019263e-15,1
7,128,0,7,0.00066804719662292,1.4966808886586e-05,1.1093724599151e-11,-2.4852042958107e-10,14.729900717207,0.03858561182754,9.1038288019263e-15,1
7.05,128,0,7.05,0.00066804672842405,1.496681937429e-05,-1.1183451897848e-11,2.5052656752724e-10,14.727971436616,0.038585611827536,6.6613381477509e-16,1
7.1,128,0,7.1,0.00066804626022519,1.4966829861995e-05,-1.1183451897848e-11,2.5052656752724e-10,14.726042156024,0.038585611827536,6.6613381477509e-16,1
7.15,128,0,7.15,0.00066804579202632,1.49668403497e-05,-1.1183451897848e-11,2.5052656752724e-10,14.724112875433,0.038585611827536,6.6613381477509e-16,1
7.2,128,0,7.2,0.00066804532382746,1.4966850837405e-05,-1.1183451897848e-11,2.5052656752724e-10,14.722183594842,0.038585611827536,6.6613381477509e-16,1
7.25,128,0,7.25,0.00066804485562859,1.4966861325109e-05,-1.1183451897848e-11,2.5052656752724e-10,14.72025431425,0.038585611827536,6.6613381477509e-16,1
7.3,128,0,7.3,0.00066804438742973,1.4966871812814e-05,-1.1183451897848e-11,2.5052656752724e-10,14.718325033659,0.038585611827536,6.6613381477509e-16,1
7.35,128,0,7.35,0.00066804391923087,1.4966882300519e-05,-1.1183451897848e-11,2.5052656752724e-10,14.716395753067,0.038585611827536,6.6613381477509e-16,1
7.4,128,0,7.4,0.000668043451032,1.4966892788224e-05,-1.1183451897848e-11,2.5052656752724e-10,14.714466472476,0.038585611827536,6.6613381477509e-16,1
7.45,128,0,7.45,0.00066804298283314,1.4966903275928e-05,-1.1183451897848e-11,2.5052656752724e-10,14.712537191885,0.038585611827536,6.6613381477509e-16,1
7.5,128,0,7.5,0.00066804251463427,1.4966913763633e-05,-1.1183451897848e-11,2.5052656752724e-10,14.710607911293,0.038585611827536,6.6613381477509e-16,1
7.55,128,0,7.55,0.00066804204643541,1.4966924251338e-05,-1.1183451897848e-11,2.5052656752724e-10,14.708678630702,0.038585611827536,6.6613381477509e-16,1
7.6,128,0,7.6,0.00066804157823655,1.4966934739043e-05,-1.1183451897848e-11,2.5052656752724e-10,14.706749350111,0.038585611827536,6.6613381477509e-16,1
7.65,128,0,7.65,0.00066804111003768,1.4966945226747e-05,-1.1183451897848e-11,2.5052656752724e-10,14.704820069519,0.038585611827536,6.6613381477509e-16,1
7.7,128,0,7.7,0.00066804064183882,1.4966955714452e-05,-1.1183451897848e-11,2.5052656752724e-10,14.702890788928,0.038585611827536,6.6613381477509e-16,1
7.75,128,0,7.75,0.00066804017363995,1.4966966202157e-05,-1.1183451897848e-11,2.5052656752724e-10,14.700961508336,0.038585611827536,6.6613381477509e-16,1
7.8,128,0,7.8,0.00066803970544109,1.4966976689861e-05,-1.1183451897848e-11,2.5052656752724e-10,14.699032227745,0.038585611827536,6.6613381477509e-16,1
7.85,128,0,7.85,0.00066803923724222,1.4966987177566e-05,-1.1183451897848e-11,2.5052656752724e-10,14.697102947154,0.038585611827536,6.6613381477509e-16,1
7.9,128,0,7.9,0.00066803876904336,1.4966997665271e-05,-1.1183451897848e-11,2.5052656752724e-10,14.695173666562,0.038585611827536,6.6613381477509e-16,1
7.95,128,0,7.95,0.0006680383008445,1.4967008152976e-05,-1.1183451897848e-11,2.5052656752724e-10,14.693244385971,0.038585611827536,6.6613381477509e-16,1
8,128,0,8,0.00066803783264563,1.496701864068e-05,-1.1183451897848e-11,2.5052656752724e-10,14.69131510538,0.038585611827536,6.6613381477509e-16,1
8.05,128,0,8.05,0.00066803794724456,1.4967016073684e-05,1.0605454674835e-11,-2.375755621466e-10,14.689385824788,0.038585611827589,6.6613381477509e-15,1
8.1,128,0,8.1,0.0006680380618435,1.4967013506687e-05,1.0605454674835e-11,-2.375755621466e-10,14.687456544197,0.038585611827589,6.6613381477509e-15,1
8.15,128,0,8.15,0.00066803817644243,1.496701093969e-05,1.0605454674835e-11,-2.375755621466e-10,14.685527263605,0.038585611827589,6.6613381477509e-15,1
8.2,128,0,8.2,0.00066803829104136,1.4967008372693e-05,1.0605454674835e-11,-2.375755621466e-10,14.683597983014,0.038585611827589,6.6613381477509e-15,1
8.25,128,0,8.25,0.00066803840564029,1.4967005805696e-05,1.0605454674835e-11,-2.375755621466e-10,14.681668702423,0.038585611827589,6.6613381477509e-15,1
8.3,128,0,8.3,0.00066803852023922,1.4967003238699e-05,1.0605454674835e-11,-2.375755621466e-10,14.679739421831,0.038585611827589,6.6613381477509e-15,1
8.35,128,0,8.35,0.00066803863483816,1.4967000671702e-05,1.0605454674835e-11,-2.375755621466e-10,14.67781014124,0.038585611827589,6.6613381477509e-15,1
8.4,128,0,8.4,0.00066803874943709,1.4966998104705e-05,1.0605454674835e-11,-2.375755621466e-10,14.675880860649,0.038585611827589,6.6613381477509e-15,1
8.45,128,0,8.45,0.00066803886403602,1.4966995537708e-05,1.0605454674835e-11,-2.375755621466e-10,14.673951580057,0.038585611827589,6.6613381477509e-15,1
8.5,128,0,8.5,0.00066803897863495,1.4966992970711e-05,1.0605454674835e-11,-2.375755621466e-10,14.672022299466,0.038585611827589,6.6613381477509e-15,1
8.55,128,0,8.55,0.00066803909323388,1.4966990403714e-05,1.0605454674835e-11,-2.375755621466e-10,14.670093018874,0.038585611827589,6.6613381477509e-15,1
8.6,128,0,8.6,0.00066803920783282,1.4966987836717e-05,1.0605454674835e-11,-2.375755621466e-10,14.668163738283,0.038585611827589,6.6613381477509e-15,1
8.65,128,0,8.65,0.00066803932243175,1.4966985269721e-05,1.0605454674835e-11,-2.375755621466e-10,14.666234457692,0.038585611827589,6.6613381477509e-15,1
8.7,128,0,8.7,0.00066803943703068,1.4966982702724e-05,1.0605454674835e-11,-2.375755621466e-10,14.6643051771,0.038585611827589,6.6613381477509e-15,1
8.75,128,0,8.75,0.00066803955162961,1.4966980135727e-05,1.0605454674835e-11,-2.375755621466e-10,14.662375896509,0.038585611827589,6.6613381477509e-15,1
8.8,128,0,8.8,0.00066803966622854,1.496697756873e-05,1.0605454674835e-11,-2.375755621466e-10,14.660446615917,0.038585611827589,6.6613381477509e-15,1
8.85,128,0,8.85,0.00066803978082748,1.4966975001733e-05,1.0605454674835e-11,-2.375755621466e-10,14.658517335326,0.038585611827589,6.6613381477509e-15,1
8.9,128,0,8.9,0.00066803989542641,1.4966972434736e-05,1.0605454674835e-11,-2.375755621466e-10,14.656588054735,0.038585611827589,6.6613381477509e-15,1
8.95,128,0,8.95,0.00066804001002534,1.4966969867739e-05,1.0605454674835e-11,-2.375755621466e-10,14.654658774143,0.038585611827589,6.6613381477509e-15,1
9,128,0,9,0.00066804012462427,1.4966967300742e-05,1.0605454674835e-11,-2.375755621466e-10,14.652729493552,0.038585611827589,6.6613381477509e-15,1
9.05,128,0,9.05,0.00066804055617143,1.4966957633517e-05,-1.0951484449344e-11,2.4533064323356e-10,14.650800212961,0.03858561182752,2.8865798640254e-14,1
9.1,128,0,9.1,0.0006680409877186,1.4966947966292e-05,-1.0951484449344e-11,2.4533064323356e-10,14.648870932369,0.03858561182752,2.8865798640254e-14,1
9.15,128,0,9.15,0.00066804141926576,1.4966938299067e-05,-1.0951484449344e-11,2.4533064323356e-10,14.646941651778,0.03858561182752,2.8865798640254e-14,1
9.2,128,0,9.2,0.00066804185081292,1.4966928631842e-05,-1.0951484449344e-11,2.4533064323356e-10,14.645012371186,0.03858561182752,2.8865798640254e-14,1
9.25,128,0,9.25,0.00066804228236009,1.4966918964617e-05,-1.0951484449344e-11,2.4533064323356e-10,14.643083090595,0.03858561182752,2.8865798640254e-14,1
9.3,128,0,9.3,0.00066804271390725,1.4966909297393e-05,-1.0951484449344e-11,2.4533064323356e-10,14.641153810004,0.03858561182752,2.8865798640254e-14,1
9.35,128,0,9.35,0.00066804314545441,1.4966899630168e-05,-1.0951484449344e-11,2.4533064323356e-10,14.639224529412,0.03858561182752,2.8865798640254e-14,1
9.4,128,0,9.4,0.00066804357700157,1.4966889962943e-05,-1.0951484449344e-11,2.4533064323356e-10,14.637295248821,0.03858561182752,2.8865798640254e-14,1
9.45,128,0,9.45,0.00066804400854874,1.4966880295718e-05,-1.0951484449344e-11,2.4533064323356e-10,14.63536596823,0.03858561182752,2.8865798640254e-14,1
9.5,128,0,9.5,0.0006680444400959,1.4966870628493e-05,-1.0951484449344e-11,2.4533064323356e-10,14.633436687638,0.03858561182752,2.8865798640254e-14,1
9.55,128,0,9.55,0.00066804487164306,1.4966860961268e-05,-1.0951484449344e-11,2.4533064323356e-10,14.631507407047,0.03858561182752,2.8865798640254e-14,1
9.6,128,0,9.6,0.00066804530319022,1.4966851294043e-05,-1.0951484449344e-11,2.4533064323356e-10,14.629578126455,0.03858561182752,2.8865798640254e-14,1
9.65,128,0,9.65,0.00066804573473739,1.4966841626818e-05,-1.0951484449344e-11,2.4533064323356e-10,14.627648845864,0.03858561182752,2.8865798640254e-14,1
9.7,128,0,9.7,0.00066804616628455,1.4966831959593e-05,-1.0951484449344e-11,2.4533064323356e-10,14.625719565273,0.03858561182752,2.8865798640254e-14,1
9.75,128,0,9.75,0.00066804659783171,1.4966822292368e-05,-1.0951484449344e-11,2.4533064323356e-10,14.623790284681,0.03858561182752,2.8865798640254e-14,1
9.8,128,0,9.8,0.00066804702937887,1.4966812625143e-05,-1.0951484449344e-11,2.4533064323356e-10,14.62186100409,0.03858561182752,2.8865798640254e-14,1
9.85,128,0,9.85,0.00066804746092604,1.4966802957918e-05,-1.0951484449344e-11,2.4533064323356e-10,14.619931723499,0.03858561182752,2.8865798640254e-14,1
9.9,128,0,9.9,0.0006680478924732,1.4966793290694e-05,-1.0951484449344e-11,2.4533064323356e-10,14.618002442907,0.03858561182752,2.8865798640254e-14,1
9.95,128,0,9.95,0.00066804832402036,1.4966783623469e-05,-1.0951484449344e-11,2.4533064323356e-10,14.616073162316,0.03858561182752,2.8865798640254e-14,1
10,128,0,10,0.00066804875556752,1.4966773956244e-05,-1.0951484449344e-11,2.4533064323356e-10,14.614143881724,0.03858561182752,2.8865798640254e-14,1
10.05,128,0,10.05,0.00066804867446058,1.4966775773563e-05,1.1651417685131e-11,-2.6101367523619e-10,14.612214601133,0.038585611827604,2.5535129566379e-14,1
10.1,128,0,10.1,0.00066804859335364,1.4966777590881e-05,1.1651417685131e-11,-2.6101367523619e-10,14.610285320542,0.038585611827604,2.5535129566379e-14,1
10.15,128,0,10.15,0.0006680485122467,1.49667794082e-05,1.1651417685131e-11,-2.6101367523619e-10,14.60835603995,0.038585611827604,2.5535129566379e-14,1
10.2,128,0,10.2,0.00066804843113976,1.4966781225519e-05,1.1651417685131e-11,-2.6101367523619e-10,14.606426759359,0.038585611827604,2.5535129566379e-14,1
10.25,128,0,10.25,0.00066804835003282,1.4966783042838e-05,1.1651417685131e-11,-2.6101367523619e-10,14.604497478768,0.038585611827604,2.5535129566379e-14,1
10.3,128,0,10.3,0.00066804826892588,1.4966784860157e-05,1.1651417685131e-11,-2.6101367523619e-10,14.602568198176,0.038585611827604,2.5535129566379e-14,1
10.35,128,0,10.35,0.00066804818781894,1.4966786677476e-05,1.1651417685131e-11,-2.6101367523619e-10,14.600638917585,0.038585611827604,2.5535129566379e-14,1
10.4,128,0,10.4,0.000668048106712,1.4966788494795e-05,1.1651417685131e-11,-2.6101367523619e-10,14.598709636993,0.038585611827604,2.5535129566379e-14,1
10.45,128,0,10.45,0.00066804802560506,1.4966790312114e-05,1.1651417685131e-11,-2.6101367523619e-10,14.596780356402,0.038585611827604,2.5535129566379e-14,1
10.5,128,0,10.5,0.00066804794449812,1.4966792129433e-05,1.1651417685131e-11,-2.6101367523619e-10,14.594851075811,0.038585611827604,2.5535129566379e-14,1
10.55,128,0,10.55,0.00066804786339118,1.4966793946751e-05,1.1651417685131e-11,-2.6101367523619e-10,14.592921795219,0.038585611827604,2.5535129566379e-14,1
10.6,128,0,10.6,0.00066804778228424,1.496679576407e-05,1.1651417685131e-11,-2.6101367523619e-10,14.590992514628,0.038585611827604,2.5535129566379e-14,1
10.65,128,0,10.65,0.0006680477011773,1.4966797581389e-05,1.1651417685131e-11,-2.6101367523619e-10,14.589063234036,0.038585611827604,2.5535129566379e-14,1
10.7,128,0,10.7,0.00066804762007036,1.4966799398708e-05,1.1651417685131e-11,-2.6101367523619e-10,14.587133953445,0.038585611827604,2.5535129566379e-14,1
10.75,128,0,10.75,0.00066804753896341,1.4966801216027e-05,1.1651417685131e-11,-2.6101367523619e-10,14.585204672854,0.038585611827604,2.5535129566379e-14,1
10.8,128,0,10.8,0.00066804745785647,1.4966803033346e-05,1.1651417685131e-11,-2.6101367523619e-10,14.583275392262,0.038585611827604,2.5535129566379e-14,1
10.85,128,0,10.85,0.00066804737674953,1.4966804850665e-05,1.1651417685131e-11,-2.6101367523619e-10,14.581346111671,0.038585611827604,2.5535129566379e-14,1
10.9,128,0,10.9,0.00066804729564259,1.4966806667984e-05,1.1651417685131e-11,-2.6101367523619e-10,14.57941683108,0.038585611827604,2.5535129566379e-14,1
10.95,128,0,10.95,0.00066804721453565,1.4966808485302e-05,1.1651417685131e-11,-2.6101367523619e-10,14.577487550488,0.038585611827604,2.5535129566379e-14,1
11,128,0,11,0.00066804713342871,1.4966810302621e-05,1.1651417685131e-11,-2.6101367523619e-10,14.575558269897,0.038585611827604,2.5535129566379e-14,1
11.05,128,0,11.05,0.00066804666936008,1.496682069778e-05,-1.134693322661e-11,2.5418931495498e-10,14.573628989305,0.038585611827552,-2.1316282072803e-14,1
11.1,128,0,11.1,0.00066804620529145,1.4966831092938e-05,-1.134693322661e-11,2.5418931495498e-10,14.571699708714,0.038585611827552,-2.1316282072803e-14,1
11.15,128,0,11.15,0.00066804574122282,1.4966841488097e-05,-1.134693322661e-11,2.5418931495498e-10,14.569770428123,0.038585611827552,-2.1316282072803e-14,1
11.2,128,0,11.2,0.00066804527715419,1.4966851883255e-05,-1.134693322661e-11,2.5418931495498e-10,14.567841147531,0.038585611827552,-2.1316282072803e-14,1
11.25,128,0,11.25,0.00066804481308555,1.4966862278414e-05,-1.134693322661e-11,2.5418931495498e-10,14.56591186694,0.038585611827552,-2.1316282072803e-14,1
11.3,128,0,11.3,0.00066804434901692,1.4966872673572e-05,-1.134693322661e-11,2.5418931495498e-10,14.563982586349,0.038585611827552,-2.1316282072803e-14,1
11.35,128,0,11.35,0.00066804388494829,1.496688306873e-05,-1.134693322661e-11,2.5418931495498e-10,14.562053305757,0.038585611827552,-2.1316282072803e-14,1
11.4,128,0,11.4,0.00066804342087966,1.4966893463889e-05,-1.134693322661e-11,2.5418931495498e-10,14.560124025166,0.038585611827552,-2.1316282072803e-14,1
11.45,128,0,11.45,0.00066804295681103,1.4966903859047e-05,-1.134693322661e-11,2.5418931495498e-10,14.558194744574,0.038585611827552,-2.1316282072803e-14,1
11.5,128,0,11.5,0.0006680424927424,1.4966914254206e-05,-1.134693322661e-11,2.5418931495498e-10,14.556265463983,0.038585611827552,-2.1316282072803e-14,1
11.55,128,0,11.55,0.00066804202867376,1.4966924649364e-05,-1.134693322661e-11,2.5418931495498e-10,14.554336183392,0.038585611827552,-2.1316282072803e-14,1
11.6,128,0,11.6,0.00066804156460513,1.4966935044523e-05,-1.134693322661e-11,2.5418931495498e-10,14.5524069028,0.038585611827552,-2.1316282072803e-14,1
11.65,128,0,11.65,0.0006680411005365,1.4966945439681e-05,-1.134693322661e-11,2.5418931495498e-10,14.550477622209,0.038585611827552,-2.1316282072803e-14,1
11.7,128,0,11.7,0.00066804063646787,1.496695583484e-05,-1.134693322661e-11,2.5418931495498e-10,14.548548341618,0.038585611827552,-2.1316282072803e-14,1
11.75,128,0,11.75,0.00066804017239924,1.4966966229998e-05,-1.134693322661e-11,2.5418931495498e-10,14.546619061026,0.038585611827552,-2.1316282072803e-14,1
11.8,128,0,11.8,0.00066803970833061,1.4966976625156e-05,-1.134693322661e-11,2.5418931495498e-10,14.544689780435,0.038585611827552,-2.1316282072803e-14,1
11.85,128,0,11.85,0.00066803924426197,1.4966987020315e-05,-1.134693322661e-11,2.5418931495498e-10,14.542760499843,0.038585611827552,-2.1316282072803e-14,1
11.9,128,0,11.9,0.00066803878019334,1.4966997415473e-05,-1.134693322661e-11,2.5418931495498e-10,14.540831219252,0.038585611827552,-2.1316282072803e-14,1
11.95,128,0,11.95,0.00066803831612471,1.4967007810632e-05,-1.134693322661e-11,2.5418931495498e-10,14.538901938661,0.038585611827552,-2.1316282072803e-14,1
12,128,0,12,0.00066803785205608,1.496701820579e-05,-1.134693322661e-11,2.5418931495498e-10,14.536972658069,0.038585611827552,-2.1316282072803e-14,1
12.05,128,0,12.05,0.00066803796533559,1.4967015668355e-05,1.0661672392829e-11,-2.3883494980204e-10,14.535043377478,0.038585611827558,-2.3980817331903e-14,1
12.1,128,0,12.1,0.0006680380786151,1.496701313092e-05,1.0661672392829e-11,-2.3883494980204e-10,14.533114096887,0.038585611827558,-2.3980817331903e-14,1
12.15,128,0,12.15,0.00066803819189461,1.4967010593485e-05,1.0661672392829e-11,-2.3883494980204e-10,14.531184816295,0.038585611827558,-2.3980817331903e-14,1
12.2,128,0,12.2,0.00066803830517412,1.496700805605e-05,1.0661672392829e-11,-2.3883494980204e-10,14.529255535704,0.038585611827558,-2.3980817331903e-14,1
12.25,128,0,12.25,0.00066803841845363,1.4967005518615e-05,1.0661672392829e-11,-2.3883494980204e-10,14.527326255112,0.038585611827558,-2.3980817331903e-14,1
12.3,128,0,12.3,0.00066803853173314,1.496700298118e-05,1.0661672392829e-11,-2.3883494980204e-10,14.525396974521,0.038585611827558,-2.3980817331903e-14,1
12.35,128,0,12.35,0.00066803864501265,1.4967000443745e-05,1.0661672392829e-11,-2.3883494980204e-10,14.52346769393,0.038585611827558,-2.3980817331903e-14,1
12.4,128,0,12.4,0.00066803875829216,1.496699790631e-05,1.0661672392829e-11,-2.3883494980204e-10,14.521538413338,0.038585611827558,-2.3980817331903e-14,1
12.45,128,0,12.45,0.00066803887157168,1.4966995368875e-05,1.0661672392829e-11,-2.3883494980204e-10,14.519609132747,0.038585611827558,-2.3980817331903e-14,1
12.5,128,0,12.5,0.00066803898485119,1.496699283144e-05,1.0661672392829e-11,-2.3883494980204e-10,14.517679852156,0.038585611827558,-2.3980817331903e-14,1
12.55,128,0,12.55,0.0006680390981307,1.4966990294005e-05,1.0661672392829e-11,-2.3883494980204e-10,14.515750571564,0.038585611827558,-2.3980817331903e-14,1
12.6,128,0,12.6,0.00066803921141021,1.496698775657e-05,1.0661672392829e-11,-2.3883494980204e-10,14.513821290973,0.038585611827558,-2.3980817331903e-14,1
12.65,128,0,12.65,0.00066803932468972,1.4966985219134e-05,1.0661672392829e-11,-2.3883494980204e-10,14.511892010381,0.038585611827558,-2.3980817331903e-14,1
12.7,128,0,12.7,0.00066803943796923,1.4966982681699e-05,1.0661672392829e-11,-2.3883494980204e-10,14.50996272979,0.038585611827558,-2.3980817331903e-14,1
12.75,128,0,12.75,0.00066803955124874,1.4966980144264e-05,1.0661672392829e-11,-2.3883494980204e-10,14.508033449199,0.038585611827558,-2.3980817331903e-14,1
12.8,128,0,12.8,0.00066803966452825,1.4966977606829e-05,1.0661672392829e-11,-2.3883494980204e-10,14.506104168607,0.038585611827558,-2.3980817331903e-14,1
12.85,128,0,12.85,0.00066803977780776,1.4966975069394e-05,1.0661672392829e-11,-2.3883494980204e-10,14.504174888016,0.038585611827558,-2.3980817331903e-14,1
12.9,128,0,12.9,0.00066803989108727,1.4966972531959e-05,1.0661672392829e-11,-2.3883494980204e-10,14.502245607424,0.038585611827558,-2.3980817331903e-14,1
12.95,128,0,12.95,0.00066804000436678,1.4966969994524e-05,1.0661672392829e-11,-2.3883494980204e-10,14.500316326833,0.038585611827558,-2.3980817331903e-14,1
13,128,0,13,0.00066804011764629,1.4966967457089e-05,1.0661672392829e-11,-2.3883494980204e-10,14.498387046242,0.038585611827558,-2.3980817331903e-14,1
13.05,128,0,13.05,0.00066804054923579,1.4966957788911e-05,-1.0970158713803e-11,2.4574898770834e-10,14.49645776565,0.038585611827538,1.3100631690577e-14,1
13.1,128,0,13.1,0.00066804098082529,1.4966948120733e-05,-1.0970158713803e-11,2.4574898770834e-10,14.494528485059,0.038585611827538,1.3100631690577e-14,1
13.15,128,0,13.15,0.00066804141241478,1.4966938452554e-05,-1.0970158713803e-11,2.4574898770834e-10,14.492599204468,0.038585611827538,1.3100631690577e-14,1
13.2,128,0,13.2,0.00066804184400428,1.4966928784376e-05,-1.0970158713803e-11,2.4574898770834e-10,14.490669923876,0.038585611827538,1.3100631690577e-14,1
13.25,128,0,13.25,0.00066804227559378,1.4966919116198e-05,-1.0970158713803e-11,2.4574898770834e-10,14.488740643285,0.038585611827538,1.3100631690577e-14,1
13.3,128,0,13.3,0.00066804270718327,1.496690944802e-05,-1.0970158713803e-11,2.4574898770834e-10,14.486811362693,0.038585611827538,1.3100631690577e-14,1
13.35,128,0,13.35,0.00066804313877277,1.4966899779842e-05,-1.0970158713803e-11,2.4574898770834e-10,14.484882082102,0.038585611827538,1.3100631690577e-14,1
13.4,128,0,13.4,0.00066804357036226,1.4966890111663e-05,-1.0970158713803e-11,2.4574898770834e-10,14.482952801511,0.038585611827538,1.3100631690577e-14,1
13.45,128,0,13.45,0.00066804400195176,1.4966880443485e-05,-1.0970158713803e-11,2.4574898770834e-10,14.481023520919,0.038585611827538,1.3100631690577e-14,1
13.5,128,0,13.5,0.00066804443354126,1.4966870775307e-05,-1.0970158713803e-11,2.4574898770834e-10,14.479094240328,0.038585611827538,1.3100631690577e-14,1
13.55,128,0,13.55,0.00066804486513075,1.4966861107129e-05,-1.0970158713803e-11,2.4574898770834e-10,14.477164959737,0.038585611827538,1.3100631690577e-14,1
13.6,128,0,13.6,0.00066804529672025,1.4966851438951e-05,-1.0970158713803e-11,2.4574898770834e-10,14.475235679145,0.038585611827538,1.3100631690577e-14,1
13.65,128,0,13.65,0.00066804572830975,1.4966841770772e-05,-1.0970158713803e-11,2.4574898770834e-10,14.473306398554,0.038585611827538,1.3100631690577e-14,1
13.7,128,0,13.7,0.00066804615989924,1.4966832102594e-05,-1.0970158713803e-11,2.4574898770834e-10,14.471377117962,0.038585611827538,1.3100631690577e-14,1
13.75,128,0,13.75,0.00066804659148874,1.4966822434416e-05,-1.0970158713803e-11,2.4574898770834e-10,14.469447837371,0.038585611827538,1.3100631690577e-14,1
13.8,128,0,13.8,0.00066804702307824,1.4966812766238e-05,-1.0970158713803e-11,2.4574898770834e-10,14.46751855678,0.038585611827538,1.3100631690577e-14,1
13.85,128,0,13.85,0.00066804745466773,1.496680309806e-05,-1.0970158713803e-11,2.4574898770834e-10,14.465589276188,0.038585611827538,1.3100631690577e-14,1
13.9,128,0,13.9,0.00066804788625723,1.4966793429881e-05,-1.0970158713803e-11,2.4574898770834e-10,14.463659995597,0.038585611827538,1.3100631690577e-14,1
13.95,128,0,13.95,0.00066804831784673,1.4966783761703e-05,-1.0970158713803e-11,2.4574898770834e-10,14.461730715006,0.038585611827538,1.3100631690577e-14,1
14,128,0,14,0.00066804874943622,1.4966774093525e-05,-1.0970158713803e-11,2.4574898770834e-10,14.459801434414,0.038585611827538,1.3100631690577e-14,1
14.05,128,0,14.05,0.00066804866875879,1.496677590123e-05,1.1660674107216e-11,-2.6122112665902e-10,14.457872153823,0.038585611827599,1.0880185641327e-14,1
14.1,128,0,14.1,0.00066804858808136,1.4966777708935e-05,1.1660674107216e-11,-2.6122112665902e-10,14.455942873231,0.038585611827599,1.0880185641327e-14,1
14.15,128,0,14.15,0.00066804850740392,1.4966779516641e-05,1.1660674107216e-11,-2.6122112665902e-10,14.45401359264,0.038585611827599,1.0880185641327e-14,1
14.2,128,0,14.2,0.00066804842672649,1.4966781324346e-05,1.1660674107216e-11,-2.6122112665902e-10,14.452084312049,0.038585611827599,1.0880185641327e-14,1
14.25,128,0,14.25,0.00066804834604905,1.4966783132051e-05,1.1660674107216e-11,-2.6122112665902e-10,14.450155031457,0.038585611827599,1.0880185641327e-14,1
14.3,128,0,14.3,0.00066804826537162,1.4966784939756e-05,1.1660674107216e-11,-2.6122112665902e-10,14.448225750866,0.038585611827599,1.0880185641327e-14,1
14.35,128,0,14.35,0.00066804818469419,1.4966786747461e-05,1.1660674107216e-11,-2.6122112665902e-10,14.446296470275,0.038585611827599,1.0880185641327e-14,1
14.4,128,0,14.4,0.00066804810401675,1.4966788555166e-05,1.1660674107216e-11,-2.6122112665902e-10,14.444367189683,0.038585611827599,1.0880185641327e-14,1
14.45,128,0,14.45,0.00066804802333932,1.4966790362872e-05,1.1660674107216e-11,-2.6122112665902e-10,14.442437909092,0.038585611827599,1.0880185641327e-14,1
14.5,128,0,14.5,0.00066804794266188,1.4966792170577e-05,1.1660674107216e-11,-2.6122112665902e-10,14.4405086285,0.038585611827599,1.0880185641327e-14,1
14.55,128,0,14.55,0.00066804786198445,1.4966793978282e-05,1.1660674107216e-11,-2.6122112665902e-10,14.438579347909,0.038585611827599,1.0880185641327e-14,1
14.6,128,0,14.6,0.00066804778130702,1.4966795785987e-05,1.1660674107216e-11,-2.6122112665902e-10,14.436650067318,0.038585611827599,1.0880185641327e-14,1
14.65,128,0,14.65,0.00066804770062958,1.4966797593692e-05,1.1660674107216e-11,-2.6122112665902e-10,14.434720786726,0.038585611827599,1.0880185641327e-14,1
14.7,128,0,14.7,0.00066804761995215,1.4966799401397e-05,1.1660674107216e-11,-2.6122112665902e-10,14.432791506135,0.038585611827599,1.0880185641327e-14,1
14.75,128,0,14.75,0.00066804753927471,1.4966801209103e-05,1.1660674107216e-11,-2.6122112665902e-10,14.430862225543,0.038585611827599,1.0880185641327e-14,1
14.8,128,0,14.8,0.00066804745859728,1.4966803016808e-05,1.1660674107216e-11,-2.6122112665902e-10,14.428932944952,0.038585611827599,1.0880185641327e-14,1
14.85,128,0,14.85,0.00066804737791985,1.4966804824513e-05,1.1660674107216e-11,-2.6122112665902e-10,14.427003664361,0.038585611827599,1.0880185641327e-14,1
14.9,128,0,14.9,0.00066804729724241,1.4966806632218e-05,1.1660674107216e-11,-2.6122112665902e-10,14.425074383769,0.038585611827599,1.0880185641327e-14,1
14.95,128,0,14.95,0.00066804721656498,1.4966808439923e-05,1.1660674107216e-11,-2.6122112665902e-10,14.423145103178,0.038585611827599,1.0880185641327e-14,1
15,128,0,15,0.00066804713588754,1.4966810247628e-05,1.1660674107216e-11,-2.6122112665902e-10,14.421215822587,0.038585611827599,1.0880185641327e-14,1
15.05,128,0,15.05,0.00066804667194742,1.4966820639903e-05,-1.1355199098579e-11,2.543745582431e-10,14.419286541995,0.038585611827542,2.1982415887578e-14,1
15.1,128,0,15.1,0.0006680462080073,1.4966831032178e-05,-1.1355199098579e-11,2.543745582431e-10,14.417357261404,0.038585611827542,2.1982415887578e-14,1
15.15,128,0,15.15,0.00066804574406718,1.4966841424453e-05,-1.1355199098579e-11,2.543745582431e-10,14.415427980812,0.038585611827542,2.1982415887578e-14,1
15.2,128,0,15.2,0.00066804528012706,1.4966851816728e-05,-1.1355199098579e-11,2.543745582431e-10,14.413498700221,0.038585611827542,2.1982415887578e-14,1
15.25,128,0,15.25,0.00066804481618694,1.4966862209003e-05,-1.1355199098579e-11,2.543745582431e-10,14.41156941963,0.038585611827542,2.1982415887578e-14,1
15.3,128,0,15.3,0.00066804435224682,1.4966872601278e-05,-1.1355199098579e-11,2.543745582431e-10,14.409640139038,0.038585611827542,2.1982415887578e-14,1
15.35,128,0,15.35,0.0006680438883067,1.4966882993553e-05,-1.1355199098579e-11,2.543745582431e-10,14.407710858447,0.038585611827542,2.1982415887578e-14,1
15.4,128,0,15.4,0.00066804342436658,1.4966893385828e-05,-1.1355199098579e-11,2.543745582431e-10,14.405781577856,0.038585611827542,2.1982415887578e-14,1
15.45,128,0,15.45,0.00066804296042646,1.4966903778103e-05,-1.1355199098579e-11,2.543745582431e-10,14.403852297264,0.038585611827542,2.1982415887578e-14,1
15.5,128,0,15.5,0.00066804249648634,1.4966914170378e-05,-1.1355199098579e-11,2.543745582431e-10,14.401923016673,0.038585611827542,2.1982415887578e-14,1
15.55,128,0,15.55,0.00066804203254622,1.4966924562653e-05,-1.1355199098579e-11,2.543745582431e-10,14.399993736081,0.038585611827542,2.1982415887578e-14,1
15.6,128,0,15.6,0.0006680415686061,1.4966934954928e-05,-1.1355199098579e-11,2.543745582431e-10,14.39806445549,0.038585611827542,2.1982415887578e-14,1
15.65,128,0,15.65,0.00066804110466598,1.4966945347203e-05,-1.1355199098579e-11,2.543745582431e-10,14.396135174899,0.038585611827542,2.1982415887578e-14,1
15.7,128,0,15.7,0.00066804064072586,1.4966955739478e-05,-1.1355199098579e-11,2.543745582431e-10,14.394205894307,0.038585611827542,2.1982415887578e-14,1
15.75,128,0,15.75,0.00066804017678574,1.4966966131753e-05,-1.1355199098579e-11,2.543745582431e-10,14.392276613716,0.038585611827542,2.1982415887578e-14,1
15.8,128,0,15.8,0.00066803971284562,1.4966976524028e-05,-1.1355199098579e-11,2.543745582431e-10,14.390347333125,0.038585611827542,2.1982415887578e-14,1
15.85,128,0,15.85,0.0006680392489055,1.4966986916302e-05,-1.1355199098579e-11,2.543745582431e-10,14.388418052533,0.038585611827542,2.1982415887578e-14,1
15.9,128,0,15.9,0.00066803878496538,1.4966997308577e-05,-1.1355199098579e-11,2.543745582431e-10,14.386488771942,0.038585611827542,2.1982415887578e-14,1
15.95,128,0,15.95,0.00066803832102526,1.4967007700852e-05,-1.1355199098579e-11,2.543745582431e-10,14.38455949135,0.038585611827542,2.1982415887578e-14,1
16,128,0,16,0.00066803785708514,1.4967018093127e-05,-1.1355199098579e-11,2.543745582431e-10,14.382630210759,0.038585611827542,2.1982415887578e-14,1
16.05,128,0,16.05,0.00066803796948821,1.4967015575324e-05,1.0666325031238e-11,-2.389391837184e-10,14.380700930168,0.038585611827569,1.2656542480727e-14,1
16.1,128,0,16.1,0.00066803808189128,1.4967013057522e-05,1.0666325031238e-11,-2.389391837184e-10,14.378771649576,0.038585611827569,1.2656542480727e-14,1
16.15,128,0,16.15,0.00066803819429435,1.4967010539719e-05,1.0666325031238e-11,-2.389391837184e-10,14.376842368985,0.038585611827569,1.2656542480727e-14,1
16.2,128,0,16.2,0.00066803830669742,1.4967008021916e-05,1.0666325031238e-11,-2.389391837184e-10,14.374913088394,0.038585611827569,1.2656542480727e-14,1
16.25,128,0,16.25,0.00066803841910049,1.4967005504113e-05,1.0666325031238e-11,-2.389391837184e-10,14.372983807802,0.038585611827569,1.2656542480727e-14,1
16.3,128,0,16.3,0.00066803853150356,1.496700298631e-05,1.0666325031238e-11,-2.389391837184e-10,14.371054527211,0.038585611827569,1.2656542480727e-14,1
16.35,128,0,16.35,0.00066803864390663,1.4967000468507e-05,1.0666325031238e-11,-2.389391837184e-10,14.369125246619,0.038585611827569,1.2656542480727e-14,1
16.4,128,0,16.4,0.00066803875630969,1.4966997950704e-05,1.0666325031238e-11,-2.389391837184e-10,14.367195966028,0.038585611827569,1.2656542480727e-14,1
16.45,128,0,16.45,0.00066803886871276,1.4966995432902e-05,1.0666325031238e-11,-2.389391837184e-10,14.365266685437,0.038585611827569,1.2656542480727e-14,1
16.5,128,0,16.5,0.00066803898111583,1.4966992915099e-05,1.0666325031238e-11,-2.389391837184e-10,14.363337404845,0.038585611827569,1.2656542480727e-14,1
16.55,128,0,16.55,0.0006680390935189,1.4966990397296e-05,1.0666325031238e-11,-2.389391837184e-10,14.361408124254,0.038585611827569,1.2656542480727e-14,1
16.6,128,0,16.6,0.00066803920592197,1.4966987879493e-05,1.0666325031238e-11,-2.389391837184e-10,14.359478843662,0.038585611827569,1.2656542480727e-14,1
16.65,128,0,16.65,0.00066803931832504,1.496698536169e-05,1.0666325031238e-11,-2.389391837184e-10,14.357549563071,0.038585611827569,1.2656542480727e-14,1
16.7,128,0,16.7,0.00066803943072811,1.4966982843887e-05,1.0666325031238e-11,-2.389391837184e-10,14.35562028248,0.038585611827569,1.2656542480727e-14,1
16.75,128,0,16.75,0.00066803954313118,1.4966980326084e-05,1.0666325031238e-11,-2.389391837184e-10,14.353691001888,0.038585611827569,1.2656542480727e-14,1
16.8,128,0,16.8,0.00066803965553425,1.4966977808282e-05,1.0666325031238e-11,-2.389391837184e-10,14.351761721297,0.038585611827569,1.2656542480727e-14,1
16.85,128,0,16.85,0.00066803976793732,1.4966975290479e-05,1.0666325031238e-11,-2.389391837184e-10,14.349832440706,0.038585611827569,1.2656542480727e-14,1
16.9,128,0,16.9,0.00066803988034039,1.4966972772676e-05,1.0666325031238e-11,-2.389391837184e-10,14.347903160114,0.038585611827569,1.2656542480727e-14,1
16.95,128,0,16.95,0.00066803999274346,1.4966970254873e-05,1.0666325031238e-11,-2.389391837184e-10,14.345973879523,0.038585611827569,1.2656542480727e-14,1
17,128,0,17,0.00066804010514653,1.496696773707e-05,1.0666325031238e-11,-2.389391837184e-10,14.344044598931,0.038585611827569,1.2656542480727e-14,1
17.05,128,0,17.05,0.00066804053855032,1.4966958028253e-05,-1.0974524604441e-11,2.4584675921033e-10,14.34211531834,0.038585611827544,-1.3655743202889e-14,1
17.1,128,0,17.1,0.00066804097195412,1.4966948319436e-05,-1.0974524604441e-11,2.4584675921033e-10,14.340186037749,0.038585611827544,-1.3655743202889e-14,1
17.15,128,0,17.15,0.00066804140535792,1.4966938610618e-05,-1.0974524604441e-11,2.4584675921033e-10,14.338256757157,0.038585611827544,-1.3655743202889e-14,1
17.2,128,0,17.2,0.00066804183876172,1.4966928901801e-05,-1.0974524604441e-11,2.4584675921033e-10,14.336327476566,0.038585611827544,-1.3655743202889e-14,1
17.25,128,0,17.25,0.00066804227216551,1.4966919192984e-05,-1.0974524604441e-11,2.4584675921033e-10,14.334398195975,0.038585611827544,-1.3655743202889e-14,1
17.3,128,0,17.3,0.00066804270556931,1.4966909484167e-05,-1.0974524604441e-11,2.4584675921033e-10,14.332468915383,0.038585611827544,-1.3655743202889e-14,1
17.35,128,0,17.35,0.00066804313897311,1.4966899775349e-05,-1.0974524604441e-11,2.4584675921033e-10,14.330539634792,0.038585611827544,-1.3655743202889e-14,1
17.4,128,0,17.4,0.00066804357237691,1.4966890066532e-05,-1.0974524604441e-11,2.4584675921033e-10,14.3286103542,0.038585611827544,-1.3655743202889e-14,1
17.45,128,0,17.45,0.0006680440057807,1.4966880357715e-05,-1.0974524604441e-11,2.4584675921033e-10,14.326681073609,0.038585611827544,-1.3655743202889e-14,1
17.5,128,0,17.5,0.0006680444391845,1.4966870648897e-05,-1.0974524604441e-11,2.4584675921033e-10,14.324751793018,0.038585611827544,-1.3655743202889e-14,1
17.55,128,0,17.55,0.0006680448725883,1.496686094008e-05,-1.0974524604441e-11,2.4584675921033e-10,14.322822512426,0.038585611827544,-1.3655743202889e-14,1
17.6,128,0,17.6,0.0006680453059921,1.4966851231263e-05,-1.0974524604441e-11,2.4584675921033e-10,14.320893231835,0.038585611827544,-1.3655743202889e-14,1
17.65,128,0,17.65,0.00066804573939589,1.4966841522446e-05,-1.0974524604441e-11,2.4584675921033e-10,14.318963951244,0.038585611827544,-1.3655743202889e-14,1
17.7,128,0,17.7,0.00066804617279969,1.4966831813628e-05,-1.0974524604441e-11,2.4584675921033e-10,14.317034670652,0.038585611827544,-1.3655743202889e-14,1
17.75,128,0,17.75,0.00066804660620349,1.4966822104811e-05,-1.0974524604441e-11,2.4584675921033e-10,14.315105390061,0.038585611827544,-1.3655743202889e-14,1
17.8,128,0,17.8,0.00066804703960728,1.4966812395994e-05,-1.0974524604441e-11,2.4584675921033e-10,14.313176109469,0.038585611827544,-1.3655743202889e-14,1
17.85,128,0,17.85,0.00066804747301108,1.4966802687177e-05,-1.0974524604441e-11,2.4584675921033e-10,14.311246828878,0.038585611827544,-1.3655743202889e-14,1
17.9,128,0,17.9,0.00066804790641488,1.4966792978359e-05,-1.0974524604441e-11,2.4584675921033e-10,14.309317548287,0.038585611827544,-1.3655743202889e-14,1
17.95,128,0,17.95,0.00066804833981868,1.4966783269542e-05,-1.0974524604441e-11,2.4584675921033e-10,14.307388267695,0.038585611827544,-1.3655743202889e-14,1
18,128,0,18,0.00066804877322247,1.4966773560725e-05,-1.0974524604441e-11,2.4584675921033e-10,14.305458987104,0.038585611827544,-1.3655743202889e-14,1
18.05,128,0,18.05,0.00066804869022544,1.4966775420389e-05,1.1662767177684e-11,-2.6126793808096e-10,14.303529706513,0.038585611827558,-2.6867397195929e-14,1
18.1,128,0,18.1,0.00066804860722841,1.4966777280052e-05,1.1662767177684e-11,-2.6126793808096e-10,14.301600425921,0.038585611827558,-2.6867397195929e-14,1
18.15,128,0,18.15,0.00066804852423137,1.4966779139716e-05,1.1662767177684e-11,-2.6126793808096e-10,14.29967114533,0.038585611827558,-2.6867397195929e-14,1
18.2,128,0,18.2,0.00066804844123434,1.496678099938e-05,1.1662767177684e-11,-2.6126793808096e-10,14.297741864738,0.038585611827558,-2.6867397195929e-14,1
18.25,128,0,18.25,0.00066804835823731,1.4966782859044e-05,1.1662767177684e-11,-2.6126793808096e-10,14.295812584147,0.038585611827558,-2.6867397195929e-14,1
18.3,128,0,18.3,0.00066804827524027,1.4966784718708e-05,1.1662767177684e-11,-2.6126793808096e-10,14.293883303556,0.038585611827558,-2.6867397195929e-14,1
18.35,128,0,18.35,0.00066804819224324,1.4966786578372e-05,1.1662767177684e-11,-2.6126793808096e-10,14.291954022964,0.038585611827558,-2.6867397195929e-14,1
18.4,128,0,18.4,0.0006680481092462,1.4966788438036e-05,1.1662767177684e-11,-2.6126793808096e-10,14.290024742373,0.038585611827558,-2.6867397195929e-14,1
18.45,128,0,18.45,0.00066804802624917,1.4966790297699e-05,1.1662767177684e-11,-2.6126793808096e-10,14.288095461782,0.038585611827558,-2.6867397195929e-14,1
18.5,128,0,18.5,0.00066804794325214,1.4966792157363e-05,1.1662767177684e-11,-2.6126793808096e-10,14.28616618119,0.038585611827558,-2.6867397195929e-14,1
18.55,128,0,18.55,0.0006680478602551,1.4966794017027e-05,1.1662767177684e-11,-2.6126793808096e-10,14.284236900599,0.038585611827558,-2.6867397195929e-14,1
18.6,128,0,18.6,0.00066804777725807,1.4966795876691e-05,1.1662767177684e-11,-2.6126793808096e-10,14.282307620007,0.038585611827558,-2.6867397195929e-14,1
18.65,128,0,18.65,0.00066804769426104,1.4966797736355e-05,1.1662767177684e-11,-2.6126793808096e-10,14.280378339416,0.038585611827558,-2.6867397195929e-14,1
18.7,128,0,18.7,0.000668047611264,1.4966799596019e-05,1.1662767177684e-11,-2.6126793808096e-10,14.278449058825,0.038585611827558,-2.6867397195929e-14,1
18.75,128,0,18.75,0.00066804752826697,1.4966801455683e-05,1.1662767177684e-11,-2.6126793808096e-10,14.276519778233,0.038585611827558,-2.6867397195929e-14,1
18.8,128,0,18.8,0.00066804744526994,1.4966803315346e-05,1.1662767177684e-11,-2.6126793808096e-10,14.274590497642,0.038585611827558,-2.6867397195929e-14,1
18.85,128,0,18.85,0.0006680473622729,1.496680517501e-05,1.1662767177684e-11,-2.6126793808096e-10,14.272661217051,0.038585611827558,-2.6867397195929e-14,1
18.9,128,0,18.9,0.00066804727927587,1.4966807034674e-05,1.1662767177684e-11,-2.6126793808096e-10,14.270731936459,0.038585611827558,-2.6867397195929e-14,1
18.95,128,0,18.95,0.00066804719627883,1.4966808894338e-05,1.1662767177684e-11,-2.6126793808096e-10,14.268802655868,0.038585611827558,-2.6867397195929e-14,1
19,128,0,19,0.0006680471132818,1.4966810754002e-05,1.1662767177684e-11,-2.6126793808096e-10,14.266873375276,0.038585611827558,-2.6867397195929e-14,1
19.05,128,0,19.05,0.00066804665142892,1.4966821099521e-05,-1.1358507738304e-11,2.5444859780828e-10,14.264944094685,0.038585611827585,-7.327471962526e-15,1
19.1,128,0,19.1,0.00066804618957604,1.496683144504e-05,-1.1358507738304e-11,2.5444859780828e-10,14.263014814094,0.038585611827585,-7.327471962526e-15,1
19.15,128,0,19.15,0.00066804572772316,1.4966841790559e-05,-1.1358507738304e-11,2.5444859780828e-10,14.261085533502,0.038585611827585,-7.327471962526e-15,1
19.2,128,0,19.2,0.00066804526587029,1.4966852136078e-05,-1.1358507738304e-11,2.5444859780828e-10,14.259156252911,0.038585611827585,-7.327471962526e-15,1
19.25,128,0,19.25,0.00066804480401741,1.4966862481597e-05,-1.1358507738304e-11,2.5444859780828e-10,14.257226972319,0.038585611827585,-7.327471962526e-15,1
19.3,128,0,19.3,0.00066804434216453,1.4966872827116e-05,-1.1358507738304e-11,2.5444859780828e-10,14.255297691728,0.038585611827585,-7.327471962526e-15,1
19.35,128,0,19.35,0.00066804388031165,1.4966883172635e-05,-1.1358507738304e-11,2.5444859780828e-10,14.253368411137,0.038585611827585,-7.327471962526e-15,1
19.4,128,0,19.4,0.00066804341845877,1.4966893518154e-05,-1.1358507738304e-11,2.5444859780828e-10,14.251439130545,0.038585611827585,-7.327471962526e-15,1
19.45,128,0,19.45,0.00066804295660589,1.4966903863673e-05,-1.1358507738304e-11,2.5444859780828e-10,14.249509849954,0.038585611827585,-7.327471962526e-15,1
19.5,128,0,19.5,0.00066804249475301,1.4966914209192e-05,-1.1358507738304e-11,2.5444859780828e-10,14.247580569363,0.038585611827585,-7.327471962526e-15,1
19.55,128,0,19.55,0.00066804203290013,1.4966924554711e-05,-1.1358507738304e-11,2.5444859780828e-10,14.245651288771,0.038585611827585,-7.327471962526e-15,1
19.6,128,0,19.6,0.00066804157104725,1.496693490023e-05,-1.1358507738304e-11,2.5444859780828e-10,14.24372200818,0.038585611827585,-7.327471962526e-15,1
19.65,128,0,19.65,0.00066804110919438,1.4966945245749e-05,-1.1358507738304e-11,2.5444859780828e-10,14.241792727588,0.038585611827585,-7.327471962526e-15,1
19.7,128,0,19.7,0.0006680406473415,1.4966955591268e-05,-1.1358507738304e-11,2.5444859780828e-10,14.239863446997,0.038585611827585,-7.327471962526e-15,1
19.75,128,0,19.75,0.00066804018548862,1.4966965936787e-05,-1.1358507738304e-11,2.5444859780828e-10,14.237934166406,0.038585611827585,-7.327471962526e-15,1
19.8,128,0,19.8,0.00066803972363574,1.4966976282306e-05,-1.1358507738304e-11,2.5444859780828e-10,14.236004885814,0.038585611827585,-7.327471962526e-15,1
19.85,128,0,19.85,0.00066803926178286,1.4966986627825e-05,-1.1358507738304e-11,2.5444859780828e-10,14.234075605223,0.038585611827585,-7.327471962526e-15,1
19.9,128,0,19.9,0.00066803879992998,1.4966996973343e-05,-1.1358507738304e-11,2.5444859780828e-10,14.232146324632,0.038585611827585,-7.327471962526e-15,1
19.95,128,0,19.95,0.0006680383380771,1.4967007318862e-05,-1.1358507738304e-11,2.5444859780828e-10,14.23021704404,0.038585611827585,-7.327471962526e-15,1
20,128,0,20,0.00066803787622422,1.4967017664381e-05,-1.1358507738304e-11,2.5444859780828e-10,14.228287763449,0.038585611827585,-7.327471962526e-15,1
20.05,128,0,20.05,0.00066803798702904,1.4967015182383e-05,1.0673054417465e-11,-2.390899009083e-10,14.226358482857,0.038585611827593,-3.5527136788005e-15,1
20.1,128,0,20.1,0.00066803809783385,1.4967012700385e-05,1.0673054417465e-11,-2.390899009083e-10,14.224429202266,0.038585611827593,-3.5527136788005e-15,1
20.15,128,0,20.15,0.00066803820863866,1.4967010218386e-05,1.0673054417465e-11,-2.390899009083e-10,14.222499921675,0.038585611827593,-3.5527136788005e-15,1
20.2,128,0,20.2,0.00066803831944347,1.4967007736388e-05,1.0673054417465e-11,-2.390899009083e-10,14.220570641083,0.038585611827593,-3.5527136788005e-15,1
20.25,128,0,20.25,0.00066803843024828,1.496700525439e-05,1.0673054417465e-11,-2.390899009083e-10,14.218641360492,0.038585611827593,-3.5527136788005e-15,1
20.3,128,0,20.3,0.00066803854105309,1.4967002772391e-05,1.0673054417465e-11,-2.390899009083e-10,14.2167120799,0.038585611827593,-3.5527136788005e-15,1
20.35,128,0,20.35,0.00066803865185791,1.4967000290393e-05,1.0673054417465e-11,-2.390899009083e-10,14.214782799309,0.038585611827593,-3.5527136788005e-15,1
20.4,128,0,20.4,0.00066803876266272,1.4966997808395e-05,1.0673054417465e-11,-2.390899009083e-10,14.212853518718,0.038585611827593,-3.5527136788005e-15,1
20.45,128,0,20.45,0.00066803887346753,1.4966995326396e-05,1.0673054417465e-11,-2.390899009083e-10,14.210924238126,0.038585611827593,-3.5527136788005e-15,1
20.5,128,0,20.5,0.00066803898427234,1.4966992844398e-05,1.0673054417465e-11,-2.390899009083e-10,14.208994957535,0.038585611827593,-3.5527136788005e-15,1
20.55,128,0,20.55,0.00066803909507715,1.4966990362399e-05,1.0673054417465e-11,-2.390899009083e-10,14.207065676944,0.038585611827593,-3.5527136788005e-15,1
20.6,128,0,20.6,0.00066803920588196,1.4966987880401e-05,1.0673054417465e-11,-2.390899009083e-10,14.205136396352,0.038585611827593,-3.5527136788005e-15,1
20.65,128,0,20.65,0.00066803931668677,1.4966985398403e-05,1.0673054417465e-11,-2.390899009083e-10,14.203207115761,0.038585611827593,-3.5527136788005e-15,1
20.7,128,0,20.7,0.00066803942749159,1.4966982916404e-05,1.0673054417465e-11,-2.390899009083e-10,14.201277835169,0.038585611827593,-3.5527136788005e-15,1
20.75,128,0,20.75,0.0006680395382964,1.4966980434406e-05,1.0673054417465e-11,-2.390899009083e-10,14.199348554578,0.038585611827593,-3.5527136788005e-15,1
20.8,128,0,20.8,0.00066803964910121,1.4966977952408e-05,1.0673054417465e-11,-2.390899009083e-10,14.197419273987,0.038585611827593,-3.5527136788005e-15,1
20.85,128,0,20.85,0.00066803975990602,1.4966975470409e-05,1.0673054417465e-11,-2.390899009083e-10,14.195489993395,0.038585611827593,-3.5527136788005e-15,1
20.9,128,0,20.9,0.00066803987071083,1.4966972988411e-05,1.0673054417465e-11,-2.390899009083e-10,14.193560712804,0.038585611827593,-3.5527136788005e-15,1
20.95,128,0,20.95,0.00066803998151564,1.4966970506413e-05,1.0673054417465e-11,-2.390899009083e-10,14.191631432213,0.038585611827593,-3.5527136788005e-15,1
21,128,0,21,0.00066804009232046,1.4966968024414e-05,1.0673054417465e-11,-2.390899009083e-10,14.189702151621,0.038585611827593,-3.5527136788005e-15,1
21.05,128,0,21.05,0.00066804052578996,1.4966958314122e-05,-1.0977684567943e-11,2.4591754204394e-10,14.18777287103,0.038585611827551,1.1102230246252e-14,1
21.1,128,0,21.1,0.00066804095925947,1.496694860383e-05,-1.0977684567943e-11,2.4591754204394e-10,14.185843590438,0.038585611827551,1.1102230246252e-14,1
21.15,128,0,21.15,0.00066804139272898,1.4966938893538e-05,-1.0977684567943e-11,2.4591754204394e-10,14.183914309847,0.038585611827551,1.1102230246252e-14,1
21.2,128,0,21.2,0.00066804182619849,1.4966929183246e-05,-1.0977684567943e-11,2.4591754204394e-10,14.181985029256,0.038585611827551,1.1102230246252e-14,1
21.25,128,0,21.25,0.000668042259668,1.4966919472954e-05,-1.0977684567943e-11,2.4591754204394e-10,14.180055748664,0.038585611827551,1.1102230246252e-14,1
21.3,128,0,21.3,0.00066804269313751,1.4966909762662e-05,-1.0977684567943e-11,2.4591754204394e-10,14.178126468073,0.038585611827551,1.1102230246252e-14,1
21.35,128,0,21.35,0.00066804312660702,1.496690005237e-05,-1.0977684567943e-11,2.4591754204394e-10,14.176197187482,0.038585611827551,1.1102230246252e-14,1
21.4,128,0,21.4,0.00066804356007653,1.4966890342078e-05,-1.0977684567943e-11,2.4591754204394e-10,14.17426790689,0.038585611827551,1.1102230246252e-14,1
21.45,128,0,21.45,0.00066804399354604,1.4966880631786e-05,-1.0977684567943e-11,2.4591754204394e-10,14.172338626299,0.038585611827551,1.1102230246252e-14,1
21.5,128,0,21.5,0.00066804442701554,1.4966870921494e-05,-1.0977684567943e-11,2.4591754204394e-10,14.170409345707,0.038585611827551,1.1102230246252e-14,1
21.55,128,0,21.55,0.00066804486048505,1.4966861211202e-05,-1.0977684567943e-11,2.4591754204394e-10,14.168480065116,0.038585611827551,1.1102230246252e-14,1
21.6,128,0,21.6,0.00066804529395456,1.4966851500909e-05,-1.0977684567943e-11,2.4591754204394e-10,14.166550784525,0.038585611827551,1.1102230246252e-14,1
21.65,128,0,21.65,0.00066804572742407,1.4966841790617e-05,-1.0977684567943e-11,2.4591754204394e-10,14.164621503933,0.038585611827551,1.1102230246252e-14,1
21.7,128,0,21.7,0.00066804616089358,1.4966832080325e-05,-1.0977684567943e-11,2.4591754204394e-10,14.162692223342,0.038585611827551,1.1102230246252e-14,1
21.75,128,0,21.75,0.00066804659436309,1.4966822370033e-05,-1.0977684567943e-11,2.4591754204394e-10,14.160762942751,0.038585611827551,1.1102230246252e-14,1
21.8,128,0,21.8,0.0006680470278326,1.4966812659741e-05,-1.0977684567943e-11,2.4591754204394e-10,14.158833662159,0.038585611827551,1.1102230246252e-14,1
21.85,128,0,21.85,0.00066804746130211,1.4966802949449e-05,-1.0977684567943e-11,2.4591754204394e-10,14.156904381568,0.038585611827551,1.1102230246252e-14,1
21.9,128,0,21.9,0.00066804789477162,1.4966793239157e-05,-1.0977684567943e-11,2.4591754204394e-10,14.154975100976,0.038585611827551,1.1102230246252e-14,1
21.95,128,0,21.95,0.00066804832824112,1.4966783528865e-05,-1.0977684567943e-11,2.4591754204394e-10,14.153045820385,0.038585611827551,1.1102230246252e-14,1
22,128,0,22,0.00066804876171063,1.4966773818573e-05,-1.0977684567943e-11,2.4591754204394e-10,14.151116539794,0.038585611827551,1.1102230246252e-14,1
22.05,128,0,22.05,0.00066804867984834,1.496677565282e-05,1.1665337413091e-11,-2.6132553105707e-10,14.149187259202,0.038585611827575,-7.9936057773011e-15,1
22.1,128,0,22.1,0.00066804859798605,1.4966777487066e-05,1.1665337413091e-11,-2.6132553105707e-10,14.147257978611,0.038585611827575,-7.9936057773011e-15,1
22.15,128,0,22.15,0.00066804851612376,1.4966779321313e-05,1.1665337413091e-11,-2.6132553105707e-10,14.145328698019,0.038585611827575,-7.9936057773011e-15,1
22.2,128,0,22.2,0.00066804843426147,1.4966781155559e-05,1.1665337413091e-11,-2.6132553105707e-10,14.143399417428,0.038585611827575,-7.9936057773011e-15,1
22.25,128,0,22.25,0.00066804835239917,1.4966782989806e-05,1.1665337413091e-11,-2.6132553105707e-10,14.141470136837,0.038585611827575,-7.9936057773011e-15,1
22.3,128,0,22.3,0.00066804827053688,1.4966784824053e-05,1.1665337413091e-11,-2.6132553105707e-10,14.139540856245,0.038585611827575,-7.9936057773011e-15,1
22.35,128,0,22.35,0.00066804818867459,1.4966786658299e-05,1.1665337413091e-11,-2.6132553105707e-10,14.137611575654,0.038585611827575,-7.9936057773011e-15,1
22.4,128,0,22.4,0.0006680481068123,1.4966788492546e-05,1.1665337413091e-11,-2.6132553105707e-10,14.135682295063,0.038585611827575,-7.9936057773011e-15,1
22.45,128,0,22.45,0.00066804802495001,1.4966790326792e-05,1.1665337413091e-11,-2.6132553105707e-10,14.133753014471,0.038585611827575,-7.9936057773011e-15,1
22.5,128,0,22.5,0.00066804794308771,1.4966792161039e-05,1.1665337413091e-11,-2.6132553105707e-10,14.13182373388,0.038585611827575,-7.9936057773011e-15,1
22.55,128,0,22.55,0.00066804786122542,1.4966793995286e-05,1.1665337413091e-11,-2.6132553105707e-10,14.129894453288,0.038585611827575,-7.9936057773011e-15,1
22.6,128,0,22.6,0.00066804777936313,1.4966795829532e-05,1.1665337413091e-11,-2.6132553105707e-10,14.127965172697,0.038585611827575,-7.9936057773011e-15,1
22.65,128,0,22.65,0.00066804769750084,1.4966797663779e-05,1.1665337413091e-11,-2.6132553105707e-10,14.126035892106,0.038585611827575,-7.9936057773011e-15,1
22.7,128,0,22.7,0.00066804761563855,1.4966799498025e-05,1.1665337413091e-11,-2.6132553105707e-10,14.124106611514,0.038585611827575,-7.9936057773011e-15,1
22.75,128,0,22.75,0.00066804753377625,1.4966801332272e-05,1.1665337413091e-11,-2.6132553105707e-10,14.122177330923,0.038585611827575,-7.9936057773011e-15,1
22.8,128,0,22.8,0.00066804745191396,1.4966803166518e-05,1.1665337413091e-11,-2.6132553105707e-10,14.120248050332,0.038585611827575,-7.9936057773011e-15,1
22.85,128,0,22.85,0.00066804737005167,1.4966805000765e-05,1.1665337413091e-11,-2.6132553105707e-10,14.11831876974,0.038585611827575,-7.9936057773011e-15,1
22.9,128,0,22.9,0.00066804728818938,1.4966806835012e-05,1.1665337413091e-11,-2.6132553105707e-10,14.116389489149,0.038585611827575,-7.9936057773011e-15,1
22.95,128,0,22.95,0.00066804720632709,1.4966808669258e-05,1.1665337413091e-11,-2.6132553105707e-10,14.114460208557,0.038585611827575,-7.9936057773011e-15,1
23,128,0,23,0.00066804712446479,1.4966810503505e-05,1.1665337413091e-11,-2.6132553105707e-10,14.112530927966,0.038585611827575,-7.9936057773011e-15,1
23.05,128,0,23.05,0.00066804666112067,1.4966820882429e-05,-1.1356997847649e-11,2.5441481146311e-10,14.110601647375,0.038585611827581,-1.8429702208778e-14,1
23.1,128,0,23.1,0.00066804619777655,1.4966831261354e-05,-1.1356997847649e-11,2.5441481146311e-10,14.108672366783,0.038585611827581,-1.8429702208778e-14,1
23.15,128,0,23.15,0.00066804573443243,1.4966841640278e-05,-1.1356997847649e-11,2.5441481146311e-10,14.106743086192,0.038585611827581,-1.8429702208778e-14,1
23.2,128,0,23.2,0.00066804527108831,1.4966852019202e-05,-1.1356997847649e-11,2.5441481146311e-10,14.104813805601,0.038585611827581,-1.8429702208778e-14,1
23.25,128,0,23.25,0.00066804480774419,1.4966862398127e-05,-1.1356997847649e-11,2.5441481146311e-10,14.102884525009,0.038585611827581,-1.8429702208778e-14,1
23.3,128,0,23.3,0.00066804434440007,1.4966872777051e-05,-1.1356997847649e-11,2.5441481146311e-10,14.100955244418,0.038585611827581,-1.8429702208778e-14,1
23.35,128,0,23.35,0.00066804388105595,1.4966883155975e-05,-1.1356997847649e-11,2.5441481146311e-10,14.099025963826,0.038585611827581,-1.8429702208778e-14,1
23.4,128,0,23.4,0.00066804341771183,1.49668935349e-05,-1.1356997847649e-11,2.5441481146311e-10,14.097096683235,0.038585611827581,-1.8429702208778e-14,1
23.45,128,0,23.45,0.00066804295436771,1.4966903913824e-05,-1.1356997847649e-11,2.5441481146311e-10,14.095167402644,0.038585611827581,-1.8429702208778e-14,1
23.5,128,0,23.5,0.00066804249102359,1.4966914292749e-05,-1.1356997847649e-11,2.5441481146311e-10,14.093238122052,0.038585611827581,-1.8429702208778e-14,1
23.55,128,0,23.55,0.00066804202767947,1.4966924671673e-05,-1.1356997847649e-11,2.5441481146311e-10,14.091308841461,0.038585611827581,-1.8429702208778e-14,1
23.6,128,0,23.6,0.00066804156433535,1.4966935050597e-05,-1.1356997847649e-11,2.5441481146311e-10,14.08937956087,0.038585611827581,-1.8429702208778e-14,1
23.65,128,0,23.65,0.00066804110099123,1.4966945429522e-05,-1.1356997847649e-11,2.5441481146311e-10,14.087450280278,0.038585611827581,-1.8429702208778e-14,1
23.7,128,0,23.7,0.00066804063764711,1.4966955808446e-05,-1.1356997847649e-11,2.5441481146311e-10,14.085520999687,0.038585611827581,-1.8429702208778e-14,1
23.75,128,0,23.75,0.00066804017430299,1.496696618737e-05,-1.1356997847649e-11,2.5441481146311e-10,14.083591719095,0.038585611827581,-1.8429702208778e-14,1
23.8,128,0,23.8,0.00066803971095887,1.4966976566295e-05,-1.1356997847649e-11,2.5441481146311e-10,14.081662438504,0.038585611827581,-1.8429702208778e-14,1
23.85,128,0,23.85,0.00066803924761475,1.4966986945219e-05,-1.1356997847649e-11,2.5441481146311e-10,14.079733157913,0.038585611827581,-1.8429702208778e-14,1
23.9,128,0,23.9,0.00066803878427063,1.4966997324144e-05,-1.1356997847649e-11,2.5441481146311e-10,14.077803877321,0.038585611827581,-1.8429702208778e-14,1
23.95,128,0,23.95,0.00066803832092651,1.4967007703068e-05,-1.1356997847649e-11,2.5441481146311e-10,14.07587459673,0.038585611827581,-1.8429702208778e-14,1
24,128,0,24,0.00066803785758239,1.4967018081992e-05,-1.1356997847649e-11,2.5441481146311e-10,14.073945316138,0.038585611827581,-1.8429702208778e-14,1
24.05,128,0,24.05,0.00066803796998385,1.4967015564226e-05,1.066275231674e-11,-2.3885911891691e-10,14.072016035547,0.038585611827531,7.5495165674511e-15,1
24.1,128,0,24.1,0.0006680380823853,1.4967013046459e-05,1.066275231674e-11,-2.3885911891691e-10,14.070086754956,0.038585611827531,7.5495165674511e-15,1
24.15,128,0,24.15,0.00066803819478675,1.4967010528692e-05,1.066275231674e-11,-2.3885911891691e-10,14.068157474364,0.038585611827531,7.5495165674511e-15,1
24.2,128,0,24.2,0.0006680383071882,1.4967008010925e-05,1.066275231674e-11,-2.3885911891691e-10,14.066228193773,0.038585611827531,7.5495165674511e-15,1
24.25,128,0,24.25,0.00066803841958965,1.4967005493158e-05,1.066275231674e-11,-2.3885911891691e-10,14.064298913182,0.038585611827531,7.5495165674511e-15,1
24.3,128,0,24.3,0.0006680385319911,1.4967002975391e-05,1.066275231674e-11,-2.3885911891691e-10,14.06236963259,0.038585611827531,7.5495165674511e-15,1
24.35,128,0,24.35,0.00066803864439256,1.4967000457624e-05,1.066275231674e-11,-2.3885911891691e-10,14.060440351999,0.038585611827531,7.5495165674511e-15,1
24.4,128,0,24.4,0.00066803875679401,1.4966997939857e-05,1.066275231674e-11,-2.3885911891691e-10,14.058511071407,0.038585611827531,7.5495165674511e-15,1
24.45,128,0,24.45,0.00066803886919546,1.4966995422091e-05,1.066275231674e-11,-2.3885911891691e-10,14.056581790816,0.038585611827531,7.5495165674511e-15,1
24.5,128,0,24.5,0.00066803898159691,1.4966992904324e-05,1.066275231674e-11,-2.3885911891691e-10,14.054652510225,0.038585611827531,7.5495165674511e-15,1
24.55,128,0,24.55,0.00066803909399836,1.4966990386557e-05,1.066275231674e-11,-2.3885911891691e-10,14.052723229633,0.038585611827531,7.5495165674511e-15,1
24.6,128,0,24.6,0.00066803920639982,1.496698786879e-05,1.066275231674e-11,-2.3885911891691e-10,14.050793949042,0.038585611827531,7.5495165674511e-15,1
24.65,128,0,24.65,0.00066803931880127,1.4966985351023e-05,1.066275231674e-11,-2.3885911891691e-10,14.048864668451,0.038585611827531,7.5495165674511e-15,1
24.7,128,0,24.7,0.00066803943120272,1.4966982833256e-05,1.066275231674e-11,-2.3885911891691e-10,14.046935387859,0.038585611827531,7.5495165674511e-15,1
24.75,128,0,24.75,0.00066803954360417,1.4966980315489e-05,1.066275231674e-11,-2.3885911891691e-10,14.045006107268,0.038585611827531,7.5495165674511e-15,1
24.8,128,0,24.8,0.00066803965600562,1.4966977797723e-05,1.066275231674e-11,-2.3885911891691e-10,14.043076826676,0.038585611827531,7.5495165674511e-15,1
24.85,128,0,24.85,0.00066803976840708,1.4966975279956e-05,1.066275231674e-11,-2.3885911891691e-10,14.041147546085,0.038585611827531,7.5495165674511e-15,1
24.9,128,0,24.9,0.00066803988080853,1.4966972762189e-05,1.066275231674e-11,-2.3885911891691e-10,14.039218265494,0.038585611827531,7.5495165674511e-15,1
24.95,128,0,24.95,0.00066803999320998,1.4966970244422e-05,1.066275231674e-11,-2.3885911891691e-10,14.037288984902,0.038585611827531,7.5495165674511e-15,1
25,128,0,25,0.00066804010561143,1.4966967726655e-05,1.066275231674e-11,-2.3885911891691e-10,14.035359704311,0.038585611827531,7.5495165674511e-15,1
25.05,128,0,25.05,0.00066804053876063,1.4966958023541e-05,-1.0967470517349e-11,2.4568870578782e-10,14.03343042372,0.038585611827541,-1.4099832412739e-14,1
25.1,128,0,25.1,0.00066804097190982,1.4966948320426e-05,-1.0967470517349e-11,2.4568870578782e-10,14.031501143128,0.038585611827541,-1.4099832412739e-14,1
25.15,128,0,25.15,0.00066804140505901,1.4966938617312e-05,-1.0967470517349e-11,2.4568870578782e-10,14.029571862537,0.038585611827541,-1.4099832412739e-14,1
25.2,128,0,25.2,0.00066804183820821,1.4966928914197e-05,-1.0967470517349e-11,2.4568870578782e-10,14.027642581945,0.038585611827541,-1.4099832412739e-14,1
25.25,128,0,25.25,0.0006680422713574,1.4966919211082e-05,-1.0967470517349e-11,2.4568870578782e-10,14.025713301354,0.038585611827541,-1.4099832412739e-14,1
25.3,128,0,25.3,0.00066804270450659,1.4966909507968e-05,-1.0967470517349e-11,2.4568870578782e-10,14.023784020763,0.038585611827541,-1.4099832412739e-14,1
25.35,128,0,25.35,0.00066804313765579,1.4966899804853e-05,-1.0967470517349e-11,2.4568870578782e-10,14.021854740171,0.038585611827541,-1.4099832412739e-14,1
25.4,128,0,25.4,0.00066804357080498,1.4966890101739e-05,-1.0967470517349e-11,2.4568870578782e-10,14.01992545958,0.038585611827541,-1.4099832412739e-14,1
25.45,128,0,25.45,0.00066804400395417,1.4966880398624e-05,-1.0967470517349e-11,2.4568870578782e-10,14.017996178989,0.038585611827541,-1.4099832412739e-14,1
25.5,128,0,25.5,0.00066804443710337,1.496687069551e-05,-1.0967470517349e-11,2.4568870578782e-10,14.016066898397,0.038585611827541,-1.4099832412739e-14,1
25.55,128,0,25.55,0.00066804487025256,1.4966860992395e-05,-1.0967470517349e-11,2.4568870578782e-10,14.014137617806,0.038585611827541,-1.4099832412739e-14,1
25.6,128,0,25.6,0.00066804530340176,1.4966851289281e-05,-1.0967470517349e-11,2.4568870578782e-10,14.012208337214,0.038585611827541,-1.4099832412739e-14,1
25.65,128,0,25.65,0.00066804573655095,1.4966841586166e-05,-1.0967470517349e-11,2.4568870578782e-10,14.010279056623,0.038585611827541,-1.4099832412739e-14,1
25.7,128,0,25.7,0.00066804616970014,1.4966831883052e-05,-1.0967470517349e-11,2.4568870578782e-10,14.008349776032,0.038585611827541,-1.4099832412739e-14,1
25.75,128,0,25.75,0.00066804660284934,1.4966822179937e-05,-1.0967470517349e-11,2.4568870578782e-10,14.00642049544,0.038585611827541,-1.4099832412739e-14,1
25.8,128,0,25.8,0.00066804703599853,1.4966812476823e-05,-1.0967470517349e-11,2.4568870578782e-10,14.004491214849,0.038585611827541,-1.4099832412739e-14,1
25.85,128,0,25.85,0.00066804746914772,1.4966802773708e-05,-1.0967470517349e-11,2.4568870578782e-10,14.002561934258,0.038585611827541,-1.4099832412739e-14,1
25.9,128,0,25.9,0.00066804790229692,1.4966793070593e-05,-1.0967470517349e-11,2.4568870578782e-10,14.000632653666,0.038585611827541,-1.4099832412739e-14,1
25.95,128,0,25.95,0.00066804833544611,1.4966783367479e-05,-1.0967470517349e-11,2.4568870578782e-10,13.998703373075,0.038585611827541,-1.4099832412739e-14,1
26,128,0,26,0.0006680487685953,1.4966773664364e-05,-1.0967470517349e-11,2.4568870578782e-10,13.996774092483,0.038585611827541,-1.4099832412739e-14,1
26.05,128,0,26.05,0.00066804868620035,1.4966775510542e-05,1.1657935197179e-11,-2.6115970131475e-10,13.994844811892,0.038585611827607,-3.7747582837255e-14,1
26.1,128,0,26.1,0.0006680486038054,1.496677735672e-05,1.1657935197179e-11,-2.6115970131475e-10,13.992915531301,0.038585611827607,-3.7747582837255e-14,1
26.15,128,0,26.15,0.00066804852141045,1.4966779202898e-05,1.1657935197179e-11,-2.6115970131475e-10,13.990986250709,0.038585611827607,-3.7747582837255e-14,1
26.2,128,0,26.2,0.0006680484390155,1.4966781049076e-05,1.1657935197179e-11,-2.6115970131475e-10,13.989056970118,0.038585611827607,-3.7747582837255e-14,1
26.25,128,0,26.25,0.00066804835662055,1.4966782895254e-05,1.1657935197179e-11,-2.6115970131475e-10,13.987127689527,0.038585611827607,-3.7747582837255e-14,1
26.3,128,0,26.3,0.00066804827422559,1.4966784741432e-05,1.1657935197179e-11,-2.6115970131475e-10,13.985198408935,0.038585611827607,-3.7747582837255e-14,1
26.35,128,0,26.35,0.00066804819183064,1.496678658761e-05,1.1657935197179e-11,-2.6115970131475e-10,13.983269128344,0.038585611827607,-3.7747582837255e-14,1
26.4,128,0,26.4,0.00066804810943569,1.4966788433789e-05,1.1657935197179e-11,-2.6115970131475e-10,13.981339847752,0.038585611827607,-3.7747582837255e-14,1
26.45,128,0,26.45,0.00066804802704074,1.4966790279967e-05,1.1657935197179e-11,-2.6115970131475e-10,13.979410567161,0.038585611827607,-3.7747582837255e-14,1
26.5,128,0,26.5,0.00066804794464579,1.4966792126145e-05,1.1657935197179e-11,-2.6115970131475e-10,13.97748128657,0.038585611827607,-3.7747582837255e-14,1
26.55,128,0,26.55,0.00066804786225084,1.4966793972323e-05,1.1657935197179e-11,-2.6115970131475e-10,13.975552005978,0.038585611827607,-3.7747582837255e-14,1
26.6,128,0,26.6,0.00066804777985588,1.4966795818501e-05,1.1657935197179e-11,-2.6115970131475e-10,13.973622725387,0.038585611827607,-3.7747582837255e-14,1
26.65,128,0,26.65,0.00066804769746093,1.4966797664679e-05,1.1657935197179e-11,-2.6115970131475e-10,13.971693444795,0.038585611827607,-3.7747582837255e-14,1
26.7,128,0,26.7,0.00066804761506598,1.4966799510857e-05,1.1657935197179e-11,-2.6115970131475e-10,13.969764164204,0.038585611827607,-3.7747582837255e-14,1
26.75,128,0,26.75,0.00066804753267103,1.4966801357035e-05,1.1657935197179e-11,-2.6115970131475e-10,13.967834883613,0.038585611827607,-3.7747582837255e-14,1
26.8,128,0,26.8,0.00066804745027608,1.4966803203213e-05,1.1657935197179e-11,-2.6115970131475e-10,13.965905603021,0.038585611827607,-3.7747582837255e-14,1
26.85,128,0,26.85,0.00066804736788113,1.4966805049391e-05,1.1657935197179e-11,-2.6115970131475e-10,13.96397632243,0.038585611827607,-3.7747582837255e-14,1
26.9,128,0,26.9,0.00066804728548617,1.4966806895569e-05,1.1657935197179e-11,-2.6115970131475e-10,13.962047041839,0.038585611827607,-3.7747582837255e-14,1
26.95,128,0,26.95,0.00066804720309122,1.4966808741747e-05,1.1657935197179e-11,-2.6115970131475e-10,13.960117761247,0.038585611827607,-3.7747582837255e-14,1
27,128,0,27,0.00066804712069627,1.4966810587925e-05,1.1657935197179e-11,-2.6115970131475e-10,13.958188480656,0.038585611827607,-3.7747582837255e-14,1
27.05,128,0,27.05,0.00066804665804577,1.4966820951314e-05,-1.1352799783267e-11,2.5432074306507e-10,13.956259200064,0.038585611827559,-4.1300296516056e-14,1
27.1,128,0,27.1,0.00066804619539528,1.4966831314704e-05,-1.1352799783267e-11,2.5432074306507e-10,13.954329919473,0.038585611827559,-4.1300296516056e-14,1
27.15,128,0,27.15,0.00066804573274478,1.4966841678093e-05,-1.1352799783267e-11,2.5432074306507e-10,13.952400638882,0.038585611827559,-4.1300296516056e-14,1
27.2,128,0,27.2,0.00066804527009429,1.4966852041483e-05,-1.1352799783267e-11,2.5432074306507e-10,13.95047135829,0.038585611827559,-4.1300296516056e-14,1
27.25,128,0,27.25,0.00066804480744379,1.4966862404872e-05,-1.1352799783267e-11,2.5432074306507e-10,13.948542077699,0.038585611827559,-4.1300296516056e-14,1
27.3,128,0,27.3,0.0006680443447933,1.4966872768262e-05,-1.1352799783267e-11,2.5432074306507e-10,13.946612797108,0.038585611827559,-4.1300296516056e-14,1
27.35,128,0,27.35,0.0006680438821428,1.4966883131651e-05,-1.1352799783267e-11,2.5432074306507e-10,13.944683516516,0.038585611827559,-4.1300296516056e-14,1
27.4,128,0,27.4,0.0006680434194923,1.4966893495041e-05,-1.1352799783267e-11,2.5432074306507e-10,13.942754235925,0.038585611827559,-4.1300296516056e-14,1
27.45,128,0,27.45,0.00066804295684181,1.496690385843e-05,-1.1352799783267e-11,2.5432074306507e-10,13.940824955333,0.038585611827559,-4.1300296516056e-14,1
27.5,128,0,27.5,0.00066804249419131,1.496691422182e-05,-1.1352799783267e-11,2.5432074306507e-10,13.938895674742,0.038585611827559,-4.1300296516056e-14,1
27.55,128,0,27.55,0.00066804203154082,1.4966924585209e-05,-1.1352799783267e-11,2.5432074306507e-10,13.936966394151,0.038585611827559,-4.1300296516056e-14,1
27.6,128,0,27.6,0.00066804156889032,1.4966934948598e-05,-1.1352799783267e-11,2.5432074306507e-10,13.935037113559,0.038585611827559,-4.1300296516056e-14,1
27.65,128,0,27.65,0.00066804110623982,1.4966945311988e-05,-1.1352799783267e-11,2.5432074306507e-10,13.933107832968,0.038585611827559,-4.1300296516056e-14,1
27.7,128,0,27.7,0.00066804064358933,1.4966955675377e-05,-1.1352799783267e-11,2.5432074306507e-10,13.931178552377,0.038585611827559,-4.1300296516056e-14,1
27.75,128,0,27.75,0.00066804018093883,1.4966966038767e-05,-1.1352799783267e-11,2.5432074306507e-10,13.929249271785,0.038585611827559,-4.1300296516056e-14,1
27.8,128,0,27.8,0.00066803971828834,1.4966976402156e-05,-1.1352799783267e-11,2.5432074306507e-10,13.927319991194,0.038585611827559,-4.1300296516056e-14,1
27.85,128,0,27.85,0.00066803925563784,1.4966986765546e-05,-1.1352799783267e-11,2.5432074306507e-10,13.925390710602,0.038585611827559,-4.1300296516056e-14,1
27.9,128,0,27.9,0.00066803879298735,1.4966997128935e-05,-1.1352799783267e-11,2.5432074306507e-10,13.923461430011,0.038585611827559,-4.1300296516056e-14,1
27.95,128,0,27.95,0.00066803833033685,1.4967007492325e-05,-1.1352799783267e-11,2.5432074306507e-10,13.92153214942,0.038585611827559,-4.1300296516056e-14,1
28,128,0,28,0.00066803786768635,1.4967017855714e-05,-1.1352799783267e-11,2.5432074306507e-10,13.919602868828,0.038585611827559,-4.1300296516056e-14,1
28.05,128,0,28.05,0.00066803797934269,1.4967015354634e-05,1.0660537300253e-11,-2.3880948799207e-10,13.917673588237,0.038585611827564,1.6653345369377e-14,1
28.1,128,0,28.1,0.00066803809099903,1.4967012853554e-05,1.0660537300253e-11,-2.3880948799207e-10,13.915744307645,0.038585611827564,1.6653345369377e-14,1
28.15,128,0,28.15,0.00066803820265537,1.4967010352473e-05,1.0660537300253e-11,-2.3880948799207e-10,13.913815027054,0.038585611827564,1.6653345369377e-14,1
28.2,128,0,28.2,0.00066803831431171,1.4967007851393e-05,1.0660537300253e-11,-2.3880948799207e-10,13.911885746463,0.038585611827564,1.6653345369377e-14,1
28.25,128,0,28.25,0.00066803842596805,1.4967005350313e-05,1.0660537300253e-11,-2.3880948799207e-10,13.909956465871,0.038585611827564,1.6653345369377e-14,1
28.3,128,0,28.3,0.00066803853762439,1.4967002849232e-05,1.0660537300253e-11,-2.3880948799207e-10,13.90802718528,0.038585611827564,1.6653345369377e-14,1
28.35,128,0,28.35,0.00066803864928073,1.4967000348152e-05,1.0660537300253e-11,-2.3880948799207e-10,13.906097904689,0.038585611827564,1.6653345369377e-14,1
28.4,128,0,28.4,0.00066803876093707,1.4966997847072e-05,1.0660537300253e-11,-2.3880948799207e-10,13.904168624097,0.038585611827564,1.6653345369377e-14,1
28.45,128,0,28.45,0.00066803887259341,1.4966995345991e-05,1.0660537300253e-11,-2.3880948799207e-10,13.902239343506,0.038585611827564,1.6653345369377e-14,1
28.5,128,0,28.5,0.00066803898424975,1.4966992844911e-05,1.0660537300253e-11,-2.3880948799207e-10,13.900310062914,0.038585611827564,1.6653345369377e-14,1
28.55,128,0,28.55,0.00066803909590609,1.496699034383e-05,1.0660537300253e-11,-2.3880948799207e-10,13.898380782323,0.038585611827564,1.6653345369377e-14,1
28.6,128,0,28.6,0.00066803920756243,1.496698784275e-05,1.0660537300253e-11,-2.3880948799207e-10,13.896451501732,0.038585611827564,1.6653345369377e-14,1
28.65,128,0,28.65,0.00066803931921877,1.496698534167e-05,1.0660537300253e-11,-2.3880948799207e-10,13.89452222114,0.038585611827564,1.6653345369377e-14,1
28.7,128,0,28.7,0.00066803943087511,1.4966982840589e-05,1.0660537300253e-11,-2.3880948799207e-10,13.892592940549,0.038585611827564,1.6653345369377e-14,1
28.75,128,0,28.75,0.00066803954253145,1.4966980339509e-05,1.0660537300253e-11,-2.3880948799207e-10,13.890663659958,0.038585611827564,1.6653345369377e-14,1
28.8,128,0,28.8,0.00066803965418779,1.4966977838429e-05,1.0660537300253e-11,-2.3880948799207e-10,13.888734379366,0.038585611827564,1.6653345369377e-14,1
28.85,128,0,28.85,0.00066803976584413,1.4966975337348e-05,1.0660537300253e-11,-2.3880948799207e-10,13.886805098775,0.038585611827564,1.6653345369377e-14,1
28.9,128,0,28.9,0.00066803987750047,1.4966972836268e-05,1.0660537300253e-11,-2.3880948799207e-10,13.884875818183,0.038585611827564,1.6653345369377e-14,1
28.95,128,0,28.95,0.00066803998915681,1.4966970335188e-05,1.0660537300253e-11,-2.3880948799207e-10,13.882946537592,0.038585611827564,1.6653345369377e-14,1
29,128,0,29,0.00066804010081315,1.4966967834107e-05,1.0660537300253e-11,-2.3880948799207e-10,13.881017257001,0.038585611827564,1.6653345369377e-14,1
29.05,128,0,29.05,0.00066804053375179,1.4966958135711e-05,-1.0963201683934e-11,2.4559308472989e-10,13.879087976409,0.038585611827523,2.5091040356529e-14,1
29.1,128,0,29.1,0.00066804096669043,1.4966948437314e-05,-1.0963201683934e-11,2.4559308472989e-10,13.877158695818,0.038585611827523,2.5091040356529e-14,1
29.15,128,0,29.15,0.00066804139962907,1.4966938738917e-05,-1.0963201683934e-11,2.4559308472989e-10,13.875229415227,0.038585611827523,2.5091040356529e-14,1
29.2,128,0,29.2,0.00066804183256771,1.4966929040521e-05,-1.0963201683934e-11,2.4559308472989e-10,13.873300134635,0.038585611827523,2.5091040356529e-14,1
29.25,128,0,29.25,0.00066804226550635,1.4966919342124e-05,-1.0963201683934e-11,2.4559308472989e-10,13.871370854044,0.038585611827523,2.5091040356529e-14,1
29.3,128,0,29.3,0.00066804269844499,1.4966909643727e-05,-1.0963201683934e-11,2.4559308472989e-10,13.869441573452,0.038585611827523,2.5091040356529e-14,1
29.35,128,0,29.35,0.00066804313138363,1.4966899945331e-05,-1.0963201683934e-11,2.4559308472989e-10,13.867512292861,0.038585611827523,2.5091040356529e-14,1
29.4,128,0,29.4,0.00066804356432227,1.4966890246934e-05,-1.0963201683934e-11,2.4559308472989e-10,13.86558301227,0.038585611827523,2.5091040356529e-14,1
29.45,128,0,29.45,0.00066804399726091,1.4966880548537e-05,-1.0963201683934e-11,2.4559308472989e-10,13.863653731678,0.038585611827523,2.5091040356529e-14,1
29.5,128,0,29.5,0.00066804443019955,1.4966870850141e-05,-1.0963201683934e-11,2.4559308472989e-10,13.861724451087,0.038585611827523,2.5091040356529e-14,1
29.55,128,0,29.55,0.0006680448631382,1.4966861151744e-05,-1.0963201683934e-11,2.4559308472989e-10,13.859795170496,0.038585611827523,2.5091040356529e-14,1
29.6,128,0,29.6,0.00066804529607684,1.4966851453347e-05,-1.0963201683934e-11,2.4559308472989e-10,13.857865889904,0.038585611827523,2.5091040356529e-14,1
29.65,128,0,29.65,0.00066804572901548,1.496684175495e-05,-1.0963201683934e-11,2.4559308472989e-10,13.855936609313,0.038585611827523,2.5091040356529e-14,1
29.7,128,0,29.7,0.00066804616195412,1.4966832056554e-05,-1.0963201683934e-11,2.4559308472989e-10,13.854007328721,0.038585611827523,2.5091040356529e-14,1
29.75,128,0,29.75,0.00066804659489276,1.4966822358157e-05,-1.0963201683934e-11,2.4559308472989e-10,13.85207804813,0.038585611827523,2.5091040356529e-14,1
29.8,128,0,29.8,0.0006680470278314,1.496681265976e-05,-1.0963201683934e-11,2.4559308472989e-10,13.850148767539,0.038585611827523,2.5091040356529e-14,1
29.85,128,0,29.85,0.00066804746077004,1.4966802961364e-05,-1.0963201683934e-11,2.4559308472989e-10,13.848219486947,0.038585611827523,2.5091040356529e-14,1
29.9,128,0,29.9,0.00066804789370868,1.4966793262967e-05,-1.0963201683934e-11,2.4559308472989e-10,13.846290206356,0.038585611827523,2.5091040356529e-14,1
29.95,128,0,29.95,0.00066804832664732,1.496678356457e-05,-1.0963201683934e-11,2.4559308472989e-10,13.844360925765,0.038585611827523,2.5091040356529e-14,1
30,128,0,30,0.00066804875958596,1.4966773866174e-05,-1.0963201683934e-11,2.4559308472989e-10,13.842431645173,0.038585611827523,2.5091040356529e-14,1
30.05,128,0,30.05,0.00066804867804503,1.4966775693225e-05,1.1653956581999e-11,-2.6107058614431e-10,13.840502364582,0.038585611827555,2.6645352591004e-14,1
30.1,128,0,30.1,0.0006680485965041,1.4966777520276e-05,1.1653956581999e-11,-2.6107058614431e-10,13.83857308399,0.038585611827555,2.6645352591004e-14,1
30.15,128,0,30.15,0.00066804851496317,1.4966779347326e-05,1.1653956581999e-11,-2.6107058614431e-10,13.836643803399,0.038585611827555,2.6645352591004e-14,1
30.2,128,0,30.2,0.00066804843342224,1.4966781174377e-05,1.1653956581999e-11,-2.6107058614431e-10,13.834714522808,0.038585611827555,2.6645352591004e-14,1
30.25,128,0,30.25,0.00066804835188131,1.4966783001428e-05,1.1653956581999e-11,-2.6107058614431e-10,13.832785242216,0.038585611827555,2.6645352591004e-14,1
30.3,128,0,30.3,0.00066804827034037,1.4966784828479e-05,1.1653956581999e-11,-2.6107058614431e-10,13.830855961625,0.038585611827555,2.6645352591004e-14,1
30.35,128,0,30.35,0.00066804818879944,1.496678665553e-05,1.1653956581999e-11,-2.6107058614431e-10,13.828926681034,0.038585611827555,2.6645352591004e-14,1
30.4,128,0,30.4,0.00066804810725851,1.4966788482581e-05,1.1653956581999e-11,-2.6107058614431e-10,13.826997400442,0.038585611827555,2.6645352591004e-14,1
30.45,128,0,30.45,0.00066804802571758,1.4966790309632e-05,1.1653956581999e-11,-2.6107058614431e-10,13.825068119851,0.038585611827555,2.6645352591004e-14,1
30.5,128,0,30.5,0.00066804794417665,1.4966792136683e-05,1.1653956581999e-11,-2.6107058614431e-10,13.823138839259,0.038585611827555,2.6645352591004e-14,1
30.55,128,0,30.55,0.00066804786263572,1.4966793963734e-05,1.1653956581999e-11,-2.6107058614431e-10,13.821209558668,0.038585611827555,2.6645352591004e-14,1
30.6,128,0,30.6,0.00066804778109479,1.4966795790784e-05,1.1653956581999e-11,-2.6107058614431e-10,13.819280278077,0.038585611827555,2.6645352591004e-14,1
30.65,128,0,30.65,0.00066804769955385,1.4966797617835e-05,1.1653956581999e-11,-2.6107058614431e-10,13.817350997485,0.038585611827555,2.6645352591004e-14,1
30.7,128,0,30.7,0.00066804761801292,1.4966799444886e-05,1.1653956581999e-11,-2.6107058614431e-10,13.815421716894,0.038585611827555,2.6645352591004e-14,1
30.75,128,0,30.75,0.00066804753647199,1.4966801271937e-05,1.1653956581999e-11,-2.6107058614431e-10,13.813492436302,0.038585611827555,2.6645352591004e-14,1
30.8,128,0,30.8,0.00066804745493106,1.4966803098988e-05,1.1653956581999e-11,-2.6107058614431e-10,13.811563155711,0.038585611827555,2.6645352591004e-14,1
30.85,128,0,30.85,0.00066804737339013,1.4966804926039e-05,1.1653956581999e-11,-2.6107058614431e-10,13.80963387512,0.038585611827555,2.6645352591004e-14,1
30.9,128,0,30.9,0.0006680472918492,1.496680675309e-05,1.1653956581999e-11,-2.6107058614431e-10,13.807704594528,0.038585611827555,2.6645352591004e-14,1
30.95,128,0,30.95,0.00066804721030827,1.4966808580141e-05,1.1653956581999e-11,-2.6107058614431e-10,13.805775313937,0.038585611827555,2.6645352591004e-14,1
31,128,0,31,0.00066804712876733,1.4966810407192e-05,1.1653956581999e-11,-2.6107058614431e-10,13.803846033346,0.038585611827555,2.6645352591004e-14,1
31.05,128,0,31.05,0.00066804666575966,1.4966820778576e-05,-1.135468278722e-11,2.5436297368307e-10,13.801916752754,0.038585611827576,2.9087843245179e-14,1
31.1,128,0,31.1,0.00066804620275199,1.496683114996e-05,-1.135468278722e-11,2.5436297368307e-10,13.799987472163,0.038585611827576,2.9087843245179e-14,1
31.15,128,0,31.15,0.00066804573974432,1.4966841521344e-05,-1.135468278722e-11,2.5436297368307e-10,13.798058191571,0.038585611827576,2.9087843245179e-14,1
31.2,128,0,31.2,0.00066804527673664,1.4966851892728e-05,-1.135468278722e-11,2.5436297368307e-10,13.79612891098,0.038585611827576,2.9087843245179e-14,1
31.25,128,0,31.25,0.00066804481372897,1.4966862264112e-05,-1.135468278722e-11,2.5436297368307e-10,13.794199630389,0.038585611827576,2.9087843245179e-14,1
31.3,128,0,31.3,0.0006680443507213,1.4966872635496e-05,-1.135468278722e-11,2.5436297368307e-10,13.792270349797,0.038585611827576,2.9087843245179e-14,1
31.35,128,0,31.35,0.00066804388771363,1.4966883006879e-05,-1.135468278722e-11,2.5436297368307e-10,13.790341069206,0.038585611827576,2.9087843245179e-14,1
31.4,128,0,31.4,0.00066804342470595,1.4966893378263e-05,-1.135468278722e-11,2.5436297368307e-10,13.788411788615,0.038585611827576,2.9087843245179e-14,1
31.45,128,0,31.45,0.00066804296169828,1.4966903749647e-05,-1.135468278722e-11,2.5436297368307e-10,13.786482508023,0.038585611827576,2.9087843245179e-14,1
31.5,128,0,31.5,0.00066804249869061,1.4966914121031e-05,-1.135468278722e-11,2.5436297368307e-10,13.784553227432,0.038585611827576,2.9087843245179e-14,1
31.55,128,0,31.55,0.00066804203568294,1.4966924492415e-05,-1.135468278722e-11,2.5436297368307e-10,13.78262394684,0.038585611827576,2.9087843245179e-14,1
31.6,128,0,31.6,0.00066804157267526,1.4966934863799e-05,-1.135468278722e-11,2.5436297368307e-10,13.780694666249,0.038585611827576,2.9087843245179e-14,1
31.65,128,0,31.65,0.00066804110966759,1.4966945235183e-05,-1.135468278722e-11,2.5436297368307e-10,13.778765385658,0.038585611827576,2.9087843245179e-14,1
31.7,128,0,31.7,0.00066804064665992,1.4966955606567e-05,-1.135468278722e-11,2.5436297368307e-10,13.776836105066,0.038585611827576,2.9087843245179e-14,1
31.75,128,0,31.75,0.00066804018365225,1.4966965977951e-05,-1.135468278722e-11,2.5436297368307e-10,13.774906824475,0.038585611827576,2.9087843245179e-14,1
31.8,128,0,31.8,0.00066803972064457,1.4966976349335e-05,-1.135468278722e-11,2.5436297368307e-10,13.772977543884,0.038585611827576,2.9087843245179e-14,1
31.85,128,0,31.85,0.0006680392576369,1.4966986720719e-05,-1.135468278722e-11,2.5436297368307e-10,13.771048263292,0.038585611827576,2.9087843245179e-14,1
31.9,128,0,31.9,0.00066803879462923,1.4966997092103e-05,-1.135468278722e-11,2.5436297368307e-10,13.769118982701,0.038585611827576,2.9087843245179e-14,1
31.95,128,0,31.95,0.00066803833162156,1.4967007463487e-05,-1.135468278722e-11,2.5436297368307e-10,13.767189702109,0.038585611827576,2.9087843245179e-14,1
32,128,0,32,0.00066803786861389,1.4967017834871e-05,-1.135468278722e-11,2.5436297368307e-10,13.765260421518,0.038585611827576,2.9087843245179e-14,1
32.05,128,0,32.05,0.00066803798033751,1.4967015332288e-05,1.0665978696922e-11,-2.3893141221461e-10,13.763331140927,0.038585611827561,-1.9317880628478e-14,1
32.1,128,0,32.1,0.00066803809206114,1.4967012829705e-05,1.0665978696922e-11,-2.3893141221461e-10,13.761401860335,0.038585611827561,-1.9317880628478e-14,1
32.15,128,0,32.15,0.00066803820378477,1.4967010327122e-05,1.0665978696922e-11,-2.3893141221461e-10,13.759472579744,0.038585611827561,-1.9317880628478e-14,1
32.2,128,0,32.2,0.00066803831550839,1.4967007824539e-05,1.0665978696922e-11,-2.3893141221461e-10,13.757543299153,0.038585611827561,-1.9317880628478e-14,1
32.25,128,0,32.25,0.00066803842723202,1.4967005321956e-05,1.0665978696922e-11,-2.3893141221461e-10,13.755614018561,0.038585611827561,-1.9317880628478e-14,1
32.3,128,0,32.3,0.00066803853895565,1.4967002819373e-05,1.0665978696922e-11,-2.3893141221461e-10,13.75368473797,0.038585611827561,-1.9317880628478e-14,1
32.35,128,0,32.35,0.00066803865067927,1.496700031679e-05,1.0665978696922e-11,-2.3893141221461e-10,13.751755457378,0.038585611827561,-1.9317880628478e-14,1
32.4,128,0,32.4,0.0006680387624029,1.4966997814207e-05,1.0665978696922e-11,-2.3893141221461e-10,13.749826176787,0.038585611827561,-1.9317880628478e-14,1
32.45,128,0,32.45,0.00066803887412653,1.4966995311624e-05,1.0665978696922e-11,-2.3893141221461e-10,13.747896896196,0.038585611827561,-1.9317880628478e-14,1
32.5,128,0,32.5,0.00066803898585015,1.4966992809041e-05,1.0665978696922e-11,-2.3893141221461e-10,13.745967615604,0.038585611827561,-1.9317880628478e-14,1
32.55,128,0,32.55,0.00066803909757378,1.4966990306458e-05,1.0665978696922e-11,-2.3893141221461e-10,13.744038335013,0.038585611827561,-1.9317880628478e-14,1
32.6,128,0,32.6,0.00066803920929741,1.4966987803875e-05,1.0665978696922e-11,-2.3893141221461e-10,13.742109054421,0.038585611827561,-1.9317880628478e-14,1
32.65,128,0,32.65,0.00066803932102103,1.4966985301292e-05,1.0665978696922e-11,-2.3893141221461e-10,13.74017977383,0.038585611827561,-1.9317880628478e-14,1
32.7,128,0,32.7,0.00066803943274466,1.4966982798709e-05,1.0665978696922e-11,-2.3893141221461e-10,13.738250493239,0.038585611827561,-1.9317880628478e-14,1
32.75,128,0,32.75,0.00066803954446829,1.4966980296126e-05,1.0665978696922e-11,-2.3893141221461e-10,13.736321212647,0.038585611827561,-1.9317880628478e-14,1
32.8,128,0,32.8,0.00066803965619191,1.4966977793543e-05,1.0665978696922e-11,-2.3893141221461e-10,13.734391932056,0.038585611827561,-1.9317880628478e-14,1
32.85,128,0,32.85,0.00066803976791554,1.4966975290961e-05,1.0665978696922e-11,-2.3893141221461e-10,13.732462651465,0.038585611827561,-1.9317880628478e-14,1
32.9,128,0,32.9,0.00066803987963917,1.4966972788378e-05,1.0665978696922e-11,-2.3893141221461e-10,13.730533370873,0.038585611827561,-1.9317880628478e-14,1
32.95,128,0,32.95,0.0006680399913628,1.4966970285795e-05,1.0665978696922e-11,-2.3893141221461e-10,13.728604090282,0.038585611827561,-1.9317880628478e-14,1
33,128,0,33,0.00066804010308642,1.4966967783212e-05,1.0665978696922e-11,-2.3893141221461e-10,13.72667480969,0.038585611827561,-1.9317880628478e-14,1
33.05,128,0,33.05,0.00066804053620484,1.4966958080786e-05,-1.0966100078499e-11,2.4565802921612e-10,13.724745529099,0.038585611827566,-7.9936057773011e-15,1
33.1,128,0,33.1,0.00066804096932327,1.496694837836e-05,-1.0966100078499e-11,2.4565802921612e-10,13.722816248508,0.038585611827566,-7.9936057773011e-15,1
33.15,128,0,33.15,0.00066804140244169,1.4966938675935e-05,-1.0966100078499e-11,2.4565802921612e-10,13.720886967916,0.038585611827566,-7.9936057773011e-15,1
33.2,128,0,33.2,0.00066804183556011,1.4966928973509e-05,-1.0966100078499e-11,2.4565802921612e-10,13.718957687325,0.038585611827566,-7.9936057773011e-15,1
33.25,128,0,33.25,0.00066804226867853,1.4966919271083e-05,-1.0966100078499e-11,2.4565802921612e-10,13.717028406734,0.038585611827566,-7.9936057773011e-15,1
33.3,128,0,33.3,0.00066804270179696,1.4966909568658e-05,-1.0966100078499e-11,2.4565802921612e-10,13.715099126142,0.038585611827566,-7.9936057773011e-15,1
33.35,128,0,33.35,0.00066804313491538,1.4966899866232e-05,-1.0966100078499e-11,2.4565802921612e-10,13.713169845551,0.038585611827566,-7.9936057773011e-15,1
33.4,128,0,33.4,0.0006680435680338,1.4966890163806e-05,-1.0966100078499e-11,2.4565802921612e-10,13.711240564959,0.038585611827566,-7.9936057773011e-15,1
33.45,128,0,33.45,0.00066804400115222,1.496688046138e-05,-1.0966100078499e-11,2.4565802921612e-10,13.709311284368,0.038585611827566,-7.9936057773011e-15,1
33.5,128,0,33.5,0.00066804443427065,1.4966870758955e-05,-1.0966100078499e-11,2.4565802921612e-10,13.707382003777,0.038585611827566,-7.9936057773011e-15,1
33.55,128,0,33.55,0.00066804486738907,1.4966861056529e-05,-1.0966100078499e-11,2.4565802921612e-10,13.705452723185,0.038585611827566,-7.9936057773011e-15,1
33.6,128,0,33.6,0.00066804530050749,1.4966851354103e-05,-1.0966100078499e-11,2.4565802921612e-10,13.703523442594,0.038585611827566,-7.9936057773011e-15,1
33.65,128,0,33.65,0.00066804573362591,1.4966841651678e-05,-1.0966100078499e-11,2.4565802921612e-10,13.701594162003,0.038585611827566,-7.9936057773011e-15,1
33.7,128,0,33.7,0.00066804616674433,1.4966831949252e-05,-1.0966100078499e-11,2.4565802921612e-10,13.699664881411,0.038585611827566,-7.9936057773011e-15,1
33.75,128,0,33.75,0.00066804659986276,1.4966822246826e-05,-1.0966100078499e-11,2.4565802921612e-10,13.69773560082,0.038585611827566,-7.9936057773011e-15,1
33.8,128,0,33.8,0.00066804703298118,1.4966812544401e-05,-1.0966100078499e-11,2.4565802921612e-10,13.695806320228,0.038585611827566,-7.9936057773011e-15,1
33.85,128,0,33.85,0.0006680474660996,1.4966802841975e-05,-1.0966100078499e-11,2.4565802921612e-10,13.693877039637,0.038585611827566,-7.9936057773011e-15,1
33.9,128,0,33.9,0.00066804789921802,1.4966793139549e-05,-1.0966100078499e-11,2.4565802921612e-10,13.691947759046,0.038585611827566,-7.9936057773011e-15,1
33.95,128,0,33.95,0.00066804833233645,1.4966783437124e-05,-1.0966100078499e-11,2.4565802921612e-10,13.690018478454,0.038585611827566,-7.9936057773011e-15,1
34,128,0,34,0.00066804876545487,1.4966773734698e-05,-1.0966100078499e-11,2.4565802921612e-10,13.688089197863,0.038585611827566,-7.9936057773011e-15,1
34.05,128,0,34.05,0.00066804868338634,1.4966775573566e-05,1.1652717495298e-11,-2.6104284517831e-10,13.686159917272,0.038585611827578,-2.7089441800854e-14,1
34.1,128,0,34.1,0.0006680486013178,1.4966777412434e-05,1.1652717495298e-11,-2.6104284517831e-10,13.68423063668,0.038585611827578,-2.7089441800854e-14,1
34.15,128,0,34.15,0.00066804851924927,1.4966779251302e-05,1.1652717495298e-11,-2.6104284517831e-10,13.682301356089,0.038585611827578,-2.7089441800854e-14,1
34.2,128,0,34.2,0.00066804843718074,1.496678109017e-05,1.1652717495298e-11,-2.6104284517831e-10,13.680372075497,0.038585611827578,-2.7089441800854e-14,1
34.25,128,0,34.25,0.0006680483551122,1.4966782929038e-05,1.1652717495298e-11,-2.6104284517831e-10,13.678442794906,0.038585611827578,-2.7089441800854e-14,1
34.3,128,0,34.3,0.00066804827304367,1.4966784767906e-05,1.1652717495298e-11,-2.6104284517831e-10,13.676513514315,0.038585611827578,-2.7089441800854e-14,1
34.35,128,0,34.35,0.00066804819097514,1.4966786606774e-05,1.1652717495298e-11,-2.6104284517831e-10,13.674584233723,0.038585611827578,-2.7089441800854e-14,1
34.4,128,0,34.4,0.00066804810890661,1.4966788445641e-05,1.1652717495298e-11,-2.6104284517831e-10,13.672654953132,0.038585611827578,-2.7089441800854e-14,1
34.45,128,0,34.45,0.00066804802683807,1.4966790284509e-05,1.1652717495298e-11,-2.6104284517831e-10,13.67072567254,0.038585611827578,-2.7089441800854e-14,1
34.5,128,0,34.5,0.00066804794476954,1.4966792123377e-05,1.1652717495298e-11,-2.6104284517831e-10,13.668796391949,0.038585611827578,-2.7089441800854e-14,1
34.55,128,0,34.55,0.00066804786270101,1.4966793962245e-05,1.1652717495298e-11,-2.6104284517831e-10,13.666867111358,0.038585611827578,-2.7089441800854e-14,1
34.6,128,0,34.6,0.00066804778063248,1.4966795801113e-05,1.1652717495298e-11,-2.6104284517831e-10,13.664937830766,0.038585611827578,-2.7089441800854e-14,1
34.65,128,0,34.65,0.00066804769856394,1.4966797639981e-05,1.1652717495298e-11,-2.6104284517831e-10,13.663008550175,0.038585611827578,-2.7089441800854e-14,1
34.7,128,0,34.7,0.00066804761649541,1.4966799478849e-05,1.1652717495298e-11,-2.6104284517831e-10,13.661079269584,0.038585611827578,-2.7089441800854e-14,1
34.75,128,0,34.75,0.00066804753442688,1.4966801317717e-05,1.1652717495298e-11,-2.6104284517831e-10,13.659149988992,0.038585611827578,-2.7089441800854e-14,1
34.8,128,0,34.8,0.00066804745235835,1.4966803156585e-05,1.1652717495298e-11,-2.6104284517831e-10,13.657220708401,0.038585611827578,-2.7089441800854e-14,1
34.85,128,0,34.85,0.00066804737028981,1.4966804995453e-05,1.1652717495298e-11,-2.6104284517831e-10,13.655291427809,0.038585611827578,-2.7089441800854e-14,1
34.9,128,0,34.9,0.00066804728822128,1.4966806834321e-05,1.1652717495298e-11,-2.6104284517831e-10,13.653362147218,0.038585611827578,-2.7089441800854e-14,1
34.95,128,0,34.95,0.00066804720615275,1.4966808673189e-05,1.1652717495298e-11,-2.6104284517831e-10,13.651432866627,0.038585611827578,-2.7089441800854e-14,1
35,128,0,35,0.00066804712408422,1.4966810512056e-05,1.1652717495298e-11,-2.6104284517831e-10,13.649503586035,0.038585611827578,-2.7089441800854e-14,1
35.05,128,0,35.05,0.00066804666156078,1.4966820872596e-05,-1.1348297171293e-11,2.5421993066037e-10,13.647574305444,0.038585611827552,-4.6851411639182e-14,1
35.1,128,0,35.1,0.00066804619903734,1.4966831233135e-05,-1.1348297171293e-11,2.5421993066037e-10,13.645645024853,0.038585611827552,-4.6851411639182e-14,1
35.15,128,0,35.15,0.0006680457365139,1.4966841593674e-05,-1.1348297171293e-11,2.5421993066037e-10,13.643715744261,0.038585611827552,-4.6851411639182e-14,1
35.2,128,0,35.2,0.00066804527399046,1.4966851954214e-05,-1.1348297171293e-11,2.5421993066037e-10,13.64178646367,0.038585611827552,-4.6851411639182e-14,1
35.25,128,0,35.25,0.00066804481146702,1.4966862314753e-05,-1.1348297171293e-11,2.5421993066037e-10,13.639857183078,0.038585611827552,-4.6851411639182e-14,1
35.3,128,0,35.3,0.00066804434894358,1.4966872675292e-05,-1.1348297171293e-11,2.5421993066037e-10,13.637927902487,0.038585611827552,-4.6851411639182e-14,1
35.35,128,0,35.35,0.00066804388642015,1.4966883035831e-05,-1.1348297171293e-11,2.5421993066037e-10,13.635998621896,0.038585611827552,-4.6851411639182e-14,1
35.4,128,0,35.4,0.00066804342389671,1.4966893396371e-05,-1.1348297171293e-11,2.5421993066037e-10,13.634069341304,0.038585611827552,-4.6851411639182e-14,1
35.45,128,0,35.45,0.00066804296137327,1.496690375691e-05,-1.1348297171293e-11,2.5421993066037e-10,13.632140060713,0.038585611827552,-4.6851411639182e-14,1
35.5,128,0,35.5,0.00066804249884983,1.4966914117449e-05,-1.1348297171293e-11,2.5421993066037e-10,13.630210780122,0.038585611827552,-4.6851411639182e-14,1
35.55,128,0,35.55,0.00066804203632639,1.4966924477989e-05,-1.1348297171293e-11,2.5421993066037e-10,13.62828149953,0.038585611827552,-4.6851411639182e-14,1
35.6,128,0,35.6,0.00066804157380295,1.4966934838528e-05,-1.1348297171293e-11,2.5421993066037e-10,13.626352218939,0.038585611827552,-4.6851411639182e-14,1
35.65,128,0,35.65,0.00066804111127952,1.4966945199067e-05,-1.1348297171293e-11,2.5421993066037e-10,13.624422938347,0.038585611827552,-4.6851411639182e-14,1
35.7,128,0,35.7,0.00066804064875608,1.4966955559607e-05,-1.1348297171293e-11,2.5421993066037e-10,13.622493657756,0.038585611827552,-4.6851411639182e-14,1
35.75,128,0,35.75,0.00066804018623264,1.4966965920146e-05,-1.1348297171293e-11,2.5421993066037e-10,13.620564377165,0.038585611827552,-4.6851411639182e-14,1
35.8,128,0,35.8,0.0006680397237092,1.4966976280685e-05,-1.1348297171293e-11,2.5421993066037e-10,13.618635096573,0.038585611827552,-4.6851411639182e-14,1
35.85,128,0,35.85,0.00066803926118576,1.4966986641224e-05,-1.1348297171293e-11,2.5421993066037e-10,13.616705815982,0.038585611827552,-4.6851411639182e-14,1
35.9,128,0,35.9,0.00066803879866232,1.4966997001764e-05,-1.1348297171293e-11,2.5421993066037e-10,13.614776535391,0.038585611827552,-4.6851411639182e-14,1
35.95,128,0,35.95,0.00066803833613889,1.4967007362303e-05,-1.1348297171293e-11,2.5421993066037e-10,13.612847254799,0.038585611827552,-4.6851411639182e-14,1
36,128,0,36,0.00066803787361545,1.4967017722842e-05,-1.1348297171293e-11,2.5421993066037e-10,13.610917974208,0.038585611827552,-4.6851411639182e-14,1
36.05,128,0,36.05,0.00066803798478098,1.496701523276e-05,1.0662043298257e-11,-2.38843260527e-10,13.608988693616,0.03858561182754,-1.2656542480727e-14,1
36.1,128,0,36.1,0.00066803809594651,1.4967012742677e-05,1.0662043298257e-11,-2.38843260527e-10,13.607059413025,0.03858561182754,-1.2656542480727e-14,1
36.15,128,0,36.15,0.00066803820711204,1.4967010252595e-05,1.0662043298257e-11,-2.38843260527e-10,13.605130132434,0.03858561182754,-1.2656542480727e-14,1
36.2,128,0,36.2,0.00066803831827756,1.4967007762513e-05,1.0662043298257e-11,-2.38843260527e-10,13.603200851842,0.03858561182754,-1.2656542480727e-14,1
36.25,128,0,36.25,0.00066803842944309,1.496700527243e-05,1.0662043298257e-11,-2.38843260527e-10,13.601271571251,0.03858561182754,-1.2656542480727e-14,1
36.3,128,0,36.3,0.00066803854060862,1.4967002782348e-05,1.0662043298257e-11,-2.38843260527e-10,13.59934229066,0.03858561182754,-1.2656542480727e-14,1
36.35,128,0,36.35,0.00066803865177415,1.4967000292265e-05,1.0662043298257e-11,-2.38843260527e-10,13.597413010068,0.03858561182754,-1.2656542480727e-14,1
36.4,128,0,36.4,0.00066803876293968,1.4966997802183e-05,1.0662043298257e-11,-2.38843260527e-10,13.595483729477,0.03858561182754,-1.2656542480727e-14,1
36.45,128,0,36.45,0.00066803887410521,1.4966995312101e-05,1.0662043298257e-11,-2.38843260527e-10,13.593554448885,0.03858561182754,-1.2656542480727e-14,1
36.5,128,0,36.5,0.00066803898527074,1.4966992822018e-05,1.0662043298257e-11,-2.38843260527e-10,13.591625168294,0.03858561182754,-1.2656542480727e-14,1
36.55,128,0,36.55,0.00066803909643627,1.4966990331936e-05,1.0662043298257e-11,-2.38843260527e-10,13.589695887703,0.03858561182754,-1.2656542480727e-14,1
36.6,128,0,36.6,0.0006680392076018,1.4966987841854e-05,1.0662043298257e-11,-2.38843260527e-10,13.587766607111,0.03858561182754,-1.2656542480727e-14,1
36.65,128,0,36.65,0.00066803931876733,1.4966985351771e-05,1.0662043298257e-11,-2.38843260527e-10,13.58583732652,0.03858561182754,-1.2656542480727e-14,1
36.7,128,0,36.7,0.00066803942993286,1.4966982861689e-05,1.0662043298257e-11,-2.38843260527e-10,13.583908045928,0.03858561182754,-1.2656542480727e-14,1
36.75,128,0,36.75,0.00066803954109839,1.4966980371606e-05,1.0662043298257e-11,-2.38843260527e-10,13.581978765337,0.03858561182754,-1.2656542480727e-14,1
36.8,128,0,36.8,0.00066803965226392,1.4966977881524e-05,1.0662043298257e-11,-2.38843260527e-10,13.580049484746,0.03858561182754,-1.2656542480727e-14,1
36.85,128,0,36.85,0.00066803976342945,1.4966975391442e-05,1.0662043298257e-11,-2.38843260527e-10,13.578120204154,0.03858561182754,-1.2656542480727e-14,1
36.9,128,0,36.9,0.00066803987459498,1.4966972901359e-05,1.0662043298257e-11,-2.38843260527e-10,13.576190923563,0.03858561182754,-1.2656542480727e-14,1
36.95,128,0,36.95,0.00066803998576051,1.4966970411277e-05,1.0662043298257e-11,-2.38843260527e-10,13.574261642972,0.03858561182754,-1.2656542480727e-14,1
37,128,0,37,0.00066804009692604,1.4966967921194e-05,1.0662043298257e-11,-2.38843260527e-10,13.57233236238,0.03858561182754,-1.2656542480727e-14,1
37.05,128,0,37.05,0.00066804053024681,1.4966958214236e-05,-1.0967126405376e-11,2.4568103270756e-10,13.570403081789,0.03858561182757,-5.9952043329758e-15,1
37.1,128,0,37.1,0.00066804096356757,1.4966948507278e-05,-1.0967126405376e-11,2.4568103270756e-10,13.568473801197,0.03858561182757,-5.9952043329758e-15,1
37.15,128,0,37.15,0.00066804139688834,1.496693880032e-05,-1.0967126405376e-11,2.4568103270756e-10,13.566544520606,0.03858561182757,-5.9952043329758e-15,1
37.2,128,0,37.2,0.00066804183020911,1.4966929093363e-05,-1.0967126405376e-11,2.4568103270756e-10,13.564615240015,0.03858561182757,-5.9952043329758e-15,1
37.25,128,0,37.25,0.00066804226352988,1.4966919386405e-05,-1.0967126405376e-11,2.4568103270756e-10,13.562685959423,0.03858561182757,-5.9952043329758e-15,1
37.3,128,0,37.3,0.00066804269685065,1.4966909679447e-05,-1.0967126405376e-11,2.4568103270756e-10,13.560756678832,0.03858561182757,-5.9952043329758e-15,1
37.35,128,0,37.35,0.00066804313017141,1.4966899972489e-05,-1.0967126405376e-11,2.4568103270756e-10,13.558827398241,0.03858561182757,-5.9952043329758e-15,1
37.4,128,0,37.4,0.00066804356349218,1.4966890265531e-05,-1.0967126405376e-11,2.4568103270756e-10,13.556898117649,0.03858561182757,-5.9952043329758e-15,1
37.45,128,0,37.45,0.00066804399681295,1.4966880558573e-05,-1.0967126405376e-11,2.4568103270756e-10,13.554968837058,0.03858561182757,-5.9952043329758e-15,1
37.5,128,0,37.5,0.00066804443013372,1.4966870851615e-05,-1.0967126405376e-11,2.4568103270756e-10,13.553039556466,0.03858561182757,-5.9952043329758e-15,1
37.55,128,0,37.55,0.00066804486345449,1.4966861144657e-05,-1.0967126405376e-11,2.4568103270756e-10,13.551110275875,0.03858561182757,-5.9952043329758e-15,1
37.6,128,0,37.6,0.00066804529677525,1.4966851437699e-05,-1.0967126405376e-11,2.4568103270756e-10,13.549180995284,0.03858561182757,-5.9952043329758e-15,1
37.65,128,0,37.65,0.00066804573009602,1.4966841730741e-05,-1.0967126405376e-11,2.4568103270756e-10,13.547251714692,0.03858561182757,-5.9952043329758e-15,1
37.7,128,0,37.7,0.00066804616341679,1.4966832023783e-05,-1.0967126405376e-11,2.4568103270756e-10,13.545322434101,0.03858561182757,-5.9952043329758e-15,1
37.75,128,0,37.75,0.00066804659673756,1.4966822316825e-05,-1.0967126405376e-11,2.4568103270756e-10,13.54339315351,0.03858561182757,-5.9952043329758e-15,1
37.8,128,0,37.8,0.00066804703005833,1.4966812609867e-05,-1.0967126405376e-11,2.4568103270756e-10,13.541463872918,0.03858561182757,-5.9952043329758e-15,1
37.85,128,0,37.85,0.00066804746337909,1.4966802902909e-05,-1.0967126405376e-11,2.4568103270756e-10,13.539534592327,0.03858561182757,-5.9952043329758e-15,1
37.9,128,0,37.9,0.00066804789669986,1.4966793195951e-05,-1.0967126405376e-11,2.4568103270756e-10,13.537605311735,0.03858561182757,-5.9952043329758e-15,1
37.95,128,0,37.95,0.00066804833002063,1.4966783488993e-05,-1.0967126405376e-11,2.4568103270756e-10,13.535676031144,0.03858561182757,-5.9952043329758e-15,1
38,128,0,38,0.0006680487633414,1.4966773782035e-05,-1.0967126405376e-11,2.4568103270756e-10,13.533746750553,0.03858561182757,-5.9952043329758e-15,1
38.05,128,0,38.05,0.00066804868159542,1.4966775613677e-05,1.1654681564627e-11,-2.610868102714e-10,13.531817469961,0.03858561182759,2.5313084961454e-14,1
38.1,128,0,38.1,0.00066804859984944,1.496677744532e-05,1.1654681564627e-11,-2.610868102714e-10,13.52988818937,0.03858561182759,2.5313084961454e-14,1
38.15,128,0,38.15,0.00066804851810347,1.4966779276962e-05,1.1654681564627e-11,-2.610868102714e-10,13.527958908779,0.03858561182759,2.5313084961454e-14,1
38.2,128,0,38.2,0.00066804843635749,1.4966781108605e-05,1.1654681564627e-11,-2.610868102714e-10,13.526029628187,0.03858561182759,2.5313084961454e-14,1
38.25,128,0,38.25,0.00066804835461151,1.4966782940247e-05,1.1654681564627e-11,-2.610868102714e-10,13.524100347596,0.03858561182759,2.5313084961454e-14,1
38.3,128,0,38.3,0.00066804827286554,1.4966784771889e-05,1.1654681564627e-11,-2.610868102714e-10,13.522171067004,0.03858561182759,2.5313084961454e-14,1
38.35,128,0,38.35,0.00066804819111956,1.4966786603532e-05,1.1654681564627e-11,-2.610868102714e-10,13.520241786413,0.03858561182759,2.5313084961454e-14,1
38.4,128,0,38.4,0.00066804810937358,1.4966788435174e-05,1.1654681564627e-11,-2.610868102714e-10,13.518312505822,0.03858561182759,2.5313084961454e-14,1
38.45,128,0,38.45,0.00066804802762761,1.4966790266817e-05,1.1654681564627e-11,-2.610868102714e-10,13.51638322523,0.03858561182759,2.5313084961454e-14,1
38.5,128,0,38.5,0.00066804794588163,1.4966792098459e-05,1.1654681564627e-11,-2.610868102714e-10,13.514453944639,0.03858561182759,2.5313084961454e-14,1
38.55,128,0,38.55,0.00066804786413565,1.4966793930102e-05,1.1654681564627e-11,-2.610868102714e-10,13.512524664047,0.03858561182759,2.5313084961454e-14,1
38.6,128,0,38.6,0.00066804778238968,1.4966795761744e-05,1.1654681564627e-11,-2.610868102714e-10,13.510595383456,0.03858561182759,2.5313084961454e-14,1
38.65,128,0,38.65,0.0006680477006437,1.4966797593387e-05,1.1654681564627e-11,-2.610868102714e-10,13.508666102865,0.03858561182759,2.5313084961454e-14,1
38.7,128,0,38.7,0.00066804761889772,1.4966799425029e-05,1.1654681564627e-11,-2.610868102714e-10,13.506736822273,0.03858561182759,2.5313084961454e-14,1
38.75,128,0,38.75,0.00066804753715175,1.4966801256671e-05,1.1654681564627e-11,-2.610868102714e-10,13.504807541682,0.03858561182759,2.5313084961454e-14,1
38.8,128,0,38.8,0.00066804745540577,1.4966803088314e-05,1.1654681564627e-11,-2.610868102714e-10,13.502878261091,0.03858561182759,2.5313084961454e-14,1
38.85,128,0,38.85,0.00066804737365979,1.4966804919956e-05,1.1654681564627e-11,-2.610868102714e-10,13.500948980499,0.03858561182759,2.5313084961454e-14,1
38.9,128,0,38.9,0.00066804729191382,1.4966806751599e-05,1.1654681564627e-11,-2.610868102714e-10,13.499019699908,0.03858561182759,2.5313084961454e-14,1
38.95,128,0,38.95,0.00066804721016784,1.4966808583241e-05,1.1654681564627e-11,-2.610868102714e-10,13.497090419316,0.03858561182759,2.5313084961454e-14,1
39,128,0,39,0.00066804712842186,1.4966810414884e-05,1.1654681564627e-11,-2.610868102714e-10,13.495161138725,0.03858561182759,2.5313084961454e-14,1
39.05,128,0,39.05,0.00066804666496728,1.496682079628e-05,-1.1348956498216e-11,2.542346472863e-10,13.493231858134,0.038585611827562,3.8302694349568e-14,1
39.1,128,0,39.1,0.00066804620151269,1.4966831177676e-05,-1.1348956498216e-11,2.542346472863e-10,13.491302577542,0.038585611827562,3.8302694349568e-14,1
39.15,128,0,39.15,0.0006680457380581,1.4966841559073e-05,-1.1348956498216e-11,2.542346472863e-10,13.489373296951,0.038585611827562,3.8302694349568e-14,1
39.2,128,0,39.2,0.00066804527460352,1.4966851940469e-05,-1.1348956498216e-11,2.542346472863e-10,13.48744401636,0.038585611827562,3.8302694349568e-14,1
39.25,128,0,39.25,0.00066804481114893,1.4966862321865e-05,-1.1348956498216e-11,2.542346472863e-10,13.485514735768,0.038585611827562,3.8302694349568e-14,1
39.3,128,0,39.3,0.00066804434769434,1.4966872703262e-05,-1.1348956498216e-11,2.542346472863e-10,13.483585455177,0.038585611827562,3.8302694349568e-14,1
39.35,128,0,39.35,0.00066804388423976,1.4966883084658e-05,-1.1348956498216e-11,2.542346472863e-10,13.481656174585,0.038585611827562,3.8302694349568e-14,1
39.4,128,0,39.4,0.00066804342078517,1.4966893466054e-05,-1.1348956498216e-11,2.542346472863e-10,13.479726893994,0.038585611827562,3.8302694349568e-14,1
39.45,128,0,39.45,0.00066804295733058,1.496690384745e-05,-1.1348956498216e-11,2.542346472863e-10,13.477797613403,0.038585611827562,3.8302694349568e-14,1
39.5,128,0,39.5,0.000668042493876,1.4966914228847e-05,-1.1348956498216e-11,2.542346472863e-10,13.475868332811,0.038585611827562,3.8302694349568e-14,1
39.55,128,0,39.55,0.00066804203042141,1.4966924610243e-05,-1.1348956498216e-11,2.542346472863e-10,13.47393905222,0.038585611827562,3.8302694349568e-14,1
39.6,128,0,39.6,0.00066804156696682,1.4966934991639e-05,-1.1348956498216e-11,2.542346472863e-10,13.472009771629,0.038585611827562,3.8302694349568e-14,1
39.65,128,0,39.65,0.00066804110351224,1.4966945373036e-05,-1.1348956498216e-11,2.542346472863e-10,13.470080491037,0.038585611827562,3.8302694349568e-14,1
39.7,128,0,39.7,0.00066804064005765,1.4966955754432e-05,-1.1348956498216e-11,2.542346472863e-10,13.468151210446,0.038585611827562,3.8302694349568e-14,1
39.75,128,0,39.75,0.00066804017660306,1.4966966135828e-05,-1.1348956498216e-11,2.542346472863e-10,13.466221929854,0.038585611827562,3.8302694349568e-14,1
39.8,128,0,39.8,0.00066803971314848,1.4966976517225e-05,-1.1348956498216e-11,2.542346472863e-10,13.464292649263,0.038585611827562,3.8302694349568e-14,1
39.85,128,0,39.85,0.00066803924969389,1.4966986898621e-05,-1.1348956498216e-11,2.542346472863e-10,13.462363368672,0.038585611827562,3.8302694349568e-14,1
39.9,128,0,39.9,0.0006680387862393,1.4966997280017e-05,-1.1348956498216e-11,2.542346472863e-10,13.46043408808,0.038585611827562,3.8302694349568e-14,1
39.95,128,0,39.95,0.00066803832278472,1.4967007661414e-05,-1.1348956498216e-11,2.542346472863e-10,13.458504807489,0.038585611827562,3.8302694349568e-14,1
40,128,0,40,0.00066803785933013,1.496701804281e-05,-1.1348956498216e-11,2.542346472863e-10,13.456575526897,0.038585611827562,3.8302694349568e-14,1
40.05,128,0,40.05,0.0006680379714808,1.4967015530662e-05,1.0661832122819e-11,-2.3883851453003e-10,13.454646246306,0.038585611827563,1.8651746813703e-14,1
40.1,128,0,40.1,0.00066803808363147,1.4967013018515e-05,1.0661832122819e-11,-2.3883851453003e-10,13.452716965715,0.038585611827563,1.8651746813703e-14,1
40.15,128,0,40.15,0.00066803819578214,1.4967010506367e-05,1.0661832122819e-11,-2.3883851453003e-10,13.450787685123,0.038585611827563,1.8651746813703e-14,1
40.2,128,0,40.2,0.00066803830793281,1.496700799422e-05,1.0661832122819e-11,-2.3883851453003e-10,13.448858404532,0.038585611827563,1.8651746813703e-14,1
40.25,128,0,40.25,0.00066803842008348,1.4967005482072e-05,1.0661832122819e-11,-2.3883851453003e-10,13.446929123941,0.038585611827563,1.8651746813703e-14,1
40.3,128,0,40.3,0.00066803853223415,1.4967002969924e-05,1.0661832122819e-11,-2.3883851453003e-10,13.444999843349,0.038585611827563,1.8651746813703e-14,1
40.35,128,0,40.35,0.00066803864438482,1.4967000457777e-05,1.0661832122819e-11,-2.3883851453003e-10,13.443070562758,0.038585611827563,1.8651746813703e-14,1
40.4,128,0,40.4,0.00066803875653549,1.4966997945629e-05,1.0661832122819e-11,-2.3883851453003e-10,13.441141282166,0.038585611827563,1.8651746813703e-14,1
40.45,128,0,40.45,0.00066803886868616,1.4966995433481e-05,1.0661832122819e-11,-2.3883851453003e-10,13.439212001575,0.038585611827563,1.8651746813703e-14,1
40.5,128,0,40.5,0.00066803898083684,1.4966992921334e-05,1.0661832122819e-11,-2.3883851453003e-10,13.437282720984,0.038585611827563,1.8651746813703e-14,1
40.55,128,0,40.55,0.00066803909298751,1.4966990409186e-05,1.0661832122819e-11,-2.3883851453003e-10,13.435353440392,0.038585611827563,1.8651746813703e-14,1
40.6,128,0,40.6,0.00066803920513818,1.4966987897039e-05,1.0661832122819e-11,-2.3883851453003e-10,13.433424159801,0.038585611827563,1.8651746813703e-14,1
40.65,128,0,40.65,0.00066803931728885,1.4966985384891e-05,1.0661832122819e-11,-2.3883851453003e-10,13.43149487921,0.038585611827563,1.8651746813703e-14,1
40.7,128,0,40.7,0.00066803942943952,1.4966982872743e-05,1.0661832122819e-11,-2.3883851453003e-10,13.429565598618,0.038585611827563,1.8651746813703e-14,1
40.75,128,0,40.75,0.00066803954159019,1.4966980360596e-05,1.0661832122819e-11,-2.3883851453003e-10,13.427636318027,0.038585611827563,1.8651746813703e-14,1
40.8,128,0,40.8,0.00066803965374086,1.4966977848448e-05,1.0661832122819e-11,-2.3883851453003e-10,13.425707037435,0.038585611827563,1.8651746813703e-14,1
40.85,128,0,40.85,0.00066803976589153,1.49669753363e-05,1.0661832122819e-11,-2.3883851453003e-10,13.423777756844,0.038585611827563,1.8651746813703e-14,1
40.9,128,0,40.9,0.0006680398780422,1.4966972824153e-05,1.0661832122819e-11,-2.3883851453003e-10,13.421848476253,0.038585611827563,1.8651746813703e-14,1
40.95,128,0,40.95,0.00066803999019287,1.4966970312005e-05,1.0661832122819e-11,-2.3883851453003e-10,13.419919195661,0.038585611827563,1.8651746813703e-14,1
41,128,0,41,0.00066804010234354,1.4966967799858e-05,1.0661832122819e-11,-2.3883851453003e-10,13.41798991507,0.038585611827563,1.8651746813703e-14,1
41.05,128,0,41.05,0.00066804053555837,1.4966958095272e-05,-1.0966341321695e-11,2.4566342990835e-10,13.416060634479,0.038585611827563,1.7763568394003e-15,1
41.1,128,0,41.1,0.00066804096877321,1.4966948390687e-05,-1.0966341321695e-11,2.4566342990835e-10,13.414131353887,0.038585611827563,1.7763568394003e-15,1
41.15,128,0,41.15,0.00066804140198804,1.4966938686102e-05,-1.0966341321695e-11,2.4566342990835e-10,13.412202073296,0.038585611827563,1.7763568394003e-15,1
41.2,128,0,41.2,0.00066804183520287,1.4966928981517e-05,-1.0966341321695e-11,2.4566342990835e-10,13.410272792704,0.038585611827563,1.7763568394003e-15,1
41.25,128,0,41.25,0.0006680422684177,1.4966919276932e-05,-1.0966341321695e-11,2.4566342990835e-10,13.408343512113,0.038585611827563,1.7763568394003e-15,1
41.3,128,0,41.3,0.00066804270163254,1.4966909572346e-05,-1.0966341321695e-11,2.4566342990835e-10,13.406414231522,0.038585611827563,1.7763568394003e-15,1
41.35,128,0,41.35,0.00066804313484737,1.4966899867761e-05,-1.0966341321695e-11,2.4566342990835e-10,13.40448495093,0.038585611827563,1.7763568394003e-15,1
41.4,128,0,41.4,0.0006680435680622,1.4966890163176e-05,-1.0966341321695e-11,2.4566342990835e-10,13.402555670339,0.038585611827563,1.7763568394003e-15,1
41.45,128,0,41.45,0.00066804400127703,1.4966880458591e-05,-1.0966341321695e-11,2.4566342990835e-10,13.400626389748,0.038585611827563,1.7763568394003e-15,1
41.5,128,0,41.5,0.00066804443449186,1.4966870754006e-05,-1.0966341321695e-11,2.4566342990835e-10,13.398697109156,0.038585611827563,1.7763568394003e-15,1
41.55,128,0,41.55,0.0006680448677067,1.496686104942e-05,-1.0966341321695e-11,2.4566342990835e-10,13.396767828565,0.038585611827563,1.7763568394003e-15,1
41.6,128,0,41.6,0.00066804530092153,1.4966851344835e-05,-1.0966341321695e-11,2.4566342990835e-10,13.394838547973,0.038585611827563,1.7763568394003e-15,1
41.65,128,0,41.65,0.00066804573413636,1.496684164025e-05,-1.0966341321695e-11,2.4566342990835e-10,13.392909267382,0.038585611827563,1.7763568394003e-15,1
41.7,128,0,41.7,0.00066804616735119,1.4966831935665e-05,-1.0966341321695e-11,2.4566342990835e-10,13.390979986791,0.038585611827563,1.7763568394003e-15,1
41.75,128,0,41.75,0.00066804660056602,1.4966822231079e-05,-1.0966341321695e-11,2.4566342990835e-10,13.389050706199,0.038585611827563,1.7763568394003e-15,1
41.8,128,0,41.8,0.00066804703378086,1.4966812526494e-05,-1.0966341321695e-11,2.4566342990835e-10,13.387121425608,0.038585611827563,1.7763568394003e-15,1
41.85,128,0,41.85,0.00066804746699569,1.4966802821909e-05,-1.0966341321695e-11,2.4566342990835e-10,13.385192145017,0.038585611827563,1.7763568394003e-15,1
41.9,128,0,41.9,0.00066804790021052,1.4966793117324e-05,-1.0966341321695e-11,2.4566342990835e-10,13.383262864425,0.038585611827563,1.7763568394003e-15,1
41.95,128,0,41.95,0.00066804833342535,1.4966783412739e-05,-1.0966341321695e-11,2.4566342990835e-10,13.381333583834,0.038585611827563,1.7763568394003e-15,1
42,128,0,42,0.00066804876664018,1.4966773708153e-05,-1.0966341321695e-11,2.4566342990835e-10,13.379404303242,0.038585611827563,1.7763568394003e-15,1
42.05,128,0,42.05,0.00066804868450161,1.496677554859e-05,1.1656977597484e-11,-2.6113828260585e-10,13.377475022651,0.038585611827552,-1.6986412276765e-14,1
42.1,128,0,42.1,0.00066804860236303,1.4966777389026e-05,1.1656977597484e-11,-2.6113828260585e-10,13.37554574206,0.038585611827552,-1.6986412276765e-14,1
42.15,128,0,42.15,0.00066804852022446,1.4966779229462e-05,1.1656977597484e-11,-2.6113828260585e-10,13.373616461468,0.038585611827552,-1.6986412276765e-14,1
42.2,128,0,42.2,0.00066804843808588,1.4966781069898e-05,1.1656977597484e-11,-2.6113828260585e-10,13.371687180877,0.038585611827552,-1.6986412276765e-14,1
42.25,128,0,42.25,0.0006680483559473,1.4966782910334e-05,1.1656977597484e-11,-2.6113828260585e-10,13.369757900286,0.038585611827552,-1.6986412276765e-14,1
42.3,128,0,42.3,0.00066804827380873,1.496678475077e-05,1.1656977597484e-11,-2.6113828260585e-10,13.367828619694,0.038585611827552,-1.6986412276765e-14,1
42.35,128,0,42.35,0.00066804819167015,1.4966786591207e-05,1.1656977597484e-11,-2.6113828260585e-10,13.365899339103,0.038585611827552,-1.6986412276765e-14,1
42.4,128,0,42.4,0.00066804810953158,1.4966788431643e-05,1.1656977597484e-11,-2.6113828260585e-10,13.363970058511,0.038585611827552,-1.6986412276765e-14,1
42.45,128,0,42.45,0.000668048027393,1.4966790272079e-05,1.1656977597484e-11,-2.6113828260585e-10,13.36204077792,0.038585611827552,-1.6986412276765e-14,1
42.5,128,0,42.5,0.00066804794525442,1.4966792112515e-05,1.1656977597484e-11,-2.6113828260585e-10,13.360111497329,0.038585611827552,-1.6986412276765e-14,1
42.55,128,0,42.55,0.00066804786311585,1.4966793952951e-05,1.1656977597484e-11,-2.6113828260585e-10,13.358182216737,0.038585611827552,-1.6986412276765e-14,1
42.6,128,0,42.6,0.00066804778097727,1.4966795793388e-05,1.1656977597484e-11,-2.6113828260585e-10,13.356252936146,0.038585611827552,-1.6986412276765e-14,1
42.65,128,0,42.65,0.0006680476988387,1.4966797633824e-05,1.1656977597484e-11,-2.6113828260585e-10,13.354323655554,0.038585611827552,-1.6986412276765e-14,1
42.7,128,0,42.7,0.00066804761670012,1.496679947426e-05,1.1656977597484e-11,-2.6113828260585e-10,13.352394374963,0.038585611827552,-1.6986412276765e-14,1
42.75,128,0,42.75,0.00066804753456154,1.4966801314696e-05,1.1656977597484e-11,-2.6113828260585e-10,13.350465094372,0.038585611827552,-1.6986412276765e-14,1
42.8,128,0,42.8,0.00066804745242297,1.4966803155132e-05,1.1656977597484e-11,-2.6113828260585e-10,13.34853581378,0.038585611827552,-1.6986412276765e-14,1
42.85,128,0,42.85,0.00066804737028439,1.4966804995568e-05,1.1656977597484e-11,-2.6113828260585e-10,13.346606533189,0.038585611827552,-1.6986412276765e-14,1
42.9,128,0,42.9,0.00066804728814582,1.4966806836005e-05,1.1656977597484e-11,-2.6113828260585e-10,13.344677252598,0.038585611827552,-1.6986412276765e-14,1
42.95,128,0,42.95,0.00066804720600724,1.4966808676441e-05,1.1656977597484e-11,-2.6113828260585e-10,13.342747972006,0.038585611827552,-1.6986412276765e-14,1
43,128,0,43,0.00066804712386866,1.4966810516877e-05,1.1656977597484e-11,-2.6113828260585e-10,13.340818691415,0.038585611827552,-1.6986412276765e-14,1
43.05,128,0,43.05,0.00066804666131211,1.4966820878158e-05,-1.1354367058332e-11,2.5435588157383e-10,13.338889410823,0.038585611827541,-5.6621374255883e-15,1
43.1,128,0,43.1,0.00066804619875555,1.4966831239438e-05,-1.1354367058332e-11,2.5435588157383e-10,13.336960130232,0.038585611827541,-5.6621374255883e-15,1
43.15,128,0,43.15,0.000668045736199,1.4966841600719e-05,-1.1354367058332e-11,2.5435588157383e-10,13.335030849641,0.038585611827541,-5.6621374255883e-15,1
43.2,128,0,43.2,0.00066804527364244,1.4966851961999e-05,-1.1354367058332e-11,2.5435588157383e-10,13.333101569049,0.038585611827541,-5.6621374255883e-15,1
43.25,128,0,43.25,0.00066804481108588,1.496686232328e-05,-1.1354367058332e-11,2.5435588157383e-10,13.331172288458,0.038585611827541,-5.6621374255883e-15,1
43.3,128,0,43.3,0.00066804434852933,1.496687268456e-05,-1.1354367058332e-11,2.5435588157383e-10,13.329243007867,0.038585611827541,-5.6621374255883e-15,1
43.35,128,0,43.35,0.00066804388597277,1.4966883045841e-05,-1.1354367058332e-11,2.5435588157383e-10,13.327313727275,0.038585611827541,-5.6621374255883e-15,1
43.4,128,0,43.4,0.00066804342341621,1.4966893407121e-05,-1.1354367058332e-11,2.5435588157383e-10,13.325384446684,0.038585611827541,-5.6621374255883e-15,1
43.45,128,0,43.45,0.00066804296085966,1.4966903768402e-05,-1.1354367058332e-11,2.5435588157383e-10,13.323455166092,0.038585611827541,-5.6621374255883e-15,1
43.5,128,0,43.5,0.0006680424983031,1.4966914129682e-05,-1.1354367058332e-11,2.5435588157383e-10,13.321525885501,0.038585611827541,-5.6621374255883e-15,1
43.55,128,0,43.55,0.00066804203574654,1.4966924490963e-05,-1.1354367058332e-11,2.5435588157383e-10,13.31959660491,0.038585611827541,-5.6621374255883e-15,1
43.6,128,0,43.6,0.00066804157318999,1.4966934852243e-05,-1.1354367058332e-11,2.5435588157383e-10,13.317667324318,0.038585611827541,-5.6621374255883e-15,1
43.65,128,0,43.65,0.00066804111063343,1.4966945213524e-05,-1.1354367058332e-11,2.5435588157383e-10,13.315738043727,0.038585611827541,-5.6621374255883e-15,1
43.7,128,0,43.7,0.00066804064807687,1.4966955574804e-05,-1.1354367058332e-11,2.5435588157383e-10,13.313808763136,0.038585611827541,-5.6621374255883e-15,1
43.75,128,0,43.75,0.00066804018552032,1.4966965936085e-05,-1.1354367058332e-11,2.5435588157383e-10,13.311879482544,0.038585611827541,-5.6621374255883e-15,1
43.8,128,0,43.8,0.00066803972296376,1.4966976297365e-05,-1.1354367058332e-11,2.5435588157383e-10,13.309950201953,0.038585611827541,-5.6621374255883e-15,1
43.85,128,0,43.85,0.0006680392604072,1.4966986658646e-05,-1.1354367058332e-11,2.5435588157383e-10,13.308020921361,0.038585611827541,-5.6621374255883e-15,1
43.9,128,0,43.9,0.00066803879785065,1.4966997019926e-05,-1.1354367058332e-11,2.5435588157383e-10,13.30609164077,0.038585611827541,-5.6621374255883e-15,1
43.95,128,0,43.95,0.00066803833529409,1.4967007381207e-05,-1.1354367058332e-11,2.5435588157383e-10,13.304162360179,0.038585611827541,-5.6621374255883e-15,1
44,128,0,44,0.00066803787273753,1.4967017742487e-05,-1.1354367058332e-11,2.5435588157383e-10,13.302233079587,0.038585611827541,-5.6621374255883e-15,1
44.05,128,0,44.05,0.00066803798418133,1.4967015246176e-05,1.0662492163309e-11,-2.3885328625397e-10,13.300303798996,0.038585611827616,3.0864200084579e-14,1
44.1,128,0,44.1,0.00066803809562512,1.4967012749865e-05,1.0662492163309e-11,-2.3885328625397e-10,13.298374518405,0.038585611827616,3.0864200084579e-14,1
44.15,128,0,44.15,0.00066803820706892,1.4967010253553e-05,1.0662492163309e-11,-2.3885328625397e-10,13.296445237813,0.038585611827616,3.0864200084579e-14,1
44.2,128,0,44.2,0.00066803831851271,1.4967007757242e-05,1.0662492163309e-11,-2.3885328625397e-10,13.294515957222,0.038585611827616,3.0864200084579e-14,1
44.25,128,0,44.25,0.00066803842995651,1.4967005260931e-05,1.0662492163309e-11,-2.3885328625397e-10,13.29258667663,0.038585611827616,3.0864200084579e-14,1
44.3,128,0,44.3,0.00066803854140031,1.4967002764619e-05,1.0662492163309e-11,-2.3885328625397e-10,13.290657396039,0.038585611827616,3.0864200084579e-14,1
44.35,128,0,44.35,0.0006680386528441,1.4967000268308e-05,1.0662492163309e-11,-2.3885328625397e-10,13.288728115448,0.038585611827616,3.0864200084579e-14,1
44.4,128,0,44.4,0.0006680387642879,1.4966997771997e-05,1.0662492163309e-11,-2.3885328625397e-10,13.286798834856,0.038585611827616,3.0864200084579e-14,1
44.45,128,0,44.45,0.00066803887573169,1.4966995275685e-05,1.0662492163309e-11,-2.3885328625397e-10,13.284869554265,0.038585611827616,3.0864200084579e-14,1
44.5,128,0,44.5,0.00066803898717549,1.4966992779374e-05,1.0662492163309e-11,-2.3885328625397e-10,13.282940273673,0.038585611827616,3.0864200084579e-14,1
44.55,128,0,44.55,0.00066803909861928,1.4966990283063e-05,1.0662492163309e-11,-2.3885328625397e-10,13.281010993082,0.038585611827616,3.0864200084579e-14,1
44.6,128,0,44.6,0.00066803921006308,1.4966987786751e-05,1.0662492163309e-11,-2.3885328625397e-10,13.279081712491,0.038585611827616,3.0864200084579e-14,1
44.65,128,0,44.65,0.00066803932150687,1.496698529044e-05,1.0662492163309e-11,-2.3885328625397e-10,13.277152431899,0.038585611827616,3.0864200084579e-14,1
44.7,128,0,44.7,0.00066803943295067,1.4966982794129e-05,1.0662492163309e-11,-2.3885328625397e-10,13.275223151308,0.038585611827616,3.0864200084579e-14,1
44.75,128,0,44.75,0.00066803954439446,1.4966980297817e-05,1.0662492163309e-11,-2.3885328625397e-10,13.273293870717,0.038585611827616,3.0864200084579e-14,1
44.8,128,0,44.8,0.00066803965583826,1.4966977801506e-05,1.0662492163309e-11,-2.3885328625397e-10,13.271364590125,0.038585611827616,3.0864200084579e-14,1
44.85,128,0,44.85,0.00066803976728205,1.4966975305195e-05,1.0662492163309e-11,-2.3885328625397e-10,13.269435309534,0.038585611827616,3.0864200084579e-14,1
44.9,128,0,44.9,0.00066803987872585,1.4966972808884e-05,1.0662492163309e-11,-2.3885328625397e-10,13.267506028942,0.038585611827616,3.0864200084579e-14,1
44.95,128,0,44.95,0.00066803999016964,1.4966970312572e-05,1.0662492163309e-11,-2.3885328625397e-10,13.265576748351,0.038585611827616,3.0864200084579e-14,1
45,128,0,45,0.00066804010161344,1.4966967816261e-05,1.0662492163309e-11,-2.3885328625397e-10,13.26364746776,0.038585611827616,3.0864200084579e-14,1
45.05,128,0,45.05,0.00066804053492362,1.4966958109533e-05,-1.0966175737284e-11,2.456597336192e-10,13.261718187168,0.038585611827519,7.7715611723761e-15,1
45.1,128,0,45.1,0.00066804096823381,1.4966948402806e-05,-1.0966175737284e-11,2.456597336192e-10,13.259788906577,0.038585611827519,7.7715611723761e-15,1
45.15,128,0,45.15,0.000668041401544,1.4966938696078e-05,-1.0966175737284e-11,2.456597336192e-10,13.257859625986,0.038585611827519,7.7715611723761e-15,1
45.2,128,0,45.2,0.00066804183485419,1.496692898935e-05,-1.0966175737284e-11,2.456597336192e-10,13.255930345394,0.038585611827519,7.7715611723761e-15,1
45.25,128,0,45.25,0.00066804226816437,1.4966919282623e-05,-1.0966175737284e-11,2.456597336192e-10,13.254001064803,0.038585611827519,7.7715611723761e-15,1
45.3,128,0,45.3,0.00066804270147456,1.4966909575895e-05,-1.0966175737284e-11,2.456597336192e-10,13.252071784211,0.038585611827519,7.7715611723761e-15,1
45.35,128,0,45.35,0.00066804313478475,1.4966899869167e-05,-1.0966175737284e-11,2.456597336192e-10,13.25014250362,0.038585611827519,7.7715611723761e-15,1
45.4,128,0,45.4,0.00066804356809493,1.496689016244e-05,-1.0966175737284e-11,2.456597336192e-10,13.248213223029,0.038585611827519,7.7715611723761e-15,1
45.45,128,0,45.45,0.00066804400140512,1.4966880455712e-05,-1.0966175737284e-11,2.456597336192e-10,13.246283942437,0.038585611827519,7.7715611723761e-15,1
45.5,128,0,45.5,0.00066804443471531,1.4966870748985e-05,-1.0966175737284e-11,2.456597336192e-10,13.244354661846,0.038585611827519,7.7715611723761e-15,1
45.55,128,0,45.55,0.00066804486802549,1.4966861042257e-05,-1.0966175737284e-11,2.456597336192e-10,13.242425381255,0.038585611827519,7.7715611723761e-15,1
45.6,128,0,45.6,0.00066804530133568,1.4966851335529e-05,-1.0966175737284e-11,2.456597336192e-10,13.240496100663,0.038585611827519,7.7715611723761e-15,1
45.65,128,0,45.65,0.00066804573464587,1.4966841628802e-05,-1.0966175737284e-11,2.456597336192e-10,13.238566820072,0.038585611827519,7.7715611723761e-15,1
45.7,128,0,45.7,0.00066804616795606,1.4966831922074e-05,-1.0966175737284e-11,2.456597336192e-10,13.23663753948,0.038585611827519,7.7715611723761e-15,1
45.75,128,0,45.75,0.00066804660126624,1.4966822215346e-05,-1.0966175737284e-11,2.456597336192e-10,13.234708258889,0.038585611827519,7.7715611723761e-15,1
45.8,128,0,45.8,0.00066804703457643,1.4966812508619e-05,-1.0966175737284e-11,2.456597336192e-10,13.232778978298,0.038585611827519,7.7715611723761e-15,1
45.85,128,0,45.85,0.00066804746788662,1.4966802801891e-05,-1.0966175737284e-11,2.456597336192e-10,13.230849697706,0.038585611827519,7.7715611723761e-15,1
45.9,128,0,45.9,0.0006680479011968,1.4966793095164e-05,-1.0966175737284e-11,2.456597336192e-10,13.228920417115,0.038585611827519,7.7715611723761e-15,1
45.95,128,0,45.95,0.00066804833450699,1.4966783388436e-05,-1.0966175737284e-11,2.456597336192e-10,13.226991136524,0.038585611827519,7.7715611723761e-15,1
46,128,0,46,0.00066804876781718,1.4966773681708e-05,-1.0966175737284e-11,2.456597336192e-10,13.225061855932,0.038585611827519,7.7715611723761e-15,1
46.05,128,0,46.05,0.0006680486857162,1.4966775521308e-05,1.1654451899802e-11,-2.6108168001857e-10,13.223132575341,0.038585611827552,-2.2870594307278e-14,1
46.1,128,0,46.1,0.00066804860361522,1.4966777360908e-05,1.1654451899802e-11,-2.6108168001857e-10,13.221203294749,0.038585611827552,-2.2870594307278e-14,1
46.15,128,0,46.15,0.00066804852151424,1.4966779200508e-05,1.1654451899802e-11,-2.6108168001857e-10,13.219274014158,0.038585611827552,-2.2870594307278e-14,1
46.2,128,0,46.2,0.00066804843941326,1.4966781040109e-05,1.1654451899802e-11,-2.6108168001857e-10,13.217344733567,0.038585611827552,-2.2870594307278e-14,1
46.25,128,0,46.25,0.00066804835731228,1.4966782879709e-05,1.1654451899802e-11,-2.6108168001857e-10,13.215415452975,0.038585611827552,-2.2870594307278e-14,1
46.3,128,0,46.3,0.0006680482752113,1.4966784719309e-05,1.1654451899802e-11,-2.6108168001857e-10,13.213486172384,0.038585611827552,-2.2870594307278e-14,1
46.35,128,0,46.35,0.00066804819311033,1.4966786558909e-05,1.1654451899802e-11,-2.6108168001857e-10,13.211556891793,0.038585611827552,-2.2870594307278e-14,1
46.4,128,0,46.4,0.00066804811100935,1.4966788398509e-05,1.1654451899802e-11,-2.6108168001857e-10,13.209627611201,0.038585611827552,-2.2870594307278e-14,1
46.45,128,0,46.45,0.00066804802890837,1.4966790238109e-05,1.1654451899802e-11,-2.6108168001857e-10,13.20769833061,0.038585611827552,-2.2870594307278e-14,1
46.5,128,0,46.5,0.00066804794680739,1.4966792077709e-05,1.1654451899802e-11,-2.6108168001857e-10,13.205769050018,0.038585611827552,-2.2870594307278e-14,1
46.55,128,0,46.55,0.00066804786470641,1.4966793917309e-05,1.1654451899802e-11,-2.6108168001857e-10,13.203839769427,0.038585611827552,-2.2870594307278e-14,1
46.6,128,0,46.6,0.00066804778260543,1.4966795756909e-05,1.1654451899802e-11,-2.6108168001857e-10,13.201910488836,0.038585611827552,-2.2870594307278e-14,1
46.65,128,0,46.65,0.00066804770050445,1.4966797596509e-05,1.1654451899802e-11,-2.6108168001857e-10,13.199981208244,0.038585611827552,-2.2870594307278e-14,1
46.7,128,0,46.7,0.00066804761840347,1.4966799436109e-05,1.1654451899802e-11,-2.6108168001857e-10,13.198051927653,0.038585611827552,-2.2870594307278e-14,1
46.75,128,0,46.75,0.00066804753630249,1.4966801275709e-05,1.1654451899802e-11,-2.6108168001857e-10,13.196122647061,0.038585611827552,-2.2870594307278e-14,1
46.8,128,0,46.8,0.00066804745420152,1.4966803115309e-05,1.1654451899802e-11,-2.6108168001857e-10,13.19419336647,0.038585611827552,-2.2870594307278e-14,1
46.85,128,0,46.85,0.00066804737210054,1.4966804954909e-05,1.1654451899802e-11,-2.6108168001857e-10,13.192264085879,0.038585611827552,-2.2870594307278e-14,1
46.9,128,0,46.9,0.00066804728999956,1.4966806794509e-05,1.1654451899802e-11,-2.6108168001857e-10,13.190334805287,0.038585611827552,-2.2870594307278e-14,1
46.95,128,0,46.95,0.00066804720789858,1.4966808634109e-05,1.1654451899802e-11,-2.6108168001857e-10,13.188405524696,0.038585611827552,-2.2870594307278e-14,1
47,128,0,47,0.0006680471257976,1.4966810473709e-05,1.1654451899802e-11,-2.6108168001857e-10,13.186476244105,0.038585611827552,-2.2870594307278e-14,1
47.05,128,0,47.05,0.00066804666265063,1.4966820848216e-05,-1.134942707603e-11,2.542452033245e-10,13.184546963513,0.038585611827588,8.6597395920762e-15,1
47.1,128,0,47.1,0.00066804619950366,1.4966831222722e-05,-1.134942707603e-11,2.542452033245e-10,13.182617682922,0.038585611827588,8.6597395920762e-15,1
47.15,128,0,47.15,0.0006680457363567,1.4966841597229e-05,-1.134942707603e-11,2.542452033245e-10,13.18068840233,0.038585611827588,8.6597395920762e-15,1
47.2,128,0,47.2,0.00066804527320973,1.4966851971735e-05,-1.134942707603e-11,2.542452033245e-10,13.178759121739,0.038585611827588,8.6597395920762e-15,1
47.25,128,0,47.25,0.00066804481006276,1.4966862346241e-05,-1.134942707603e-11,2.542452033245e-10,13.176829841148,0.038585611827588,8.6597395920762e-15,1
47.3,128,0,47.3,0.00066804434691579,1.4966872720748e-05,-1.134942707603e-11,2.542452033245e-10,13.174900560556,0.038585611827588,8.6597395920762e-15,1
47.35,128,0,47.35,0.00066804388376883,1.4966883095254e-05,-1.134942707603e-11,2.542452033245e-10,13.172971279965,0.038585611827588,8.6597395920762e-15,1
47.4,128,0,47.4,0.00066804342062186,1.4966893469761e-05,-1.134942707603e-11,2.542452033245e-10,13.171041999374,0.038585611827588,8.6597395920762e-15,1
47.45,128,0,47.45,0.00066804295747489,1.4966903844267e-05,-1.134942707603e-11,2.542452033245e-10,13.169112718782,0.038585611827588,8.6597395920762e-15,1
47.5,128,0,47.5,0.00066804249432792,1.4966914218773e-05,-1.134942707603e-11,2.542452033245e-10,13.167183438191,0.038585611827588,8.6597395920762e-15,1
47.55,128,0,47.55,0.00066804203118096,1.496692459328e-05,-1.134942707603e-11,2.542452033245e-10,13.165254157599,0.038585611827588,8.6597395920762e-15,1
47.6,128,0,47.6,0.00066804156803399,1.4966934967786e-05,-1.134942707603e-11,2.542452033245e-10,13.163324877008,0.038585611827588,8.6597395920762e-15,1
47.65,128,0,47.65,0.00066804110488702,1.4966945342293e-05,-1.134942707603e-11,2.542452033245e-10,13.161395596417,0.038585611827588,8.6597395920762e-15,1
47.7,128,0,47.7,0.00066804064174005,1.4966955716799e-05,-1.134942707603e-11,2.542452033245e-10,13.159466315825,0.038585611827588,8.6597395920762e-15,1
47.75,128,0,47.75,0.00066804017859309,1.4966966091305e-05,-1.134942707603e-11,2.542452033245e-10,13.157537035234,0.038585611827588,8.6597395920762e-15,1
47.8,128,0,47.8,0.00066803971544612,1.4966976465812e-05,-1.134942707603e-11,2.542452033245e-10,13.155607754643,0.038585611827588,8.6597395920762e-15,1
47.85,128,0,47.85,0.00066803925229915,1.4966986840318e-05,-1.134942707603e-11,2.542452033245e-10,13.153678474051,0.038585611827588,8.6597395920762e-15,1
47.9,128,0,47.9,0.00066803878915218,1.4966997214825e-05,-1.134942707603e-11,2.542452033245e-10,13.15174919346,0.038585611827588,8.6597395920762e-15,1
47.95,128,0,47.95,0.00066803832600522,1.4967007589331e-05,-1.134942707603e-11,2.542452033245e-10,13.149819912868,0.038585611827588,8.6597395920762e-15,1
48,128,0,48,0.00066803786285825,1.4967017963837e-05,-1.134942707603e-11,2.542452033245e-10,13.147890632277,0.038585611827588,8.6597395920762e-15,1
48.05,128,0,48.05,0.00066803797508522,1.4967015449975e-05,1.0659685835467e-11,-2.3879043261881e-10,13.145961351686,0.038585611827539,1.5543122344752e-15,1
48.1,128,0,48.1,0.00066803808731219,1.4967012936113e-05,1.0659685835467e-11,-2.3879043261881e-10,13.144032071094,0.038585611827539,1.5543122344752e-15,1
48.15,128,0,48.15,0.00066803819953917,1.4967010422251e-05,1.0659685835467e-11,-2.3879043261881e-10,13.142102790503,0.038585611827539,1.5543122344752e-15,1
48.2,128,0,48.2,0.00066803831176614,1.4967007908389e-05,1.0659685835467e-11,-2.3879043261881e-10,13.140173509911,0.038585611827539,1.5543122344752e-15,1
48.25,128,0,48.25,0.00066803842399311,1.4967005394526e-05,1.0659685835467e-11,-2.3879043261881e-10,13.13824422932,0.038585611827539,1.5543122344752e-15,1
48.3,128,0,48.3,0.00066803853622008,1.4967002880664e-05,1.0659685835467e-11,-2.3879043261881e-10,13.136314948729,0.038585611827539,1.5543122344752e-15,1
48.35,128,0,48.35,0.00066803864844706,1.4967000366802e-05,1.0659685835467e-11,-2.3879043261881e-10,13.134385668137,0.038585611827539,1.5543122344752e-15,1
48.4,128,0,48.4,0.00066803876067403,1.496699785294e-05,1.0659685835467e-11,-2.3879043261881e-10,13.132456387546,0.038585611827539,1.5543122344752e-15,1
48.45,128,0,48.45,0.000668038872901,1.4966995339078e-05,1.0659685835467e-11,-2.3879043261881e-10,13.130527106955,0.038585611827539,1.5543122344752e-15,1
48.5,128,0,48.5,0.00066803898512797,1.4966992825215e-05,1.0659685835467e-11,-2.3879043261881e-10,13.128597826363,0.038585611827539,1.5543122344752e-15,1
48.55,128,0,48.55,0.00066803909735495,1.4966990311353e-05,1.0659685835467e-11,-2.3879043261881e-10,13.126668545772,0.038585611827539,1.5543122344752e-15,1
48.6,128,0,48.6,0.00066803920958192,1.4966987797491e-05,1.0659685835467e-11,-2.3879043261881e-10,13.12473926518,0.038585611827539,1.5543122344752e-15,1
48.65,128,0,48.65,0.00066803932180889,1.4966985283629e-05,1.0659685835467e-11,-2.3879043261881e-10,13.122809984589,0.038585611827539,1.5543122344752e-15,1
48.7,128,0,48.7,0.00066803943403587,1.4966982769766e-05,1.0659685835467e-11,-2.3879043261881e-10,13.120880703998,0.038585611827539,1.5543122344752e-15,1
48.75,128,0,48.75,0.00066803954626284,1.4966980255904e-05,1.0659685835467e-11,-2.3879043261881e-10,13.118951423406,0.038585611827539,1.5543122344752e-15,1
48.8,128,0,48.8,0.00066803965848981,1.4966977742042e-05,1.0659685835467e-11,-2.3879043261881e-10,13.117022142815,0.038585611827539,1.5543122344752e-15,1
48.85,128,0,48.85,0.00066803977071678,1.496697522818e-05,1.0659685835467e-11,-2.3879043261881e-10,13.115092862224,0.038585611827539,1.5543122344752e-15,1
48.9,128,0,48.9,0.00066803988294376,1.4966972714318e-05,1.0659685835467e-11,-2.3879043261881e-10,13.113163581632,0.038585611827539,1.5543122344752e-15,1
48.95,128,0,48.95,0.00066803999517073,1.4966970200455e-05,1.0659685835467e-11,-2.3879043261881e-10,13.111234301041,0.038585611827539,1.5543122344752e-15,1
49,128,0,49,0.0006680401073977,1.4966967686593e-05,1.0659685835467e-11,-2.3879043261881e-10,13.109305020449,0.038585611827539,1.5543122344752e-15,1
49.05,128,0,49.05,0.00066804053993466,1.4966957997196e-05,-1.0964745693077e-11,2.4562770351871e-10,13.107375739858,0.038585611827562,0,1
49.1,128,0,49.1,0.00066804097247162,1.4966948307799e-05,-1.0964745693077e-11,2.4562770351871e-10,13.105446459267,0.038585611827562,0,1
49.15,128,0,49.15,0.00066804140500857,1.4966938618402e-05,-1.0964745693077e-11,2.4562770351871e-10,13.103517178675,0.038585611827562,0,1
49.2,128,0,49.2,0.00066804183754553,1.4966928929005e-05,-1.0964745693077e-11,2.4562770351871e-10,13.101587898084,0.038585611827562,0,1
49.25,128,0,49.25,0.00066804227008249,1.4966919239607e-05,-1.0964745693077e-11,2.4562770351871e-10,13.099658617493,0.038585611827562,0,1
49.3,128,0,49.3,0.00066804270261944,1.496690955021e-05,-1.0964745693077e-11,2.4562770351871e-10,13.097729336901,0.038585611827562,0,1
49.35,128,0,49.35,0.0006680431351564,1.4966899860813e-05,-1.0964745693077e-11,2.4562770351871e-10,13.09580005631,0.038585611827562,0,1
49.4,128,0,49.4,0.00066804356769336,1.4966890171416e-05,-1.0964745693077e-11,2.4562770351871e-10,13.093870775718,0.038585611827562,0,1
49.45,128,0,49.45,0.00066804400023032,1.4966880482019e-05,-1.0964745693077e-11,2.4562770351871e-10,13.091941495127,0.038585611827562,0,1
49.5,128,0,49.5,0.00066804443276727,1.4966870792622e-05,-1.0964745693077e-11,2.4562770351871e-10,13.090012214536,0.038585611827562,0,1
49.55,128,0,49.55,0.00066804486530423,1.4966861103225e-05,-1.0964745693077e-11,2.4562770351871e-10,13.088082933944,0.038585611827562,0,1
49.6,128,0,49.6,0.00066804529784119,1.4966851413827e-05,-1.0964745693077e-11,2.4562770351871e-10,13.086153653353,0.038585611827562,0,1
49.65,128,0,49.65,0.00066804573037815,1.496684172443e-05,-1.0964745693077e-11,2.4562770351871e-10,13.084224372762,0.038585611827562,0,1
49.7,128,0,49.7,0.0006680461629151,1.4966832035033e-05,-1.0964745693077e-11,2.4562770351871e-10,13.08229509217,0.038585611827562,0,1
49.75,128,0,49.75,0.00066804659545206,1.4966822345636e-05,-1.0964745693077e-11,2.4562770351871e-10,13.080365811579,0.038585611827562,0,1
49.8,128,0,49.8,0.00066804702798902,1.4966812656239e-05,-1.0964745693077e-11,2.4562770351871e-10,13.078436530987,0.038585611827562,0,1
49.85,128,0,49.85,0.00066804746052597,1.4966802966842e-05,-1.0964745693077e-11,2.4562770351871e-10,13.076507250396,0.038585611827562,0,1
49.9,128,0,49.9,0.00066804789306293,1.4966793277444e-05,-1.0964745693077e-11,2.4562770351871e-10,13.074577969805,0.038585611827562,0,1
49.95,128,0,49.95,0.00066804832559989,1.4966783588047e-05,-1.0964745693077e-11,2.4562770351871e-10,13.072648689213,0.038585611827562,0,1
50,128,0,50,0.00066804875813685,1.496677389865e-05,-1.0964745693077e-11,2.4562770351871e-10,13.070719408622,0.038585611827562,0,1
50.05,128,0,50.05,0.00066804867639664,1.4966775730159e-05,1.1657415317263e-11,-2.6114805567348e-10,13.068790128031,0.038585611827583,1.5543122344752e-15,1
50.1,128,0,50.1,0.00066804859465643,1.4966777561668e-05,1.1657415317263e-11,-2.6114805567348e-10,13.066860847439,0.038585611827583,1.5543122344752e-15,1
50.15,128,0,50.15,0.00066804851291622,1.4966779393177e-05,1.1657415317263e-11,-2.6114805567348e-10,13.064931566848,0.038585611827583,1.5543122344752e-15,1
50.2,128,0,50.2,0.00066804843117602,1.4966781224686e-05,1.1657415317263e-11,-2.6114805567348e-10,13.063002286256,0.038585611827583,1.5543122344752e-15,1
50.25,128,0,50.25,0.00066804834943581,1.4966783056195e-05,1.1657415317263e-11,-2.6114805567348e-10,13.061073005665,0.038585611827583,1.5543122344752e-15,1
50.3,128,0,50.3,0.0006680482676956,1.4966784887704e-05,1.1657415317263e-11,-2.6114805567348e-10,13.059143725074,0.038585611827583,1.5543122344752e-15,1
50.35,128,0,50.35,0.00066804818595539,1.4966786719213e-05,1.1657415317263e-11,-2.6114805567348e-10,13.057214444482,0.038585611827583,1.5543122344752e-15,1
50.4,128,0,50.4,0.00066804810421518,1.4966788550722e-05,1.1657415317263e-11,-2.6114805567348e-10,13.055285163891,0.038585611827583,1.5543122344752e-15,1
50.45,128,0,50.45,0.00066804802247498,1.4966790382231e-05,1.1657415317263e-11,-2.6114805567348e-10,13.053355883299,0.038585611827583,1.5543122344752e-15,1
50.5,128,0,50.5,0.00066804794073477,1.496679221374e-05,1.1657415317263e-11,-2.6114805567348e-10,13.051426602708,0.038585611827583,1.5543122344752e-15,1
50.55,128,0,50.55,0.00066804785899456,1.4966794045249e-05,1.1657415317263e-11,-2.6114805567348e-10,13.049497322117,0.038585611827583,1.5543122344752e-15,1
50.6,128,0,50.6,0.00066804777725435,1.4966795876757e-05,1.1657415317263e-11,-2.6114805567348e-10,13.047568041525,0.038585611827583,1.5543122344752e-15,1
50.65,128,0,50.65,0.00066804769551415,1.4966797708266e-05,1.1657415317263e-11,-2.6114805567348e-10,13.045638760934,0.038585611827583,1.5543122344752e-15,1
50.7,128,0,50.7,0.00066804761377394,1.4966799539775e-05,1.1657415317263e-11,-2.6114805567348e-10,13.043709480343,0.038585611827583,1.5543122344752e-15,1
50.75,128,0,50.75,0.00066804753203373,1.4966801371284e-05,1.1657415317263e-11,-2.6114805567348e-10,13.041780199751,0.038585611827583,1.5543122344752e-15,1
50.8,128,0,50.8,0.00066804745029352,1.4966803202793e-05,1.1657415317263e-11,-2.6114805567348e-10,13.03985091916,0.038585611827583,1.5543122344752e-15,1
50.85,128,0,50.85,0.00066804736855332,1.4966805034302e-05,1.1657415317263e-11,-2.6114805567348e-10,13.037921638568,0.038585611827583,1.5543122344752e-15,1
50.9,128,0,50.9,0.00066804728681311,1.4966806865811e-05,1.1657415317263e-11,-2.6114805567348e-10,13.035992357977,0.038585611827583,1.5543122344752e-15,1
50.95,128,0,50.95,0.0006680472050729,1.496680869732e-05,1.1657415317263e-11,-2.6114805567348e-10,13.034063077386,0.038585611827583,1.5543122344752e-15,1
51,128,0,51,0.00066804712333269,1.4966810528829e-05,1.1657415317263e-11,-2.6114805567348e-10,13.032133796794,0.038585611827583,1.5543122344752e-15,1
51.05,128,0,51.05,0.00066804666052333,1.4966820895782e-05,-1.135670940115e-11,2.5440826147634e-10,13.030204516203,0.038585611827527,-1.720845688169e-14,1
51.1,128,0,51.1,0.00066804619771397,1.4966831262735e-05,-1.135670940115e-11,2.5440826147634e-10,13.028275235612,0.038585611827527,-1.720845688169e-14,1
51.15,128,0,51.15,0.00066804573490461,1.4966841629688e-05,-1.135670940115e-11,2.5440826147634e-10,13.02634595502,0.038585611827527,-1.720845688169e-14,1
51.2,128,0,51.2,0.00066804527209525,1.4966851996641e-05,-1.135670940115e-11,2.5440826147634e-10,13.024416674429,0.038585611827527,-1.720845688169e-14,1
51.25,128,0,51.25,0.00066804480928589,1.4966862363595e-05,-1.135670940115e-11,2.5440826147634e-10,13.022487393837,0.038585611827527,-1.720845688169e-14,1
51.3,128,0,51.3,0.00066804434647653,1.4966872730548e-05,-1.135670940115e-11,2.5440826147634e-10,13.020558113246,0.038585611827527,-1.720845688169e-14,1
51.35,128,0,51.35,0.00066804388366717,1.4966883097501e-05,-1.135670940115e-11,2.5440826147634e-10,13.018628832655,0.038585611827527,-1.720845688169e-14,1
51.4,128,0,51.4,0.00066804342085781,1.4966893464454e-05,-1.135670940115e-11,2.5440826147634e-10,13.016699552063,0.038585611827527,-1.720845688169e-14,1
51.45,128,0,51.45,0.00066804295804844,1.4966903831407e-05,-1.135670940115e-11,2.5440826147634e-10,13.014770271472,0.038585611827527,-1.720845688169e-14,1
51.5,128,0,51.5,0.00066804249523908,1.496691419836e-05,-1.135670940115e-11,2.5440826147634e-10,13.012840990881,0.038585611827527,-1.720845688169e-14,1
51.55,128,0,51.55,0.00066804203242972,1.4966924565313e-05,-1.135670940115e-11,2.5440826147634e-10,13.010911710289,0.038585611827527,-1.720845688169e-14,1
51.6,128,0,51.6,0.00066804156962036,1.4966934932267e-05,-1.135670940115e-11,2.5440826147634e-10,13.008982429698,0.038585611827527,-1.720845688169e-14,1
51.65,128,0,51.65,0.000668041106811,1.496694529922e-05,-1.135670940115e-11,2.5440826147634e-10,13.007053149106,0.038585611827527,-1.720845688169e-14,1
51.7,128,0,51.7,0.00066804064400164,1.4966955666173e-05,-1.135670940115e-11,2.5440826147634e-10,13.005123868515,0.038585611827527,-1.720845688169e-14,1
51.75,128,0,51.75,0.00066804018119228,1.4966966033126e-05,-1.135670940115e-11,2.5440826147634e-10,13.003194587924,0.038585611827527,-1.720845688169e-14,1
51.8,128,0,51.8,0.00066803971838292,1.4966976400079e-05,-1.135670940115e-11,2.5440826147634e-10,13.001265307332,0.038585611827527,-1.720845688169e-14,1
51.85,128,0,51.85,0.00066803925557356,1.4966986767032e-05,-1.135670940115e-11,2.5440826147634e-10,12.999336026741,0.038585611827527,-1.720845688169e-14,1
51.9,128,0,51.9,0.0006680387927642,1.4966997133985e-05,-1.135670940115e-11,2.5440826147634e-10,12.99740674615,0.038585611827527,-1.720845688169e-14,1
51.95,128,0,51.95,0.00066803832995483,1.4967007500939e-05,-1.135670940115e-11,2.5440826147634e-10,12.995477465558,0.038585611827527,-1.720845688169e-14,1
52,128,0,52,0.00066803786714547,1.4967017867892e-05,-1.135670940115e-11,2.5440826147634e-10,12.993548184967,0.038585611827527,-1.720845688169e-14,1
52.05,128,0,52.05,0.00066803797898323,1.4967015362747e-05,1.0668212347862e-11,-2.3898140902423e-10,12.991618904375,0.038585611827561,-5.6621374255883e-15,1
52.1,128,0,52.1,0.00066803809082099,1.4967012857603e-05,1.0668212347862e-11,-2.3898140902423e-10,12.989689623784,0.038585611827561,-5.6621374255883e-15,1
52.15,128,0,52.15,0.00066803820265875,1.4967010352459e-05,1.0668212347862e-11,-2.3898140902423e-10,12.987760343193,0.038585611827561,-5.6621374255883e-15,1
52.2,128,0,52.2,0.00066803831449651,1.4967007847315e-05,1.0668212347862e-11,-2.3898140902423e-10,12.985831062601,0.038585611827561,-5.6621374255883e-15,1
52.25,128,0,52.25,0.00066803842633427,1.496700534217e-05,1.0668212347862e-11,-2.3898140902423e-10,12.98390178201,0.038585611827561,-5.6621374255883e-15,1
52.3,128,0,52.3,0.00066803853817203,1.4967002837026e-05,1.0668212347862e-11,-2.3898140902423e-10,12.981972501419,0.038585611827561,-5.6621374255883e-15,1
52.35,128,0,52.35,0.00066803865000979,1.4967000331882e-05,1.0668212347862e-11,-2.3898140902423e-10,12.980043220827,0.038585611827561,-5.6621374255883e-15,1
52.4,128,0,52.4,0.00066803876184755,1.4966997826738e-05,1.0668212347862e-11,-2.3898140902423e-10,12.978113940236,0.038585611827561,-5.6621374255883e-15,1
52.45,128,0,52.45,0.00066803887368531,1.4966995321593e-05,1.0668212347862e-11,-2.3898140902423e-10,12.976184659644,0.038585611827561,-5.6621374255883e-15,1
52.5,128,0,52.5,0.00066803898552307,1.4966992816449e-05,1.0668212347862e-11,-2.3898140902423e-10,12.974255379053,0.038585611827561,-5.6621374255883e-15,1
52.55,128,0,52.55,0.00066803909736083,1.4966990311305e-05,1.0668212347862e-11,-2.3898140902423e-10,12.972326098462,0.038585611827561,-5.6621374255883e-15,1
52.6,128,0,52.6,0.00066803920919859,1.4966987806161e-05,1.0668212347862e-11,-2.3898140902423e-10,12.97039681787,0.038585611827561,-5.6621374255883e-15,1
52.65,128,0,52.65,0.00066803932103635,1.4966985301016e-05,1.0668212347862e-11,-2.3898140902423e-10,12.968467537279,0.038585611827561,-5.6621374255883e-15,1
52.7,128,0,52.7,0.00066803943287411,1.4966982795872e-05,1.0668212347862e-11,-2.3898140902423e-10,12.966538256688,0.038585611827561,-5.6621374255883e-15,1
52.75,128,0,52.75,0.00066803954471187,1.4966980290728e-05,1.0668212347862e-11,-2.3898140902423e-10,12.964608976096,0.038585611827561,-5.6621374255883e-15,1
52.8,128,0,52.8,0.00066803965654963,1.4966977785584e-05,1.0668212347862e-11,-2.3898140902423e-10,12.962679695505,0.038585611827561,-5.6621374255883e-15,1
52.85,128,0,52.85,0.00066803976838739,1.4966975280439e-05,1.0668212347862e-11,-2.3898140902423e-10,12.960750414913,0.038585611827561,-5.6621374255883e-15,1
52.9,128,0,52.9,0.00066803988022515,1.4966972775295e-05,1.0668212347862e-11,-2.3898140902423e-10,12.958821134322,0.038585611827561,-5.6621374255883e-15,1
52.95,128,0,52.95,0.00066803999206291,1.4966970270151e-05,1.0668212347862e-11,-2.3898140902423e-10,12.956891853731,0.038585611827561,-5.6621374255883e-15,1
53,128,0,53,0.00066804010390067,1.4966967765007e-05,1.0668212347862e-11,-2.3898140902423e-10,12.954962573139,0.038585611827561,-5.6621374255883e-15,1
53.05,128,0,53.05,0.00066804053580856,1.4966958089696e-05,-1.0961478165837e-11,2.4555451963807e-10,12.953033292548,0.038585611827559,5.7731597280508e-15,1
53.1,128,0,53.1,0.00066804096771645,1.4966948414386e-05,-1.0961478165837e-11,2.4555451963807e-10,12.951104011956,0.038585611827559,5.7731597280508e-15,1
53.15,128,0,53.15,0.00066804139962433,1.4966938739075e-05,-1.0961478165837e-11,2.4555451963807e-10,12.949174731365,0.038585611827559,5.7731597280508e-15,1
53.2,128,0,53.2,0.00066804183153222,1.4966929063765e-05,-1.0961478165837e-11,2.4555451963807e-10,12.947245450774,0.038585611827559,5.7731597280508e-15,1
53.25,128,0,53.25,0.00066804226344011,1.4966919388454e-05,-1.0961478165837e-11,2.4555451963807e-10,12.945316170182,0.038585611827559,5.7731597280508e-15,1
53.3,128,0,53.3,0.000668042695348,1.4966909713144e-05,-1.0961478165837e-11,2.4555451963807e-10,12.943386889591,0.038585611827559,5.7731597280508e-15,1
53.35,128,0,53.35,0.00066804312725589,1.4966900037834e-05,-1.0961478165837e-11,2.4555451963807e-10,12.941457609,0.038585611827559,5.7731597280508e-15,1
53.4,128,0,53.4,0.00066804355916378,1.4966890362523e-05,-1.0961478165837e-11,2.4555451963807e-10,12.939528328408,0.038585611827559,5.7731597280508e-15,1
53.45,128,0,53.45,0.00066804399107166,1.4966880687213e-05,-1.0961478165837e-11,2.4555451963807e-10,12.937599047817,0.038585611827559,5.7731597280508e-15,1
53.5,128,0,53.5,0.00066804442297955,1.4966871011902e-05,-1.0961478165837e-11,2.4555451963807e-10,12.935669767225,0.038585611827559,5.7731597280508e-15,1
53.55,128,0,53.55,0.00066804485488744,1.4966861336592e-05,-1.0961478165837e-11,2.4555451963807e-10,12.933740486634,0.038585611827559,5.7731597280508e-15,1
53.6,128,0,53.6,0.00066804528679533,1.4966851661282e-05,-1.0961478165837e-11,2.4555451963807e-10,12.931811206043,0.038585611827559,5.7731597280508e-15,1
53.65,128,0,53.65,0.00066804571870322,1.4966841985971e-05,-1.0961478165837e-11,2.4555451963807e-10,12.929881925451,0.038585611827559,5.7731597280508e-15,1
53.7,128,0,53.7,0.00066804615061111,1.4966832310661e-05,-1.0961478165837e-11,2.4555451963807e-10,12.92795264486,0.038585611827559,5.7731597280508e-15,1
53.75,128,0,53.75,0.00066804658251899,1.496682263535e-05,-1.0961478165837e-11,2.4555451963807e-10,12.926023364269,0.038585611827559,5.7731597280508e-15,1
53.8,128,0,53.8,0.00066804701442688,1.496681296004e-05,-1.0961478165837e-11,2.4555451963807e-10,12.924094083677,0.038585611827559,5.7731597280508e-15,1
53.85,128,0,53.85,0.00066804744633477,1.4966803284729e-05,-1.0961478165837e-11,2.4555451963807e-10,12.922164803086,0.038585611827559,5.7731597280508e-15,1
53.9,128,0,53.9,0.00066804787824266,1.4966793609419e-05,-1.0961478165837e-11,2.4555451963807e-10,12.920235522494,0.038585611827559,5.7731597280508e-15,1
53.95,128,0,53.95,0.00066804831015055,1.4966783934109e-05,-1.0961478165837e-11,2.4555451963807e-10,12.918306241903,0.038585611827559,5.7731597280508e-15,1
54,128,0,54,0.00066804874205844,1.4966774258798e-05,-1.0961478165837e-11,2.4555451963807e-10,12.916376961312,0.038585611827559,5.7731597280508e-15,1
54.05,128,0,54.05,0.00066804866291483,1.496677603211e-05,1.1637475344901e-11,-2.6070102688851e-10,12.91444768072,0.038585611827549,2.3536728122053e-14,1
54.1,128,0,54.1,0.00066804858377122,1.4966777805423e-05,1.1637475344901e-11,-2.6070102688851e-10,12.912518400129,0.038585611827549,2.3536728122053e-14,1
54.15,128,0,54.15,0.00066804850462761,1.4966779578735e-05,1.1637475344901e-11,-2.6070102688851e-10,12.910589119538,0.038585611827549,2.3536728122053e-14,1
54.2,128,0,54.2,0.000668048425484,1.4966781352047e-05,1.1637475344901e-11,-2.6070102688851e-10,12.908659838946,0.038585611827549,2.3536728122053e-14,1
54.25,128,0,54.25,0.00066804834634039,1.4966783125359e-05,1.1637475344901e-11,-2.6070102688851e-10,12.906730558355,0.038585611827549,2.3536728122053e-14,1
54.3,128,0,54.3,0.00066804826719678,1.4966784898671e-05,1.1637475344901e-11,-2.6070102688851e-10,12.904801277763,0.038585611827549,2.3536728122053e-14,1
54.35,128,0,54.35,0.00066804818805317,1.4966786671984e-05,1.1637475344901e-11,-2.6070102688851e-10,12.902871997172,0.038585611827549,2.3536728122053e-14,1
54.4,128,0,54.4,0.00066804810890956,1.4966788445296e-05,1.1637475344901e-11,-2.6070102688851e-10,12.900942716581,0.038585611827549,2.3536728122053e-14,1
54.45,128,0,54.45,0.00066804802976595,1.4966790218608e-05,1.1637475344901e-11,-2.6070102688851e-10,12.899013435989,0.038585611827549,2.3536728122053e-14,1
54.5,128,0,54.5,0.00066804795062235,1.496679199192e-05,1.1637475344901e-11,-2.6070102688851e-10,12.897084155398,0.038585611827549,2.3536728122053e-14,1
54.55,128,0,54.55,0.00066804787147874,1.4966793765232e-05,1.1637475344901e-11,-2.6070102688851e-10,12.895154874807,0.038585611827549,2.3536728122053e-14,1
54.6,128,0,54.6,0.00066804779233513,1.4966795538545e-05,1.1637475344901e-11,-2.6070102688851e-10,12.893225594215,0.038585611827549,2.3536728122053e-14,1
54.65,128,0,54.65,0.00066804771319152,1.4966797311857e-05,1.1637475344901e-11,-2.6070102688851e-10,12.891296313624,0.038585611827549,2.3536728122053e-14,1
54.7,128,0,54.7,0.00066804763404791,1.4966799085169e-05,1.1637475344901e-11,-2.6070102688851e-10,12.889367033032,0.038585611827549,2.3536728122053e-14,1
54.75,128,0,54.75,0.0006680475549043,1.4966800858481e-05,1.1637475344901e-11,-2.6070102688851e-10,12.887437752441,0.038585611827549,2.3536728122053e-14,1
54.8,128,0,54.8,0.00066804747576069,1.4966802631794e-05,1.1637475344901e-11,-2.6070102688851e-10,12.88550847185,0.038585611827549,2.3536728122053e-14,1
54.85,128,0,54.85,0.00066804739661708,1.4966804405106e-05,1.1637475344901e-11,-2.6070102688851e-10,12.883579191258,0.038585611827549,2.3536728122053e-14,1
54.9,128,0,54.9,0.00066804731747347,1.4966806178418e-05,1.1637475344901e-11,-2.6070102688851e-10,12.881649910667,0.038585611827549,2.3536728122053e-14,1
54.95,128,0,54.95,0.00066804723832986,1.496680795173e-05,1.1637475344901e-11,-2.6070102688851e-10,12.879720630075,0.038585611827549,2.3536728122053e-14,1
55,128,0,55,0.00066804715918625,1.4966809725042e-05,1.1637475344901e-11,-2.6070102688851e-10,12.877791349484,0.038585611827549,2.3536728122053e-14,1
55.05,128,0,55.05,0.00066804669742111,1.496682006862e-05,-1.1365971935018e-11,2.5461564216811e-10,12.875862068893,0.038585611827599,5.5733195836183e-14,1
55.1,128,0,55.1,0.00066804623565596,1.4966830412197e-05,-1.1365971935018e-11,2.5461564216811e-10,12.873932788301,0.038585611827599,5.5733195836183e-14,1
55.15,128,0,55.15,0.00066804577389082,1.4966840755774e-05,-1.1365971935018e-11,2.5461564216811e-10,12.87200350771,0.038585611827599,5.5733195836183e-14,1
55.2,128,0,55.2,0.00066804531212567,1.4966851099351e-05,-1.1365971935018e-11,2.5461564216811e-10,12.870074227119,0.038585611827599,5.5733195836183e-14,1
55.25,128,0,55.25,0.00066804485036053,1.4966861442929e-05,-1.1365971935018e-11,2.5461564216811e-10,12.868144946527,0.038585611827599,5.5733195836183e-14,1
55.3,128,0,55.3,0.00066804438859538,1.4966871786506e-05,-1.1365971935018e-11,2.5461564216811e-10,12.866215665936,0.038585611827599,5.5733195836183e-14,1
55.35,128,0,55.35,0.00066804392683024,1.4966882130083e-05,-1.1365971935018e-11,2.5461564216811e-10,12.864286385344,0.038585611827599,5.5733195836183e-14,1
55.4,128,0,55.4,0.00066804346506509,1.496689247366e-05,-1.1365971935018e-11,2.5461564216811e-10,12.862357104753,0.038585611827599,5.5733195836183e-14,1
55.45,128,0,55.45,0.00066804300329995,1.4966902817238e-05,-1.1365971935018e-11,2.5461564216811e-10,12.860427824162,0.038585611827599,5.5733195836183e-14,1
55.5,128,0,55.5,0.00066804254153481,1.4966913160815e-05,-1.1365971935018e-11,2.5461564216811e-10,12.85849854357,0.038585611827599,5.5733195836183e-14,1
55.55,128,0,55.55,0.00066804207976966,1.4966923504392e-05,-1.1365971935018e-11,2.5461564216811e-10,12.856569262979,0.038585611827599,5.5733195836183e-14,1
55.6,128,0,55.6,0.00066804161800452,1.4966933847969e-05,-1.1365971935018e-11,2.5461564216811e-10,12.854639982388,0.038585611827599,5.5733195836183e-14,1
55.65,128,0,55.65,0.00066804115623937,1.4966944191547e-05,-1.1365971935018e-11,2.5461564216811e-10,12.852710701796,0.038585611827599,5.5733195836183e-14,1
55.7,128,0,55.7,0.00066804069447423,1.4966954535124e-05,-1.1365971935018e-11,2.5461564216811e-10,12.850781421205,0.038585611827599,5.5733195836183e-14,1
55.75,128,0,55.75,0.00066804023270908,1.4966964878701e-05,-1.1365971935018e-11,2.5461564216811e-10,12.848852140613,0.038585611827599,5.5733195836183e-14,1
55.8,128,0,55.8,0.00066803977094394,1.4966975222278e-05,-1.1365971935018e-11,2.5461564216811e-10,12.846922860022,0.038585611827599,5.5733195836183e-14,1
55.85,128,0,55.85,0.00066803930917879,1.4966985565856e-05,-1.1365971935018e-11,2.5461564216811e-10,12.844993579431,0.038585611827599,5.5733195836183e-14,1
55.9,128,0,55.9,0.00066803884741365,1.4966995909433e-05,-1.1365971935018e-11,2.5461564216811e-10,12.843064298839,0.038585611827599,5.5733195836183e-14,1
55.95,128,0,55.95,0.0006680383856485,1.496700625301e-05,-1.1365971935018e-11,2.5461564216811e-10,12.841135018248,0.038585611827599,5.5733195836183e-14,1
56,128,0,56,0.00066803792388336,1.4967016596587e-05,-1.1365971935018e-11,2.5461564216811e-10,12.839205737656,0.038585611827599,5.5733195836183e-14,1
56.05,128,0,56.05,0.0006680380312121,1.4967014192623e-05,1.0694620297691e-11,-2.3957431118042e-10,12.837276457065,0.03858561182754,1.7763568394003e-14,1
56.1,128,0,56.1,0.00066803813854085,1.4967011788659e-05,1.0694620297691e-11,-2.3957431118042e-10,12.835347176474,0.03858561182754,1.7763568394003e-14,1
56.15,128,0,56.15,0.00066803824586959,1.4967009384694e-05,1.0694620297691e-11,-2.3957431118042e-10,12.833417895882,0.03858561182754,1.7763568394003e-14,1
56.2,128,0,56.2,0.00066803835319834,1.496700698073e-05,1.0694620297691e-11,-2.3957431118042e-10,12.831488615291,0.03858561182754,1.7763568394003e-14,1
56.25,128,0,56.25,0.00066803846052708,1.4967004576766e-05,1.0694620297691e-11,-2.3957431118042e-10,12.8295593347,0.03858561182754,1.7763568394003e-14,1
56.3,128,0,56.3,0.00066803856785583,1.4967002172802e-05,1.0694620297691e-11,-2.3957431118042e-10,12.827630054108,0.03858561182754,1.7763568394003e-14,1
56.35,128,0,56.35,0.00066803867518457,1.4966999768837e-05,1.0694620297691e-11,-2.3957431118042e-10,12.825700773517,0.03858561182754,1.7763568394003e-14,1
56.4,128,0,56.4,0.00066803878251332,1.4966997364873e-05,1.0694620297691e-11,-2.3957431118042e-10,12.823771492925,0.03858561182754,1.7763568394003e-14,1
56.45,128,0,56.45,0.00066803888984206,1.4966994960909e-05,1.0694620297691e-11,-2.3957431118042e-10,12.821842212334,0.03858561182754,1.7763568394003e-14,1
56.5,128,0,56.5,0.00066803899717081,1.4966992556944e-05,1.0694620297691e-11,-2.3957431118042e-10,12.819912931743,0.03858561182754,1.7763568394003e-14,1
56.55,128,0,56.55,0.00066803910449955,1.496699015298e-05,1.0694620297691e-11,-2.3957431118042e-10,12.817983651151,0.03858561182754,1.7763568394003e-14,1
56.6,128,0,56.6,0.0006680392118283,1.4966987749016e-05,1.0694620297691e-11,-2.3957431118042e-10,12.81605437056,0.03858561182754,1.7763568394003e-14,1
56.65,128,0,56.65,0.00066803931915704,1.4966985345052e-05,1.0694620297691e-11,-2.3957431118042e-10,12.814125089969,0.03858561182754,1.7763568394003e-14,1
56.7,128,0,56.7,0.00066803942648579,1.4966982941087e-05,1.0694620297691e-11,-2.3957431118042e-10,12.812195809377,0.03858561182754,1.7763568394003e-14,1
56.75,128,0,56.75,0.00066803953381453,1.4966980537123e-05,1.0694620297691e-11,-2.3957431118042e-10,12.810266528786,0.03858561182754,1.7763568394003e-14,1
56.8,128,0,56.8,0.00066803964114328,1.4966978133159e-05,1.0694620297691e-11,-2.3957431118042e-10,12.808337248195,0.03858561182754,1.7763568394003e-14,1
56.85,128,0,56.85,0.00066803974847203,1.4966975729194e-05,1.0694620297691e-11,-2.3957431118042e-10,12.806407967603,0.03858561182754,1.7763568394003e-14,1
56.9,128,0,56.9,0.00066803985580077,1.496697332523e-05,1.0694620297691e-11,-2.3957431118042e-10,12.804478687012,0.03858561182754,1.7763568394003e-14,1
56.95,128,0,56.95,0.00066803996312952,1.4966970921266e-05,1.0694620297691e-11,-2.3957431118042e-10,12.80254940642,0.03858561182754,1.7763568394003e-14,1
57,128,0,57,0.00066804007045826,1.4966968517302e-05,1.0694620297691e-11,-2.3957431118042e-10,12.800620125829,0.03858561182754,1.7763568394003e-14,1
57.05,128,0,57.05,0.00066804051853585,1.4966958479579e-05,-1.1110490332064e-11,2.4889406579977e-10,12.798690845238,0.038585611827583,-1.9539925233403e-14,1
57.1,128,0,57.1,0.00066804096661343,1.4966948441857e-05,-1.1110490332064e-11,2.4889406579977e-10,12.796761564646,0.038585611827583,-1.9539925233403e-14,1
57.15,128,0,57.15,0.00066804141469102,1.4966938404134e-05,-1.1110490332064e-11,2.4889406579977e-10,12.794832284055,0.038585611827583,-1.9539925233403e-14,1
57.2,128,0,57.2,0.0006680418627686,1.4966928366412e-05,-1.1110490332064e-11,2.4889406579977e-10,12.792903003463,0.038585611827583,-1.9539925233403e-14,1
57.25,128,0,57.25,0.00066804231084619,1.496691832869e-05,-1.1110490332064e-11,2.4889406579977e-10,12.790973722872,0.038585611827583,-1.9539925233403e-14,1
57.3,128,0,57.3,0.00066804275892377,1.4966908290967e-05,-1.1110490332064e-11,2.4889406579977e-10,12.789044442281,0.038585611827583,-1.9539925233403e-14,1
57.35,128,0,57.35,0.00066804320700136,1.4966898253245e-05,-1.1110490332064e-11,2.4889406579977e-10,12.787115161689,0.038585611827583,-1.9539925233403e-14,1
57.4,128,0,57.4,0.00066804365507894,1.4966888215522e-05,-1.1110490332064e-11,2.4889406579977e-10,12.785185881098,0.038585611827583,-1.9539925233403e-14,1
57.45,128,0,57.45,0.00066804410315653,1.49668781778e-05,-1.1110490332064e-11,2.4889406579977e-10,12.783256600507,0.038585611827583,-1.9539925233403e-14,1
57.5,128,0,57.5,0.00066804455123411,1.4966868140078e-05,-1.1110490332064e-11,2.4889406579977e-10,12.781327319915,0.038585611827583,-1.9539925233403e-14,1
57.55,128,0,57.55,0.0006680449993117,1.4966858102355e-05,-1.1110490332064e-11,2.4889406579977e-10,12.779398039324,0.038585611827583,-1.9539925233403e-14,1
57.6,128,0,57.6,0.00066804544738928,1.4966848064633e-05,-1.1110490332064e-11,2.4889406579977e-10,12.777468758732,0.038585611827583,-1.9539925233403e-14,1
57.65,128,0,57.65,0.00066804589546687,1.496683802691e-05,-1.1110490332064e-11,2.4889406579977e-10,12.775539478141,0.038585611827583,-1.9539925233403e-14,1
57.7,128,0,57.7,0.00066804634354445,1.4966827989188e-05,-1.1110490332064e-11,2.4889406579977e-10,12.77361019755,0.038585611827583,-1.9539925233403e-14,1
57.75,128,0,57.75,0.00066804679162204,1.4966817951466e-05,-1.1110490332064e-11,2.4889406579977e-10,12.771680916958,0.038585611827583,-1.9539925233403e-14,1
57.8,128,0,57.8,0.00066804723969962,1.4966807913743e-05,-1.1110490332064e-11,2.4889406579977e-10,12.769751636367,0.038585611827583,-1.9539925233403e-14,1
57.85,128,0,57.85,0.00066804768777721,1.4966797876021e-05,-1.1110490332064e-11,2.4889406579977e-10,12.767822355776,0.038585611827583,-1.9539925233403e-14,1
57.9,128,0,57.9,0.0006680481358548,1.4966787838298e-05,-1.1110490332064e-11,2.4889406579977e-10,12.765893075184,0.038585611827583,-1.9539925233403e-14,1
57.95,128,0,57.95,0.00066804858393238,1.4966777800576e-05,-1.1110490332064e-11,2.4889406579977e-10,12.763963794593,0.038585611827583,-1.9539925233403e-14,1
58,128,0,58,0.00066804903200997,1.4966767762853e-05,-1.1110490332064e-11,2.4889406579977e-10,12.762034514001,0.038585611827583,-1.9539925233403e-14,1
58.05,128,0,58.05,0.00066804892971404,1.4966770055405e-05,1.1827352786525e-11,-2.6496072847117e-10,12.76010523341,0.038585611827545,0,1
58.1,128,0,58.1,0.00066804882741812,1.4966772347957e-05,1.1827352786525e-11,-2.6496072847117e-10,12.758175952819,0.038585611827545,0,1
58.15,128,0,58.15,0.00066804872512219,1.4966774640509e-05,1.1827352786525e-11,-2.6496072847117e-10,12.756246672227,0.038585611827545,0,1
58.2,128,0,58.2,0.00066804862282627,1.496677693306e-05,1.1827352786525e-11,-2.6496072847117e-10,12.754317391636,0.038585611827545,0,1
58.25,128,0,58.25,0.00066804852053034,1.4966779225612e-05,1.1827352786525e-11,-2.6496072847117e-10,12.752388111045,0.038585611827545,0,1
58.3,128,0,58.3,0.00066804841823442,1.4966781518164e-05,1.1827352786525e-11,-2.6496072847117e-10,12.750458830453,0.038585611827545,0,1
58.35,128,0,58.35,0.00066804831593849,1.4966783810715e-05,1.1827352786525e-11,-2.6496072847117e-10,12.748529549862,0.038585611827545,0,1
58.4,128,0,58.4,0.00066804821364257,1.4966786103267e-05,1.1827352786525e-11,-2.6496072847117e-10,12.74660026927,0.038585611827545,0,1
58.45,128,0,58.45,0.00066804811134664,1.4966788395819e-05,1.1827352786525e-11,-2.6496072847117e-10,12.744670988679,0.038585611827545,0,1
58.5,128,0,58.5,0.00066804800905072,1.496679068837e-05,1.1827352786525e-11,-2.6496072847117e-10,12.742741708088,0.038585611827545,0,1
58.55,128,0,58.55,0.00066804790675479,1.4966792980922e-05,1.1827352786525e-11,-2.6496072847117e-10,12.740812427496,0.038585611827545,0,1
58.6,128,0,58.6,0.00066804780445887,1.4966795273474e-05,1.1827352786525e-11,-2.6496072847117e-10,12.738883146905,0.038585611827545,0,1
58.65,128,0,58.65,0.00066804770216295,1.4966797566025e-05,1.1827352786525e-11,-2.6496072847117e-10,12.736953866313,0.038585611827545,0,1
58.7,128,0,58.7,0.00066804759986702,1.4966799858577e-05,1.1827352786525e-11,-2.6496072847117e-10,12.735024585722,0.038585611827545,0,1
58.75,128,0,58.75,0.0006680474975711,1.4966802151129e-05,1.1827352786525e-11,-2.6496072847117e-10,12.733095305131,0.038585611827545,0,1
58.8,128,0,58.8,0.00066804739527517,1.4966804443681e-05,1.1827352786525e-11,-2.6496072847117e-10,12.731166024539,0.038585611827545,0,1
58.85,128,0,58.85,0.00066804729297925,1.4966806736232e-05,1.1827352786525e-11,-2.6496072847117e-10,12.729236743948,0.038585611827545,0,1
58.9,128,0,58.9,0.00066804719068332,1.4966809028784e-05,1.1827352786525e-11,-2.6496072847117e-10,12.727307463357,0.038585611827545,0,1
58.95,128,0,58.95,0.0006680470883874,1.4966811321336e-05,1.1827352786525e-11,-2.6496072847117e-10,12.725378182765,0.038585611827545,0,1
59,128,0,59,0.00066804698609147,1.4966813613887e-05,1.1827352786525e-11,-2.6496072847117e-10,12.723448902174,0.038585611827545,0,1
59.05,128,0,59.05,0.00066804652328823,1.4966823979676e-05,-1.1222298826235e-11,2.5140332093488e-10,12.721519621582,0.038585611827553,2.2204460492503e-16,1
59.1,128,0,59.1,0.00066804606048499,1.4966834345465e-05,-1.1222298826235e-11,2.5140332093488e-10,12.719590340991,0.038585611827553,2.2204460492503e-16,1
59.15,128,0,59.15,0.00066804559768174,1.4966844711254e-05,-1.1222298826235e-11,2.5140332093488e-10,12.7176610604,0.038585611827553,2.2204460492503e-16,1
59.2,128,0,59.2,0.0006680451348785,1.4966855077043e-05,-1.1222298826235e-11,2.5140332093488e-10,12.715731779808,0.038585611827553,2.2204460492503e-16,1
59.25,128,0,59.25,0.00066804467207525,1.4966865442832e-05,-1.1222298826235e-11,2.5140332093488e-10,12.713802499217,0.038585611827553,2.2204460492503e-16,1
59.3,128,0,59.3,0.00066804420927201,1.4966875808621e-05,-1.1222298826235e-11,2.5140332093488e-10,12.711873218626,0.038585611827553,2.2204460492503e-16,1
59.35,128,0,59.35,0.00066804374646876,1.4966886174409e-05,-1.1222298826235e-11,2.5140332093488e-10,12.709943938034,0.038585611827553,2.2204460492503e-16,1
59.4,128,0,59.4,0.00066804328366552,1.4966896540198e-05,-1.1222298826235e-11,2.5140332093488e-10,12.708014657443,0.038585611827553,2.2204460492503e-16,1
59.45,128,0,59.45,0.00066804282086228,1.4966906905987e-05,-1.1222298826235e-11,2.5140332093488e-10,12.706085376851,0.038585611827553,2.2204460492503e-16,1
59.5,128,0,59.5,0.00066804235805903,1.4966917271776e-05,-1.1222298826235e-11,2.5140332093488e-10,12.70415609626,0.038585611827553,2.2204460492503e-16,1
59.55,128,0,59.55,0.00066804189525579,1.4966927637565e-05,-1.1222298826235e-11,2.5140332093488e-10,12.702226815669,0.038585611827553,2.2204460492503e-16,1
59.6,128,0,59.6,0.00066804143245254,1.4966938003354e-05,-1.1222298826235e-11,2.5140332093488e-10,12.700297535077,0.038585611827553,2.2204460492503e-16,1
59.65,128,0,59.65,0.0006680409696493,1.4966948369143e-05,-1.1222298826235e-11,2.5140332093488e-10,12.698368254486,0.038585611827553,2.2204460492503e-16,1
59.7,128,0,59.7,0.00066804050684606,1.4966958734931e-05,-1.1222298826235e-11,2.5140332093488e-10,12.696438973895,0.038585611827553,2.2204460492503e-16,1
59.75,128,0,59.75,0.00066804004404281,1.496696910072e-05,-1.1222298826235e-11,2.5140332093488e-10,12.694509693303,0.038585611827553,2.2204460492503e-16,1
59.8,128,0,59.8,0.00066803958123957,1.4966979466509e-05,-1.1222298826235e-11,2.5140332093488e-10,12.692580412712,0.038585611827553,2.2204460492503e-16,1
59.85,128,0,59.85,0.00066803911843632,1.4966989832298e-05,-1.1222298826235e-11,2.5140332093488e-10,12.69065113212,0.038585611827553,2.2204460492503e-16,1
59.9,128,0,59.9,0.00066803865563308,1.4967000198087e-05,-1.1222298826235e-11,2.5140332093488e-10,12.688721851529,0.038585611827553,2.2204460492503e-16,1
59.95,128,0,59.95,0.00066803819282984,1.4967010563876e-05,-1.1222298826235e-11,2.5140332093488e-10,12.686792570938,0.038585611827553,2.2204460492503e-16,1
60,128,0,60,0.00066803773002659,1.4967020929665e-05,-1.1222298826235e-11,2.5140332093488e-10,12.684863290346,0.038585611827553,2.2204460492503e-16,1
60.05,128,0,60.05,0.00066803791075495,1.4967016881846e-05,1.017704245594e-11,-2.2796676439327e-10,12.682934009755,0.038585611827603,-1.8651746813703e-14,1
60.1,128,0,60.1,0.00066803809148331,1.4967012834027e-05,1.017704245594e-11,-2.2796676439327e-10,12.681004729164,0.038585611827603,-1.8651746813703e-14,1
60.15,128,0,60.15,0.00066803827221167,1.4967008786208e-05,1.017704245594e-11,-2.2796676439327e-10,12.679075448572,0.038585611827603,-1.8651746813703e-14,1
60.2,128,0,60.2,0.00066803845294003,1.4967004738389e-05,1.017704245594e-11,-2.2796676439327e-10,12.677146167981,0.038585611827603,-1.8651746813703e-14,1
60.25,128,0,60.25,0.00066803863366839,1.496700069057e-05,1.017704245594e-11,-2.2796676439327e-10,12.675216887389,0.038585611827603,-1.8651746813703e-14,1
60.3,128,0,60.3,0.00066803881439675,1.4966996642751e-05,1.017704245594e-11,-2.2796676439327e-10,12.673287606798,0.038585611827603,-1.8651746813703e-14,1
60.35,128,0,60.35,0.00066803899512511,1.4966992594932e-05,1.017704245594e-11,-2.2796676439327e-10,12.671358326207,0.038585611827603,-1.8651746813703e-14,1
60.4,128,0,60.4,0.00066803917585347,1.4966988547113e-05,1.017704245594e-11,-2.2796676439327e-10,12.669429045615,0.038585611827603,-1.8651746813703e-14,1
60.45,128,0,60.45,0.00066803935658183,1.4966984499294e-05,1.017704245594e-11,-2.2796676439327e-10,12.667499765024,0.038585611827603,-1.8651746813703e-14,1
60.5,128,0,60.5,0.00066803953731019,1.4966980451475e-05,1.017704245594e-11,-2.2796676439327e-10,12.665570484433,0.038585611827603,-1.8651746813703e-14,1
60.55,128,0,60.55,0.00066803971803855,1.4966976403656e-05,1.017704245594e-11,-2.2796676439327e-10,12.663641203841,0.038585611827603,-1.8651746813703e-14,1
60.6,128,0,60.6,0.00066803989876691,1.4966972355837e-05,1.017704245594e-11,-2.2796676439327e-10,12.66171192325,0.038585611827603,-1.8651746813703e-14,1
60.65,128,0,60.65,0.00066804007949527,1.4966968308018e-05,1.017704245594e-11,-2.2796676439327e-10,12.659782642658,0.038585611827603,-1.8651746813703e-14,1
60.7,128,0,60.7,0.00066804026022362,1.4966964260199e-05,1.017704245594e-11,-2.2796676439327e-10,12.657853362067,0.038585611827603,-1.8651746813703e-14,1
60.75,128,0,60.75,0.00066804044095198,1.496696021238e-05,1.017704245594e-11,-2.2796676439327e-10,12.655924081476,0.038585611827603,-1.8651746813703e-14,1
60.8,128,0,60.8,0.00066804062168034,1.4966956164561e-05,1.017704245594e-11,-2.2796676439327e-10,12.653994800884,0.038585611827603,-1.8651746813703e-14,1
60.85,128,0,60.85,0.0006680408024087,1.4966952116742e-05,1.017704245594e-11,-2.2796676439327e-10,12.652065520293,0.038585611827603,-1.8651746813703e-14,1
60.9,128,0,60.9,0.00066804098313706,1.4966948068924e-05,1.017704245594e-11,-2.2796676439327e-10,12.650136239701,0.038585611827603,-1.8651746813703e-14,1
60.95,128,0,60.95,0.00066804116386542,1.4966944021105e-05,1.017704245594e-11,-2.2796676439327e-10,12.64820695911,0.038585611827603,-1.8651746813703e-14,1
61,128,0,61,0.00066804134459378,1.4966939973286e-05,1.017704245594e-11,-2.2796676439327e-10,12.646277678519,0.038585611827603,-1.8651746813703e-14,1
61.05,128,0,61.05,0.00066804189225259,1.4966927704979e-05,-1.4806195120689e-11,3.316630820434e-10,12.644348397927,0.038585611827533,-8.3266726846887e-15,1
61.1,128,0,61.1,0.00066804243991139,1.4966915436672e-05,-1.4806195120689e-11,3.316630820434e-10,12.642419117336,0.038585611827533,-8.3266726846887e-15,1
61.15,128,0,61.15,0.00066804298757019,1.4966903168365e-05,-1.4806195120689e-11,3.316630820434e-10,12.640489836745,0.038585611827533,-8.3266726846887e-15,1
61.2,128,0,61.2,0.00066804353522899,1.4966890900058e-05,-1.4806195120689e-11,3.316630820434e-10,12.638560556153,0.038585611827533,-8.3266726846887e-15,1
61.25,128,0,61.25,0.0006680440828878,1.4966878631751e-05,-1.4806195120689e-11,3.316630820434e-10,12.636631275562,0.038585611827533,-8.3266726846887e-15,1
61.3,128,0,61.3,0.0006680446305466,1.4966866363444e-05,-1.4806195120689e-11,3.316630820434e-10,12.63470199497,0.038585611827533,-8.3266726846887e-15,1
61.35,128,0,61.35,0.0006680451782054,1.4966854095137e-05,-1.4806195120689e-11,3.316630820434e-10,12.632772714379,0.038585611827533,-8.3266726846887e-15,1
61.4,128,0,61.4,0.00066804572586421,1.496684182683e-05,-1.4806195120689e-11,3.316630820434e-10,12.630843433788,0.038585611827533,-8.3266726846887e-15,1
61.45,128,0,61.45,0.00066804627352301,1.4966829558523e-05,-1.4806195120689e-11,3.316630820434e-10,12.628914153196,0.038585611827533,-8.3266726846887e-15,1
61.5,128,0,61.5,0.00066804682118181,1.4966817290216e-05,-1.4806195120689e-11,3.316630820434e-10,12.626984872605,0.038585611827533,-8.3266726846887e-15,1
61.55,128,0,61.55,0.00066804736884062,1.4966805021909e-05,-1.4806195120689e-11,3.316630820434e-10,12.625055592014,0.038585611827533,-8.3266726846887e-15,1
61.6,128,0,61.6,0.00066804791649942,1.4966792753602e-05,-1.4806195120689e-11,3.316630820434e-10,12.623126311422,0.038585611827533,-8.3266726846887e-15,1
61.65,128,0,61.65,0.00066804846415822,1.4966780485295e-05,-1.4806195120689e-11,3.316630820434e-10,12.621197030831,0.038585611827533,-8.3266726846887e-15,1
61.7,128,0,61.7,0.00066804901181703,1.4966768216988e-05,-1.4806195120689e-11,3.316630820434e-10,12.619267750239,0.038585611827533,-8.3266726846887e-15,1
61.75,128,0,61.75,0.00066804955947583,1.4966755948681e-05,-1.4806195120689e-11,3.316630820434e-10,12.617338469648,0.038585611827533,-8.3266726846887e-15,1
61.8,128,0,61.8,0.00066805010713463,1.4966743680374e-05,-1.4806195120689e-11,3.316630820434e-10,12.615409189057,0.038585611827533,-8.3266726846887e-15,1
61.85,128,0,61.85,0.00066805065479344,1.4966731412067e-05,-1.4806195120689e-11,3.316630820434e-10,12.613479908465,0.038585611827533,-8.3266726846887e-15,1
61.9,128,0,61.9,0.00066805120245224,1.496671914376e-05,-1.4806195120689e-11,3.316630820434e-10,12.611550627874,0.038585611827533,-8.3266726846887e-15,1
61.95,128,0,61.95,0.00066805175011104,1.4966706875454e-05,-1.4806195120689e-11,3.316630820434e-10,12.609621347283,0.038585611827533,-8.3266726846887e-15,1
62,128,0,62,0.00066805229776984,1.4966694607147e-05,-1.4806195120689e-11,3.316630820434e-10,12.607692066691,0.038585611827533,-8.3266726846887e-15,1
62.05,128,0,62.05,0.00066805065989871,1.4966731300692e-05,3.2449392075651e-11,-7.2694842397723e-10,12.6057627861,0.038585611827601,4.6629367034257e-15,1
62.1,128,0,62.1,0.00066804902202758,1.4966767994238e-05,3.2449392075651e-11,-7.2694842397723e-10,12.603833505508,0.038585611827601,4.6629367034257e-15,1
62.15,128,0,62.15,0.00066804738415644,1.4966804687783e-05,3.2449392075651e-11,-7.2694842397723e-10,12.601904224917,0.038585611827601,4.6629367034257e-15,1
62.2,128,0,62.2,0.00066804574628531,1.4966841381329e-05,3.2449392075651e-11,-7.2694842397723e-10,12.599974944326,0.038585611827601,4.6629367034257e-15,1
62.25,128,0,62.25,0.00066804410841418,1.4966878074874e-05,3.2449392075651e-11,-7.2694842397723e-10,12.598045663734,0.038585611827601,4.6629367034257e-15,1
62.3,128,0,62.3,0.00066804247054304,1.496691476842e-05,3.2449392075651e-11,-7.2694842397723e-10,12.596116383143,0.038585611827601,4.6629367034257e-15,1
62.35,128,0,62.35,0.00066804083267191,1.4966951461965e-05,3.2449392075651e-11,-7.2694842397723e-10,12.594187102552,0.038585611827601,4.6629367034257e-15,1
62.4,128,0,62.4,0.00066803919480077,1.4966988155511e-05,3.2449392075651e-11,-7.2694842397723e-10,12.59225782196,0.038585611827601,4.6629367034257e-15,1
62.45,128,0,62.45,0.00066803755692964,1.4967024849056e-05,3.2449392075651e-11,-7.2694842397723e-10,12.590328541369,0.038585611827601,4.6629367034257e-15,1
62.5,128,0,62.5,0.00066803591905851,1.4967061542602e-05,3.2449392075651e-11,-7.2694842397723e-10,12.588399260777,0.038585611827601,4.6629367034257e-15,1
62.55,128,0,62.55,0.00066803428118737,1.4967098236147e-05,3.2449392075651e-11,-7.2694842397723e-10,12.586469980186,0.038585611827601,4.6629367034257e-15,1
62.6,128,0,62.6,0.00066803264331624,1.4967134929693e-05,3.2449392075651e-11,-7.2694842397723e-10,12.584540699595,0.038585611827601,4.6629367034257e-15,1
62.65,128,0,62.65,0.00066803100544511,1.4967171623238e-05,3.2449392075651e-11,-7.2694842397723e-10,12.582611419003,0.038585611827601,4.6629367034257e-15,1
62.7,128,0,62.7,0.00066802936757397,1.4967208316784e-05,3.2449392075651e-11,-7.2694842397723e-10,12.580682138412,0.038585611827601,4.6629367034257e-15,1
62.75,128,0,62.75,0.00066802772970284,1.4967245010329e-05,3.2449392075651e-11,-7.2694842397723e-10,12.57875285782,0.038585611827601,4.6629367034257e-15,1
62.8,128,0,62.8,0.00066802609183171,1.4967281703875e-05,3.2449392075651e-11,-7.2694842397723e-10,12.576823577229,0.038585611827601,4.6629367034257e-15,1
62.85,128,0,62.85,0.00066802445396057,1.496731839742e-05,3.2449392075651e-11,-7.2694842397723e-10,12.574894296638,0.038585611827601,4.6629367034257e-15,1
62.9,128,0,62.9,0.00066802281608944,1.4967355090966e-05,3.2449392075651e-11,-7.2694842397723e-10,12.572965016046,0.038585611827601,4.6629367034257e-15,1
62.95,128,0,62.95,0.0006680211782183,1.4967391784511e-05,3.2449392075651e-11,-7.2694842397723e-10,12.571035735455,0.038585611827601,4.6629367034257e-15,1
63,128,0,63,0.00066801954034717,1.4967428478057e-05,3.2449392075651e-11,-7.2694842397723e-10,12.569106454864,0.038585611827601,4.6629367034257e-15,1
63.05,128,0,63.05,0.00066802252216522,1.4967361674707e-05,-4.4094155615801e-11,9.8781614295219e-10,12.567177174272,0.038585611827554,-6.883382752676e-15,1
63.1,128,0,63.1,0.00066802550398327,1.4967294871356e-05,-4.4094155615801e-11,9.8781614295219e-10,12.565247893681,0.038585611827554,-6.883382752676e-15,1
63.15,128,0,63.15,0.00066802848580132,1.4967228068006e-05,-4.4094155615801e-11,9.8781614295219e-10,12.563318613089,0.038585611827554,-6.883382752676e-15,1
63.2,128,0,63.2,0.00066803146761937,1.4967161264656e-05,-4.4094155615801e-11,9.8781614295219e-10,12.561389332498,0.038585611827554,-6.883382752676e-15,1
63.25,128,0,63.25,0.00066803444943741,1.4967094461305e-05,-4.4094155615801e-11,9.8781614295219e-10,12.559460051907,0.038585611827554,-6.883382752676e-15,1
63.3,128,0,63.3,0.00066803743125546,1.4967027657955e-05,-4.4094155615801e-11,9.8781614295219e-10,12.557530771315,0.038585611827554,-6.883382752676e-15,1
63.35,128,0,63.35,0.00066804041307351,1.4966960854605e-05,-4.4094155615801e-11,9.8781614295219e-10,12.555601490724,0.038585611827554,-6.883382752676e-15,1
63.4,128,0,63.4,0.00066804339489156,1.4966894051254e-05,-4.4094155615801e-11,9.8781614295219e-10,12.553672210133,0.038585611827554,-6.883382752676e-15,1
63.45,128,0,63.45,0.00066804637670961,1.4966827247904e-05,-4.4094155615801e-11,9.8781614295219e-10,12.551742929541,0.038585611827554,-6.883382752676e-15,1
63.5,128,0,63.5,0.00066804935852766,1.4966760444554e-05,-4.4094155615801e-11,9.8781614295219e-10,12.54981364895,0.038585611827554,-6.883382752676e-15,1
63.55,128,0,63.55,0.00066805234034571,1.4966693641204e-05,-4.4094155615801e-11,9.8781614295219e-10,12.547884368358,0.038585611827554,-6.883382752676e-15,1
63.6,128,0,63.6,0.00066805532216376,1.4966626837853e-05,-4.4094155615801e-11,9.8781614295219e-10,12.545955087767,0.038585611827554,-6.883382752676e-15,1
63.65,128,0,63.65,0.0006680583039818,1.4966560034503e-05,-4.4094155615801e-11,9.8781614295219e-10,12.544025807176,0.038585611827554,-6.883382752676e-15,1
63.7,128,0,63.7,0.00066806128579985,1.4966493231153e-05,-4.4094155615801e-11,9.8781614295219e-10,12.542096526584,0.038585611827554,-6.883382752676e-15,1
63.75,128,0,63.75,0.0006680642676179,1.4966426427802e-05,-4.4094155615801e-11,9.8781614295219e-10,12.540167245993,0.038585611827554,-6.883382752676e-15,1
63.8,128,0,63.8,0.00066806724943595,1.4966359624452e-05,-4.4094155615801e-11,9.8781614295219e-10,12.538237965402,0.038585611827554,-6.883382752676e-15,1
63.85,128,0,63.85,0.000668070231254,1.4966292821102e-05,-4.4094155615801e-11,9.8781614295219e-10,12.53630868481,0.038585611827554,-6.883382752676e-15,1
63.9,128,0,63.9,0.00066807321307205,1.4966226017751e-05,-4.4094155615801e-11,9.8781614295219e-10,12.534379404219,0.038585611827554,-6.883382752676e-15,1
63.95,128,0,63.95,0.0006680761948901,1.4966159214401e-05,-4.4094155615801e-11,9.8781614295219e-10,12.532450123627,0.038585611827554,-6.883382752676e-15,1
64,128,0,64,0.00066807917670815,1.4966092411051e-05,-4.4094155615801e-11,9.8781614295219e-10,12.530520843036,0.038585611827554,-6.883382752676e-15,1
64.05,128,0,64.05,0.00066807764301467,1.4966126778646e-05,2.6846208603802e-11,-6.0142530937754e-10,12.528591562445,0.038585611827541,-4.4408920985006e-16,1
64.1,128,0,64.1,0.0006680761093212,1.496616114624e-05,2.6846208603802e-11,-6.0142530937754e-10,12.526662281853,0.038585611827541,-4.4408920985006e-16,1
64.15,128,0,64.15,0.00066807457562772,1.4966195513835e-05,2.6846208603802e-11,-6.0142530937754e-10,12.524733001262,0.038585611827541,-4.4408920985006e-16,1
64.2,128,0,64.2,0.00066807304193425,1.496622988143e-05,2.6846208603802e-11,-6.0142530937754e-10,12.522803720671,0.038585611827541,-4.4408920985006e-16,1
64.25,128,0,64.25,0.00066807150824077,1.4966264249025e-05,2.6846208603802e-11,-6.0142530937754e-10,12.520874440079,0.038585611827541,-4.4408920985006e-16,1
64.3,128,0,64.3,0.0006680699745473,1.496629861662e-05,2.6846208603802e-11,-6.0142530937754e-10,12.518945159488,0.038585611827541,-4.4408920985006e-16,1
64.35,128,0,64.35,0.00066806844085382,1.4966332984215e-05,2.6846208603802e-11,-6.0142530937754e-10,12.517015878896,0.038585611827541,-4.4408920985006e-16,1
64.4,128,0,64.4,0.00066806690716035,1.496636735181e-05,2.6846208603802e-11,-6.0142530937754e-10,12.515086598305,0.038585611827541,-4.4408920985006e-16,1
64.45,128,0,64.45,0.00066806537346687,1.4966401719404e-05,2.6846208603802e-11,-6.0142530937754e-10,12.513157317714,0.038585611827541,-4.4408920985006e-16,1
64.5,128,0,64.5,0.00066806383977339,1.4966436086999e-05,2.6846208603802e-11,-6.0142530937754e-10,12.511228037122,0.038585611827541,-4.4408920985006e-16,1
64.55,128,0,64.55,0.00066806230607992,1.4966470454594e-05,2.6846208603802e-11,-6.0142530937754e-10,12.509298756531,0.038585611827541,-4.4408920985006e-16,1
64.6,128,0,64.6,0.00066806077238644,1.4966504822189e-05,2.6846208603802e-11,-6.0142530937754e-10,12.507369475939,0.038585611827541,-4.4408920985006e-16,1
64.65,128,0,64.65,0.00066805923869297,1.4966539189784e-05,2.6846208603802e-11,-6.0142530937754e-10,12.505440195348,0.038585611827541,-4.4408920985006e-16,1
64.7,128,0,64.7,0.00066805770499949,1.4966573557379e-05,2.6846208603802e-11,-6.0142530937754e-10,12.503510914757,0.038585611827541,-4.4408920985006e-16,1
64.75,128,0,64.75,0.00066805617130602,1.4966607924974e-05,2.6846208603802e-11,-6.0142530937754e-10,12.501581634165,0.038585611827541,-4.4408920985006e-16,1
64.8,128,0,64.8,0.00066805463761254,1.4966642292568e-05,2.6846208603802e-11,-6.0142530937754e-10,12.499652353574,0.038585611827541,-4.4408920985006e-16,1
64.85,128,0,64.85,0.00066805310391907,1.4966676660163e-05,2.6846208603802e-11,-6.0142530937754e-10,12.497723072983,0.038585611827541,-4.4408920985006e-16,1
64.9,128,0,64.9,0.00066805157022559,1.4966711027758e-05,2.6846208603802e-11,-6.0142530937754e-10,12.495793792391,0.038585611827541,-4.4408920985006e-16,1
64.95,128,0,64.95,0.00066805003653212,1.4966745395353e-05,2.6846208603802e-11,-6.0142530937754e-10,12.4938645118,0.038585611827541,-4.4408920985006e-16,1
65,128,0,65,0.00066804850283864,1.4966779762948e-05,2.6846208603802e-11,-6.0142530937754e-10,12.491935231208,0.038585611827541,-4.4408920985006e-16,1
65.05,128,0,65.05,0.00066804807221391,1.4966789394315e-05,-1.3209648342308e-11,2.9599167089053e-10,12.490005950617,0.038585611827568,-6.6613381477509e-16,1
65.1,128,0,65.1,0.00066804764158918,1.4966799025682e-05,-1.3209648342308e-11,2.9599167089053e-10,12.488076670026,0.038585611827568,-6.6613381477509e-16,1
65.15,128,0,65.15,0.00066804721096445,1.496680865705e-05,-1.3209648342308e-11,2.9599167089053e-10,12.486147389434,0.038585611827568,-6.6613381477509e-16,1
65.2,128,0,65.2,0.00066804678033972,1.4966818288417e-05,-1.3209648342308e-11,2.9599167089053e-10,12.484218108843,0.038585611827568,-6.6613381477509e-16,1
65.25,128,0,65.25,0.00066804634971499,1.4966827919784e-05,-1.3209648342308e-11,2.9599167089053e-10,12.482288828252,0.038585611827568,-6.6613381477509e-16,1
65.3,128,0,65.3,0.00066804591909025,1.4966837551152e-05,-1.3209648342308e-11,2.9599167089053e-10,12.48035954766,0.038585611827568,-6.6613381477509e-16,1
65.35,128,0,65.35,0.00066804548846552,1.4966847182519e-05,-1.3209648342308e-11,2.9599167089053e-10,12.478430267069,0.038585611827568,-6.6613381477509e-16,1
65.4,128,0,65.4,0.00066804505784079,1.4966856813886e-05,-1.3209648342308e-11,2.9599167089053e-10,12.476500986477,0.038585611827568,-6.6613381477509e-16,1
65.45,128,0,65.45,0.00066804462721606,1.4966866445253e-05,-1.3209648342308e-11,2.9599167089053e-10,12.474571705886,0.038585611827568,-6.6613381477509e-16,1
65.5,128,0,65.5,0.00066804419659133,1.4966876076621e-05,-1.3209648342308e-11,2.9599167089053e-10,12.472642425295,0.038585611827568,-6.6613381477509e-16,1
65.55,128,0,65.55,0.0006680437659666,1.4966885707988e-05,-1.3209648342308e-11,2.9599167089053e-10,12.470713144703,0.038585611827568,-6.6613381477509e-16,1
65.6,128,0,65.6,0.00066804333534186,1.4966895339355e-05,-1.3209648342308e-11,2.9599167089053e-10,12.468783864112,0.038585611827568,-6.6613381477509e-16,1
65.65,128,0,65.65,0.00066804290471713,1.4966904970723e-05,-1.3209648342308e-11,2.9599167089053e-10,12.466854583521,0.038585611827568,-6.6613381477509e-16,1
65.7,128,0,65.7,0.0006680424740924,1.496691460209e-05,-1.3209648342308e-11,2.9599167089053e-10,12.464925302929,0.038585611827568,-6.6613381477509e-16,1
65.75,128,0,65.75,0.00066804204346767,1.4966924233457e-05,-1.3209648342308e-11,2.9599167089053e-10,12.462996022338,0.038585611827568,-6.6613381477509e-16,1
65.8,128,0,65.8,0.00066804161284294,1.4966933864824e-05,-1.3209648342308e-11,2.9599167089053e-10,12.461066741746,0.038585611827568,-6.6613381477509e-16,1
65.85,128,0,65.85,0.00066804118221821,1.4966943496192e-05,-1.3209648342308e-11,2.9599167089053e-10,12.459137461155,0.038585611827568,-6.6613381477509e-16,1
65.9,128,0,65.9,0.00066804075159348,1.4966953127559e-05,-1.3209648342308e-11,2.9599167089053e-10,12.457208180564,0.038585611827568,-6.6613381477509e-16,1
65.95,128,0,65.95,0.00066804032096874,1.4966962758926e-05,-1.3209648342308e-11,2.9599167089053e-10,12.455278899972,0.038585611827568,-6.6613381477509e-16,1
66,128,0,66,0.00066803989034401,1.4966972390294e-05,-1.3209648342308e-11,2.9599167089053e-10,12.453349619381,0.038585611827568,-6.6613381477509e-16,1
66.05,128,0,66.05,0.0006680402546287,1.4966964242185e-05,1.9470188926599e-11,-4.3624462735856e-10,12.45142033879,0.038585611827577,-1.0325074129014e-14,1
66.1,128,0,66.1,0.00066804061891339,1.4966956094077e-05,1.9470188926599e-11,-4.3624462735856e-10,12.449491058198,0.038585611827577,-1.0325074129014e-14,1
66.15,128,0,66.15,0.00066804098319807,1.4966947945968e-05,1.9470188926599e-11,-4.3624462735856e-10,12.447561777607,0.038585611827577,-1.0325074129014e-14,1
66.2,128,0,66.2,0.00066804134748276,1.496693979786e-05,1.9470188926599e-11,-4.3624462735856e-10,12.445632497015,0.038585611827577,-1.0325074129014e-14,1
66.25,128,0,66.25,0.00066804171176745,1.4966931649752e-05,1.9470188926599e-11,-4.3624462735856e-10,12.443703216424,0.038585611827577,-1.0325074129014e-14,1
66.3,128,0,66.3,0.00066804207605213,1.4966923501643e-05,1.9470188926599e-11,-4.3624462735856e-10,12.441773935833,0.038585611827577,-1.0325074129014e-14,1
66.35,128,0,66.35,0.00066804244033682,1.4966915353535e-05,1.9470188926599e-11,-4.3624462735856e-10,12.439844655241,0.038585611827577,-1.0325074129014e-14,1
66.4,128,0,66.4,0.00066804280462151,1.4966907205426e-05,1.9470188926599e-11,-4.3624462735856e-10,12.43791537465,0.038585611827577,-1.0325074129014e-14,1
66.45,128,0,66.45,0.0006680431689062,1.4966899057318e-05,1.9470188926599e-11,-4.3624462735856e-10,12.435986094059,0.038585611827577,-1.0325074129014e-14,1
66.5,128,0,66.5,0.00066804353319088,1.4966890909209e-05,1.9470188926599e-11,-4.3624462735856e-10,12.434056813467,0.038585611827577,-1.0325074129014e-14,1
66.55,128,0,66.55,0.00066804389747557,1.4966882761101e-05,1.9470188926599e-11,-4.3624462735856e-10,12.432127532876,0.038585611827577,-1.0325074129014e-14,1
66.6,128,0,66.6,0.00066804426176026,1.4966874612993e-05,1.9470188926599e-11,-4.3624462735856e-10,12.430198252284,0.038585611827577,-1.0325074129014e-14,1
66.65,128,0,66.65,0.00066804462604495,1.4966866464884e-05,1.9470188926599e-11,-4.3624462735856e-10,12.428268971693,0.038585611827577,-1.0325074129014e-14,1
66.7,128,0,66.7,0.00066804499032963,1.4966858316776e-05,1.9470188926599e-11,-4.3624462735856e-10,12.426339691102,0.038585611827577,-1.0325074129014e-14,1
66.75,128,0,66.75,0.00066804535461432,1.4966850168667e-05,1.9470188926599e-11,-4.3624462735856e-10,12.42441041051,0.038585611827577,-1.0325074129014e-14,1
66.8,128,0,66.8,0.00066804571889901,1.4966842020559e-05,1.9470188926599e-11,-4.3624462735856e-10,12.422481129919,0.038585611827577,-1.0325074129014e-14,1
66.85,128,0,66.85,0.00066804608318369,1.4966833872451e-05,1.9470188926599e-11,-4.3624462735856e-10,12.420551849327,0.038585611827577,-1.0325074129014e-14,1
66.9,128,0,66.9,0.00066804644746838,1.4966825724342e-05,1.9470188926599e-11,-4.3624462735856e-10,12.418622568736,0.038585611827577,-1.0325074129014e-14,1
66.95,128,0,66.95,0.00066804681175307,1.4966817576234e-05,1.9470188926599e-11,-4.3624462735856e-10,12.416693288145,0.038585611827577,-1.0325074129014e-14,1
67,128,0,67,0.00066804717603776,1.4966809428125e-05,1.9470188926599e-11,-4.3624462735856e-10,12.414764007553,0.038585611827577,-1.0325074129014e-14,1
67.05,128,0,67.05,0.00066804678555014,1.4966818170463e-05,-2.0222006020382e-11,4.5302622284897e-10,12.412834726962,0.038585611827582,1.7319479184152e-14,1
67.1,128,0,67.1,0.00066804639506252,1.4966826912801e-05,-2.0222006020382e-11,4.5302622284897e-10,12.410905446371,0.038585611827582,1.7319479184152e-14,1
67.15,128,0,67.15,0.00066804600457491,1.4966835655139e-05,-2.0222006020382e-11,4.5302622284897e-10,12.408976165779,0.038585611827582,1.7319479184152e-14,1
67.2,128,0,67.2,0.00066804561408729,1.4966844397477e-05,-2.0222006020382e-11,4.5302622284897e-10,12.407046885188,0.038585611827582,1.7319479184152e-14,1
67.25,128,0,67.25,0.00066804522359967,1.4966853139815e-05,-2.0222006020382e-11,4.5302622284897e-10,12.405117604596,0.038585611827582,1.7319479184152e-14,1
67.3,128,0,67.3,0.00066804483311206,1.4966861882152e-05,-2.0222006020382e-11,4.5302622284897e-10,12.403188324005,0.038585611827582,1.7319479184152e-14,1
67.35,128,0,67.35,0.00066804444262444,1.496687062449e-05,-2.0222006020382e-11,4.5302622284897e-10,12.401259043414,0.038585611827582,1.7319479184152e-14,1
67.4,128,0,67.4,0.00066804405213683,1.4966879366828e-05,-2.0222006020382e-11,4.5302622284897e-10,12.399329762822,0.038585611827582,1.7319479184152e-14,1
67.45,128,0,67.45,0.00066804366164921,1.4966888109166e-05,-2.0222006020382e-11,4.5302622284897e-10,12.397400482231,0.038585611827582,1.7319479184152e-14,1
67.5,128,0,67.5,0.00066804327116159,1.4966896851504e-05,-2.0222006020382e-11,4.5302622284897e-10,12.39547120164,0.038585611827582,1.7319479184152e-14,1
67.55,128,0,67.55,0.00066804288067398,1.4966905593842e-05,-2.0222006020382e-11,4.5302622284897e-10,12.393541921048,0.038585611827582,1.7319479184152e-14,1
67.6,128,0,67.6,0.00066804249018636,1.4966914336179e-05,-2.0222006020382e-11,4.5302622284897e-10,12.391612640457,0.038585611827582,1.7319479184152e-14,1
67.65,128,0,67.65,0.00066804209969875,1.4966923078517e-05,-2.0222006020382e-11,4.5302622284897e-10,12.389683359865,0.038585611827582,1.7319479184152e-14,1
67.7,128,0,67.7,0.00066804170921113,1.4966931820855e-05,-2.0222006020382e-11,4.5302622284897e-10,12.387754079274,0.038585611827582,1.7319479184152e-14,1
67.75,128,0,67.75,0.00066804131872351,1.4966940563193e-05,-2.0222006020382e-11,4.5302622284897e-10,12.385824798683,0.038585611827582,1.7319479184152e-14,1
67.8,128,0,67.8,0.0006680409282359,1.4966949305531e-05,-2.0222006020382e-11,4.5302622284897e-10,12.383895518091,0.038585611827582,1.7319479184152e-14,1
67.85,128,0,67.85,0.00066804053774828,1.4966958047869e-05,-2.0222006020382e-11,4.5302622284897e-10,12.3819662375,0.038585611827582,1.7319479184152e-14,1
67.9,128,0,67.9,0.00066804014726066,1.4966966790206e-05,-2.0222006020382e-11,4.5302622284897e-10,12.380036956908,0.038585611827582,1.7319479184152e-14,1
67.95,128,0,67.95,0.00066803975677305,1.4966975532544e-05,-2.0222006020382e-11,4.5302622284897e-10,12.378107676317,0.038585611827582,1.7319479184152e-14,1
68,128,0,68,0.00066803936628543,1.4966984274882e-05,-2.0222006020382e-11,4.5302622284897e-10,12.376178395726,0.038585611827582,1.7319479184152e-14,1
68.05,128,0,68.05,0.00066803935176617,1.4966984600886e-05,1.5912817657838e-11,-3.5645350069529e-10,12.374249115134,0.038585611827491,3.0864200084579e-14,1
68.1,128,0,68.1,0.00066803933724691,1.496698492689e-05,1.5912817657838e-11,-3.5645350069529e-10,12.372319834543,0.038585611827491,3.0864200084579e-14,1
68.15,128,0,68.15,0.00066803932272765,1.4966985252894e-05,1.5912817657838e-11,-3.5645350069529e-10,12.370390553952,0.038585611827491,3.0864200084579e-14,1
68.2,128,0,68.2,0.0006680393082084,1.4966985578899e-05,1.5912817657838e-11,-3.5645350069529e-10,12.36846127336,0.038585611827491,3.0864200084579e-14,1
68.25,128,0,68.25,0.00066803929368914,1.4966985904903e-05,1.5912817657838e-11,-3.5645350069529e-10,12.366531992769,0.038585611827491,3.0864200084579e-14,1
68.3,128,0,68.3,0.00066803927916988,1.4966986230907e-05,1.5912817657838e-11,-3.5645350069529e-10,12.364602712177,0.038585611827491,3.0864200084579e-14,1
68.35,128,0,68.35,0.00066803926465062,1.4966986556911e-05,1.5912817657838e-11,-3.5645350069529e-10,12.362673431586,0.038585611827491,3.0864200084579e-14,1
68.4,128,0,68.4,0.00066803925013136,1.4966986882915e-05,1.5912817657838e-11,-3.5645350069529e-10,12.360744150995,0.038585611827491,3.0864200084579e-14,1
68.45,128,0,68.45,0.0006680392356121,1.4966987208919e-05,1.5912817657838e-11,-3.5645350069529e-10,12.358814870403,0.038585611827491,3.0864200084579e-14,1
68.5,128,0,68.5,0.00066803922109284,1.4966987534923e-05,1.5912817657838e-11,-3.5645350069529e-10,12.356885589812,0.038585611827491,3.0864200084579e-14,1
68.55,128,0,68.55,0.00066803920657358,1.4966987860927e-05,1.5912817657838e-11,-3.5645350069529e-10,12.354956309221,0.038585611827491,3.0864200084579e-14,1
68.6,128,0,68.6,0.00066803919205432,1.4966988186931e-05,1.5912817657838e-11,-3.5645350069529e-10,12.353027028629,0.038585611827491,3.0864200084579e-14,1
68.65,128,0,68.65,0.00066803917753506,1.4966988512936e-05,1.5912817657838e-11,-3.5645350069529e-10,12.351097748038,0.038585611827491,3.0864200084579e-14,1
68.7,128,0,68.7,0.00066803916301581,1.496698883894e-05,1.5912817657838e-11,-3.5645350069529e-10,12.349168467446,0.038585611827491,3.0864200084579e-14,1
68.75,128,0,68.75,0.00066803914849655,1.4966989164944e-05,1.5912817657838e-11,-3.5645350069529e-10,12.347239186855,0.038585611827491,3.0864200084579e-14,1
68.8,128,0,68.8,0.00066803913397729,1.4966989490948e-05,1.5912817657838e-11,-3.5645350069529e-10,12.345309906264,0.038585611827491,3.0864200084579e-14,1
68.85,128,0,68.85,0.00066803911945803,1.4966989816952e-05,1.5912817657838e-11,-3.5645350069529e-10,12.343380625672,0.038585611827491,3.0864200084579e-14,1
68.9,128,0,68.9,0.00066803910493877,1.4966990142956e-05,1.5912817657838e-11,-3.5645350069529e-10,12.341451345081,0.038585611827491,3.0864200084579e-14,1
68.95,128,0,68.95,0.00066803909041951,1.496699046896e-05,1.5912817657838e-11,-3.5645350069529e-10,12.33952206449,0.038585611827491,3.0864200084579e-14,1
69,128,0,69,0.00066803907590025,1.4966990794964e-05,1.5912817657838e-11,-3.5645350069529e-10,12.337592783898,0.038585611827491,3.0864200084579e-14,1
69.05,128,0,69.05,0.00066803959979601,1.4966979058761e-05,-1.3763801498342e-11,3.0832653540651e-10,12.335663503307,0.038585611827604,8.8817841970013e-16,1
69.1,128,0,69.1,0.00066804012369176,1.4966967322558e-05,-1.3763801498342e-11,3.0832653540651e-10,12.333734222715,0.038585611827604,8.8817841970013e-16,1
69.15,128,0,69.15,0.00066804064758752,1.4966955586355e-05,-1.3763801498342e-11,3.0832653540651e-10,12.331804942124,0.038585611827604,8.8817841970013e-16,1
69.2,128,0,69.2,0.00066804117148328,1.4966943850152e-05,-1.3763801498342e-11,3.0832653540651e-10,12.329875661533,0.038585611827604,8.8817841970013e-16,1
69.25,128,0,69.25,0.00066804169537903,1.4966932113949e-05,-1.3763801498342e-11,3.0832653540651e-10,12.327946380941,0.038585611827604,8.8817841970013e-16,1
69.3,128,0,69.3,0.00066804221927479,1.4966920377746e-05,-1.3763801498342e-11,3.0832653540651e-10,12.32601710035,0.038585611827604,8.8817841970013e-16,1
69.35,128,0,69.35,0.00066804274317055,1.4966908641543e-05,-1.3763801498342e-11,3.0832653540651e-10,12.324087819759,0.038585611827604,8.8817841970013e-16,1
69.4,128,0,69.4,0.0006680432670663,1.496689690534e-05,-1.3763801498342e-11,3.0832653540651e-10,12.322158539167,0.038585611827604,8.8817841970013e-16,1
69.45,128,0,69.45,0.00066804379096206,1.4966885169137e-05,-1.3763801498342e-11,3.0832653540651e-10,12.320229258576,0.038585611827604,8.8817841970013e-16,1
69.5,128,0,69.5,0.00066804431485781,1.4966873432934e-05,-1.3763801498342e-11,3.0832653540651e-10,12.318299977984,0.038585611827604,8.8817841970013e-16,1
69.55,128,0,69.55,0.00066804483875357,1.4966861696731e-05,-1.3763801498342e-11,3.0832653540651e-10,12.316370697393,0.038585611827604,8.8817841970013e-16,1
69.6,128,0,69.6,0.00066804536264933,1.4966849960528e-05,-1.3763801498342e-11,3.0832653540651e-10,12.314441416802,0.038585611827604,8.8817841970013e-16,1
69.65,128,0,69.65,0.00066804588654508,1.4966838224325e-05,-1.3763801498342e-11,3.0832653540651e-10,12.31251213621,0.038585611827604,8.8817841970013e-16,1
69.7,128,0,69.7,0.00066804641044084,1.4966826488122e-05,-1.3763801498342e-11,3.0832653540651e-10,12.310582855619,0.038585611827604,8.8817841970013e-16,1
69.75,128,0,69.75,0.0006680469343366,1.4966814751919e-05,-1.3763801498342e-11,3.0832653540651e-10,12.308653575028,0.038585611827604,8.8817841970013e-16,1
69.8,128,0,69.8,0.00066804745823235,1.4966803015716e-05,-1.3763801498342e-11,3.0832653540651e-10,12.306724294436,0.038585611827604,8.8817841970013e-16,1
69.85,128,0,69.85,0.00066804798212811,1.4966791279512e-05,-1.3763801498342e-11,3.0832653540651e-10,12.304795013845,0.038585611827604,8.8817841970013e-16,1
69.9,128,0,69.9,0.00066804850602386,1.4966779543309e-05,-1.3763801498342e-11,3.0832653540651e-10,12.302865733253,0.038585611827604,8.8817841970013e-16,1
69.95,128,0,69.95,0.00066804902991962,1.4966767807106e-05,-1.3763801498342e-11,3.0832653540651e-10,12.300936452662,0.038585611827604,8.8817841970013e-16,1
70,128,0,70,0.00066804955381538,1.4966756070903e-05,-1.3763801498342e-11,3.0832653540651e-10,12.299007172071,0.038585611827604,8.8817841970013e-16,1
70.05,128,0,70.05,0.00066804942679383,1.4966758917036e-05,1.2945873688116e-11,-2.9001368933606e-10,12.297077891479,0.038585611827603,-1.1324274851177e-14,1
70.1,128,0,70.1,0.00066804929977229,1.4966761763169e-05,1.2945873688116e-11,-2.9001368933606e-10,12.295148610888,0.038585611827603,-1.1324274851177e-14,1
70.15,128,0,70.15,0.00066804917275074,1.4966764609301e-05,1.2945873688116e-11,-2.9001368933606e-10,12.293219330297,0.038585611827603,-1.1324274851177e-14,1
70.2,128,0,70.2,0.00066804904572919,1.4966767455434e-05,1.2945873688116e-11,-2.9001368933606e-10,12.291290049705,0.038585611827603,-1.1324274851177e-14,1
70.25,128,0,70.25,0.00066804891870765,1.4966770301567e-05,1.2945873688116e-11,-2.9001368933606e-10,12.289360769114,0.038585611827603,-1.1324274851177e-14,1
70.3,128,0,70.3,0.0006680487916861,1.4966773147699e-05,1.2945873688116e-11,-2.9001368933606e-10,12.287431488522,0.038585611827603,-1.1324274851177e-14,1
70.35,128,0,70.35,0.00066804866466456,1.4966775993832e-05,1.2945873688116e-11,-2.9001368933606e-10,12.285502207931,0.038585611827603,-1.1324274851177e-14,1
70.4,128,0,70.4,0.00066804853764301,1.4966778839964e-05,1.2945873688116e-11,-2.9001368933606e-10,12.28357292734,0.038585611827603,-1.1324274851177e-14,1
70.45,128,0,70.45,0.00066804841062146,1.4966781686097e-05,1.2945873688116e-11,-2.9001368933606e-10,12.281643646748,0.038585611827603,-1.1324274851177e-14,1
70.5,128,0,70.5,0.00066804828359992,1.496678453223e-05,1.2945873688116e-11,-2.9001368933606e-10,12.279714366157,0.038585611827603,-1.1324274851177e-14,1
70.55,128,0,70.55,0.00066804815657837,1.4966787378362e-05,1.2945873688116e-11,-2.9001368933606e-10,12.277785085565,0.038585611827603,-1.1324274851177e-14,1
70.6,128,0,70.6,0.00066804802955683,1.4966790224495e-05,1.2945873688116e-11,-2.9001368933606e-10,12.275855804974,0.038585611827603,-1.1324274851177e-14,1
70.65,128,0,70.65,0.00066804790253528,1.4966793070628e-05,1.2945873688116e-11,-2.9001368933606e-10,12.273926524383,0.038585611827603,-1.1324274851177e-14,1
70.7,128,0,70.7,0.00066804777551374,1.496679591676e-05,1.2945873688116e-11,-2.9001368933606e-10,12.271997243791,0.038585611827603,-1.1324274851177e-14,1
70.75,128,0,70.75,0.00066804764849219,1.4966798762893e-05,1.2945873688116e-11,-2.9001368933606e-10,12.2700679632,0.038585611827603,-1.1324274851177e-14,1
70.8,128,0,70.8,0.00066804752147064,1.4966801609026e-05,1.2945873688116e-11,-2.9001368933606e-10,12.268138682609,0.038585611827603,-1.1324274851177e-14,1
70.85,128,0,70.85,0.0006680473944491,1.4966804455158e-05,1.2945873688116e-11,-2.9001368933606e-10,12.266209402017,0.038585611827603,-1.1324274851177e-14,1
70.9,128,0,70.9,0.00066804726742755,1.4966807301291e-05,1.2945873688116e-11,-2.9001368933606e-10,12.264280121426,0.038585611827603,-1.1324274851177e-14,1
70.95,128,0,70.95,0.00066804714040601,1.4966810147423e-05,1.2945873688116e-11,-2.9001368933606e-10,12.262350840834,0.038585611827603,-1.1324274851177e-14,1
71,128,0,71,0.00066804701338446,1.4966812993556e-05,1.2945873688116e-11,-2.9001368933606e-10,12.260421560243,0.038585611827603,-1.1324274851177e-14,1
71.05,128,0,71.05,0.00066804655354187,1.496682329396e-05,-1.2169039062776e-11,2.7260666785008e-10,12.258492279652,0.038585611827536,6.2172489379009e-15,1
71.1,128,0,71.1,0.00066804609369927,1.4966833594365e-05,-1.2169039062776e-11,2.7260666785008e-10,12.25656299906,0.038585611827536,6.2172489379009e-15,1
71.15,128,0,71.15,0.00066804563385668,1.4966843894769e-05,-1.2169039062776e-11,2.7260666785008e-10,12.254633718469,0.038585611827536,6.2172489379009e-15,1
71.2,128,0,71.2,0.00066804517401408,1.4966854195173e-05,-1.2169039062776e-11,2.7260666785008e-10,12.252704437878,0.038585611827536,6.2172489379009e-15,1
71.25,128,0,71.25,0.00066804471417148,1.4966864495577e-05,-1.2169039062776e-11,2.7260666785008e-10,12.250775157286,0.038585611827536,6.2172489379009e-15,1
71.3,128,0,71.3,0.00066804425432889,1.4966874795981e-05,-1.2169039062776e-11,2.7260666785008e-10,12.248845876695,0.038585611827536,6.2172489379009e-15,1
71.35,128,0,71.35,0.00066804379448629,1.4966885096386e-05,-1.2169039062776e-11,2.7260666785008e-10,12.246916596103,0.038585611827536,6.2172489379009e-15,1
71.4,128,0,71.4,0.0006680433346437,1.496689539679e-05,-1.2169039062776e-11,2.7260666785008e-10,12.244987315512,0.038585611827536,6.2172489379009e-15,1
71.45,128,0,71.45,0.0006680428748011,1.4966905697194e-05,-1.2169039062776e-11,2.7260666785008e-10,12.243058034921,0.038585611827536,6.2172489379009e-15,1
71.5,128,0,71.5,0.00066804241495851,1.4966915997598e-05,-1.2169039062776e-11,2.7260666785008e-10,12.241128754329,0.038585611827536,6.2172489379009e-15,1
71.55,128,0,71.55,0.00066804195511591,1.4966926298002e-05,-1.2169039062776e-11,2.7260666785008e-10,12.239199473738,0.038585611827536,6.2172489379009e-15,1
71.6,128,0,71.6,0.00066804149527332,1.4966936598407e-05,-1.2169039062776e-11,2.7260666785008e-10,12.237270193147,0.038585611827536,6.2172489379009e-15,1
71.65,128,0,71.65,0.00066804103543072,1.4966946898811e-05,-1.2169039062776e-11,2.7260666785008e-10,12.235340912555,0.038585611827536,6.2172489379009e-15,1
71.7,128,0,71.7,0.00066804057558813,1.4966957199215e-05,-1.2169039062776e-11,2.7260666785008e-10,12.233411631964,0.038585611827536,6.2172489379009e-15,1
71.75,128,0,71.75,0.00066804011574553,1.4966967499619e-05,-1.2169039062776e-11,2.7260666785008e-10,12.231482351372,0.038585611827536,6.2172489379009e-15,1
71.8,128,0,71.8,0.00066803965590294,1.4966977800023e-05,-1.2169039062776e-11,2.7260666785008e-10,12.229553070781,0.038585611827536,6.2172489379009e-15,1
71.85,128,0,71.85,0.00066803919606034,1.4966988100428e-05,-1.2169039062776e-11,2.7260666785008e-10,12.22762379019,0.038585611827536,6.2172489379009e-15,1
71.9,128,0,71.9,0.00066803873621774,1.4966998400832e-05,-1.2169039062776e-11,2.7260666785008e-10,12.225694509598,0.038585611827536,6.2172489379009e-15,1
71.95,128,0,71.95,0.00066803827637515,1.4967008701236e-05,-1.2169039062776e-11,2.7260666785008e-10,12.223765229007,0.038585611827536,6.2172489379009e-15,1
72,128,0,72,0.00066803781653255,1.496701900164e-05,-1.2169039062776e-11,2.7260666785008e-10,12.221835948416,0.038585611827536,6.2172489379009e-15,1
72.05,128,0,72.05,0.0006680379332423,1.4967016387344e-05,1.1060692940335e-11,-2.4777320725836e-10,12.219906667824,0.038585611827528,2.7089441800854e-14,1
72.1,128,0,72.1,0.00066803804995204,1.4967013773049e-05,1.1060692940335e-11,-2.4777320725836e-10,12.217977387233,0.038585611827528,2.7089441800854e-14,1
72.15,128,0,72.15,0.00066803816666179,1.4967011158753e-05,1.1060692940335e-11,-2.4777320725836e-10,12.216048106641,0.038585611827528,2.7089441800854e-14,1
72.2,128,0,72.2,0.00066803828337153,1.4967008544457e-05,1.1060692940335e-11,-2.4777320725836e-10,12.21411882605,0.038585611827528,2.7089441800854e-14,1
72.25,128,0,72.25,0.00066803840008128,1.4967005930162e-05,1.1060692940335e-11,-2.4777320725836e-10,12.212189545459,0.038585611827528,2.7089441800854e-14,1
72.3,128,0,72.3,0.00066803851679102,1.4967003315866e-05,1.1060692940335e-11,-2.4777320725836e-10,12.210260264867,0.038585611827528,2.7089441800854e-14,1
72.35,128,0,72.35,0.00066803863350076,1.4967000701571e-05,1.1060692940335e-11,-2.4777320725836e-10,12.208330984276,0.038585611827528,2.7089441800854e-14,1
72.4,128,0,72.4,0.00066803875021051,1.4966998087275e-05,1.1060692940335e-11,-2.4777320725836e-10,12.206401703684,0.038585611827528,2.7089441800854e-14,1
72.45,128,0,72.45,0.00066803886692025,1.4966995472979e-05,1.1060692940335e-11,-2.4777320725836e-10,12.204472423093,0.038585611827528,2.7089441800854e-14,1
72.5,128,0,72.5,0.00066803898363,1.4966992858684e-05,1.1060692940335e-11,-2.4777320725836e-10,12.202543142502,0.038585611827528,2.7089441800854e-14,1
72.55,128,0,72.55,0.00066803910033974,1.4966990244388e-05,1.1060692940335e-11,-2.4777320725836e-10,12.20061386191,0.038585611827528,2.7089441800854e-14,1
72.6,128,0,72.6,0.00066803921704949,1.4966987630092e-05,1.1060692940335e-11,-2.4777320725836e-10,12.198684581319,0.038585611827528,2.7089441800854e-14,1
72.65,128,0,72.65,0.00066803933375923,1.4966985015797e-05,1.1060692940335e-11,-2.4777320725836e-10,12.196755300728,0.038585611827528,2.7089441800854e-14,1
72.7,128,0,72.7,0.00066803945046898,1.4966982401501e-05,1.1060692940335e-11,-2.4777320725836e-10,12.194826020136,0.038585611827528,2.7089441800854e-14,1
72.75,128,0,72.75,0.00066803956717872,1.4966979787205e-05,1.1060692940335e-11,-2.4777320725836e-10,12.192896739545,0.038585611827528,2.7089441800854e-14,1
72.8,128,0,72.8,0.00066803968388846,1.496697717291e-05,1.1060692940335e-11,-2.4777320725836e-10,12.190967458953,0.038585611827528,2.7089441800854e-14,1
72.85,128,0,72.85,0.00066803980059821,1.4966974558614e-05,1.1060692940335e-11,-2.4777320725836e-10,12.189038178362,0.038585611827528,2.7089441800854e-14,1
72.9,128,0,72.9,0.00066803991730795,1.4966971944318e-05,1.1060692940335e-11,-2.4777320725836e-10,12.187108897771,0.038585611827528,2.7089441800854e-14,1
72.95,128,0,72.95,0.0006680400340177,1.4966969330023e-05,1.1060692940335e-11,-2.4777320725836e-10,12.185179617179,0.038585611827528,2.7089441800854e-14,1
73,128,0,73,0.00066804015072744,1.4966966715727e-05,1.1060692940335e-11,-2.4777320725836e-10,12.183250336588,0.038585611827528,2.7089441800854e-14,1
73.05,128,0,73.05,0.00066804058037146,1.4966957091133e-05,-1.1081703700795e-11,2.4824794393903e-10,12.181321055997,0.038585611827563,2.3314683517128e-14,1
73.1,128,0,73.1,0.00066804101001547,1.4966947466539e-05,-1.1081703700795e-11,2.4824794393903e-10,12.179391775405,0.038585611827563,2.3314683517128e-14,1
73.15,128,0,73.15,0.00066804143965949,1.4966937841945e-05,-1.1081703700795e-11,2.4824794393903e-10,12.177462494814,0.038585611827563,2.3314683517128e-14,1
73.2,128,0,73.2,0.00066804186930351,1.4966928217351e-05,-1.1081703700795e-11,2.4824794393903e-10,12.175533214222,0.038585611827563,2.3314683517128e-14,1
73.25,128,0,73.25,0.00066804229894752,1.4966918592757e-05,-1.1081703700795e-11,2.4824794393903e-10,12.173603933631,0.038585611827563,2.3314683517128e-14,1
73.3,128,0,73.3,0.00066804272859154,1.4966908968163e-05,-1.1081703700795e-11,2.4824794393903e-10,12.17167465304,0.038585611827563,2.3314683517128e-14,1
73.35,128,0,73.35,0.00066804315823555,1.4966899343569e-05,-1.1081703700795e-11,2.4824794393903e-10,12.169745372448,0.038585611827563,2.3314683517128e-14,1
73.4,128,0,73.4,0.00066804358787957,1.4966889718975e-05,-1.1081703700795e-11,2.4824794393903e-10,12.167816091857,0.038585611827563,2.3314683517128e-14,1
73.45,128,0,73.45,0.00066804401752359,1.4966880094381e-05,-1.1081703700795e-11,2.4824794393903e-10,12.165886811266,0.038585611827563,2.3314683517128e-14,1
73.5,128,0,73.5,0.0006680444471676,1.4966870469786e-05,-1.1081703700795e-11,2.4824794393903e-10,12.163957530674,0.038585611827563,2.3314683517128e-14,1
73.55,128,0,73.55,0.00066804487681162,1.4966860845192e-05,-1.1081703700795e-11,2.4824794393903e-10,12.162028250083,0.038585611827563,2.3314683517128e-14,1
73.6,128,0,73.6,0.00066804530645563,1.4966851220598e-05,-1.1081703700795e-11,2.4824794393903e-10,12.160098969491,0.038585611827563,2.3314683517128e-14,1
73.65,128,0,73.65,0.00066804573609965,1.4966841596004e-05,-1.1081703700795e-11,2.4824794393903e-10,12.1581696889,0.038585611827563,2.3314683517128e-14,1
73.7,128,0,73.7,0.00066804616574367,1.496683197141e-05,-1.1081703700795e-11,2.4824794393903e-10,12.156240408309,0.038585611827563,2.3314683517128e-14,1
73.75,128,0,73.75,0.00066804659538768,1.4966822346816e-05,-1.1081703700795e-11,2.4824794393903e-10,12.154311127717,0.038585611827563,2.3314683517128e-14,1
73.8,128,0,73.8,0.0006680470250317,1.4966812722222e-05,-1.1081703700795e-11,2.4824794393903e-10,12.152381847126,0.038585611827563,2.3314683517128e-14,1
73.85,128,0,73.85,0.00066804745467571,1.4966803097628e-05,-1.1081703700795e-11,2.4824794393903e-10,12.150452566535,0.038585611827563,2.3314683517128e-14,1
73.9,128,0,73.9,0.00066804788431973,1.4966793473034e-05,-1.1081703700795e-11,2.4824794393903e-10,12.148523285943,0.038585611827563,2.3314683517128e-14,1
73.95,128,0,73.95,0.00066804831396375,1.496678384844e-05,-1.1081703700795e-11,2.4824794393903e-10,12.146594005352,0.038585611827563,2.3314683517128e-14,1
74,128,0,74,0.00066804874360776,1.4966774223846e-05,-1.1081703700795e-11,2.4824794393903e-10,12.14466472476,0.038585611827563,2.3314683517128e-14,1
74.05,128,0,74.05,0.00066804866347889,1.4966776019272e-05,1.1698785643956e-11,-2.6207458228887e-10,12.142735444169,0.038585611827571,4.1078251911131e-14,1
74.1,128,0,74.1,0.00066804858335001,1.4966777814698e-05,1.1698785643956e-11,-2.6207458228887e-10,12.140806163578,0.038585611827571,4.1078251911131e-14,1
74.15,128,0,74.15,0.00066804850322114,1.4966779610125e-05,1.1698785643956e-11,-2.6207458228887e-10,12.138876882986,0.038585611827571,4.1078251911131e-14,1
74.2,128,0,74.2,0.00066804842309226,1.4966781405551e-05,1.1698785643956e-11,-2.6207458228887e-10,12.136947602395,0.038585611827571,4.1078251911131e-14,1
74.25,128,0,74.25,0.00066804834296339,1.4966783200977e-05,1.1698785643956e-11,-2.6207458228887e-10,12.135018321804,0.038585611827571,4.1078251911131e-14,1
74.3,128,0,74.3,0.00066804826283452,1.4966784996403e-05,1.1698785643956e-11,-2.6207458228887e-10,12.133089041212,0.038585611827571,4.1078251911131e-14,1
74.35,128,0,74.35,0.00066804818270564,1.4966786791829e-05,1.1698785643956e-11,-2.6207458228887e-10,12.131159760621,0.038585611827571,4.1078251911131e-14,1
74.4,128,0,74.4,0.00066804810257677,1.4966788587255e-05,1.1698785643956e-11,-2.6207458228887e-10,12.129230480029,0.038585611827571,4.1078251911131e-14,1
74.45,128,0,74.45,0.00066804802244789,1.4966790382682e-05,1.1698785643956e-11,-2.6207458228887e-10,12.127301199438,0.038585611827571,4.1078251911131e-14,1
74.5,128,0,74.5,0.00066804794231902,1.4966792178108e-05,1.1698785643956e-11,-2.6207458228887e-10,12.125371918847,0.038585611827571,4.1078251911131e-14,1
74.55,128,0,74.55,0.00066804786219015,1.4966793973534e-05,1.1698785643956e-11,-2.6207458228887e-10,12.123442638255,0.038585611827571,4.1078251911131e-14,1
74.6,128,0,74.6,0.00066804778206127,1.496679576896e-05,1.1698785643956e-11,-2.6207458228887e-10,12.121513357664,0.038585611827571,4.1078251911131e-14,1
74.65,128,0,74.65,0.0006680477019324,1.4966797564386e-05,1.1698785643956e-11,-2.6207458228887e-10,12.119584077072,0.038585611827571,4.1078251911131e-14,1
74.7,128,0,74.7,0.00066804762180352,1.4966799359812e-05,1.1698785643956e-11,-2.6207458228887e-10,12.117654796481,0.038585611827571,4.1078251911131e-14,1
74.75,128,0,74.75,0.00066804754167465,1.4966801155239e-05,1.1698785643956e-11,-2.6207458228887e-10,12.11572551589,0.038585611827571,4.1078251911131e-14,1
74.8,128,0,74.8,0.00066804746154578,1.4966802950665e-05,1.1698785643956e-11,-2.6207458228887e-10,12.113796235298,0.038585611827571,4.1078251911131e-14,1
74.85,128,0,74.85,0.0006680473814169,1.4966804746091e-05,1.1698785643956e-11,-2.6207458228887e-10,12.111866954707,0.038585611827571,4.1078251911131e-14,1
74.9,128,0,74.9,0.00066804730128803,1.4966806541517e-05,1.1698785643956e-11,-2.6207458228887e-10,12.109937674116,0.038585611827571,4.1078251911131e-14,1
74.95,128,0,74.95,0.00066804722115915,1.4966808336943e-05,1.1698785643956e-11,-2.6207458228887e-10,12.108008393524,0.038585611827571,4.1078251911131e-14,1
75,128,0,75,0.00066804714103028,1.4966810132369e-05,1.1698785643956e-11,-2.6207458228887e-10,12.106079112933,0.038585611827571,4.1078251911131e-14,1
75.05,128,0,75.05,0.00066804667674215,1.4966820532445e-05,-1.1385160087618e-11,2.5504553385046e-10,12.104149832341,0.0385856118276,2.2426505097428e-14,1
75.1,128,0,75.1,0.00066804621245403,1.496683093252e-05,-1.1385160087618e-11,2.5504553385046e-10,12.10222055175,0.0385856118276,2.2426505097428e-14,1
75.15,128,0,75.15,0.0006680457481659,1.4966841332596e-05,-1.1385160087618e-11,2.5504553385046e-10,12.100291271159,0.0385856118276,2.2426505097428e-14,1
75.2,128,0,75.2,0.00066804528387778,1.4966851732671e-05,-1.1385160087618e-11,2.5504553385046e-10,12.098361990567,0.0385856118276,2.2426505097428e-14,1
75.25,128,0,75.25,0.00066804481958965,1.4966862132747e-05,-1.1385160087618e-11,2.5504553385046e-10,12.096432709976,0.0385856118276,2.2426505097428e-14,1
75.3,128,0,75.3,0.00066804435530153,1.4966872532822e-05,-1.1385160087618e-11,2.5504553385046e-10,12.094503429385,0.0385856118276,2.2426505097428e-14,1
75.35,128,0,75.35,0.0006680438910134,1.4966882932898e-05,-1.1385160087618e-11,2.5504553385046e-10,12.092574148793,0.0385856118276,2.2426505097428e-14,1
75.4,128,0,75.4,0.00066804342672528,1.4966893332974e-05,-1.1385160087618e-11,2.5504553385046e-10,12.090644868202,0.0385856118276,2.2426505097428e-14,1
75.45,128,0,75.45,0.00066804296243716,1.4966903733049e-05,-1.1385160087618e-11,2.5504553385046e-10,12.08871558761,0.0385856118276,2.2426505097428e-14,1
75.5,128,0,75.5,0.00066804249814903,1.4966914133125e-05,-1.1385160087618e-11,2.5504553385046e-10,12.086786307019,0.0385856118276,2.2426505097428e-14,1
75.55,128,0,75.55,0.00066804203386091,1.49669245332e-05,-1.1385160087618e-11,2.5504553385046e-10,12.084857026428,0.0385856118276,2.2426505097428e-14,1
75.6,128,0,75.6,0.00066804156957278,1.4966934933276e-05,-1.1385160087618e-11,2.5504553385046e-10,12.082927745836,0.0385856118276,2.2426505097428e-14,1
75.65,128,0,75.65,0.00066804110528466,1.4966945333351e-05,-1.1385160087618e-11,2.5504553385046e-10,12.080998465245,0.0385856118276,2.2426505097428e-14,1
75.7,128,0,75.7,0.00066804064099653,1.4966955733427e-05,-1.1385160087618e-11,2.5504553385046e-10,12.079069184654,0.0385856118276,2.2426505097428e-14,1
75.75,128,0,75.75,0.00066804017670841,1.4966966133502e-05,-1.1385160087618e-11,2.5504553385046e-10,12.077139904062,0.0385856118276,2.2426505097428e-14,1
75.8,128,0,75.8,0.00066803971242028,1.4966976533578e-05,-1.1385160087618e-11,2.5504553385046e-10,12.075210623471,0.0385856118276,2.2426505097428e-14,1
75.85,128,0,75.85,0.00066803924813216,1.4966986933653e-05,-1.1385160087618e-11,2.5504553385046e-10,12.073281342879,0.0385856118276,2.2426505097428e-14,1
75.9,128,0,75.9,0.00066803878384403,1.4966997333729e-05,-1.1385160087618e-11,2.5504553385046e-10,12.071352062288,0.0385856118276,2.2426505097428e-14,1
75.95,128,0,75.95,0.00066803831955591,1.4967007733804e-05,-1.1385160087618e-11,2.5504553385046e-10,12.069422781697,0.0385856118276,2.2426505097428e-14,1
76,128,0,76,0.00066803785526778,1.496701813388e-05,-1.1385160087618e-11,2.5504553385046e-10,12.067493501105,0.0385856118276,2.2426505097428e-14,1
76.05,128,0,76.05,0.00066803796827028,1.4967015602648e-05,1.0675518889125e-11,-2.3914520899906e-10,12.065564220514,0.038585611827508,3.1086244689504e-15,1
76.1,128,0,76.1,0.00066803808127278,1.4967013071416e-05,1.0675518889125e-11,-2.3914520899906e-10,12.063634939923,0.038585611827508,3.1086244689504e-15,1
76.15,128,0,76.15,0.00066803819427528,1.4967010540184e-05,1.0675518889125e-11,-2.3914520899906e-10,12.061705659331,0.038585611827508,3.1086244689504e-15,1
76.2,128,0,76.2,0.00066803830727778,1.4967008008952e-05,1.0675518889125e-11,-2.3914520899906e-10,12.05977637874,0.038585611827508,3.1086244689504e-15,1
76.25,128,0,76.25,0.00066803842028028,1.496700547772e-05,1.0675518889125e-11,-2.3914520899906e-10,12.057847098148,0.038585611827508,3.1086244689504e-15,1
76.3,128,0,76.3,0.00066803853328277,1.4967002946488e-05,1.0675518889125e-11,-2.3914520899906e-10,12.055917817557,0.038585611827508,3.1086244689504e-15,1
76.35,128,0,76.35,0.00066803864628527,1.4967000415256e-05,1.0675518889125e-11,-2.3914520899906e-10,12.053988536966,0.038585611827508,3.1086244689504e-15,1
76.4,128,0,76.4,0.00066803875928777,1.4966997884025e-05,1.0675518889125e-11,-2.3914520899906e-10,12.052059256374,0.038585611827508,3.1086244689504e-15,1
76.45,128,0,76.45,0.00066803887229027,1.4966995352793e-05,1.0675518889125e-11,-2.3914520899906e-10,12.050129975783,0.038585611827508,3.1086244689504e-15,1
76.5,128,0,76.5,0.00066803898529277,1.4966992821561e-05,1.0675518889125e-11,-2.3914520899906e-10,12.048200695191,0.038585611827508,3.1086244689504e-15,1
76.55,128,0,76.55,0.00066803909829527,1.4966990290329e-05,1.0675518889125e-11,-2.3914520899906e-10,12.0462714146,0.038585611827508,3.1086244689504e-15,1
76.6,128,0,76.6,0.00066803921129777,1.4966987759097e-05,1.0675518889125e-11,-2.3914520899906e-10,12.044342134009,0.038585611827508,3.1086244689504e-15,1
76.65,128,0,76.65,0.00066803932430026,1.4966985227865e-05,1.0675518889125e-11,-2.3914520899906e-10,12.042412853417,0.038585611827508,3.1086244689504e-15,1
76.7,128,0,76.7,0.00066803943730276,1.4966982696633e-05,1.0675518889125e-11,-2.3914520899906e-10,12.040483572826,0.038585611827508,3.1086244689504e-15,1
76.75,128,0,76.75,0.00066803955030526,1.4966980165401e-05,1.0675518889125e-11,-2.3914520899906e-10,12.038554292235,0.038585611827508,3.1086244689504e-15,1
76.8,128,0,76.8,0.00066803966330776,1.4966977634169e-05,1.0675518889125e-11,-2.3914520899906e-10,12.036625011643,0.038585611827508,3.1086244689504e-15,1
76.85,128,0,76.85,0.00066803977631026,1.4966975102937e-05,1.0675518889125e-11,-2.3914520899906e-10,12.034695731052,0.038585611827508,3.1086244689504e-15,1
76.9,128,0,76.9,0.00066803988931276,1.4966972571706e-05,1.0675518889125e-11,-2.3914520899906e-10,12.03276645046,0.038585611827508,3.1086244689504e-15,1
76.95,128,0,76.95,0.00066804000231526,1.4966970040474e-05,1.0675518889125e-11,-2.3914520899906e-10,12.030837169869,0.038585611827508,3.1086244689504e-15,1
77,128,0,77,0.00066804011531775,1.4966967509242e-05,1.0675518889125e-11,-2.3914520899906e-10,12.028907889278,0.038585611827508,3.1086244689504e-15,1
77.05,128,0,77.05,0.00066804054757839,1.496695782603e-05,-1.0976804518573e-11,2.4589783083848e-10,12.026978608686,0.038585611827592,-3.1086244689504e-15,1
77.1,128,0,77.1,0.00066804097983902,1.4966948142818e-05,-1.0976804518573e-11,2.4589783083848e-10,12.025049328095,0.038585611827592,-3.1086244689504e-15,1
77.15,128,0,77.15,0.00066804141209966,1.4966938459607e-05,-1.0976804518573e-11,2.4589783083848e-10,12.023120047504,0.038585611827592,-3.1086244689504e-15,1
77.2,128,0,77.2,0.0006680418443603,1.4966928776395e-05,-1.0976804518573e-11,2.4589783083848e-10,12.021190766912,0.038585611827592,-3.1086244689504e-15,1
77.25,128,0,77.25,0.00066804227662093,1.4966919093183e-05,-1.0976804518573e-11,2.4589783083848e-10,12.019261486321,0.038585611827592,-3.1086244689504e-15,1
77.3,128,0,77.3,0.00066804270888157,1.4966909409972e-05,-1.0976804518573e-11,2.4589783083848e-10,12.017332205729,0.038585611827592,-3.1086244689504e-15,1
77.35,128,0,77.35,0.0006680431411422,1.496689972676e-05,-1.0976804518573e-11,2.4589783083848e-10,12.015402925138,0.038585611827592,-3.1086244689504e-15,1
77.4,128,0,77.4,0.00066804357340284,1.4966890043548e-05,-1.0976804518573e-11,2.4589783083848e-10,12.013473644547,0.038585611827592,-3.1086244689504e-15,1
77.45,128,0,77.45,0.00066804400566347,1.4966880360337e-05,-1.0976804518573e-11,2.4589783083848e-10,12.011544363955,0.038585611827592,-3.1086244689504e-15,1
77.5,128,0,77.5,0.00066804443792411,1.4966870677125e-05,-1.0976804518573e-11,2.4589783083848e-10,12.009615083364,0.038585611827592,-3.1086244689504e-15,1
77.55,128,0,77.55,0.00066804487018474,1.4966860993913e-05,-1.0976804518573e-11,2.4589783083848e-10,12.007685802773,0.038585611827592,-3.1086244689504e-15,1
77.6,128,0,77.6,0.00066804530244538,1.4966851310702e-05,-1.0976804518573e-11,2.4589783083848e-10,12.005756522181,0.038585611827592,-3.1086244689504e-15,1
77.65,128,0,77.65,0.00066804573470601,1.496684162749e-05,-1.0976804518573e-11,2.4589783083848e-10,12.00382724159,0.038585611827592,-3.1086244689504e-15,1
77.7,128,0,77.7,0.00066804616696665,1.4966831944279e-05,-1.0976804518573e-11,2.4589783083848e-10,12.001897960998,0.038585611827592,-3.1086244689504e-15,1
77.75,128,0,77.75,0.00066804659922729,1.4966822261067e-05,-1.0976804518573e-11,2.4589783083848e-10,11.999968680407,0.038585611827592,-3.1086244689504e-15,1
77.8,128,0,77.8,0.00066804703148792,1.4966812577855e-05,-1.0976804518573e-11,2.4589783083848e-10,11.998039399816,0.038585611827592,-3.1086244689504e-15,1
77.85,128,0,77.85,0.00066804746374856,1.4966802894644e-05,-1.0976804518573e-11,2.4589783083848e-10,11.996110119224,0.038585611827592,-3.1086244689504e-15,1
77.9,128,0,77.9,0.00066804789600919,1.4966793211432e-05,-1.0976804518573e-11,2.4589783083848e-10,11.994180838633,0.038585611827592,-3.1086244689504e-15,1
77.95,128,0,77.95,0.00066804832826983,1.496678352822e-05,-1.0976804518573e-11,2.4589783083848e-10,11.992251558042,0.038585611827592,-3.1086244689504e-15,1
78,128,0,78,0.00066804876053046,1.4966773845009e-05,-1.0976804518573e-11,2.4589783083848e-10,11.99032227745,0.038585611827592,-3.1086244689504e-15,1
78.05,128,0,78.05,0.00066804867818649,1.4966775690043e-05,1.1664478520313e-11,-2.6130630541261e-10,11.988392996859,0.038585611827571,-1.8318679906315e-14,1
78.1,128,0,78.1,0.00066804859584252,1.4966777535077e-05,1.1664478520313e-11,-2.6130630541261e-10,11.986463716267,0.038585611827571,-1.8318679906315e-14,1
78.15,128,0,78.15,0.00066804851349855,1.4966779380112e-05,1.1664478520313e-11,-2.6130630541261e-10,11.984534435676,0.038585611827571,-1.8318679906315e-14,1
78.2,128,0,78.2,0.00066804843115458,1.4966781225146e-05,1.1664478520313e-11,-2.6130630541261e-10,11.982605155085,0.038585611827571,-1.8318679906315e-14,1
78.25,128,0,78.25,0.00066804834881061,1.4966783070181e-05,1.1664478520313e-11,-2.6130630541261e-10,11.980675874493,0.038585611827571,-1.8318679906315e-14,1
78.3,128,0,78.3,0.00066804826646664,1.4966784915215e-05,1.1664478520313e-11,-2.6130630541261e-10,11.978746593902,0.038585611827571,-1.8318679906315e-14,1
78.35,128,0,78.35,0.00066804818412267,1.496678676025e-05,1.1664478520313e-11,-2.6130630541261e-10,11.976817313311,0.038585611827571,-1.8318679906315e-14,1
78.4,128,0,78.4,0.0006680481017787,1.4966788605284e-05,1.1664478520313e-11,-2.6130630541261e-10,11.974888032719,0.038585611827571,-1.8318679906315e-14,1
78.45,128,0,78.45,0.00066804801943473,1.4966790450319e-05,1.1664478520313e-11,-2.6130630541261e-10,11.972958752128,0.038585611827571,-1.8318679906315e-14,1
78.5,128,0,78.5,0.00066804793709075,1.4966792295353e-05,1.1664478520313e-11,-2.6130630541261e-10,11.971029471536,0.038585611827571,-1.8318679906315e-14,1
78.55,128,0,78.55,0.00066804785474678,1.4966794140388e-05,1.1664478520313e-11,-2.6130630541261e-10,11.969100190945,0.038585611827571,-1.8318679906315e-14,1
78.6,128,0,78.6,0.00066804777240281,1.4966795985422e-05,1.1664478520313e-11,-2.6130630541261e-10,11.967170910354,0.038585611827571,-1.8318679906315e-14,1
78.65,128,0,78.65,0.00066804769005884,1.4966797830457e-05,1.1664478520313e-11,-2.6130630541261e-10,11.965241629762,0.038585611827571,-1.8318679906315e-14,1
78.7,128,0,78.7,0.00066804760771487,1.4966799675491e-05,1.1664478520313e-11,-2.6130630541261e-10,11.963312349171,0.038585611827571,-1.8318679906315e-14,1
78.75,128,0,78.75,0.0006680475253709,1.4966801520526e-05,1.1664478520313e-11,-2.6130630541261e-10,11.961383068579,0.038585611827571,-1.8318679906315e-14,1
78.8,128,0,78.8,0.00066804744302693,1.496680336556e-05,1.1664478520313e-11,-2.6130630541261e-10,11.959453787988,0.038585611827571,-1.8318679906315e-14,1
78.85,128,0,78.85,0.00066804736068296,1.4966805210595e-05,1.1664478520313e-11,-2.6130630541261e-10,11.957524507397,0.038585611827571,-1.8318679906315e-14,1
78.9,128,0,78.9,0.00066804727833899,1.4966807055629e-05,1.1664478520313e-11,-2.6130630541261e-10,11.955595226805,0.038585611827571,-1.8318679906315e-14,1
78.95,128,0,78.95,0.00066804719599502,1.4966808900664e-05,1.1664478520313e-11,-2.6130630541261e-10,11.953665946214,0.038585611827571,-1.8318679906315e-14,1
79,128,0,79,0.00066804711365105,1.4966810745698e-05,1.1664478520313e-11,-2.6130630541261e-10,11.951736665623,0.038585611827571,-1.8318679906315e-14,1
79.05,128,0,79.05,0.00066804665188629,1.4966821089247e-05,-1.1355834917965e-11,2.5438873767967e-10,11.949807385031,0.038585611827516,-2.7755575615629e-15,1
79.1,128,0,79.1,0.00066804619012153,1.4966831432796e-05,-1.1355834917965e-11,2.5438873767967e-10,11.94787810444,0.038585611827516,-2.7755575615629e-15,1
79.15,128,0,79.15,0.00066804572835677,1.4966841776344e-05,-1.1355834917965e-11,2.5438873767967e-10,11.945948823848,0.038585611827516,-2.7755575615629e-15,1
79.2,128,0,79.2,0.00066804526659202,1.4966852119893e-05,-1.1355834917965e-11,2.5438873767967e-10,11.944019543257,0.038585611827516,-2.7755575615629e-15,1
79.25,128,0,79.25,0.00066804480482726,1.4966862463442e-05,-1.1355834917965e-11,2.5438873767967e-10,11.942090262666,0.038585611827516,-2.7755575615629e-15,1
79.3,128,0,79.3,0.0006680443430625,1.4966872806991e-05,-1.1355834917965e-11,2.5438873767967e-10,11.940160982074,0.038585611827516,-2.7755575615629e-15,1
79.35,128,0,79.35,0.00066804388129774,1.4966883150539e-05,-1.1355834917965e-11,2.5438873767967e-10,11.938231701483,0.038585611827516,-2.7755575615629e-15,1
79.4,128,0,79.4,0.00066804341953298,1.4966893494088e-05,-1.1355834917965e-11,2.5438873767967e-10,11.936302420892,0.038585611827516,-2.7755575615629e-15,1
79.45,128,0,79.45,0.00066804295776823,1.4966903837637e-05,-1.1355834917965e-11,2.5438873767967e-10,11.9343731403,0.038585611827516,-2.7755575615629e-15,1
79.5,128,0,79.5,0.00066804249600347,1.4966914181186e-05,-1.1355834917965e-11,2.5438873767967e-10,11.932443859709,0.038585611827516,-2.7755575615629e-15,1
79.55,128,0,79.55,0.00066804203423871,1.4966924524734e-05,-1.1355834917965e-11,2.5438873767967e-10,11.930514579117,0.038585611827516,-2.7755575615629e-15,1
79.6,128,0,79.6,0.00066804157247395,1.4966934868283e-05,-1.1355834917965e-11,2.5438873767967e-10,11.928585298526,0.038585611827516,-2.7755575615629e-15,1
79.65,128,0,79.65,0.00066804111070919,1.4966945211832e-05,-1.1355834917965e-11,2.5438873767967e-10,11.926656017935,0.038585611827516,-2.7755575615629e-15,1
79.7,128,0,79.7,0.00066804064894444,1.4966955555381e-05,-1.1355834917965e-11,2.5438873767967e-10,11.924726737343,0.038585611827516,-2.7755575615629e-15,1
79.75,128,0,79.75,0.00066804018717968,1.4966965898929e-05,-1.1355834917965e-11,2.5438873767967e-10,11.922797456752,0.038585611827516,-2.7755575615629e-15,1
79.8,128,0,79.8,0.00066803972541492,1.4966976242478e-05,-1.1355834917965e-11,2.5438873767967e-10,11.920868176161,0.038585611827516,-2.7755575615629e-15,1
79.85,128,0,79.85,0.00066803926365016,1.4966986586027e-05,-1.1355834917965e-11,2.5438873767967e-10,11.918938895569,0.038585611827516,-2.7755575615629e-15,1
79.9,128,0,79.9,0.0006680388018854,1.4966996929576e-05,-1.1355834917965e-11,2.5438873767967e-10,11.917009614978,0.038585611827516,-2.7755575615629e-15,1
79.95,128,0,79.95,0.00066803834012065,1.4967007273124e-05,-1.1355834917965e-11,2.5438873767967e-10,11.915080334386,0.038585611827516,-2.7755575615629e-15,1
80,128,0,80,0.00066803787835589,1.4967017616673e-05,-1.1355834917965e-11,2.5438873767967e-10,11.913151053795,0.038585611827516,-2.7755575615629e-15,1
80.05,128,0,80.05,0.00066803798934008,1.4967015130653e-05,1.0661384487848e-11,-2.388284805555e-10,11.911221773204,0.03858561182759,-9.1038288019263e-15,1
80.1,128,0,80.1,0.00066803810032427,1.4967012644633e-05,1.0661384487848e-11,-2.388284805555e-10,11.909292492612,0.03858561182759,-9.1038288019263e-15,1
80.15,128,0,80.15,0.00066803821130846,1.4967010158613e-05,1.0661384487848e-11,-2.388284805555e-10,11.907363212021,0.03858561182759,-9.1038288019263e-15,1
80.2,128,0,80.2,0.00066803832229265,1.4967007672594e-05,1.0661384487848e-11,-2.388284805555e-10,11.90543393143,0.03858561182759,-9.1038288019263e-15,1
80.25,128,0,80.25,0.00066803843327684,1.4967005186574e-05,1.0661384487848e-11,-2.388284805555e-10,11.903504650838,0.03858561182759,-9.1038288019263e-15,1
80.3,128,0,80.3,0.00066803854426103,1.4967002700554e-05,1.0661384487848e-11,-2.388284805555e-10,11.901575370247,0.03858561182759,-9.1038288019263e-15,1
80.35,128,0,80.35,0.00066803865524522,1.4967000214534e-05,1.0661384487848e-11,-2.388284805555e-10,11.899646089655,0.03858561182759,-9.1038288019263e-15,1
80.4,128,0,80.4,0.00066803876622941,1.4966997728514e-05,1.0661384487848e-11,-2.388284805555e-10,11.897716809064,0.03858561182759,-9.1038288019263e-15,1
80.45,128,0,80.45,0.0006680388772136,1.4966995242494e-05,1.0661384487848e-11,-2.388284805555e-10,11.895787528473,0.03858561182759,-9.1038288019263e-15,1
80.5,128,0,80.5,0.00066803898819779,1.4966992756474e-05,1.0661384487848e-11,-2.388284805555e-10,11.893858247881,0.03858561182759,-9.1038288019263e-15,1
80.55,128,0,80.55,0.00066803909918198,1.4966990270454e-05,1.0661384487848e-11,-2.388284805555e-10,11.89192896729,0.03858561182759,-9.1038288019263e-15,1
80.6,128,0,80.6,0.00066803921016617,1.4966987784435e-05,1.0661384487848e-11,-2.388284805555e-10,11.889999686699,0.03858561182759,-9.1038288019263e-15,1
80.65,128,0,80.65,0.00066803932115036,1.4966985298415e-05,1.0661384487848e-11,-2.388284805555e-10,11.888070406107,0.03858561182759,-9.1038288019263e-15,1
80.7,128,0,80.7,0.00066803943213455,1.4966982812395e-05,1.0661384487848e-11,-2.388284805555e-10,11.886141125516,0.03858561182759,-9.1038288019263e-15,1
80.75,128,0,80.75,0.00066803954311874,1.4966980326375e-05,1.0661384487848e-11,-2.388284805555e-10,11.884211844924,0.03858561182759,-9.1038288019263e-15,1
80.8,128,0,80.8,0.00066803965410293,1.4966977840355e-05,1.0661384487848e-11,-2.388284805555e-10,11.882282564333,0.03858561182759,-9.1038288019263e-15,1
80.85,128,0,80.85,0.00066803976508712,1.4966975354335e-05,1.0661384487848e-11,-2.388284805555e-10,11.880353283742,0.03858561182759,-9.1038288019263e-15,1
80.9,128,0,80.9,0.00066803987607131,1.4966972868315e-05,1.0661384487848e-11,-2.388284805555e-10,11.87842400315,0.03858561182759,-9.1038288019263e-15,1
80.95,128,0,80.95,0.0006680399870555,1.4966970382296e-05,1.0661384487848e-11,-2.388284805555e-10,11.876494722559,0.03858561182759,-9.1038288019263e-15,1
81,128,0,81,0.00066804009803969,1.4966967896276e-05,1.0661384487848e-11,-2.388284805555e-10,11.874565441967,0.03858561182759,-9.1038288019263e-15,1
81.05,128,0,81.05,0.00066804053122023,1.4966958192459e-05,-1.0966950443511e-11,2.456770965535e-10,11.872636161376,0.038585611827564,3.1086244689504e-15,1
81.1,128,0,81.1,0.00066804096440077,1.4966948488643e-05,-1.0966950443511e-11,2.456770965535e-10,11.870706880785,0.038585611827564,3.1086244689504e-15,1
81.15,128,0,81.15,0.00066804139758131,1.4966938784826e-05,-1.0966950443511e-11,2.456770965535e-10,11.868777600193,0.038585611827564,3.1086244689504e-15,1
81.2,128,0,81.2,0.00066804183076185,1.496692908101e-05,-1.0966950443511e-11,2.456770965535e-10,11.866848319602,0.038585611827564,3.1086244689504e-15,1
81.25,128,0,81.25,0.00066804226394239,1.4966919377193e-05,-1.0966950443511e-11,2.456770965535e-10,11.864919039011,0.038585611827564,3.1086244689504e-15,1
81.3,128,0,81.3,0.00066804269712294,1.4966909673377e-05,-1.0966950443511e-11,2.456770965535e-10,11.862989758419,0.038585611827564,3.1086244689504e-15,1
81.35,128,0,81.35,0.00066804313030348,1.496689996956e-05,-1.0966950443511e-11,2.456770965535e-10,11.861060477828,0.038585611827564,3.1086244689504e-15,1
81.4,128,0,81.4,0.00066804356348402,1.4966890265744e-05,-1.0966950443511e-11,2.456770965535e-10,11.859131197236,0.038585611827564,3.1086244689504e-15,1
81.45,128,0,81.45,0.00066804399666456,1.4966880561927e-05,-1.0966950443511e-11,2.456770965535e-10,11.857201916645,0.038585611827564,3.1086244689504e-15,1
81.5,128,0,81.5,0.0006680444298451,1.4966870858111e-05,-1.0966950443511e-11,2.456770965535e-10,11.855272636054,0.038585611827564,3.1086244689504e-15,1
81.55,128,0,81.55,0.00066804486302564,1.4966861154294e-05,-1.0966950443511e-11,2.456770965535e-10,11.853343355462,0.038585611827564,3.1086244689504e-15,1
81.6,128,0,81.6,0.00066804529620618,1.4966851450478e-05,-1.0966950443511e-11,2.456770965535e-10,11.851414074871,0.038585611827564,3.1086244689504e-15,1
81.65,128,0,81.65,0.00066804572938672,1.4966841746661e-05,-1.0966950443511e-11,2.456770965535e-10,11.84948479428,0.038585611827564,3.1086244689504e-15,1
81.7,128,0,81.7,0.00066804616256726,1.4966832042845e-05,-1.0966950443511e-11,2.456770965535e-10,11.847555513688,0.038585611827564,3.1086244689504e-15,1
81.75,128,0,81.75,0.00066804659574781,1.4966822339028e-05,-1.0966950443511e-11,2.456770965535e-10,11.845626233097,0.038585611827564,3.1086244689504e-15,1
81.8,128,0,81.8,0.00066804702892835,1.4966812635212e-05,-1.0966950443511e-11,2.456770965535e-10,11.843696952505,0.038585611827564,3.1086244689504e-15,1
81.85,128,0,81.85,0.00066804746210889,1.4966802931395e-05,-1.0966950443511e-11,2.456770965535e-10,11.841767671914,0.038585611827564,3.1086244689504e-15,1
81.9,128,0,81.9,0.00066804789528943,1.4966793227579e-05,-1.0966950443511e-11,2.456770965535e-10,11.839838391323,0.038585611827564,3.1086244689504e-15,1
81.95,128,0,81.95,0.00066804832846997,1.4966783523762e-05,-1.0966950443511e-11,2.456770965535e-10,11.837909110731,0.038585611827564,3.1086244689504e-15,1
82,128,0,82,0.00066804876165051,1.4966773819946e-05,-1.0966950443511e-11,2.456770965535e-10,11.83597983014,0.038585611827564,3.1086244689504e-15,1
82.05,128,0,82.05,0.00066804868023153,1.4966775644257e-05,1.1659548543422e-11,-2.6119585203613e-10,11.834050549549,0.038585611827584,1.3322676295502e-15,1
82.1,128,0,82.1,0.00066804859881255,1.4966777468569e-05,1.1659548543422e-11,-2.6119585203613e-10,11.832121268957,0.038585611827584,1.3322676295502e-15,1
82.15,128,0,82.15,0.00066804851739357,1.4966779292881e-05,1.1659548543422e-11,-2.6119585203613e-10,11.830191988366,0.038585611827584,1.3322676295502e-15,1
82.2,128,0,82.2,0.00066804843597459,1.4966781117193e-05,1.1659548543422e-11,-2.6119585203613e-10,11.828262707774,0.038585611827584,1.3322676295502e-15,1
82.25,128,0,82.25,0.00066804835455561,1.4966782941504e-05,1.1659548543422e-11,-2.6119585203613e-10,11.826333427183,0.038585611827584,1.3322676295502e-15,1
82.3,128,0,82.3,0.00066804827313663,1.4966784765816e-05,1.1659548543422e-11,-2.6119585203613e-10,11.824404146592,0.038585611827584,1.3322676295502e-15,1
82.35,128,0,82.35,0.00066804819171765,1.4966786590128e-05,1.1659548543422e-11,-2.6119585203613e-10,11.822474866,0.038585611827584,1.3322676295502e-15,1
82.4,128,0,82.4,0.00066804811029867,1.496678841444e-05,1.1659548543422e-11,-2.6119585203613e-10,11.820545585409,0.038585611827584,1.3322676295502e-15,1
82.45,128,0,82.45,0.00066804802887969,1.4966790238751e-05,1.1659548543422e-11,-2.6119585203613e-10,11.818616304817,0.038585611827584,1.3322676295502e-15,1
82.5,128,0,82.5,0.00066804794746071,1.4966792063063e-05,1.1659548543422e-11,-2.6119585203613e-10,11.816687024226,0.038585611827584,1.3322676295502e-15,1
82.55,128,0,82.55,0.00066804786604174,1.4966793887375e-05,1.1659548543422e-11,-2.6119585203613e-10,11.814757743635,0.038585611827584,1.3322676295502e-15,1
82.6,128,0,82.6,0.00066804778462276,1.4966795711687e-05,1.1659548543422e-11,-2.6119585203613e-10,11.812828463043,0.038585611827584,1.3322676295502e-15,1
82.65,128,0,82.65,0.00066804770320378,1.4966797535998e-05,1.1659548543422e-11,-2.6119585203613e-10,11.810899182452,0.038585611827584,1.3322676295502e-15,1
82.7,128,0,82.7,0.0006680476217848,1.496679936031e-05,1.1659548543422e-11,-2.6119585203613e-10,11.808969901861,0.038585611827584,1.3322676295502e-15,1
82.75,128,0,82.75,0.00066804754036582,1.4966801184622e-05,1.1659548543422e-11,-2.6119585203613e-10,11.807040621269,0.038585611827584,1.3322676295502e-15,1
82.8,128,0,82.8,0.00066804745894684,1.4966803008934e-05,1.1659548543422e-11,-2.6119585203613e-10,11.805111340678,0.038585611827584,1.3322676295502e-15,1
82.85,128,0,82.85,0.00066804737752786,1.4966804833245e-05,1.1659548543422e-11,-2.6119585203613e-10,11.803182060086,0.038585611827584,1.3322676295502e-15,1
82.9,128,0,82.9,0.00066804729610888,1.4966806657557e-05,1.1659548543422e-11,-2.6119585203613e-10,11.801252779495,0.038585611827584,1.3322676295502e-15,1
82.95,128,0,82.95,0.0006680472146899,1.4966808481869e-05,1.1659548543422e-11,-2.6119585203613e-10,11.799323498904,0.038585611827584,1.3322676295502e-15,1
83,128,0,83,0.00066804713327092,1.4966810306181e-05,1.1659548543422e-11,-2.6119585203613e-10,11.797394218312,0.038585611827584,1.3322676295502e-15,1
83.05,128,0,83.05,0.00066804666973603,1.4966820689382e-05,-1.1356322142633e-11,2.5439964720061e-10,11.795464937721,0.03858561182757,1.5543122344752e-15,1
83.1,128,0,83.1,0.00066804620620114,1.4966831072584e-05,-1.1356322142633e-11,2.5439964720061e-10,11.79353565713,0.03858561182757,1.5543122344752e-15,1
83.15,128,0,83.15,0.00066804574266625,1.4966841455786e-05,-1.1356322142633e-11,2.5439964720061e-10,11.791606376538,0.03858561182757,1.5543122344752e-15,1
83.2,128,0,83.2,0.00066804527913136,1.4966851838988e-05,-1.1356322142633e-11,2.5439964720061e-10,11.789677095947,0.03858561182757,1.5543122344752e-15,1
83.25,128,0,83.25,0.00066804481559647,1.496686222219e-05,-1.1356322142633e-11,2.5439964720061e-10,11.787747815355,0.03858561182757,1.5543122344752e-15,1
83.3,128,0,83.3,0.00066804435206158,1.4966872605392e-05,-1.1356322142633e-11,2.5439964720061e-10,11.785818534764,0.03858561182757,1.5543122344752e-15,1
83.35,128,0,83.35,0.00066804388852669,1.4966882988594e-05,-1.1356322142633e-11,2.5439964720061e-10,11.783889254173,0.03858561182757,1.5543122344752e-15,1
83.4,128,0,83.4,0.0006680434249918,1.4966893371796e-05,-1.1356322142633e-11,2.5439964720061e-10,11.781959973581,0.03858561182757,1.5543122344752e-15,1
83.45,128,0,83.45,0.00066804296145691,1.4966903754998e-05,-1.1356322142633e-11,2.5439964720061e-10,11.78003069299,0.03858561182757,1.5543122344752e-15,1
83.5,128,0,83.5,0.00066804249792202,1.49669141382e-05,-1.1356322142633e-11,2.5439964720061e-10,11.778101412399,0.03858561182757,1.5543122344752e-15,1
83.55,128,0,83.55,0.00066804203438713,1.4966924521402e-05,-1.1356322142633e-11,2.5439964720061e-10,11.776172131807,0.03858561182757,1.5543122344752e-15,1
83.6,128,0,83.6,0.00066804157085224,1.4966934904603e-05,-1.1356322142633e-11,2.5439964720061e-10,11.774242851216,0.03858561182757,1.5543122344752e-15,1
83.65,128,0,83.65,0.00066804110731734,1.4966945287805e-05,-1.1356322142633e-11,2.5439964720061e-10,11.772313570624,0.03858561182757,1.5543122344752e-15,1
83.7,128,0,83.7,0.00066804064378245,1.4966955671007e-05,-1.1356322142633e-11,2.5439964720061e-10,11.770384290033,0.03858561182757,1.5543122344752e-15,1
83.75,128,0,83.75,0.00066804018024756,1.4966966054209e-05,-1.1356322142633e-11,2.5439964720061e-10,11.768455009442,0.03858561182757,1.5543122344752e-15,1
83.8,128,0,83.8,0.00066803971671267,1.4966976437411e-05,-1.1356322142633e-11,2.5439964720061e-10,11.76652572885,0.03858561182757,1.5543122344752e-15,1
83.85,128,0,83.85,0.00066803925317778,1.4966986820613e-05,-1.1356322142633e-11,2.5439964720061e-10,11.764596448259,0.03858561182757,1.5543122344752e-15,1
83.9,128,0,83.9,0.00066803878964289,1.4966997203815e-05,-1.1356322142633e-11,2.5439964720061e-10,11.762667167668,0.03858561182757,1.5543122344752e-15,1
83.95,128,0,83.95,0.000668038326108,1.4967007587017e-05,-1.1356322142633e-11,2.5439964720061e-10,11.760737887076,0.03858561182757,1.5543122344752e-15,1
84,128,0,84,0.00066803786257311,1.4967017970219e-05,-1.1356322142633e-11,2.5439964720061e-10,11.758808606485,0.03858561182757,1.5543122344752e-15,1
84.05,128,0,84.05,0.00066803797435578,1.4967015466312e-05,1.06650893358e-11,-2.3891144197758e-10,11.756879325893,0.038585611827522,-5.2402526762307e-14,1
84.1,128,0,84.1,0.00066803808613845,1.4967012962405e-05,1.06650893358e-11,-2.3891144197758e-10,11.754950045302,0.038585611827522,-5.2402526762307e-14,1
84.15,128,0,84.15,0.00066803819792112,1.4967010458498e-05,1.06650893358e-11,-2.3891144197758e-10,11.753020764711,0.038585611827522,-5.2402526762307e-14,1
84.2,128,0,84.2,0.00066803830970379,1.4967007954591e-05,1.06650893358e-11,-2.3891144197758e-10,11.751091484119,0.038585611827522,-5.2402526762307e-14,1
84.25,128,0,84.25,0.00066803842148646,1.4967005450684e-05,1.06650893358e-11,-2.3891144197758e-10,11.749162203528,0.038585611827522,-5.2402526762307e-14,1
84.3,128,0,84.3,0.00066803853326913,1.4967002946777e-05,1.06650893358e-11,-2.3891144197758e-10,11.747232922937,0.038585611827522,-5.2402526762307e-14,1
84.35,128,0,84.35,0.0006680386450518,1.496700044287e-05,1.06650893358e-11,-2.3891144197758e-10,11.745303642345,0.038585611827522,-5.2402526762307e-14,1
84.4,128,0,84.4,0.00066803875683447,1.4966997938963e-05,1.06650893358e-11,-2.3891144197758e-10,11.743374361754,0.038585611827522,-5.2402526762307e-14,1
84.45,128,0,84.45,0.00066803886861714,1.4966995435056e-05,1.06650893358e-11,-2.3891144197758e-10,11.741445081162,0.038585611827522,-5.2402526762307e-14,1
84.5,128,0,84.5,0.00066803898039981,1.4966992931149e-05,1.06650893358e-11,-2.3891144197758e-10,11.739515800571,0.038585611827522,-5.2402526762307e-14,1
84.55,128,0,84.55,0.00066803909218248,1.4966990427242e-05,1.06650893358e-11,-2.3891144197758e-10,11.73758651998,0.038585611827522,-5.2402526762307e-14,1
84.6,128,0,84.6,0.00066803920396515,1.4966987923335e-05,1.06650893358e-11,-2.3891144197758e-10,11.735657239388,0.038585611827522,-5.2402526762307e-14,1
84.65,128,0,84.65,0.00066803931574782,1.4966985419428e-05,1.06650893358e-11,-2.3891144197758e-10,11.733727958797,0.038585611827522,-5.2402526762307e-14,1
84.7,128,0,84.7,0.00066803942753049,1.4966982915521e-05,1.06650893358e-11,-2.3891144197758e-10,11.731798678206,0.038585611827522,-5.2402526762307e-14,1
84.75,128,0,84.75,0.00066803953931316,1.4966980411614e-05,1.06650893358e-11,-2.3891144197758e-10,11.729869397614,0.038585611827522,-5.2402526762307e-14,1
84.8,128,0,84.8,0.00066803965109583,1.4966977907707e-05,1.06650893358e-11,-2.3891144197758e-10,11.727940117023,0.038585611827522,-5.2402526762307e-14,1
84.85,128,0,84.85,0.0006680397628785,1.49669754038e-05,1.06650893358e-11,-2.3891144197758e-10,11.726010836431,0.038585611827522,-5.2402526762307e-14,1
84.9,128,0,84.9,0.00066803987466117,1.4966972899893e-05,1.06650893358e-11,-2.3891144197758e-10,11.72408155584,0.038585611827522,-5.2402526762307e-14,1
84.95,128,0,84.95,0.00066803998644384,1.4966970395986e-05,1.06650893358e-11,-2.3891144197758e-10,11.722152275249,0.038585611827522,-5.2402526762307e-14,1
85,128,0,85,0.00066804009822651,1.4966967892079e-05,1.06650893358e-11,-2.3891144197758e-10,11.720222994657,0.038585611827522,-5.2402526762307e-14,1
85.05,128,0,85.05,0.00066804053195153,1.4966958176064e-05,-1.0968239758628e-11,2.4570595367662e-10,11.718293714066,0.038585611827535,-3.9523939676656e-14,1
85.1,128,0,85.1,0.00066804096567654,1.4966948460049e-05,-1.0968239758628e-11,2.4570595367662e-10,11.716364433475,0.038585611827535,-3.9523939676656e-14,1
85.15,128,0,85.15,0.00066804139940155,1.4966938744033e-05,-1.0968239758628e-11,2.4570595367662e-10,11.714435152883,0.038585611827535,-3.9523939676656e-14,1
85.2,128,0,85.2,0.00066804183312657,1.4966929028018e-05,-1.0968239758628e-11,2.4570595367662e-10,11.712505872292,0.038585611827535,-3.9523939676656e-14,1
85.25,128,0,85.25,0.00066804226685158,1.4966919312003e-05,-1.0968239758628e-11,2.4570595367662e-10,11.7105765917,0.038585611827535,-3.9523939676656e-14,1
85.3,128,0,85.3,0.00066804270057659,1.4966909595987e-05,-1.0968239758628e-11,2.4570595367662e-10,11.708647311109,0.038585611827535,-3.9523939676656e-14,1
85.35,128,0,85.35,0.00066804313430161,1.4966899879972e-05,-1.0968239758628e-11,2.4570595367662e-10,11.706718030518,0.038585611827535,-3.9523939676656e-14,1
85.4,128,0,85.4,0.00066804356802662,1.4966890163957e-05,-1.0968239758628e-11,2.4570595367662e-10,11.704788749926,0.038585611827535,-3.9523939676656e-14,1
85.45,128,0,85.45,0.00066804400175163,1.4966880447941e-05,-1.0968239758628e-11,2.4570595367662e-10,11.702859469335,0.038585611827535,-3.9523939676656e-14,1
85.5,128,0,85.5,0.00066804443547665,1.4966870731926e-05,-1.0968239758628e-11,2.4570595367662e-10,11.700930188743,0.038585611827535,-3.9523939676656e-14,1
85.55,128,0,85.55,0.00066804486920166,1.4966861015911e-05,-1.0968239758628e-11,2.4570595367662e-10,11.699000908152,0.038585611827535,-3.9523939676656e-14,1
85.6,128,0,85.6,0.00066804530292667,1.4966851299895e-05,-1.0968239758628e-11,2.4570595367662e-10,11.697071627561,0.038585611827535,-3.9523939676656e-14,1
85.65,128,0,85.65,0.00066804573665169,1.496684158388e-05,-1.0968239758628e-11,2.4570595367662e-10,11.695142346969,0.038585611827535,-3.9523939676656e-14,1
85.7,128,0,85.7,0.0006680461703767,1.4966831867865e-05,-1.0968239758628e-11,2.4570595367662e-10,11.693213066378,0.038585611827535,-3.9523939676656e-14,1
85.75,128,0,85.75,0.00066804660410171,1.4966822151849e-05,-1.0968239758628e-11,2.4570595367662e-10,11.691283785787,0.038585611827535,-3.9523939676656e-14,1
85.8,128,0,85.8,0.00066804703782673,1.4966812435834e-05,-1.0968239758628e-11,2.4570595367662e-10,11.689354505195,0.038585611827535,-3.9523939676656e-14,1
85.85,128,0,85.85,0.00066804747155174,1.4966802719819e-05,-1.0968239758628e-11,2.4570595367662e-10,11.687425224604,0.038585611827535,-3.9523939676656e-14,1
85.9,128,0,85.9,0.00066804790527675,1.4966793003803e-05,-1.0968239758628e-11,2.4570595367662e-10,11.685495944012,0.038585611827535,-3.9523939676656e-14,1
85.95,128,0,85.95,0.00066804833900177,1.4966783287788e-05,-1.0968239758628e-11,2.4570595367662e-10,11.683566663421,0.038585611827535,-3.9523939676656e-14,1
86,128,0,86,0.00066804877272678,1.4966773571773e-05,-1.0968239758628e-11,2.4570595367662e-10,11.68163738283,0.038585611827535,-3.9523939676656e-14,1
86.05,128,0,86.05,0.00066804869035908,1.4966775417343e-05,1.1658390033638e-11,-2.6116992484572e-10,11.679708102238,0.0385856118276,-2.1316282072803e-14,1
86.1,128,0,86.1,0.00066804860799137,1.4966777262914e-05,1.1658390033638e-11,-2.6116992484572e-10,11.677778821647,0.0385856118276,-2.1316282072803e-14,1
86.15,128,0,86.15,0.00066804852562367,1.4966779108485e-05,1.1658390033638e-11,-2.6116992484572e-10,11.675849541056,0.0385856118276,-2.1316282072803e-14,1
86.2,128,0,86.2,0.00066804844325597,1.4966780954055e-05,1.1658390033638e-11,-2.6116992484572e-10,11.673920260464,0.0385856118276,-2.1316282072803e-14,1
86.25,128,0,86.25,0.00066804836088826,1.4966782799626e-05,1.1658390033638e-11,-2.6116992484572e-10,11.671990979873,0.0385856118276,-2.1316282072803e-14,1
86.3,128,0,86.3,0.00066804827852056,1.4966784645196e-05,1.1658390033638e-11,-2.6116992484572e-10,11.670061699281,0.0385856118276,-2.1316282072803e-14,1
86.35,128,0,86.35,0.00066804819615285,1.4966786490767e-05,1.1658390033638e-11,-2.6116992484572e-10,11.66813241869,0.0385856118276,-2.1316282072803e-14,1
86.4,128,0,86.4,0.00066804811378515,1.4966788336337e-05,1.1658390033638e-11,-2.6116992484572e-10,11.666203138099,0.0385856118276,-2.1316282072803e-14,1
86.45,128,0,86.45,0.00066804803141745,1.4966790181908e-05,1.1658390033638e-11,-2.6116992484572e-10,11.664273857507,0.0385856118276,-2.1316282072803e-14,1
86.5,128,0,86.5,0.00066804794904974,1.4966792027479e-05,1.1658390033638e-11,-2.6116992484572e-10,11.662344576916,0.0385856118276,-2.1316282072803e-14,1
86.55,128,0,86.55,0.00066804786668204,1.4966793873049e-05,1.1658390033638e-11,-2.6116992484572e-10,11.660415296325,0.0385856118276,-2.1316282072803e-14,1
86.6,128,0,86.6,0.00066804778431434,1.496679571862e-05,1.1658390033638e-11,-2.6116992484572e-10,11.658486015733,0.0385856118276,-2.1316282072803e-14,1
86.65,128,0,86.65,0.00066804770194663,1.496679756419e-05,1.1658390033638e-11,-2.6116992484572e-10,11.656556735142,0.0385856118276,-2.1316282072803e-14,1
86.7,128,0,86.7,0.00066804761957893,1.4966799409761e-05,1.1658390033638e-11,-2.6116992484572e-10,11.65462745455,0.0385856118276,-2.1316282072803e-14,1
86.75,128,0,86.75,0.00066804753721122,1.4966801255331e-05,1.1658390033638e-11,-2.6116992484572e-10,11.652698173959,0.0385856118276,-2.1316282072803e-14,1
86.8,128,0,86.8,0.00066804745484352,1.4966803100902e-05,1.1658390033638e-11,-2.6116992484572e-10,11.650768893368,0.0385856118276,-2.1316282072803e-14,1
86.85,128,0,86.85,0.00066804737247582,1.4966804946473e-05,1.1658390033638e-11,-2.6116992484572e-10,11.648839612776,0.0385856118276,-2.1316282072803e-14,1
86.9,128,0,86.9,0.00066804729010811,1.4966806792043e-05,1.1658390033638e-11,-2.6116992484572e-10,11.646910332185,0.0385856118276,-2.1316282072803e-14,1
86.95,128,0,86.95,0.00066804720774041,1.4966808637614e-05,1.1658390033638e-11,-2.6116992484572e-10,11.644981051594,0.0385856118276,-2.1316282072803e-14,1
87,128,0,87,0.00066804712537271,1.4966810483184e-05,1.1658390033638e-11,-2.6116992484572e-10,11.643051771002,0.0385856118276,-2.1316282072803e-14,1
87.05,128,0,87.05,0.00066804666216325,1.4966820859093e-05,-1.1353148615572e-11,2.5432857330763e-10,11.641122490411,0.03858561182755,-1.4765966227515e-14,1
87.1,128,0,87.1,0.0006680461989538,1.4966831235001e-05,-1.1353148615572e-11,2.5432857330763e-10,11.639193209819,0.03858561182755,-1.4765966227515e-14,1
87.15,128,0,87.15,0.00066804573574434,1.4966841610909e-05,-1.1353148615572e-11,2.5432857330763e-10,11.637263929228,0.03858561182755,-1.4765966227515e-14,1
87.2,128,0,87.2,0.00066804527253489,1.4966851986817e-05,-1.1353148615572e-11,2.5432857330763e-10,11.635334648637,0.03858561182755,-1.4765966227515e-14,1
87.25,128,0,87.25,0.00066804480932544,1.4966862362726e-05,-1.1353148615572e-11,2.5432857330763e-10,11.633405368045,0.03858561182755,-1.4765966227515e-14,1
87.3,128,0,87.3,0.00066804434611598,1.4966872738634e-05,-1.1353148615572e-11,2.5432857330763e-10,11.631476087454,0.03858561182755,-1.4765966227515e-14,1
87.35,128,0,87.35,0.00066804388290653,1.4966883114542e-05,-1.1353148615572e-11,2.5432857330763e-10,11.629546806862,0.03858561182755,-1.4765966227515e-14,1
87.4,128,0,87.4,0.00066804341969707,1.496689349045e-05,-1.1353148615572e-11,2.5432857330763e-10,11.627617526271,0.03858561182755,-1.4765966227515e-14,1
87.45,128,0,87.45,0.00066804295648762,1.4966903866359e-05,-1.1353148615572e-11,2.5432857330763e-10,11.62568824568,0.03858561182755,-1.4765966227515e-14,1
87.5,128,0,87.5,0.00066804249327817,1.4966914242267e-05,-1.1353148615572e-11,2.5432857330763e-10,11.623758965088,0.03858561182755,-1.4765966227515e-14,1
87.55,128,0,87.55,0.00066804203006871,1.4966924618175e-05,-1.1353148615572e-11,2.5432857330763e-10,11.621829684497,0.03858561182755,-1.4765966227515e-14,1
87.6,128,0,87.6,0.00066804156685926,1.4966934994083e-05,-1.1353148615572e-11,2.5432857330763e-10,11.619900403906,0.03858561182755,-1.4765966227515e-14,1
87.65,128,0,87.65,0.00066804110364981,1.4966945369992e-05,-1.1353148615572e-11,2.5432857330763e-10,11.617971123314,0.03858561182755,-1.4765966227515e-14,1
87.7,128,0,87.7,0.00066804064044035,1.49669557459e-05,-1.1353148615572e-11,2.5432857330763e-10,11.616041842723,0.03858561182755,-1.4765966227515e-14,1
87.75,128,0,87.75,0.0006680401772309,1.4966966121808e-05,-1.1353148615572e-11,2.5432857330763e-10,11.614112562131,0.03858561182755,-1.4765966227515e-14,1
87.8,128,0,87.8,0.00066803971402144,1.4966976497716e-05,-1.1353148615572e-11,2.5432857330763e-10,11.61218328154,0.03858561182755,-1.4765966227515e-14,1
87.85,128,0,87.85,0.00066803925081199,1.4966986873625e-05,-1.1353148615572e-11,2.5432857330763e-10,11.610254000949,0.03858561182755,-1.4765966227515e-14,1
87.9,128,0,87.9,0.00066803878760254,1.4966997249533e-05,-1.1353148615572e-11,2.5432857330763e-10,11.608324720357,0.03858561182755,-1.4765966227515e-14,1
87.95,128,0,87.95,0.00066803832439308,1.4967007625441e-05,-1.1353148615572e-11,2.5432857330763e-10,11.606395439766,0.03858561182755,-1.4765966227515e-14,1
88,128,0,88,0.00066803786118363,1.4967018001349e-05,-1.1353148615572e-11,2.5432857330763e-10,11.604466159175,0.03858561182755,-1.4765966227515e-14,1
88.05,128,0,88.05,0.00066803797320387,1.496701549212e-05,1.0662518608356e-11,-2.3885388720754e-10,11.602536878583,0.038585611827619,4.4408920985006e-15,1
88.1,128,0,88.1,0.00066803808522411,1.4967012982891e-05,1.0662518608356e-11,-2.3885388720754e-10,11.600607597992,0.038585611827619,4.4408920985006e-15,1
88.15,128,0,88.15,0.00066803819724436,1.4967010473661e-05,1.0662518608356e-11,-2.3885388720754e-10,11.5986783174,0.038585611827619,4.4408920985006e-15,1
88.2,128,0,88.2,0.0006680383092646,1.4967007964432e-05,1.0662518608356e-11,-2.3885388720754e-10,11.596749036809,0.038585611827619,4.4408920985006e-15,1
88.25,128,0,88.25,0.00066803842128484,1.4967005455203e-05,1.0662518608356e-11,-2.3885388720754e-10,11.594819756218,0.038585611827619,4.4408920985006e-15,1
88.3,128,0,88.3,0.00066803853330508,1.4967002945973e-05,1.0662518608356e-11,-2.3885388720754e-10,11.592890475626,0.038585611827619,4.4408920985006e-15,1
88.35,128,0,88.35,0.00066803864532532,1.4967000436744e-05,1.0662518608356e-11,-2.3885388720754e-10,11.590961195035,0.038585611827619,4.4408920985006e-15,1
88.4,128,0,88.4,0.00066803875734557,1.4966997927515e-05,1.0662518608356e-11,-2.3885388720754e-10,11.589031914443,0.038585611827619,4.4408920985006e-15,1
88.45,128,0,88.45,0.00066803886936581,1.4966995418285e-05,1.0662518608356e-11,-2.3885388720754e-10,11.587102633852,0.038585611827619,4.4408920985006e-15,1
88.5,128,0,88.5,0.00066803898138605,1.4966992909056e-05,1.0662518608356e-11,-2.3885388720754e-10,11.585173353261,0.038585611827619,4.4408920985006e-15,1
88.55,128,0,88.55,0.00066803909340629,1.4966990399827e-05,1.0662518608356e-11,-2.3885388720754e-10,11.583244072669,0.038585611827619,4.4408920985006e-15,1
88.6,128,0,88.6,0.00066803920542654,1.4966987890597e-05,1.0662518608356e-11,-2.3885388720754e-10,11.581314792078,0.038585611827619,4.4408920985006e-15,1
88.65,128,0,88.65,0.00066803931744678,1.4966985381368e-05,1.0662518608356e-11,-2.3885388720754e-10,11.579385511487,0.038585611827619,4.4408920985006e-15,1
88.7,128,0,88.7,0.00066803942946702,1.4966982872139e-05,1.0662518608356e-11,-2.3885388720754e-10,11.577456230895,0.038585611827619,4.4408920985006e-15,1
88.75,128,0,88.75,0.00066803954148726,1.496698036291e-05,1.0662518608356e-11,-2.3885388720754e-10,11.575526950304,0.038585611827619,4.4408920985006e-15,1
88.8,128,0,88.8,0.0006680396535075,1.496697785368e-05,1.0662518608356e-11,-2.3885388720754e-10,11.573597669712,0.038585611827619,4.4408920985006e-15,1
88.85,128,0,88.85,0.00066803976552775,1.4966975344451e-05,1.0662518608356e-11,-2.3885388720754e-10,11.571668389121,0.038585611827619,4.4408920985006e-15,1
88.9,128,0,88.9,0.00066803987754799,1.4966972835222e-05,1.0662518608356e-11,-2.3885388720754e-10,11.56973910853,0.038585611827619,4.4408920985006e-15,1
88.95,128,0,88.95,0.00066803998956823,1.4966970325992e-05,1.0662518608356e-11,-2.3885388720754e-10,11.567809827938,0.038585611827619,4.4408920985006e-15,1
89,128,0,89,0.00066804010158847,1.4966967816763e-05,1.0662518608356e-11,-2.3885388720754e-10,11.565880547347,0.038585611827619,4.4408920985006e-15,1
89.05,128,0,89.05,0.00066804053475219,1.496695811332e-05,-1.0967007398887e-11,2.4567839316973e-10,11.563951266756,0.038585611827542,-2.9087843245179e-14,1
89.1,128,0,89.1,0.0006680409679159,1.4966948409877e-05,-1.0967007398887e-11,2.4567839316973e-10,11.562021986164,0.038585611827542,-2.9087843245179e-14,1
89.15,128,0,89.15,0.00066804140107961,1.4966938706435e-05,-1.0967007398887e-11,2.4567839316973e-10,11.560092705573,0.038585611827542,-2.9087843245179e-14,1
89.2,128,0,89.2,0.00066804183424333,1.4966929002992e-05,-1.0967007398887e-11,2.4567839316973e-10,11.558163424981,0.038585611827542,-2.9087843245179e-14,1
89.25,128,0,89.25,0.00066804226740704,1.4966919299549e-05,-1.0967007398887e-11,2.4567839316973e-10,11.55623414439,0.038585611827542,-2.9087843245179e-14,1
89.3,128,0,89.3,0.00066804270057075,1.4966909596106e-05,-1.0967007398887e-11,2.4567839316973e-10,11.554304863799,0.038585611827542,-2.9087843245179e-14,1
89.35,128,0,89.35,0.00066804313373447,1.4966899892663e-05,-1.0967007398887e-11,2.4567839316973e-10,11.552375583207,0.038585611827542,-2.9087843245179e-14,1
89.4,128,0,89.4,0.00066804356689818,1.4966890189221e-05,-1.0967007398887e-11,2.4567839316973e-10,11.550446302616,0.038585611827542,-2.9087843245179e-14,1
89.45,128,0,89.45,0.00066804400006189,1.4966880485778e-05,-1.0967007398887e-11,2.4567839316973e-10,11.548517022025,0.038585611827542,-2.9087843245179e-14,1
89.5,128,0,89.5,0.0006680444332256,1.4966870782335e-05,-1.0967007398887e-11,2.4567839316973e-10,11.546587741433,0.038585611827542,-2.9087843245179e-14,1
89.55,128,0,89.55,0.00066804486638932,1.4966861078892e-05,-1.0967007398887e-11,2.4567839316973e-10,11.544658460842,0.038585611827542,-2.9087843245179e-14,1
89.6,128,0,89.6,0.00066804529955303,1.4966851375449e-05,-1.0967007398887e-11,2.4567839316973e-10,11.54272918025,0.038585611827542,-2.9087843245179e-14,1
89.65,128,0,89.65,0.00066804573271674,1.4966841672007e-05,-1.0967007398887e-11,2.4567839316973e-10,11.540799899659,0.038585611827542,-2.9087843245179e-14,1
89.7,128,0,89.7,0.00066804616588046,1.4966831968564e-05,-1.0967007398887e-11,2.4567839316973e-10,11.538870619068,0.038585611827542,-2.9087843245179e-14,1
89.75,128,0,89.75,0.00066804659904417,1.4966822265121e-05,-1.0967007398887e-11,2.4567839316973e-10,11.536941338476,0.038585611827542,-2.9087843245179e-14,1
89.8,128,0,89.8,0.00066804703220788,1.4966812561678e-05,-1.0967007398887e-11,2.4567839316973e-10,11.535012057885,0.038585611827542,-2.9087843245179e-14,1
89.85,128,0,89.85,0.0006680474653716,1.4966802858235e-05,-1.0967007398887e-11,2.4567839316973e-10,11.533082777294,0.038585611827542,-2.9087843245179e-14,1
89.9,128,0,89.9,0.00066804789853531,1.4966793154793e-05,-1.0967007398887e-11,2.4567839316973e-10,11.531153496702,0.038585611827542,-2.9087843245179e-14,1
89.95,128,0,89.95,0.00066804833169902,1.496678345135e-05,-1.0967007398887e-11,2.4567839316973e-10,11.529224216111,0.038585611827542,-2.9087843245179e-14,1
90,128,0,90,0.00066804876486274,1.4966773747907e-05,-1.0967007398887e-11,2.4567839316973e-10,11.527294935519,0.038585611827542,-2.9087843245179e-14,1
90.05,128,0,90.05,0.00066804868307112,1.4966775580576e-05,1.165845285776e-11,-2.6117136077832e-10,11.525365654928,0.038585611827547,-3.5527136788005e-15,1
90.1,128,0,90.1,0.0006680486012795,1.4966777413245e-05,1.165845285776e-11,-2.6117136077832e-10,11.523436374337,0.038585611827547,-3.5527136788005e-15,1
90.15,128,0,90.15,0.00066804851948789,1.4966779245914e-05,1.165845285776e-11,-2.6117136077832e-10,11.521507093745,0.038585611827547,-3.5527136788005e-15,1
90.2,128,0,90.2,0.00066804843769627,1.4966781078583e-05,1.165845285776e-11,-2.6117136077832e-10,11.519577813154,0.038585611827547,-3.5527136788005e-15,1
90.25,128,0,90.25,0.00066804835590465,1.4966782911252e-05,1.165845285776e-11,-2.6117136077832e-10,11.517648532563,0.038585611827547,-3.5527136788005e-15,1
90.3,128,0,90.3,0.00066804827411304,1.4966784743921e-05,1.165845285776e-11,-2.6117136077832e-10,11.515719251971,0.038585611827547,-3.5527136788005e-15,1
90.35,128,0,90.35,0.00066804819232142,1.496678657659e-05,1.165845285776e-11,-2.6117136077832e-10,11.51378997138,0.038585611827547,-3.5527136788005e-15,1
90.4,128,0,90.4,0.0006680481105298,1.4966788409259e-05,1.165845285776e-11,-2.6117136077832e-10,11.511860690788,0.038585611827547,-3.5527136788005e-15,1
90.45,128,0,90.45,0.00066804802873819,1.4966790241928e-05,1.165845285776e-11,-2.6117136077832e-10,11.509931410197,0.038585611827547,-3.5527136788005e-15,1
90.5,128,0,90.5,0.00066804794694657,1.4966792074597e-05,1.165845285776e-11,-2.6117136077832e-10,11.508002129606,0.038585611827547,-3.5527136788005e-15,1
90.55,128,0,90.55,0.00066804786515495,1.4966793907266e-05,1.165845285776e-11,-2.6117136077832e-10,11.506072849014,0.038585611827547,-3.5527136788005e-15,1
90.6,128,0,90.6,0.00066804778336334,1.4966795739935e-05,1.165845285776e-11,-2.6117136077832e-10,11.504143568423,0.038585611827547,-3.5527136788005e-15,1
90.65,128,0,90.65,0.00066804770157172,1.4966797572604e-05,1.165845285776e-11,-2.6117136077832e-10,11.502214287831,0.038585611827547,-3.5527136788005e-15,1
90.7,128,0,90.7,0.0006680476197801,1.4966799405273e-05,1.165845285776e-11,-2.6117136077832e-10,11.50028500724,0.038585611827547,-3.5527136788005e-15,1
90.75,128,0,90.75,0.00066804753798849,1.4966801237943e-05,1.165845285776e-11,-2.6117136077832e-10,11.498355726649,0.038585611827547,-3.5527136788005e-15,1
90.8,128,0,90.8,0.00066804745619687,1.4966803070612e-05,1.165845285776e-11,-2.6117136077832e-10,11.496426446057,0.038585611827547,-3.5527136788005e-15,1
90.85,128,0,90.85,0.00066804737440525,1.4966804903281e-05,1.165845285776e-11,-2.6117136077832e-10,11.494497165466,0.038585611827547,-3.5527136788005e-15,1
90.9,128,0,90.9,0.00066804729261364,1.496680673595e-05,1.165845285776e-11,-2.6117136077832e-10,11.492567884875,0.038585611827547,-3.5527136788005e-15,1
90.95,128,0,90.95,0.00066804721082202,1.4966808568619e-05,1.165845285776e-11,-2.6117136077832e-10,11.490638604283,0.038585611827547,-3.5527136788005e-15,1
91,128,0,91,0.0006680471290304,1.4966810401288e-05,1.165845285776e-11,-2.6117136077832e-10,11.488709323692,0.038585611827547,-3.5527136788005e-15,1
91.05,128,0,91.05,0.00066804666560926,1.4966820781932e-05,-1.1355012459328e-11,2.5437036442819e-10,11.4867800431,0.038585611827542,-6.883382752676e-15,1
91.1,128,0,91.1,0.00066804620218812,1.4966831162577e-05,-1.1355012459328e-11,2.5437036442819e-10,11.484850762509,0.038585611827542,-6.883382752676e-15,1
91.15,128,0,91.15,0.00066804573876698,1.4966841543221e-05,-1.1355012459328e-11,2.5437036442819e-10,11.482921481918,0.038585611827542,-6.883382752676e-15,1
91.2,128,0,91.2,0.00066804527534583,1.4966851923865e-05,-1.1355012459328e-11,2.5437036442819e-10,11.480992201326,0.038585611827542,-6.883382752676e-15,1
91.25,128,0,91.25,0.00066804481192469,1.496686230451e-05,-1.1355012459328e-11,2.5437036442819e-10,11.479062920735,0.038585611827542,-6.883382752676e-15,1
91.3,128,0,91.3,0.00066804434850355,1.4966872685154e-05,-1.1355012459328e-11,2.5437036442819e-10,11.477133640144,0.038585611827542,-6.883382752676e-15,1
91.35,128,0,91.35,0.00066804388508241,1.4966883065799e-05,-1.1355012459328e-11,2.5437036442819e-10,11.475204359552,0.038585611827542,-6.883382752676e-15,1
91.4,128,0,91.4,0.00066804342166126,1.4966893446443e-05,-1.1355012459328e-11,2.5437036442819e-10,11.473275078961,0.038585611827542,-6.883382752676e-15,1
91.45,128,0,91.45,0.00066804295824012,1.4966903827088e-05,-1.1355012459328e-11,2.5437036442819e-10,11.471345798369,0.038585611827542,-6.883382752676e-15,1
91.5,128,0,91.5,0.00066804249481898,1.4966914207732e-05,-1.1355012459328e-11,2.5437036442819e-10,11.469416517778,0.038585611827542,-6.883382752676e-15,1
91.55,128,0,91.55,0.00066804203139784,1.4966924588376e-05,-1.1355012459328e-11,2.5437036442819e-10,11.467487237187,0.038585611827542,-6.883382752676e-15,1
91.6,128,0,91.6,0.00066804156797669,1.4966934969021e-05,-1.1355012459328e-11,2.5437036442819e-10,11.465557956595,0.038585611827542,-6.883382752676e-15,1
91.65,128,0,91.65,0.00066804110455555,1.4966945349665e-05,-1.1355012459328e-11,2.5437036442819e-10,11.463628676004,0.038585611827542,-6.883382752676e-15,1
91.7,128,0,91.7,0.00066804064113441,1.496695573031e-05,-1.1355012459328e-11,2.5437036442819e-10,11.461699395413,0.038585611827542,-6.883382752676e-15,1
91.75,128,0,91.75,0.00066804017771327,1.4966966110954e-05,-1.1355012459328e-11,2.5437036442819e-10,11.459770114821,0.038585611827542,-6.883382752676e-15,1
91.8,128,0,91.8,0.00066803971429212,1.4966976491599e-05,-1.1355012459328e-11,2.5437036442819e-10,11.45784083423,0.038585611827542,-6.883382752676e-15,1
91.85,128,0,91.85,0.00066803925087098,1.4966986872243e-05,-1.1355012459328e-11,2.5437036442819e-10,11.455911553638,0.038585611827542,-6.883382752676e-15,1
91.9,128,0,91.9,0.00066803878744984,1.4966997252887e-05,-1.1355012459328e-11,2.5437036442819e-10,11.453982273047,0.038585611827542,-6.883382752676e-15,1
91.95,128,0,91.95,0.0006680383240287,1.4967007633532e-05,-1.1355012459328e-11,2.5437036442819e-10,11.452052992456,0.038585611827542,-6.883382752676e-15,1
92,128,0,92,0.00066803786060755,1.4967018014176e-05,-1.1355012459328e-11,2.5437036442819e-10,11.450123711864,0.038585611827542,-6.883382752676e-15,1
92.05,128,0,92.05,0.0006680379730176,1.496701549622e-05,1.0663930155979e-11,-2.3888552243503e-10,11.448194431273,0.038585611827553,-2.6423307986079e-14,1
92.1,128,0,92.1,0.00066803808542765,1.4967012978263e-05,1.0663930155979e-11,-2.3888552243503e-10,11.446265150682,0.038585611827553,-2.6423307986079e-14,1
92.15,128,0,92.15,0.0006680381978377,1.4967010460306e-05,1.0663930155979e-11,-2.3888552243503e-10,11.44433587009,0.038585611827553,-2.6423307986079e-14,1
92.2,128,0,92.2,0.00066803831024775,1.4967007942349e-05,1.0663930155979e-11,-2.3888552243503e-10,11.442406589499,0.038585611827553,-2.6423307986079e-14,1
92.25,128,0,92.25,0.00066803842265779,1.4967005424392e-05,1.0663930155979e-11,-2.3888552243503e-10,11.440477308907,0.038585611827553,-2.6423307986079e-14,1
92.3,128,0,92.3,0.00066803853506784,1.4967002906436e-05,1.0663930155979e-11,-2.3888552243503e-10,11.438548028316,0.038585611827553,-2.6423307986079e-14,1
92.35,128,0,92.35,0.00066803864747789,1.4967000388479e-05,1.0663930155979e-11,-2.3888552243503e-10,11.436618747725,0.038585611827553,-2.6423307986079e-14,1
92.4,128,0,92.4,0.00066803875988794,1.4966997870522e-05,1.0663930155979e-11,-2.3888552243503e-10,11.434689467133,0.038585611827553,-2.6423307986079e-14,1
92.45,128,0,92.45,0.00066803887229799,1.4966995352565e-05,1.0663930155979e-11,-2.3888552243503e-10,11.432760186542,0.038585611827553,-2.6423307986079e-14,1
92.5,128,0,92.5,0.00066803898470804,1.4966992834608e-05,1.0663930155979e-11,-2.3888552243503e-10,11.430830905951,0.038585611827553,-2.6423307986079e-14,1
92.55,128,0,92.55,0.00066803909711808,1.4966990316652e-05,1.0663930155979e-11,-2.3888552243503e-10,11.428901625359,0.038585611827553,-2.6423307986079e-14,1
92.6,128,0,92.6,0.00066803920952813,1.4966987798695e-05,1.0663930155979e-11,-2.3888552243503e-10,11.426972344768,0.038585611827553,-2.6423307986079e-14,1
92.65,128,0,92.65,0.00066803932193818,1.4966985280738e-05,1.0663930155979e-11,-2.3888552243503e-10,11.425043064176,0.038585611827553,-2.6423307986079e-14,1
92.7,128,0,92.7,0.00066803943434823,1.4966982762781e-05,1.0663930155979e-11,-2.3888552243503e-10,11.423113783585,0.038585611827553,-2.6423307986079e-14,1
92.75,128,0,92.75,0.00066803954675828,1.4966980244824e-05,1.0663930155979e-11,-2.3888552243503e-10,11.421184502994,0.038585611827553,-2.6423307986079e-14,1
92.8,128,0,92.8,0.00066803965916833,1.4966977726868e-05,1.0663930155979e-11,-2.3888552243503e-10,11.419255222402,0.038585611827553,-2.6423307986079e-14,1
92.85,128,0,92.85,0.00066803977157837,1.4966975208911e-05,1.0663930155979e-11,-2.3888552243503e-10,11.417325941811,0.038585611827553,-2.6423307986079e-14,1
92.9,128,0,92.9,0.00066803988398842,1.4966972690954e-05,1.0663930155979e-11,-2.3888552243503e-10,11.41539666122,0.038585611827553,-2.6423307986079e-14,1
92.95,128,0,92.95,0.00066803999639847,1.4966970172997e-05,1.0663930155979e-11,-2.3888552243503e-10,11.413467380628,0.038585611827553,-2.6423307986079e-14,1
93,128,0,93,0.00066804010880852,1.4966967655041e-05,1.0663930155979e-11,-2.3888552243503e-10,11.411538100037,0.038585611827553,-2.6423307986079e-14,1
93.05,128,0,93.05,0.00066804054110071,1.4966957971124e-05,-1.0967295974772e-11,2.4568483061886e-10,11.409608819445,0.038585611827539,-2.1316282072803e-14,1
93.1,128,0,93.1,0.00066804097339289,1.4966948287207e-05,-1.0967295974772e-11,2.4568483061886e-10,11.407679538854,0.038585611827539,-2.1316282072803e-14,1
93.15,128,0,93.15,0.00066804140568508,1.496693860329e-05,-1.0967295974772e-11,2.4568483061886e-10,11.405750258263,0.038585611827539,-2.1316282072803e-14,1
93.2,128,0,93.2,0.00066804183797727,1.4966928919374e-05,-1.0967295974772e-11,2.4568483061886e-10,11.403820977671,0.038585611827539,-2.1316282072803e-14,1
93.25,128,0,93.25,0.00066804227026945,1.4966919235457e-05,-1.0967295974772e-11,2.4568483061886e-10,11.40189169708,0.038585611827539,-2.1316282072803e-14,1
93.3,128,0,93.3,0.00066804270256164,1.496690955154e-05,-1.0967295974772e-11,2.4568483061886e-10,11.399962416488,0.038585611827539,-2.1316282072803e-14,1
93.35,128,0,93.35,0.00066804313485383,1.4966899867624e-05,-1.0967295974772e-11,2.4568483061886e-10,11.398033135897,0.038585611827539,-2.1316282072803e-14,1
93.4,128,0,93.4,0.00066804356714601,1.4966890183707e-05,-1.0967295974772e-11,2.4568483061886e-10,11.396103855306,0.038585611827539,-2.1316282072803e-14,1
93.45,128,0,93.45,0.0006680439994382,1.496688049979e-05,-1.0967295974772e-11,2.4568483061886e-10,11.394174574714,0.038585611827539,-2.1316282072803e-14,1
93.5,128,0,93.5,0.00066804443173039,1.4966870815874e-05,-1.0967295974772e-11,2.4568483061886e-10,11.392245294123,0.038585611827539,-2.1316282072803e-14,1
93.55,128,0,93.55,0.00066804486402258,1.4966861131957e-05,-1.0967295974772e-11,2.4568483061886e-10,11.390316013532,0.038585611827539,-2.1316282072803e-14,1
93.6,128,0,93.6,0.00066804529631476,1.496685144804e-05,-1.0967295974772e-11,2.4568483061886e-10,11.38838673294,0.038585611827539,-2.1316282072803e-14,1
93.65,128,0,93.65,0.00066804572860695,1.4966841764124e-05,-1.0967295974772e-11,2.4568483061886e-10,11.386457452349,0.038585611827539,-2.1316282072803e-14,1
93.7,128,0,93.7,0.00066804616089914,1.4966832080207e-05,-1.0967295974772e-11,2.4568483061886e-10,11.384528171757,0.038585611827539,-2.1316282072803e-14,1
93.75,128,0,93.75,0.00066804659319132,1.496682239629e-05,-1.0967295974772e-11,2.4568483061886e-10,11.382598891166,0.038585611827539,-2.1316282072803e-14,1
93.8,128,0,93.8,0.00066804702548351,1.4966812712373e-05,-1.0967295974772e-11,2.4568483061886e-10,11.380669610575,0.038585611827539,-2.1316282072803e-14,1
93.85,128,0,93.85,0.0006680474577757,1.4966803028457e-05,-1.0967295974772e-11,2.4568483061886e-10,11.378740329983,0.038585611827539,-2.1316282072803e-14,1
93.9,128,0,93.9,0.00066804789006788,1.496679334454e-05,-1.0967295974772e-11,2.4568483061886e-10,11.376811049392,0.038585611827539,-2.1316282072803e-14,1
93.95,128,0,93.95,0.00066804832236007,1.4966783660623e-05,-1.0967295974772e-11,2.4568483061886e-10,11.374881768801,0.038585611827539,-2.1316282072803e-14,1
94,128,0,94,0.00066804875465226,1.4966773976707e-05,-1.0967295974772e-11,2.4568483061886e-10,11.372952488209,0.038585611827539,-2.1316282072803e-14,1
94.05,128,0,94.05,0.00066804867339097,1.4966775797489e-05,1.1654810801864e-11,-2.6108971380124e-10,11.371023207618,0.038585611827581,-2.6645352591004e-15,1
94.1,128,0,94.1,0.00066804859212968,1.4966777618272e-05,1.1654810801864e-11,-2.6108971380124e-10,11.369093927026,0.038585611827581,-2.6645352591004e-15,1
94.15,128,0,94.15,0.00066804851086839,1.4966779439054e-05,1.1654810801864e-11,-2.6108971380124e-10,11.367164646435,0.038585611827581,-2.6645352591004e-15,1
94.2,128,0,94.2,0.0006680484296071,1.4966781259836e-05,1.1654810801864e-11,-2.6108971380124e-10,11.365235365844,0.038585611827581,-2.6645352591004e-15,1
94.25,128,0,94.25,0.00066804834834581,1.4966783080619e-05,1.1654810801864e-11,-2.6108971380124e-10,11.363306085252,0.038585611827581,-2.6645352591004e-15,1
94.3,128,0,94.3,0.00066804826708452,1.4966784901401e-05,1.1654810801864e-11,-2.6108971380124e-10,11.361376804661,0.038585611827581,-2.6645352591004e-15,1
94.35,128,0,94.35,0.00066804818582323,1.4966786722184e-05,1.1654810801864e-11,-2.6108971380124e-10,11.35944752407,0.038585611827581,-2.6645352591004e-15,1
94.4,128,0,94.4,0.00066804810456194,1.4966788542966e-05,1.1654810801864e-11,-2.6108971380124e-10,11.357518243478,0.038585611827581,-2.6645352591004e-15,1
94.45,128,0,94.45,0.00066804802330065,1.4966790363748e-05,1.1654810801864e-11,-2.6108971380124e-10,11.355588962887,0.038585611827581,-2.6645352591004e-15,1
94.5,128,0,94.5,0.00066804794203936,1.4966792184531e-05,1.1654810801864e-11,-2.6108971380124e-10,11.353659682295,0.038585611827581,-2.6645352591004e-15,1
94.55,128,0,94.55,0.00066804786077807,1.4966794005313e-05,1.1654810801864e-11,-2.6108971380124e-10,11.351730401704,0.038585611827581,-2.6645352591004e-15,1
94.6,128,0,94.6,0.00066804777951678,1.4966795826096e-05,1.1654810801864e-11,-2.6108971380124e-10,11.349801121113,0.038585611827581,-2.6645352591004e-15,1
94.65,128,0,94.65,0.00066804769825549,1.4966797646878e-05,1.1654810801864e-11,-2.6108971380124e-10,11.347871840521,0.038585611827581,-2.6645352591004e-15,1
94.7,128,0,94.7,0.0006680476169942,1.496679946766e-05,1.1654810801864e-11,-2.6108971380124e-10,11.34594255993,0.038585611827581,-2.6645352591004e-15,1
94.75,128,0,94.75,0.00066804753573291,1.4966801288443e-05,1.1654810801864e-11,-2.6108971380124e-10,11.344013279339,0.038585611827581,-2.6645352591004e-15,1
94.8,128,0,94.8,0.00066804745447162,1.4966803109225e-05,1.1654810801864e-11,-2.6108971380124e-10,11.342083998747,0.038585611827581,-2.6645352591004e-15,1
94.85,128,0,94.85,0.00066804737321033,1.4966804930008e-05,1.1654810801864e-11,-2.6108971380124e-10,11.340154718156,0.038585611827581,-2.6645352591004e-15,1
94.9,128,0,94.9,0.00066804729194904,1.496680675079e-05,1.1654810801864e-11,-2.6108971380124e-10,11.338225437564,0.038585611827581,-2.6645352591004e-15,1
94.95,128,0,94.95,0.00066804721068775,1.4966808571572e-05,1.1654810801864e-11,-2.6108971380124e-10,11.336296156973,0.038585611827581,-2.6645352591004e-15,1
95,128,0,95,0.00066804712942646,1.4966810392355e-05,1.1654810801864e-11,-2.6108971380124e-10,11.334366876382,0.038585611827581,-2.6645352591004e-15,1
95.05,128,0,95.05,0.00066804666567103,1.4966820780493e-05,-1.1348008931904e-11,2.5421340518991e-10,11.33243759579,0.038585611827569,1.4321877017665e-14,1
95.1,128,0,95.1,0.0006680462019156,1.4966831168632e-05,-1.1348008931904e-11,2.5421340518991e-10,11.330508315199,0.038585611827569,1.4321877017665e-14,1
95.15,128,0,95.15,0.00066804573816018,1.496684155677e-05,-1.1348008931904e-11,2.5421340518991e-10,11.328579034607,0.038585611827569,1.4321877017665e-14,1
95.2,128,0,95.2,0.00066804527440475,1.4966851944909e-05,-1.1348008931904e-11,2.5421340518991e-10,11.326649754016,0.038585611827569,1.4321877017665e-14,1
95.25,128,0,95.25,0.00066804481064932,1.4966862333047e-05,-1.1348008931904e-11,2.5421340518991e-10,11.324720473425,0.038585611827569,1.4321877017665e-14,1
95.3,128,0,95.3,0.0006680443468939,1.4966872721186e-05,-1.1348008931904e-11,2.5421340518991e-10,11.322791192833,0.038585611827569,1.4321877017665e-14,1
95.35,128,0,95.35,0.00066804388313847,1.4966883109324e-05,-1.1348008931904e-11,2.5421340518991e-10,11.320861912242,0.038585611827569,1.4321877017665e-14,1
95.4,128,0,95.4,0.00066804341938304,1.4966893497462e-05,-1.1348008931904e-11,2.5421340518991e-10,11.318932631651,0.038585611827569,1.4321877017665e-14,1
95.45,128,0,95.45,0.00066804295562762,1.4966903885601e-05,-1.1348008931904e-11,2.5421340518991e-10,11.317003351059,0.038585611827569,1.4321877017665e-14,1
95.5,128,0,95.5,0.00066804249187219,1.4966914273739e-05,-1.1348008931904e-11,2.5421340518991e-10,11.315074070468,0.038585611827569,1.4321877017665e-14,1
95.55,128,0,95.55,0.00066804202811676,1.4966924661878e-05,-1.1348008931904e-11,2.5421340518991e-10,11.313144789876,0.038585611827569,1.4321877017665e-14,1
95.6,128,0,95.6,0.00066804156436134,1.4966935050016e-05,-1.1348008931904e-11,2.5421340518991e-10,11.311215509285,0.038585611827569,1.4321877017665e-14,1
95.65,128,0,95.65,0.00066804110060591,1.4966945438155e-05,-1.1348008931904e-11,2.5421340518991e-10,11.309286228694,0.038585611827569,1.4321877017665e-14,1
95.7,128,0,95.7,0.00066804063685048,1.4966955826293e-05,-1.1348008931904e-11,2.5421340518991e-10,11.307356948102,0.038585611827569,1.4321877017665e-14,1
95.75,128,0,95.75,0.00066804017309506,1.4966966214432e-05,-1.1348008931904e-11,2.5421340518991e-10,11.305427667511,0.038585611827569,1.4321877017665e-14,1
95.8,128,0,95.8,0.00066803970933963,1.496697660257e-05,-1.1348008931904e-11,2.5421340518991e-10,11.30349838692,0.038585611827569,1.4321877017665e-14,1
95.85,128,0,95.85,0.0006680392455842,1.4966986990709e-05,-1.1348008931904e-11,2.5421340518991e-10,11.301569106328,0.038585611827569,1.4321877017665e-14,1
95.9,128,0,95.9,0.00066803878182878,1.4966997378847e-05,-1.1348008931904e-11,2.5421340518991e-10,11.299639825737,0.038585611827569,1.4321877017665e-14,1
95.95,128,0,95.95,0.00066803831807335,1.4967007766985e-05,-1.1348008931904e-11,2.5421340518991e-10,11.297710545145,0.038585611827569,1.4321877017665e-14,1
96,128,0,96,0.00066803785431792,1.4967018155124e-05,-1.1348008931904e-11,2.5421340518991e-10,11.295781264554,0.038585611827569,1.4321877017665e-14,1
96.05,128,0,96.05,0.00066803796685831,1.4967015634249e-05,1.0660132277219e-11,-2.388004558951e-10,11.293851983963,0.038585611827579,-2.6645352591004e-15,1
96.1,128,0,96.1,0.0006680380793987,1.4967013113375e-05,1.0660132277219e-11,-2.388004558951e-10,11.291922703371,0.038585611827579,-2.6645352591004e-15,1
96.15,128,0,96.15,0.00066803819193908,1.49670105925e-05,1.0660132277219e-11,-2.388004558951e-10,11.28999342278,0.038585611827579,-2.6645352591004e-15,1
96.2,128,0,96.2,0.00066803830447947,1.4967008071626e-05,1.0660132277219e-11,-2.388004558951e-10,11.288064142189,0.038585611827579,-2.6645352591004e-15,1
96.25,128,0,96.25,0.00066803841701985,1.4967005550751e-05,1.0660132277219e-11,-2.388004558951e-10,11.286134861597,0.038585611827579,-2.6645352591004e-15,1
96.3,128,0,96.3,0.00066803852956024,1.4967003029876e-05,1.0660132277219e-11,-2.388004558951e-10,11.284205581006,0.038585611827579,-2.6645352591004e-15,1
96.35,128,0,96.35,0.00066803864210063,1.4967000509002e-05,1.0660132277219e-11,-2.388004558951e-10,11.282276300414,0.038585611827579,-2.6645352591004e-15,1
96.4,128,0,96.4,0.00066803875464101,1.4966997988127e-05,1.0660132277219e-11,-2.388004558951e-10,11.280347019823,0.038585611827579,-2.6645352591004e-15,1
96.45,128,0,96.45,0.0006680388671814,1.4966995467253e-05,1.0660132277219e-11,-2.388004558951e-10,11.278417739232,0.038585611827579,-2.6645352591004e-15,1
96.5,128,0,96.5,0.00066803897972179,1.4966992946378e-05,1.0660132277219e-11,-2.388004558951e-10,11.27648845864,0.038585611827579,-2.6645352591004e-15,1
96.55,128,0,96.55,0.00066803909226217,1.4966990425503e-05,1.0660132277219e-11,-2.388004558951e-10,11.274559178049,0.038585611827579,-2.6645352591004e-15,1
96.6,128,0,96.6,0.00066803920480256,1.4966987904629e-05,1.0660132277219e-11,-2.388004558951e-10,11.272629897458,0.038585611827579,-2.6645352591004e-15,1
96.65,128,0,96.65,0.00066803931734295,1.4966985383754e-05,1.0660132277219e-11,-2.388004558951e-10,11.270700616866,0.038585611827579,-2.6645352591004e-15,1
96.7,128,0,96.7,0.00066803942988333,1.496698286288e-05,1.0660132277219e-11,-2.388004558951e-10,11.268771336275,0.038585611827579,-2.6645352591004e-15,1
96.75,128,0,96.75,0.00066803954242372,1.4966980342005e-05,1.0660132277219e-11,-2.388004558951e-10,11.266842055683,0.038585611827579,-2.6645352591004e-15,1
96.8,128,0,96.8,0.00066803965496411,1.496697782113e-05,1.0660132277219e-11,-2.388004558951e-10,11.264912775092,0.038585611827579,-2.6645352591004e-15,1
96.85,128,0,96.85,0.00066803976750449,1.4966975300256e-05,1.0660132277219e-11,-2.388004558951e-10,11.262983494501,0.038585611827579,-2.6645352591004e-15,1
96.9,128,0,96.9,0.00066803988004488,1.4966972779381e-05,1.0660132277219e-11,-2.388004558951e-10,11.261054213909,0.038585611827579,-2.6645352591004e-15,1
96.95,128,0,96.95,0.00066803999258526,1.4966970258507e-05,1.0660132277219e-11,-2.388004558951e-10,11.259124933318,0.038585611827579,-2.6645352591004e-15,1
97,128,0,97,0.00066804010512565,1.4966967737632e-05,1.0660132277219e-11,-2.388004558951e-10,11.257195652726,0.038585611827579,-2.6645352591004e-15,1
97.05,128,0,97.05,0.00066804053865257,1.4966958026049e-05,-1.0968600327503e-11,2.4571407044798e-10,11.255266372135,0.038585611827536,-8.6597395920762e-15,1
97.1,128,0,97.1,0.00066804097217948,1.4966948314467e-05,-1.0968600327503e-11,2.4571407044798e-10,11.253337091544,0.038585611827536,-8.6597395920762e-15,1
97.15,128,0,97.15,0.0006680414057064,1.4966938602885e-05,-1.0968600327503e-11,2.4571407044798e-10,11.251407810952,0.038585611827536,-8.6597395920762e-15,1
97.2,128,0,97.2,0.00066804183923331,1.4966928891302e-05,-1.0968600327503e-11,2.4571407044798e-10,11.249478530361,0.038585611827536,-8.6597395920762e-15,1
97.25,128,0,97.25,0.00066804227276023,1.496691917972e-05,-1.0968600327503e-11,2.4571407044798e-10,11.24754924977,0.038585611827536,-8.6597395920762e-15,1
97.3,128,0,97.3,0.00066804270628714,1.4966909468137e-05,-1.0968600327503e-11,2.4571407044798e-10,11.245619969178,0.038585611827536,-8.6597395920762e-15,1
97.35,128,0,97.35,0.00066804313981406,1.4966899756555e-05,-1.0968600327503e-11,2.4571407044798e-10,11.243690688587,0.038585611827536,-8.6597395920762e-15,1
97.4,128,0,97.4,0.00066804357334097,1.4966890044972e-05,-1.0968600327503e-11,2.4571407044798e-10,11.241761407995,0.038585611827536,-8.6597395920762e-15,1
97.45,128,0,97.45,0.00066804400686789,1.496688033339e-05,-1.0968600327503e-11,2.4571407044798e-10,11.239832127404,0.038585611827536,-8.6597395920762e-15,1
97.5,128,0,97.5,0.0006680444403948,1.4966870621807e-05,-1.0968600327503e-11,2.4571407044798e-10,11.237902846813,0.038585611827536,-8.6597395920762e-15,1
97.55,128,0,97.55,0.00066804487392172,1.4966860910225e-05,-1.0968600327503e-11,2.4571407044798e-10,11.235973566221,0.038585611827536,-8.6597395920762e-15,1
97.6,128,0,97.6,0.00066804530744864,1.4966851198642e-05,-1.0968600327503e-11,2.4571407044798e-10,11.23404428563,0.038585611827536,-8.6597395920762e-15,1
97.65,128,0,97.65,0.00066804574097555,1.496684148706e-05,-1.0968600327503e-11,2.4571407044798e-10,11.232115005039,0.038585611827536,-8.6597395920762e-15,1
97.7,128,0,97.7,0.00066804617450247,1.4966831775478e-05,-1.0968600327503e-11,2.4571407044798e-10,11.230185724447,0.038585611827536,-8.6597395920762e-15,1
97.75,128,0,97.75,0.00066804660802938,1.4966822063895e-05,-1.0968600327503e-11,2.4571407044798e-10,11.228256443856,0.038585611827536,-8.6597395920762e-15,1
97.8,128,0,97.8,0.0006680470415563,1.4966812352313e-05,-1.0968600327503e-11,2.4571407044798e-10,11.226327163264,0.038585611827536,-8.6597395920762e-15,1
97.85,128,0,97.85,0.00066804747508321,1.496680264073e-05,-1.0968600327503e-11,2.4571407044798e-10,11.224397882673,0.038585611827536,-8.6597395920762e-15,1
97.9,128,0,97.9,0.00066804790861013,1.4966792929148e-05,-1.0968600327503e-11,2.4571407044798e-10,11.222468602082,0.038585611827536,-8.6597395920762e-15,1
97.95,128,0,97.95,0.00066804834213704,1.4966783217565e-05,-1.0968600327503e-11,2.4571407044798e-10,11.22053932149,0.038585611827536,-8.6597395920762e-15,1
98,128,0,98,0.00066804877566396,1.4966773505983e-05,-1.0968600327503e-11,2.4571407044798e-10,11.218610040899,0.038585611827536,-8.6597395920762e-15,1
98.05,128,0,98.05,0.00066804869285251,1.4966775361493e-05,1.1659055642875e-11,-2.6118479035928e-10,11.216680760308,0.038585611827584,-3.7747582837255e-14,1
98.1,128,0,98.1,0.00066804861004106,1.4966777217003e-05,1.1659055642875e-11,-2.6118479035928e-10,11.214751479716,0.038585611827584,-3.7747582837255e-14,1
98.15,128,0,98.15,0.00066804852722961,1.4966779072513e-05,1.1659055642875e-11,-2.6118479035928e-10,11.212822199125,0.038585611827584,-3.7747582837255e-14,1
98.2,128,0,98.2,0.00066804844441816,1.4966780928024e-05,1.1659055642875e-11,-2.6118479035928e-10,11.210892918533,0.038585611827584,-3.7747582837255e-14,1
98.25,128,0,98.25,0.00066804836160672,1.4966782783534e-05,1.1659055642875e-11,-2.6118479035928e-10,11.208963637942,0.038585611827584,-3.7747582837255e-14,1
98.3,128,0,98.3,0.00066804827879527,1.4966784639044e-05,1.1659055642875e-11,-2.6118479035928e-10,11.207034357351,0.038585611827584,-3.7747582837255e-14,1
98.35,128,0,98.35,0.00066804819598382,1.4966786494554e-05,1.1659055642875e-11,-2.6118479035928e-10,11.205105076759,0.038585611827584,-3.7747582837255e-14,1
98.4,128,0,98.4,0.00066804811317237,1.4966788350064e-05,1.1659055642875e-11,-2.6118479035928e-10,11.203175796168,0.038585611827584,-3.7747582837255e-14,1
98.45,128,0,98.45,0.00066804803036092,1.4966790205575e-05,1.1659055642875e-11,-2.6118479035928e-10,11.201246515577,0.038585611827584,-3.7747582837255e-14,1
98.5,128,0,98.5,0.00066804794754947,1.4966792061085e-05,1.1659055642875e-11,-2.6118479035928e-10,11.199317234985,0.038585611827584,-3.7747582837255e-14,1
98.55,128,0,98.55,0.00066804786473803,1.4966793916595e-05,1.1659055642875e-11,-2.6118479035928e-10,11.197387954394,0.038585611827584,-3.7747582837255e-14,1
98.6,128,0,98.6,0.00066804778192658,1.4966795772105e-05,1.1659055642875e-11,-2.6118479035928e-10,11.195458673802,0.038585611827584,-3.7747582837255e-14,1
98.65,128,0,98.65,0.00066804769911513,1.4966797627615e-05,1.1659055642875e-11,-2.6118479035928e-10,11.193529393211,0.038585611827584,-3.7747582837255e-14,1
98.7,128,0,98.7,0.00066804761630368,1.4966799483126e-05,1.1659055642875e-11,-2.6118479035928e-10,11.19160011262,0.038585611827584,-3.7747582837255e-14,1
98.75,128,0,98.75,0.00066804753349223,1.4966801338636e-05,1.1659055642875e-11,-2.6118479035928e-10,11.189670832028,0.038585611827584,-3.7747582837255e-14,1
98.8,128,0,98.8,0.00066804745068078,1.4966803194146e-05,1.1659055642875e-11,-2.6118479035928e-10,11.187741551437,0.038585611827584,-3.7747582837255e-14,1
98.85,128,0,98.85,0.00066804736786933,1.4966805049656e-05,1.1659055642875e-11,-2.6118479035928e-10,11.185812270846,0.038585611827584,-3.7747582837255e-14,1
98.9,128,0,98.9,0.00066804728505789,1.4966806905167e-05,1.1659055642875e-11,-2.6118479035928e-10,11.183882990254,0.038585611827584,-3.7747582837255e-14,1
98.95,128,0,98.95,0.00066804720224644,1.4966808760677e-05,1.1659055642875e-11,-2.6118479035928e-10,11.181953709663,0.038585611827584,-3.7747582837255e-14,1
99,128,0,99,0.00066804711943499,1.4966810616187e-05,1.1659055642875e-11,-2.6118479035928e-10,11.180024429071,0.038585611827584,-3.7747582837255e-14,1
99.05,128,0,99.05,0.00066804665672745,1.4966820980852e-05,-1.1349257571577e-11,2.5424137773725e-10,11.17809514848,0.038585611827552,-3.5527136788005e-14,1
99.1,128,0,99.1,0.00066804619401991,1.4966831345517e-05,-1.1349257571577e-11,2.5424137773725e-10,11.176165867889,0.038585611827552,-3.5527136788005e-14,1
99.15,128,0,99.15,0.00066804573131238,1.4966841710183e-05,-1.1349257571577e-11,2.5424137773725e-10,11.174236587297,0.038585611827552,-3.5527136788005e-14,1
99.2,128,0,99.2,0.00066804526860484,1.4966852074848e-05,-1.1349257571577e-11,2.5424137773725e-10,11.172307306706,0.038585611827552,-3.5527136788005e-14,1
99.25,128,0,99.25,0.0006680448058973,1.4966862439513e-05,-1.1349257571577e-11,2.5424137773725e-10,11.170378026114,0.038585611827552,-3.5527136788005e-14,1
99.3,128,0,99.3,0.00066804434318976,1.4966872804178e-05,-1.1349257571577e-11,2.5424137773725e-10,11.168448745523,0.038585611827552,-3.5527136788005e-14,1
99.35,128,0,99.35,0.00066804388048223,1.4966883168844e-05,-1.1349257571577e-11,2.5424137773725e-10,11.166519464932,0.038585611827552,-3.5527136788005e-14,1
99.4,128,0,99.4,0.00066804341777469,1.4966893533509e-05,-1.1349257571577e-11,2.5424137773725e-10,11.16459018434,0.038585611827552,-3.5527136788005e-14,1
99.45,128,0,99.45,0.00066804295506715,1.4966903898174e-05,-1.1349257571577e-11,2.5424137773725e-10,11.162660903749,0.038585611827552,-3.5527136788005e-14,1
99.5,128,0,99.5,0.00066804249235961,1.4966914262839e-05,-1.1349257571577e-11,2.5424137773725e-10,11.160731623158,0.038585611827552,-3.5527136788005e-14,1
99.55,128,0,99.55,0.00066804202965208,1.4966924627505e-05,-1.1349257571577e-11,2.5424137773725e-10,11.158802342566,0.038585611827552,-3.5527136788005e-14,1
99.6,128,0,99.6,0.00066804156694454,1.496693499217e-05,-1.1349257571577e-11,2.5424137773725e-10,11.156873061975,0.038585611827552,-3.5527136788005e-14,1
99.65,128,0,99.65,0.000668041104237,1.4966945356835e-05,-1.1349257571577e-11,2.5424137773725e-10,11.154943781383,0.038585611827552,-3.5527136788005e-14,1
99.7,128,0,99.7,0.00066804064152946,1.49669557215e-05,-1.1349257571577e-11,2.5424137773725e-10,11.153014500792,0.038585611827552,-3.5527136788005e-14,1
99.75,128,0,99.75,0.00066804017882192,1.4966966086166e-05,-1.1349257571577e-11,2.5424137773725e-10,11.151085220201,0.038585611827552,-3.5527136788005e-14,1
99.8,128,0,99.8,0.00066803971611439,1.4966976450831e-05,-1.1349257571577e-11,2.5424137773725e-10,11.149155939609,0.038585611827552,-3.5527136788005e-14,1
99.85,128,0,99.85,0.00066803925340685,1.4966986815496e-05,-1.1349257571577e-11,2.5424137773725e-10,11.147226659018,0.038585611827552,-3.5527136788005e-14,1
99.9,128,0,99.9,0.00066803879069931,1.4966997180162e-05,-1.1349257571577e-11,2.5424137773725e-10,11.145297378427,0.038585611827552,-3.5527136788005e-14,1
99.95,128,0,99.95,0.00066803832799177,1.4967007544827e-05,-1.1349257571577e-11,2.5424137773725e-10,11.143368097835,0.038585611827552,-3.5527136788005e-14,1
100,128,0,100,0.00066803786528424,1.4967017909492e-05,-1.1349257571577e-11,2.5424137773725e-10,11.141438817244,0.038585611827552,-3.5527136788005e-14,1
100.05,128,0,100.05,0.00066803797701806,1.4967015406679e-05,1.0658719748813e-11,-2.3876876306132e-10,11.139509536652,0.038585611827562,-9.9920072216264e-15,1
100.1,128,0,100.1,0.00066803808875188,1.4967012903866e-05,1.0658719748813e-11,-2.3876876306132e-10,11.137580256061,0.038585611827562,-9.9920072216264e-15,1
100.15,128,0,100.15,0.0006680382004857,1.4967010401052e-05,1.0658719748813e-11,-2.3876876306132e-10,11.13565097547,0.038585611827562,-9.9920072216264e-15,1
100.2,128,0,100.2,0.00066803831221952,1.4967007898239e-05,1.0658719748813e-11,-2.3876876306132e-10,11.133721694878,0.038585611827562,-9.9920072216264e-15,1
100.25,128,0,100.25,0.00066803842395335,1.4967005395426e-05,1.0658719748813e-11,-2.3876876306132e-10,11.131792414287,0.038585611827562,-9.9920072216264e-15,1
100.3,128,0,100.3,0.00066803853568717,1.4967002892613e-05,1.0658719748813e-11,-2.3876876306132e-10,11.129863133696,0.038585611827562,-9.9920072216264e-15,1
100.35,128,0,100.35,0.00066803864742099,1.4967000389799e-05,1.0658719748813e-11,-2.3876876306132e-10,11.127933853104,0.038585611827562,-9.9920072216264e-15,1
100.4,128,0,100.4,0.00066803875915481,1.4966997886986e-05,1.0658719748813e-11,-2.3876876306132e-10,11.126004572513,0.038585611827562,-9.9920072216264e-15,1
100.45,128,0,100.45,0.00066803887088863,1.4966995384173e-05,1.0658719748813e-11,-2.3876876306132e-10,11.124075291921,0.038585611827562,-9.9920072216264e-15,1
100.5,128,0,100.5,0.00066803898262245,1.496699288136e-05,1.0658719748813e-11,-2.3876876306132e-10,11.12214601133,0.038585611827562,-9.9920072216264e-15,1
100.55,128,0,100.55,0.00066803909435628,1.4966990378546e-05,1.0658719748813e-11,-2.3876876306132e-10,11.120216730739,0.038585611827562,-9.9920072216264e-15,1
100.6,128,0,100.6,0.0006680392060901,1.4966987875733e-05,1.0658719748813e-11,-2.3876876306132e-10,11.118287450147,0.038585611827562,-9.9920072216264e-15,1
100.65,128,0,100.65,0.00066803931782392,1.496698537292e-05,1.0658719748813e-11,-2.3876876306132e-10,11.116358169556,0.038585611827562,-9.9920072216264e-15,1
100.7,128,0,100.7,0.00066803942955774,1.4966982870107e-05,1.0658719748813e-11,-2.3876876306132e-10,11.114428888965,0.038585611827562,-9.9920072216264e-15,1
100.75,128,0,100.75,0.00066803954129156,1.4966980367293e-05,1.0658719748813e-11,-2.3876876306132e-10,11.112499608373,0.038585611827562,-9.9920072216264e-15,1
100.8,128,0,100.8,0.00066803965302538,1.496697786448e-05,1.0658719748813e-11,-2.3876876306132e-10,11.110570327782,0.038585611827562,-9.9920072216264e-15,1
100.85,128,0,100.85,0.00066803976475921,1.4966975361667e-05,1.0658719748813e-11,-2.3876876306132e-10,11.10864104719,0.038585611827562,-9.9920072216264e-15,1
100.9,128,0,100.9,0.00066803987649303,1.4966972858854e-05,1.0658719748813e-11,-2.3876876306132e-10,11.106711766599,0.038585611827562,-9.9920072216264e-15,1
100.95,128,0,100.95,0.00066803998822685,1.496697035604e-05,1.0658719748813e-11,-2.3876876306132e-10,11.104782486008,0.038585611827562,-9.9920072216264e-15,1
101,128,0,101,0.00066804009996067,1.4966967853227e-05,1.0658719748813e-11,-2.3876876306132e-10,11.102853205416,0.038585611827562,-9.9920072216264e-15,1
101.05,128,0,101.05,0.00066804053237221,1.4966958166633e-05,-1.0949574450736e-11,2.4528790181297e-10,11.100923924825,0.038585611827571,-1.0214051826543e-14,0.99999999999915
101.1,128,0,101.1,0.00066804096478376,1.4966948480039e-05,-1.0949574450736e-11,2.4528790181297e-10,11.098994644233,0.038585611827571,-1.0214051826543e-14,0.99999999999915
101.15,128,0,101.15,0.0006680413971953,1.4966938793445e-05,-1.0949574450736e-11,2.4528790181297e-10,11.097065363642,0.038585611827571,-1.0214051826543e-14,0.99999999999915
101.2,128,0,101.2,0.00066804182960684,1.4966929106851e-05,-1.0949574450736e-11,2.4528790181297e-10,11.095136083051,0.038585611827571,-1.0214051826543e-14,0.99999999999915
101.25,128,0,101.25,0.00066804226201838,1.4966919420257e-05,-1.0949574450736e-11,2.4528790181297e-10,11.093206802459,0.038585611827571,-1.0214051826543e-14,0.99999999999915
101.3,128,0,101.3,0.00066804269442993,1.4966909733664e-05,-1.0949574450736e-11,2.4528790181297e-10,11.091277521868,0.038585611827571,-1.0214051826543e-14,0.99999999999915
101.35,128,0,101.35,0.00066804312684147,1.496690004707e-05,-1.0949574450736e-11,2.4528790181297e-10,11.089348241277,0.038585611827571,-1.0214051826543e-14,0.99999999999915
101.4,128,0,101.4,0.00066804355925301,1.4966890360476e-05,-1.0949574450736e-11,2.4528790181297e-10,11.087418960685,0.038585611827571,-1.0214051826543e-14,0.99999999999915
101.45,128,0,101.45,0.00066804399166455,1.4966880673882e-05,-1.0949574450736e-11,2.4528790181297e-10,11.085489680094,0.038585611827571,-1.0214051826543e-14,0.99999999999915
101.5,128,0,101.5,0.0006680444240761,1.4966870987288e-05,-1.0949574450736e-11,2.4528790181297e-10,11.083560399502,0.038585611827571,-1.0214051826543e-14,0.99999999999915
101.55,128,0,101.55,0.00066804485648764,1.4966861300694e-05,-1.0949574450736e-11,2.4528790181297e-10,11.081631118911,0.038585611827571,-1.0214051826543e-14,0.99999999999915
101.6,128,0,101.6,0.00066804528889918,1.49668516141e-05,-1.0949574450736e-11,2.4528790181297e-10,11.07970183832,0.038585611827571,-1.0214051826543e-14,0.99999999999915
101.65,128,0,101.65,0.00066804572131073,1.4966841927506e-05,-1.0949574450736e-11,2.4528790181297e-10,11.077772557728,0.038585611827571,-1.0214051826543e-14,0.99999999999915
101.7,128,0,101.7,0.00066804615372227,1.4966832240912e-05,-1.0949574450736e-11,2.4528790181297e-10,11.075843277137,0.038585611827571,-1.0214051826543e-14,0.99999999999915
101.75,128,0,101.75,0.00066804658613381,1.4966822554318e-05,-1.0949574450736e-11,2.4528790181297e-10,11.073913996546,0.038585611827571,-1.0214051826543e-14,0.99999999999915
101.8,128,0,101.8,0.00066804701854535,1.4966812867724e-05,-1.0949574450736e-11,2.4528790181297e-10,11.071984715954,0.038585611827571,-1.0214051826543e-14,0.99999999999915
101.85,128,0,101.85,0.0006680474509569,1.496680318113e-05,-1.0949574450736e-11,2.4528790181297e-10,11.070055435363,0.038585611827571,-1.0214051826543e-14,0.99999999999915
101.9,128,0,101.9,0.00066804788336844,1.4966793494536e-05,-1.0949574450736e-11,2.4528790181297e-10,11.068126154771,0.038585611827571,-1.0214051826543e-14,0.99999999999915
101.95,128,0,101.95,0.00066804831577998,1.4966783807942e-05,-1.0949574450736e-11,2.4528790181297e-10,11.06619687418,0.038585611827571,-1.0214051826543e-14,0.99999999999915
102,128,0,102,0.00066804874819152,1.4966774121348e-05,-1.0949574450736e-11,2.4528790181297e-10,11.064267593589,0.038585611827571,-1.0214051826543e-14,0.99999999999915
102.05,128,0,102.05,0.00066804866500929,1.496677598517e-05,1.1679960424741e-11,-2.6165326749908e-10,11.062338312997,0.038585611827589,-7.5495165674224e-15,0.99999999999621
102.1,128,0,102.1,0.00066804858182706,1.4966777848991e-05,1.1679960424741e-11,-2.6165326749908e-10,11.060409032406,0.038585611827589,-7.5495165674224e-15,0.99999999999621
102.15,128,0,102.15,0.00066804849864483,1.4966779712812e-05,1.1679960424741e-11,-2.6165326749908e-10,11.058479751814,0.038585611827589,-7.5495165674224e-15,0.99999999999621
102.2,128,0,102.2,0.00066804841546259,1.4966781576633e-05,1.1679960424741e-11,-2.6165326749908e-10,11.056550471223,0.038585611827589,-7.5495165674224e-15,0.99999999999621
102.25,128,0,102.25,0.00066804833228036,1.4966783440455e-05,1.1679960424741e-11,-2.6165326749908e-10,11.054621190632,0.038585611827589,-7.5495165674224e-15,0.99999999999621
102.3,128,0,102.3,0.00066804824909813,1.4966785304276e-05,1.1679960424741e-11,-2.6165326749908e-10,11.05269191004,0.038585611827589,-7.5495165674224e-15,0.99999999999621
102.35,128,0,102.35,0.00066804816591589,1.4966787168097e-05,1.1679960424741e-11,-2.6165326749908e-10,11.050762629449,0.038585611827589,-7.5495165674224e-15,0.99999999999621
102.4,128,0,102.4,0.00066804808273366,1.4966789031919e-05,1.1679960424741e-11,-2.6165326749908e-10,11.048833348858,0.038585611827589,-7.5495165674224e-15,0.99999999999621
102.45,128,0,102.45,0.00066804799955143,1.496679089574e-05,1.1679960424741e-11,-2.6165326749908e-10,11.046904068266,0.038585611827589,-7.5495165674224e-15,0.99999999999621
102.5,128,0,102.5,0.0006680479163692,1.4966792759561e-05,1.1679960424741e-11,-2.6165326749908e-10,11.044974787675,0.038585611827589,-7.5495165674224e-15,0.99999999999621
102.55,128,0,102.55,0.00066804783318696,1.4966794623382e-05,1.1679960424741e-11,-2.6165326749908e-10,11.043045507083,0.038585611827589,-7.5495165674224e-15,0.99999999999621
102.6,128,0,102.6,0.00066804775000473,1.4966796487204e-05,1.1679960424741e-11,-2.6165326749908e-10,11.041116226492,0.038585611827589,-7.5495165674224e-15,0.99999999999621
102.65,128,0,102.65,0.0006680476668225,1.4966798351025e-05,1.1679960424741e-11,-2.6165326749908e-10,11.039186945901,0.038585611827589,-7.5495165674224e-15,0.99999999999621
102.7,128,0,102.7,0.00066804758364026,1.4966800214846e-05,1.1679960424741e-11,-2.6165326749908e-10,11.037257665309,0.038585611827589,-7.5495165674224e-15,0.99999999999621
102.75,128,0,102.75,0.00066804750045803,1.4966802078667e-05,1.1679960424741e-11,-2.6165326749908e-10,11.035328384718,0.038585611827589,-7.5495165674224e-15,0.99999999999621
102.8,128,0,102.8,0.0006680474172758,1.4966803942489e-05,1.1679960424741e-11,-2.6165326749908e-10,11.033399104126,0.038585611827589,-7.5495165674224e-15,0.99999999999621
102.85,128,0,102.85,0.00066804733409357,1.496680580631e-05,1.1679960424741e-11,-2.6165326749908e-10,11.031469823535,0.038585611827589,-7.5495165674224e-15,0.99999999999621
102.9,128,0,102.9,0.00066804725091133,1.4966807670131e-05,1.1679960424741e-11,-2.6165326749908e-10,11.029540542944,0.038585611827589,-7.5495165674224e-15,0.99999999999621
102.95,128,0,102.95,0.0006680471677291,1.4966809533952e-05,1.1679960424741e-11,-2.6165326749908e-10,11.027611262352,0.038585611827589,-7.5495165674224e-15,0.99999999999621
103,128,0,103,0.00066804708454687,1.4966811397774e-05,1.1679960424741e-11,-2.6165326749908e-10,11.025681981761,0.038585611827589,-7.5495165674224e-15,0.99999999999621
103.05,128,0,103.05,0.00066804661761213,1.4966821857115e-05,-1.1275519854921e-11,2.5259010771781e-10,11.02375270117,0.038585611827571,-7.7715611722921e-15,0.99999999998919
103.1,128,0,103.1,0.0006680461506774,1.4966832316456e-05,-1.1275519854921e-11,2.5259010771781e-10,11.021823420578,0.038585611827571,-7.7715611722921e-15,0.99999999998919
103.15,128,0,103.15,0.00066804568374266,1.4966842775798e-05,-1.1275519854921e-11,2.5259010771781e-10,11.019894139987,0.038585611827571,-7.7715611722921e-15,0.99999999998919
103.2,128,0,103.2,0.00066804521680793,1.4966853235139e-05,-1.1275519854921e-11,2.5259010771781e-10,11.017964859395,0.038585611827571,-7.7715611722921e-15,0.99999999998919
103.25,128,0,103.25,0.00066804474987319,1.4966863694481e-05,-1.1275519854921e-11,2.5259010771781e-10,11.016035578804,0.038585611827571,-7.7715611722921e-15,0.99999999998919
103.3,128,0,103.3,0.00066804428293846,1.4966874153822e-05,-1.1275519854921e-11,2.5259010771781e-10,11.014106298213,0.038585611827571,-7.7715611722921e-15,0.99999999998919
103.35,128,0,103.35,0.00066804381600372,1.4966884613163e-05,-1.1275519854921e-11,2.5259010771781e-10,11.012177017621,0.038585611827571,-7.7715611722921e-15,0.99999999998919
103.4,128,0,103.4,0.00066804334906899,1.4966895072505e-05,-1.1275519854921e-11,2.5259010771781e-10,11.01024773703,0.038585611827571,-7.7715611722921e-15,0.99999999998919
103.45,128,0,103.45,0.00066804288213425,1.4966905531846e-05,-1.1275519854921e-11,2.5259010771781e-10,11.008318456438,0.038585611827571,-7.7715611722921e-15,0.99999999998919
103.5,128,0,103.5,0.00066804241519952,1.4966915991188e-05,-1.1275519854921e-11,2.5259010771781e-10,11.006389175847,0.038585611827571,-7.7715611722921e-15,0.99999999998919
103.55,128,0,103.55,0.00066804194826478,1.4966926450529e-05,-1.1275519854921e-11,2.5259010771781e-10,11.004459895256,0.038585611827571,-7.7715611722921e-15,0.99999999998919
103.6,128,0,103.6,0.00066804148133005,1.496693690987e-05,-1.1275519854921e-11,2.5259010771781e-10,11.002530614664,0.038585611827571,-7.7715611722921e-15,0.99999999998919
103.65,128,0,103.65,0.00066804101439531,1.4966947369212e-05,-1.1275519854921e-11,2.5259010771781e-10,11.000601334073,0.038585611827571,-7.7715611722921e-15,0.99999999998919
103.7,128,0,103.7,0.00066804054746058,1.4966957828553e-05,-1.1275519854921e-11,2.5259010771781e-10,10.998672053481,0.038585611827571,-7.7715611722921e-15,0.99999999998919
103.75,128,0,103.75,0.00066804008052584,1.4966968287895e-05,-1.1275519854921e-11,2.5259010771781e-10,10.99674277289,0.038585611827571,-7.7715611722921e-15,0.99999999998919
103.8,128,0,103.8,0.00066803961359111,1.4966978747236e-05,-1.1275519854921e-11,2.5259010771781e-10,10.994813492299,0.038585611827571,-7.7715611722921e-15,0.99999999998919
103.85,128,0,103.85,0.00066803914665637,1.4966989206577e-05,-1.1275519854921e-11,2.5259010771781e-10,10.992884211707,0.038585611827571,-7.7715611722921e-15,0.99999999998919
103.9,128,0,103.9,0.00066803867972164,1.4966999665919e-05,-1.1275519854921e-11,2.5259010771781e-10,10.990954931116,0.038585611827571,-7.7715611722921e-15,0.99999999998919
103.95,128,0,103.95,0.0006680382127869,1.496701012526e-05,-1.1275519854921e-11,2.5259010771781e-10,10.989025650524,0.038585611827571,-7.7715611722921e-15,0.99999999998919
104,128,0,104,0.00066803774585217,1.4967020584602e-05,-1.1275519854921e-11,2.5259010771781e-10,10.987096369933,0.038585611827571,-7.7715611722921e-15,0.99999999998919
104.05,128,0,104.05,0.00066803784701539,1.4967018318633e-05,1.0883585844758e-11,-2.4380758158997e-10,10.985167089341,0.038585611827549,7.2164496598413e-15,0.9999999999692
104.1,128,0,104.1,0.00066803794817861,1.4967016052665e-05,1.0883585844758e-11,-2.4380758158997e-10,10.98323780875,0.038585611827549,7.2164496598413e-15,0.9999999999692
104.15,128,0,104.15,0.00066803804934183,1.4967013786697e-05,1.0883585844758e-11,-2.4380758158997e-10,10.981308528159,0.038585611827549,7.2164496598413e-15,0.9999999999692
104.2,128,0,104.2,0.00066803815050505,1.4967011520729e-05,1.0883585844758e-11,-2.4380758158997e-10,10.979379247567,0.038585611827549,7.2164496598413e-15,0.9999999999692
104.25,128,0,104.25,0.00066803825166827,1.496700925476e-05,1.0883585844758e-11,-2.4380758158997e-10,10.977449966976,0.038585611827549,7.2164496598413e-15,0.9999999999692
104.3,128,0,104.3,0.00066803835283149,1.4967006988792e-05,1.0883585844758e-11,-2.4380758158997e-10,10.975520686384,0.038585611827549,7.2164496598413e-15,0.9999999999692
104.35,128,0,104.35,0.00066803845399471,1.4967004722824e-05,1.0883585844758e-11,-2.4380758158997e-10,10.973591405793,0.038585611827549,7.2164496598413e-15,0.9999999999692
104.4,128,0,104.4,0.00066803855515793,1.4967002456856e-05,1.0883585844758e-11,-2.4380758158997e-10,10.971662125201,0.038585611827549,7.2164496598413e-15,0.9999999999692
104.45,128,0,104.45,0.00066803865632115,1.4967000190888e-05,1.0883585844758e-11,-2.4380758158997e-10,10.96973284461,0.038585611827549,7.2164496598413e-15,0.9999999999692
104.5,128,0,104.5,0.00066803875748437,1.4966997924919e-05,1.0883585844758e-11,-2.4380758158997e-10,10.967803564019,0.038585611827549,7.2164496598413e-15,0.9999999999692
104.55,128,0,104.55,0.00066803885864759,1.4966995658951e-05,1.0883585844758e-11,-2.4380758158997e-10,10.965874283427,0.038585611827549,7.2164496598413e-15,0.9999999999692
104.6,128,0,104.6,0.0006680389598108,1.4966993392983e-05,1.0883585844758e-11,-2.4380758158997e-10,10.963945002836,0.038585611827549,7.2164496598413e-15,0.9999999999692
104.65,128,0,104.65,0.00066803906097402,1.4966991127015e-05,1.0883585844758e-11,-2.4380758158997e-10,10.962015722244,0.038585611827549,7.2164496598413e-15,0.9999999999692
104.7,128,0,104.7,0.00066803916213724,1.4966988861046e-05,1.0883585844758e-11,-2.4380758158997e-10,10.960086441653,0.038585611827549,7.2164496598413e-15,0.9999999999692
104.75,128,0,104.75,0.00066803926330046,1.4966986595078e-05,1.0883585844758e-11,-2.4380758158997e-10,10.958157161061,0.038585611827549,7.2164496598413e-15,0.9999999999692
104.8,128,0,104.8,0.00066803936446368,1.496698432911e-05,1.0883585844758e-11,-2.4380758158997e-10,10.95622788047,0.038585611827549,7.2164496598413e-15,0.9999999999692
104.85,128,0,104.85,0.0006680394656269,1.4966982063142e-05,1.0883585844758e-11,-2.4380758158997e-10,10.954298599878,0.038585611827549,7.2164496598413e-15,0.9999999999692
104.9,128,0,104.9,0.00066803956679012,1.4966979797174e-05,1.0883585844758e-11,-2.4380758158997e-10,10.952369319287,0.038585611827549,7.2164496598413e-15,0.9999999999692
104.95,128,0,104.95,0.00066803966795334,1.4966977531205e-05,1.0883585844758e-11,-2.4380758158997e-10,10.950440038696,0.038585611827549,7.2164496598413e-15,0.9999999999692
105,128,0,105,0.00066803976911656,1.4966975265237e-05,1.0883585844758e-11,-2.4380758158997e-10,10.948510758104,0.038585611827549,7.2164496598413e-15,0.9999999999692
105.05,128,0,105.05,0.00066804017063722,1.4966966270397e-05,-1.0345374140808e-11,2.3175919554044e-10,10.946581477513,0.038585611827576,2.2204460490555e-15,0.99999999991227
105.1,128,0,105.1,0.00066804057215788,1.4966957275557e-05,-1.0345374140808e-11,2.3175919554044e-10,10.944652196921,0.038585611827576,2.2204460490555e-15,0.99999999991227
105.15,128,0,105.15,0.00066804097367854,1.4966948280717e-05,-1.0345374140808e-11,2.3175919554044e-10,10.94272291633,0.038585611827576,2.2204460490555e-15,0.99999999991227
105.2,128,0,105.2,0.0006680413751992,1.4966939285877e-05,-1.0345374140808e-11,2.3175919554044e-10,10.940793635738,0.038585611827576,2.2204460490555e-15,0.99999999991227
105.25,128,0,105.25,0.00066804177671985,1.4966930291037e-05,-1.0345374140808e-11,2.3175919554044e-10,10.938864355146,0.038585611827576,2.2204460490555e-15,0.99999999991227
105.3,128,0,105.3,0.00066804217824051,1.4966921296197e-05,-1.0345374140808e-11,2.3175919554044e-10,10.936935074555,0.038585611827576,2.2204460490555e-15,0.99999999991227
105.35,128,0,105.35,0.00066804257976117,1.4966912301357e-05,-1.0345374140808e-11,2.3175919554044e-10,10.935005793963,0.038585611827576,2.2204460490555e-15,0.99999999991227
105.4,128,0,105.4,0.00066804298128183,1.4966903306517e-05,-1.0345374140808e-11,2.3175919554044e-10,10.933076513372,0.038585611827576,2.2204460490555e-15,0.99999999991227
105.45,128,0,105.45,0.00066804338280249,1.4966894311677e-05,-1.0345374140808e-11,2.3175919554044e-10,10.93114723278,0.038585611827576,2.2204460490555e-15,0.99999999991227
105.5,128,0,105.5,0.00066804378432315,1.4966885316837e-05,-1.0345374140808e-11,2.3175919554044e-10,10.929217952189,0.038585611827576,2.2204460490555e-15,0.99999999991227
105.55,128,0,105.55,0.00066804418584381,1.4966876321997e-05,-1.0345374140808e-11,2.3175919554044e-10,10.927288671597,0.038585611827576,2.2204460490555e-15,0.99999999991227
105.6,128,0,105.6,0.00066804458736446,1.4966867327157e-05,-1.0345374140808e-11,2.3175919554044e-10,10.925359391006,0.038585611827576,2.2204460490555e-15,0.99999999991227
105.65,128,0,105.65,0.00066804498888512,1.4966858332317e-05,-1.0345374140808e-11,2.3175919554044e-10,10.923430110414,0.038585611827576,2.2204460490555e-15,0.99999999991227
105.7,128,0,105.7,0.00066804539040578,1.4966849337477e-05,-1.0345374140808e-11,2.3175919554044e-10,10.921500829823,0.038585611827576,2.2204460490555e-15,0.99999999991227
105.75,128,0,105.75,0.00066804579192644,1.4966840342637e-05,-1.0345374140808e-11,2.3175919554044e-10,10.919571549231,0.038585611827576,2.2204460490555e-15,0.99999999991227
105.8,128,0,105.8,0.0006680461934471,1.4966831347797e-05,-1.0345374140808e-11,2.3175919554044e-10,10.917642268639,0.038585611827576,2.2204460490555e-15,0.99999999991227
105.85,128,0,105.85,0.00066804659496776,1.4966822352957e-05,-1.0345374140808e-11,2.3175919554044e-10,10.915712988048,0.038585611827576,2.2204460490555e-15,0.99999999991227
105.9,128,0,105.9,0.00066804699648842,1.4966813358117e-05,-1.0345374140808e-11,2.3175919554044e-10,10.913783707456,0.038585611827576,2.2204460490555e-15,0.99999999991227
105.95,128,0,105.95,0.00066804739800907,1.4966804363276e-05,-1.0345374140808e-11,2.3175919554044e-10,10.911854426865,0.038585611827576,2.2204460490555e-15,0.99999999991227
106,128,0,106,0.00066804779952973,1.4966795368436e-05,-1.0345374140808e-11,2.3175919554044e-10,10.909925146273,0.038585611827576,2.2204460490555e-15,0.99999999991227
106.05,128,0,106.05,0.00066804762994996,1.4966799168279e-05,1.3423441332875e-11,-3.0072868731781e-10,10.907995865681,0.038585611827574,5.2624571354079e-14,0.99999999975005
106.1,128,0,106.1,0.0006680474603702,1.4966802968122e-05,1.3423441332875e-11,-3.0072868731781e-10,10.906066585089,0.038585611827574,5.2624571354079e-14,0.99999999975005
106.15,128,0,106.15,0.00066804729079043,1.4966806767965e-05,1.3423441332875e-11,-3.0072868731781e-10,10.904137304498,0.038585611827574,5.2624571354079e-14,0.99999999975005
106.2,128,0,106.2,0.00066804712121066,1.4966810567808e-05,1.3423441332875e-11,-3.0072868731781e-10,10.902208023906,0.038585611827574,5.2624571354079e-14,0.99999999975005
106.25,128,0,106.25,0.00066804695163089,1.4966814367651e-05,1.3423441332875e-11,-3.0072868731781e-10,10.900278743314,0.038585611827574,5.2624571354079e-14,0.99999999975005
106.3,128,0,106.3,0.00066804678205113,1.4966818167494e-05,1.3423441332875e-11,-3.0072868731781e-10,10.898349462722,0.038585611827574,5.2624571354079e-14,0.99999999975005
106.35,128,0,106.35,0.00066804661247136,1.4966821967337e-05,1.3423441332875e-11,-3.0072868731781e-10,10.89642018213,0.038585611827574,5.2624571354079e-14,0.99999999975005
106.4,128,0,106.4,0.00066804644289159,1.496682576718e-05,1.3423441332875e-11,-3.0072868731781e-10,10.894490901538,0.038585611827574,5.2624571354079e-14,0.99999999975005
106.45,128,0,106.45,0.00066804627331182,1.4966829567023e-05,1.3423441332875e-11,-3.0072868731781e-10,10.892561620946,0.038585611827574,5.2624571354079e-14,0.99999999975005
106.5,128,0,106.5,0.00066804610373206,1.4966833366866e-05,1.3423441332875e-11,-3.0072868731781e-10,10.890632340355,0.038585611827574,5.2624571354079e-14,0.99999999975005
106.55,128,0,106.55,0.00066804593415229,1.4966837166709e-05,1.3423441332875e-11,-3.0072868731781e-10,10.888703059763,0.038585611827574,5.2624571354079e-14,0.99999999975005
106.6,128,0,106.6,0.00066804576457252,1.4966840966552e-05,1.3423441332875e-11,-3.0072868731781e-10,10.886773779171,0.038585611827574,5.2624571354079e-14,0.99999999975005
106.65,128,0,106.65,0.00066804559499275,1.4966844766395e-05,1.3423441332875e-11,-3.0072868731781e-10,10.884844498579,0.038585611827574,5.2624571354079e-14,0.99999999975005
106.7,128,0,106.7,0.00066804542541298,1.4966848566238e-05,1.3423441332875e-11,-3.0072868731781e-10,10.882915217987,0.038585611827574,5.2624571354079e-14,0.99999999975005
106.75,128,0,106.75,0.00066804525583322,1.4966852366081e-05,1.3423441332875e-11,-3.0072868731781e-10,10.880985937395,0.038585611827574,5.2624571354079e-14,0.99999999975005
106.8,128,0,106.8,0.00066804508625345,1.4966856165924e-05,1.3423441332875e-11,-3.0072868731781e-10,10.879056656803,0.038585611827574,5.2624571354079e-14,0.99999999975005
106.85,128,0,106.85,0.00066804491667368,1.4966859965767e-05,1.3423441332875e-11,-3.0072868731781e-10,10.877127376212,0.038585611827574,5.2624571354079e-14,0.99999999975005
106.9,128,0,106.9,0.00066804474709391,1.496686376561e-05,1.3423441332875e-11,-3.0072868731781e-10,10.87519809562,0.038585611827574,5.2624571354079e-14,0.99999999975005
106.95,128,0,106.95,0.00066804457751415,1.4966867565453e-05,1.3423441332875e-11,-3.0072868731781e-10,10.873268815028,0.038585611827574,5.2624571354079e-14,0.99999999975005
107,128,0,107,0.00066804440793438,1.4966871365296e-05,1.3423441332875e-11,-3.0072868731781e-10,10.871339534436,0.038585611827574,5.2624571354079e-14,0.99999999975005
107.05,128,0,107.05,0.00066804369016621,1.4966887440959e-05,-6.2910925206658e-12,1.41006797899e-10,10.869410253843,0.038585611827556,4.3964831743848e-14,0.99999999928788
107.1,128,0,107.1,0.00066804297239804,1.4966903516622e-05,-6.2910925206658e-12,1.41006797899e-10,10.86748097325,0.038585611827556,4.3964831743848e-14,0.99999999928788
107.15,128,0,107.15,0.00066804225462987,1.4966919592285e-05,-6.2910925206658e-12,1.41006797899e-10,10.865551692658,0.038585611827556,4.3964831743848e-14,0.99999999928788
107.2,128,0,107.2,0.0006680415368617,1.4966935667949e-05,-6.2910925206658e-12,1.41006797899e-10,10.863622412065,0.038585611827556,4.3964831743848e-14,0.99999999928788
107.25,128,0,107.25,0.00066804081909353,1.4966951743612e-05,-6.2910925206658e-12,1.41006797899e-10,10.861693131472,0.038585611827556,4.3964831743848e-14,0.99999999928788
107.3,128,0,107.3,0.00066804010132536,1.4966967819275e-05,-6.2910925206658e-12,1.41006797899e-10,10.859763850879,0.038585611827556,4.3964831743848e-14,0.99999999928788
107.35,128,0,107.35,0.00066803938355719,1.4966983894938e-05,-6.2910925206658e-12,1.41006797899e-10,10.857834570287,0.038585611827556,4.3964831743848e-14,0.99999999928788
107.4,128,0,107.4,0.00066803866578902,1.4966999970602e-05,-6.2910925206658e-12,1.41006797899e-10,10.855905289694,0.038585611827556,4.3964831743848e-14,0.99999999928788
107.45,128,0,107.45,0.00066803794802085,1.4967016046265e-05,-6.2910925206658e-12,1.41006797899e-10,10.853976009101,0.038585611827556,4.3964831743848e-14,0.99999999928788
107.5,128,0,107.5,0.00066803723025268,1.4967032121928e-05,-6.2910925206658e-12,1.41006797899e-10,10.852046728508,0.038585611827556,4.3964831743848e-14,0.99999999928788
107.55,128,0,107.55,0.00066803651248451,1.4967048197592e-05,-6.2910925206658e-12,1.41006797899e-10,10.850117447916,0.038585611827556,4.3964831743848e-14,0.99999999928788
107.6,128,0,107.6,0.00066803579471634,1.4967064273255e-05,-6.2910925206658e-12,1.41006797899e-10,10.848188167323,0.038585611827556,4.3964831743848e-14,0.99999999928788
107.65,128,0,107.65,0.00066803507694817,1.4967080348918e-05,-6.2910925206658e-12,1.41006797899e-10,10.84625888673,0.038585611827556,4.3964831743848e-14,0.99999999928788
107.7,128,0,107.7,0.00066803435918,1.4967096424581e-05,-6.2910925206658e-12,1.41006797899e-10,10.844329606137,0.038585611827556,4.3964831743848e-14,0.99999999928788
107.75,128,0,107.75,0.00066803364141183,1.4967112500245e-05,-6.2910925206658e-12,1.41006797899e-10,10.842400325545,0.038585611827556,4.3964831743848e-14,0.99999999928788
107.8,128,0,107.8,0.00066803292364366,1.4967128575908e-05,-6.2910925206658e-12,1.41006797899e-10,10.840471044952,0.038585611827556,4.3964831743848e-14,0.99999999928788
107.85,128,0,107.85,0.00066803220587549,1.4967144651571e-05,-6.2910925206658e-12,1.41006797899e-10,10.838541764359,0.038585611827556,4.3964831743848e-14,0.99999999928788
107.9,128,0,107.9,0.00066803148810732,1.4967160727235e-05,-6.2910925206658e-12,1.41006797899e-10,10.836612483766,0.038585611827556,4.3964831743848e-14,0.99999999928788
107.95,128,0,107.95,0.00066803077033915,1.4967176802898e-05,-6.2910925206658e-12,1.41006797899e-10,10.834683203174,0.038585611827556,4.3964831743848e-14,0.99999999928788
108,128,0,108,0.00066803005257098,1.4967192878561e-05,-6.2910925206658e-12,1.41006797899e-10,10.832753922581,0.038585611827556,4.3964831743848e-14,0.99999999928788
108.05,128,0,108.05,0.00066802945387405,1.4967206300488e-05,2.4988926919113e-11,-5.6004803422941e-10,10.830824641986,0.038585611827548,3.3306690671181e-15,0.99999999797117
108.1,128,0,108.1,0.00066802885517711,1.4967219722416e-05,2.4988926919113e-11,-5.6004803422941e-10,10.82889536139,0.038585611827548,3.3306690671181e-15,0.99999999797117
108.15,128,0,108.15,0.00066802825648018,1.4967233144343e-05,2.4988926919113e-11,-5.6004803422941e-10,10.826966080795,0.038585611827548,3.3306690671181e-15,0.99999999797117
108.2,128,0,108.2,0.00066802765778324,1.496724656627e-05,2.4988926919113e-11,-5.6004803422941e-10,10.8250368002,0.038585611827548,3.3306690671181e-15,0.99999999797117
108.25,128,0,108.25,0.00066802705908631,1.4967259988197e-05,2.4988926919113e-11,-5.6004803422941e-10,10.823107519605,0.038585611827548,3.3306690671181e-15,0.99999999797117
108.3,128,0,108.3,0.00066802646038937,1.4967273410125e-05,2.4988926919113e-11,-5.6004803422941e-10,10.821178239009,0.038585611827548,3.3306690671181e-15,0.99999999797117
108.35,128,0,108.35,0.00066802586169244,1.4967286832052e-05,2.4988926919113e-11,-5.6004803422941e-10,10.819248958414,0.038585611827548,3.3306690671181e-15,0.99999999797117
108.4,128,0,108.4,0.0006680252629955,1.4967300253979e-05,2.4988926919113e-11,-5.6004803422941e-10,10.817319677819,0.038585611827548,3.3306690671181e-15,0.99999999797117
108.45,128,0,108.45,0.00066802466429857,1.4967313675906e-05,2.4988926919113e-11,-5.6004803422941e-10,10.815390397223,0.038585611827548,3.3306690671181e-15,0.99999999797117
108.5,128,0,108.5,0.00066802406560163,1.4967327097833e-05,2.4988926919113e-11,-5.6004803422941e-10,10.813461116628,0.038585611827548,3.3306690671181e-15,0.99999999797117
108.55,128,0,108.55,0.0006680234669047,1.4967340519761e-05,2.4988926919113e-11,-5.6004803422941e-10,10.811531836033,0.038585611827548,3.3306690671181e-15,0.99999999797117
108.6,128,0,108.6,0.00066802286820776,1.4967353941688e-05,2.4988926919113e-11,-5.6004803422941e-10,10.809602555437,0.038585611827548,3.3306690671181e-15,0.99999999797117
108.65,128,0,108.65,0.00066802226951082,1.4967367363615e-05,2.4988926919113e-11,-5.6004803422941e-10,10.807673274842,0.038585611827548,3.3306690671181e-15,0.99999999797117
108.7,128,0,108.7,0.00066802167081389,1.4967380785542e-05,2.4988926919113e-11,-5.6004803422941e-10,10.805743994247,0.038585611827548,3.3306690671181e-15,0.99999999797117
108.75,128,0,108.75,0.00066802107211695,1.496739420747e-05,2.4988926919113e-11,-5.6004803422941e-10,10.803814713652,0.038585611827548,3.3306690671181e-15,0.99999999797117
108.8,128,0,108.8,0.00066802047342002,1.4967407629397e-05,2.4988926919113e-11,-5.6004803422941e-10,10.801885433056,0.038585611827548,3.3306690671181e-15,0.99999999797117
108.85,128,0,108.85,0.00066801987472308,1.4967421051324e-05,2.4988926919113e-11,-5.6004803422941e-10,10.799956152461,0.038585611827548,3.3306690671181e-15,0.99999999797117
108.9,128,0,108.9,0.00066801927602615,1.4967434473251e-05,2.4988926919113e-11,-5.6004803422941e-10,10.798026871866,0.038585611827548,3.3306690671181e-15,0.99999999797117
108.95,128,0,108.95,0.00066801867732921,1.4967447895179e-05,2.4988926919113e-11,-5.6004803422941e-10,10.79609759127,0.038585611827548,3.3306690671181e-15,0.99999999797117
109,128,0,109,0.00066801807863228,1.4967461317106e-05,2.4988926919113e-11,-5.6004803422941e-10,10.794168310675,0.038585611827548,3.3306690671181e-15,0.99999999797117
109.05,128,0,109.05,0.00066801643866972,1.4967498018809e-05,3.0137871681165e-11,-6.7423893646352e-10,10.792239030073,0.038585611827533,-5.1070258837564e-15,0.99999999421986
109.1,128,0,109.1,0.00066801479870716,1.4967534720511e-05,3.0137871681165e-11,-6.7423893646352e-10,10.79030974947,0.038585611827533,-5.1070258837564e-15,0.99999999421986
109.15,128,0,109.15,0.00066801315874461,1.4967571422214e-05,3.0137871681165e-11,-6.7423893646352e-10,10.788380468868,0.038585611827533,-5.1070258837564e-15,0.99999999421986
109.2,128,0,109.2,0.00066801151878205,1.4967608123916e-05,3.0137871681165e-11,-6.7423893646352e-10,10.786451188265,0.038585611827533,-5.1070258837564e-15,0.99999999421986
109.25,128,0,109.25,0.0006680098788195,1.4967644825619e-05,3.0137871681165e-11,-6.7423893646352e-10,10.784521907662,0.038585611827533,-5.1070258837564e-15,0.99999999421986
109.3,128,0,109.3,0.00066800823885694,1.4967681527322e-05,3.0137871681165e-11,-6.7423893646352e-10,10.78259262706,0.038585611827533,-5.1070258837564e-15,0.99999999421986
109.35,128,0,109.35,0.00066800659889438,1.4967718229024e-05,3.0137871681165e-11,-6.7423893646352e-10,10.780663346457,0.038585611827533,-5.1070258837564e-15,0.99999999421986
109.4,128,0,109.4,0.00066800495893183,1.4967754930727e-05,3.0137871681165e-11,-6.7423893646352e-10,10.778734065855,0.038585611827533,-5.1070258837564e-15,0.99999999421986
109.45,128,0,109.45,0.00066800331896927,1.496779163243e-05,3.0137871681165e-11,-6.7423893646352e-10,10.776804785252,0.038585611827533,-5.1070258837564e-15,0.99999999421986
109.5,128,0,109.5,0.00066800167900672,1.4967828334132e-05,3.0137871681165e-11,-6.7423893646352e-10,10.77487550465,0.038585611827533,-5.1070258837564e-15,0.99999999421986
109.55,128,0,109.55,0.00066800003904416,1.4967865035835e-05,3.0137871681165e-11,-6.7423893646352e-10,10.772946224047,0.038585611827533,-5.1070258837564e-15,0.99999999421986
109.6,128,0,109.6,0.0006679983990816,1.4967901737538e-05,3.0137871681165e-11,-6.7423893646352e-10,10.771016943445,0.038585611827533,-5.1070258837564e-15,0.99999999421986
109.65,128,0,109.65,0.00066799675911905,1.496793843924e-05,3.0137871681165e-11,-6.7423893646352e-10,10.769087662842,0.038585611827533,-5.1070258837564e-15,0.99999999421986
109.7,128,0,109.7,0.00066799511915649,1.4967975140943e-05,3.0137871681165e-11,-6.7423893646352e-10,10.76715838224,0.038585611827533,-5.1070258837564e-15,0.99999999421986
109.75,128,0,109.75,0.00066799347919393,1.4968011842645e-05,3.0137871681165e-11,-6.7423893646352e-10,10.765229101637,0.038585611827533,-5.1070258837564e-15,0.99999999421986
109.8,128,0,109.8,0.00066799183923138,1.4968048544348e-05,3.0137871681165e-11,-6.7423893646352e-10,10.763299821035,0.038585611827533,-5.1070258837564e-15,0.99999999421986
109.85,128,0,109.85,0.00066799019926882,1.4968085246051e-05,3.0137871681165e-11,-6.7423893646352e-10,10.761370540432,0.038585611827533,-5.1070258837564e-15,0.99999999421986
109.9,128,0,109.9,0.00066798855930627,1.4968121947753e-05,3.0137871681165e-11,-6.7423893646352e-10,10.75944125983,0.038585611827533,-5.1070258837564e-15,0.99999999421986
109.95,128,0,109.95,0.00066798691934371,1.4968158649456e-05,3.0137871681165e-11,-6.7423893646352e-10,10.757511979227,0.038585611827533,-5.1070258837564e-15,0.99999999421986
110,128,0,110,0.00066798527938115,1.4968195351159e-05,3.0137871681165e-11,-6.7423893646352e-10,10.755582698625,0.038585611827533,-5.1070258837564e-15,0.99999999421986
110.05,128,0,110.05,0.00066797943213241,1.4968326509095e-05,1.2795053384941e-10,-2.8704757355055e-09,10.753653418001,0.038585611827583,-2.9753976569977e-14,0.99999998353239
110.1,128,0,110.1,0.00066797358488368,1.4968457667031e-05,1.2795053384941e-10,-2.8704757355055e-09,10.751724137378,0.038585611827583,-2.9753976569977e-14,0.99999998353239
110.15,128,0,110.15,0.00066796773763494,1.4968588824967e-05,1.2795053384941e-10,-2.8704757355055e-09,10.749794856755,0.038585611827583,-2.9753976569977e-14,0.99999998353239
110.2,128,0,110.2,0.0006679618903862,1.4968719982903e-05,1.2795053384941e-10,-2.8704757355055e-09,10.747865576132,0.038585611827583,-2.9753976569977e-14,0.99999998353239
110.25,128,0,110.25,0.00066795604313746,1.4968851140839e-05,1.2795053384941e-10,-2.8704757355055e-09,10.745936295509,0.038585611827583,-2.9753976569977e-14,0.99999998353239
110.3,128,0,110.3,0.00066795019588872,1.4968982298775e-05,1.2795053384941e-10,-2.8704757355055e-09,10.744007014886,0.038585611827583,-2.9753976569977e-14,0.99999998353239
110.35,128,0,110.35,0.00066794434863998,1.4969113456711e-05,1.2795053384941e-10,-2.8704757355055e-09,10.742077734263,0.038585611827583,-2.9753976569977e-14,0.99999998353239
110.4,128,0,110.4,0.00066793850139124,1.4969244614647e-05,1.2795053384941e-10,-2.8704757355055e-09,10.740148453639,0.038585611827583,-2.9753976569977e-14,0.99999998353239
110.45,128,0,110.45,0.0006679326541425,1.4969375772583e-05,1.2795053384941e-10,-2.8704757355055e-09,10.738219173016,0.038585611827583,-2.9753976569977e-14,0.99999998353239
110.5,128,0,110.5,0.00066792680689376,1.4969506930519e-05,1.2795053384941e-10,-2.8704757355055e-09,10.736289892393,0.038585611827583,-2.9753976569977e-14,0.99999998353239
110.55,128,0,110.55,0.00066792095964502,1.4969638088455e-05,1.2795053384941e-10,-2.8704757355055e-09,10.73436061177,0.038585611827583,-2.9753976569977e-14,0.99999998353239
110.6,128,0,110.6,0.00066791511239628,1.4969769246391e-05,1.2795053384941e-10,-2.8704757355055e-09,10.732431331147,0.038585611827583,-2.9753976569977e-14,0.99999998353239
110.65,128,0,110.65,0.00066790926514755,1.4969900404327e-05,1.2795053384941e-10,-2.8704757355055e-09,10.730502050524,0.038585611827583,-2.9753976569977e-14,0.99999998353239
110.7,128,0,110.7,0.00066790341789881,1.4970031562263e-05,1.2795053384941e-10,-2.8704757355055e-09,10.7285727699,0.038585611827583,-2.9753976569977e-14,0.99999998353239
110.75,128,0,110.75,0.00066789757065007,1.4970162720199e-05,1.2795053384941e-10,-2.8704757355055e-09,10.726643489277,0.038585611827583,-2.9753976569977e-14,0.99999998353239
110.8,128,0,110.8,0.00066789172340133,1.4970293878135e-05,1.2795053384941e-10,-2.8704757355055e-09,10.724714208654,0.038585611827583,-2.9753976569977e-14,0.99999998353239
110.85,128,0,110.85,0.00066788587615259,1.4970425036071e-05,1.2795053384941e-10,-2.8704757355055e-09,10.722784928031,0.038585611827583,-2.9753976569977e-14,0.99999998353239
110.9,128,0,110.9,0.00066788002890385,1.4970556194007e-05,1.2795053384941e-10,-2.8704757355055e-09,10.720855647408,0.038585611827583,-2.9753976569977e-14,0.99999998353239
110.95,128,0,110.95,0.00066787418165511,1.4970687351943e-05,1.2795053384941e-10,-2.8704757355055e-09,10.718926366785,0.038585611827583,-2.9753976569977e-14,0.99999998353239
111,128,0,111,0.00066786833440637,1.4970818509879e-05,1.2795053384941e-10,-2.8704757355055e-09,10.716997086162,0.038585611827583,-2.9753976569977e-14,0.99999998353239
111.05,128,0,111.05,0.00066785107614417,1.4971204915436e-05,3.217636041764e-10,-7.2013527782976e-09,10.71506780548,0.038585611827562,2.2204459450754e-16,0.99999995308379
111.1,128,0,111.1,0.00066783381788196,1.4971591320992e-05,3.217636041764e-10,-7.2013527782976e-09,10.713138524798,0.038585611827562,2.2204459450754e-16,0.99999995308379
111.15,128,0,111.15,0.00066781655961975,1.4971977726548e-05,3.217636041764e-10,-7.2013527782976e-09,10.711209244116,0.038585611827562,2.2204459450754e-16,0.99999995308379
111.2,128,0,111.2,0.00066779930135754,1.4972364132105e-05,3.217636041764e-10,-7.2013527782976e-09,10.709279963434,0.038585611827562,2.2204459450754e-16,0.99999995308379
111.25,128,0,111.25,0.00066778204309534,1.4972750537661e-05,3.217636041764e-10,-7.2013527782976e-09,10.707350682752,0.038585611827562,2.2204459450754e-16,0.99999995308379
111.3,128,0,111.3,0.00066776478483313,1.4973136943218e-05,3.217636041764e-10,-7.2013527782976e-09,10.70542140207,0.038585611827562,2.2204459450754e-16,0.99999995308379
111.35,128,0,111.35,0.00066774752657092,1.4973523348774e-05,3.217636041764e-10,-7.2013527782976e-09,10.703492121388,0.038585611827562,2.2204459450754e-16,0.99999995308379
111.4,128,0,111.4,0.00066773026830872,1.4973909754331e-05,3.217636041764e-10,-7.2013527782976e-09,10.701562840706,0.038585611827562,2.2204459450754e-16,0.99999995308379
111.45,128,0,111.45,0.00066771301004651,1.4974296159887e-05,3.217636041764e-10,-7.2013527782976e-09,10.699633560025,0.038585611827562,2.2204459450754e-16,0.99999995308379
111.5,128,0,111.5,0.0006676957517843,1.4974682565443e-05,3.217636041764e-10,-7.2013527782976e-09,10.697704279343,0.038585611827562,2.2204459450754e-16,0.99999995308379
111.55,128,0,111.55,0.0006676784935221,1.4975068971e-05,3.217636041764e-10,-7.2013527782976e-09,10.695774998661,0.038585611827562,2.2204459450754e-16,0.99999995308379
111.6,128,0,111.6,0.00066766123525989,1.4975455376556e-05,3.217636041764e-10,-7.2013527782976e-09,10.693845717979,0.038585611827562,2.2204459450754e-16,0.99999995308379
111.65,128,0,111.65,0.00066764397699768,1.4975841782113e-05,3.217636041764e-10,-7.2013527782976e-09,10.691916437297,0.038585611827562,2.2204459450754e-16,0.99999995308379
111.7,128,0,111.7,0.00066762671873548,1.4976228187669e-05,3.217636041764e-10,-7.2013527782976e-09,10.689987156615,0.038585611827562,2.2204459450754e-16,0.99999995308379
111.75,128,0,111.75,0.00066760946047327,1.4976614593225e-05,3.217636041764e-10,-7.2013527782976e-09,10.688057875933,0.038585611827562,2.2204459450754e-16,0.99999995308379
111.8,128,0,111.8,0.00066759220221106,1.4977000998782e-05,3.217636041764e-10,-7.2013527782976e-09,10.686128595251,0.038585611827562,2.2204459450754e-16,0.99999995308379
111.85,128,0,111.85,0.00066757494394886,1.4977387404338e-05,3.217636041764e-10,-7.2013527782976e-09,10.684199314569,0.038585611827562,2.2204459450754e-16,0.99999995308379
111.9,128,0,111.9,0.00066755768568665,1.4977773809895e-05,3.217636041764e-10,-7.2013527782976e-09,10.682270033887,0.038585611827562,2.2204459450754e-16,0.99999995308379
111.95,128,0,111.95,0.00066754042742444,1.4978160215451e-05,3.217636041764e-10,-7.2013527782976e-09,10.680340753206,0.038585611827562,2.2204459450754e-16,0.99999995308379
112,128,0,112,0.00066752316916224,1.4978546621008e-05,3.217636041764e-10,-7.2013527782976e-09,10.678411472524,0.038585611827562,2.2204459450754e-16,0.99999995308379
112.05,128,0,112.05,0.00066747649885802,1.4979596649575e-05,9.5389025031012e-10,-2.1467790250669e-08,10.676482191674,0.038585611827557,1.5543120267192e-14,0.99999986633575
112.1,128,0,112.1,0.00066742982855381,1.4980646678143e-05,9.5389025031012e-10,-2.1467790250669e-08,10.674552910825,0.038585611827557,1.5543120267192e-14,0.99999986633575
112.15,128,0,112.15,0.00066738315824959,1.498169670671e-05,9.5389025031012e-10,-2.1467790250669e-08,10.672623629976,0.038585611827557,1.5543120267192e-14,0.99999986633575
112.2,128,0,112.2,0.00066733648794538,1.4982746735278e-05,9.5389025031012e-10,-2.1467790250669e-08,10.670694349127,0.038585611827557,1.5543120267192e-14,0.99999986633575
112.25,128,0,112.25,0.00066728981764116,1.4983796763846e-05,9.5389025031012e-10,-2.1467790250669e-08,10.668765068277,0.038585611827557,1.5543120267192e-14,0.99999986633575
112.3,128,0,112.3,0.00066724314733695,1.4984846792413e-05,9.5389025031012e-10,-2.1467790250669e-08,10.666835787428,0.038585611827557,1.5543120267192e-14,0.99999986633575
112.35,128,0,112.35,0.00066719647703273,1.4985896820981e-05,9.5389025031012e-10,-2.1467790250669e-08,10.664906506579,0.038585611827557,1.5543120267192e-14,0.99999986633575
112.4,128,0,112.4,0.00066714980672852,1.4986946849549e-05,9.5389025031012e-10,-2.1467790250669e-08,10.66297722573,0.038585611827557,1.5543120267192e-14,0.99999986633575
112.45,128,0,112.45,0.0006671031364243,1.4987996878116e-05,9.5389025031012e-10,-2.1467790250669e-08,10.66104794488,0.038585611827557,1.5543120267192e-14,0.99999986633575
112.5,128,0,112.5,0.00066705646612009,1.4989046906684e-05,9.5389025031012e-10,-2.1467790250669e-08,10.659118664031,0.038585611827557,1.5543120267192e-14,0.99999986633575
112.55,128,0,112.55,0.00066700979581587,1.4990096935252e-05,9.5389025031012e-10,-2.1467790250669e-08,10.657189383182,0.038585611827557,1.5543120267192e-14,0.99999986633575
112.6,128,0,112.6,0.00066696312551166,1.4991146963819e-05,9.5389025031012e-10,-2.1467790250669e-08,10.655260102333,0.038585611827557,1.5543120267192e-14,0.99999986633575
112.65,128,0,112.65,0.00066691645520744,1.4992196992387e-05,9.5389025031012e-10,-2.1467790250669e-08,10.653330821483,0.038585611827557,1.5543120267192e-14,0.99999986633575
112.7,128,0,112.7,0.00066686978490323,1.4993247020955e-05,9.5389025031012e-10,-2.1467790250669e-08,10.651401540634,0.038585611827557,1.5543120267192e-14,0.99999986633575
112.75,128,0,112.75,0.00066682311459901,1.4994297049522e-05,9.5389025031012e-10,-2.1467790250669e-08,10.649472259785,0.038585611827557,1.5543120267192e-14,0.99999986633575
112.8,128,0,112.8,0.0006667764442948,1.499534707809e-05,9.5389025031012e-10,-2.1467790250669e-08,10.647542978936,0.038585611827557,1.5543120267192e-14,0.99999986633575
112.85,128,0,112.85,0.00066672977399058,1.4996397106658e-05,9.5389025031012e-10,-2.1467790250669e-08,10.645613698086,0.038585611827557,1.5543120267192e-14,0.99999986633575
112.9,128,0,112.9,0.00066668310368637,1.4997447135225e-05,9.5389025031012e-10,-2.1467790250669e-08,10.643684417237,0.038585611827557,1.5543120267192e-14,0.99999986633575
112.95,128,0,112.95,0.00066663643338215,1.4998497163793e-05,9.5389025031012e-10,-2.1467790250669e-08,10.641755136388,0.038585611827557,1.5543120267192e-14,0.99999986633575
113,128,0,113,0.00066658976307794,1.499954719236e-05,9.5389025031012e-10,-2.1467790250669e-08,10.639825855539,0.038585611827557,1.5543120267192e-14,0.99999986633575
113.05,128,0,113.05,0.00066645481854163,1.5002584019085e-05,2.6783923723838e-09,-6.0249525215102e-08,10.637896574213,0.038585611827549,1.1435292798972e-14,0.99999961919073
113.1,128,0,113.1,0.00066631987400533,1.500562084581e-05,2.6783923723838e-09,-6.0249525215102e-08,10.635967292887,0.038585611827549,1.1435292798972e-14,0.99999961919073
113.15,128,0,113.15,0.00066618492946902,1.5008657672534e-05,2.6783923723838e-09,-6.0249525215102e-08,10.63403801156,0.038585611827549,1.1435292798972e-14,0.99999961919073
113.2,128,0,113.2,0.00066604998493272,1.5011694499259e-05,2.6783923723838e-09,-6.0249525215102e-08,10.632108730234,0.038585611827549,1.1435292798972e-14,0.99999961919073
113.25,128,0,113.25,0.00066591504039641,1.5014731325983e-05,2.6783923723838e-09,-6.0249525215102e-08,10.630179448908,0.038585611827549,1.1435292798972e-14,0.99999961919073
113.3,128,0,113.3,0.00066578009586011,1.5017768152708e-05,2.6783923723838e-09,-6.0249525215102e-08,10.628250167582,0.038585611827549,1.1435292798972e-14,0.99999961919073
113.35,128,0,113.35,0.0006656451513238,1.5020804979433e-05,2.6783923723838e-09,-6.0249525215102e-08,10.626320886256,0.038585611827549,1.1435292798972e-14,0.99999961919073
113.4,128,0,113.4,0.0006655102067875,1.5023841806157e-05,2.6783923723838e-09,-6.0249525215102e-08,10.62439160493,0.038585611827549,1.1435292798972e-14,0.99999961919073
113.45,128,0,113.45,0.00066537526225119,1.5026878632882e-05,2.6783923723838e-09,-6.0249525215102e-08,10.622462323604,0.038585611827549,1.1435292798972e-14,0.99999961919073
113.5,128,0,113.5,0.00066524031771489,1.5029915459606e-05,2.6783923723838e-09,-6.0249525215102e-08,10.620533042278,0.038585611827549,1.1435292798972e-14,0.99999961919073
113.55,128,0,113.55,0.00066510537317858,1.5032952286331e-05,2.6783923723838e-09,-6.0249525215102e-08,10.618603760952,0.038585611827549,1.1435292798972e-14,0.99999961919073
113.6,128,0,113.6,0.00066497042864228,1.5035989113056e-05,2.6783923723838e-09,-6.0249525215102e-08,10.616674479626,0.038585611827549,1.1435292798972e-14,0.99999961919073
113.65,128,0,113.65,0.00066483548410597,1.503902593978e-05,2.6783923723838e-09,-6.0249525215102e-08,10.6147451983,0.038585611827549,1.1435292798972e-14,0.99999961919073
113.7,128,0,113.7,0.00066470053956967,1.5042062766505e-05,2.6783923723838e-09,-6.0249525215102e-08,10.612815916974,0.038585611827549,1.1435292798972e-14,0.99999961919073
113.75,128,0,113.75,0.00066456559503336,1.5045099593229e-05,2.6783923723838e-09,-6.0249525215102e-08,10.610886635648,0.038585611827549,1.1435292798972e-14,0.99999961919073
113.8,128,0,113.8,0.00066443065049706,1.5048136419954e-05,2.6783923723838e-09,-6.0249525215102e-08,10.608957354322,0.038585611827549,1.1435292798972e-14,0.99999961919073
113.85,128,0,113.85,0.00066429570596075,1.5051173246678e-05,2.6783923723838e-09,-6.0249525215102e-08,10.607028072996,0.038585611827549,1.1435292798972e-14,0.99999961919073
113.9,128,0,113.9,0.00066416076142445,1.5054210073403e-05,2.6783923723838e-09,-6.0249525215102e-08,10.605098791669,0.038585611827549,1.1435292798972e-14,0.99999961919073
113.95,128,0,113.95,0.00066402581688814,1.5057246900128e-05,2.6783923723838e-09,-6.0249525215102e-08,10.603169510343,0.038585611827549,1.1435292798972e-14,0.99999961919073
114,128,0,114,0.00066389087235184,1.5060283726852e-05,2.6783923723838e-09,-6.0249525215102e-08,10.601240229017,0.038585611827549,1.1435292798972e-14,0.99999961919073
114.05,128,0,114.05,0.00066351643068934,1.5068870174881e-05,7.5358793378129e-09,-1.7289375387186e-07,10.599310946333,0.038585611827576,2.7311456774879e-14,0.99999891507554
114.1,128,0,114.1,0.00066314198902684,1.507745662291e-05,7.5358793378129e-09,-1.7289375387186e-07,10.597381663648,0.038585611827576,2.7311456774879e-14,0.99999891507554
114.15,128,0,114.15,0.00066276754736435,1.5086043070939e-05,7.5358793378129e-09,-1.7289375387186e-07,10.595452380964,0.038585611827576,2.7311456774879e-14,0.99999891507554
114.2,128,0,114.2,0.00066239310570185,1.5094629518968e-05,7.5358793378129e-09,-1.7289375387186e-07,10.593523098279,0.038585611827576,2.7311456774879e-14,0.99999891507554
114.25,128,0,114.25,0.00066201866403935,1.5103215966997e-05,7.5358793378129e-09,-1.7289375387186e-07,10.591593815595,0.038585611827576,2.7311456774879e-14,0.99999891507554
114.3,128,0,114.3,0.00066164422237685,1.5111802415026e-05,7.5358793378129e-09,-1.7289375387186e-07,10.58966453291,0.038585611827576,2.7311456774879e-14,0.99999891507554
114.35,128,0,114.35,0.00066126978071436,1.5120388863055e-05,7.5358793378129e-09,-1.7289375387186e-07,10.587735250226,0.038585611827576,2.7311456774879e-14,0.99999891507554
114.4,128,0,114.4,0.00066089533905186,1.5128975311084e-05,7.5358793378129e-09,-1.7289375387186e-07,10.585805967541,0.038585611827576,2.7311456774879e-14,0.99999891507554
114.45,128,0,114.45,0.00066052089738936,1.5137561759113e-05,7.5358793378129e-09,-1.7289375387186e-07,10.583876684857,0.038585611827576,2.7311456774879e-14,0.99999891507554
114.5,128,0,114.5,0.00066014645572687,1.5146148207142e-05,7.5358793378129e-09,-1.7289375387186e-07,10.581947402172,0.038585611827576,2.7311456774879e-14,0.99999891507554
114.55,128,0,114.55,0.00065977201406437,1.5154734655171e-05,7.5358793378129e-09,-1.7289375387186e-07,10.580018119488,0.038585611827576,2.7311456774879e-14,0.99999891507554
114.6,128,0,114.6,0.00065939757240187,1.51633211032e-05,7.5358793378129e-09,-1.7289375387186e-07,10.578088836803,0.038585611827576,2.7311456774879e-14,0.99999891507554
114.65,128,0,114.65,0.00065902313073937,1.5171907551229e-05,7.5358793378129e-09,-1.7289375387186e-07,10.576159554119,0.038585611827576,2.7311456774879e-14,0.99999891507554
114.7,128,0,114.7,0.00065864868907688,1.5180493999258e-05,7.5358793378129e-09,-1.7289375387186e-07,10.574230271434,0.038585611827576,2.7311456774879e-14,0.99999891507554
114.75,128,0,114.75,0.00065827424741438,1.5189080447287e-05,7.5358793378129e-09,-1.7289375387186e-07,10.57230098875,0.038585611827576,2.7311456774879e-14,0.99999891507554
114.8,128,0,114.8,0.00065789980575188,1.5197666895316e-05,7.5358793378129e-09,-1.7289375387186e-07,10.570371706065,0.038585611827576,2.7311456774879e-14,0.99999891507554
114.85,128,0,114.85,0.00065752536408938,1.5206253343345e-05,7.5358793378129e-09,-1.7289375387186e-07,10.568442423381,0.038585611827576,2.7311456774879e-14,0.99999891507554
114.9,128,0,114.9,0.00065715092242689,1.5214839791374e-05,7.5358793378129e-09,-1.7289375387186e-07,10.566513140696,0.038585611827576,2.7311456774879e-14,0.99999891507554
114.95,128,0,114.95,0.00065677648076439,1.5223426239403e-05,7.5358793378129e-09,-1.7289375387186e-07,10.564583858012,0.038585611827576,2.7311456774879e-14,0.99999891507554
115,128,0,115,0.00065640203910189,1.5232012687432e-05,7.5358793378129e-09,-1.7289375387186e-07,10.562654575327,0.038585611827576,2.7311456774879e-14,0.99999891507554
115.05,128,0,115.05,0.00065535253847518,1.5256789146036e-05,2.0898727634253e-08,-4.9310565009014e-07,10.560725288773,0.038585611827529,3.66372465687e-14,0.99999690905866
115.1,128,0,115.1,0.00065430303784846,1.528156560464e-05,2.0898727634253e-08,-4.9310565009014e-07,10.558796002218,0.038585611827529,3.66372465687e-14,0.99999690905866
115.15,128,0,115.15,0.00065325353722175,1.5306342063245e-05,2.0898727634253e-08,-4.9310565009014e-07,10.556866715663,0.038585611827529,3.66372465687e-14,0.99999690905866
115.2,128,0,115.2,0.00065220403659504,1.5331118521849e-05,2.0898727634253e-08,-4.9310565009014e-07,10.554937429108,0.038585611827529,3.66372465687e-14,0.99999690905866
115.25,128,0,115.25,0.00065115453596832,1.5355894980454e-05,2.0898727634253e-08,-4.9310565009014e-07,10.553008142554,0.038585611827529,3.66372465687e-14,0.99999690905866
115.3,128,0,115.3,0.00065010503534161,1.5380671439058e-05,2.0898727634253e-08,-4.9310565009014e-07,10.551078855999,0.038585611827529,3.66372465687e-14,0.99999690905866
115.35,128,0,115.35,0.00064905553471489,1.5405447897662e-05,2.0898727634253e-08,-4.9310565009014e-07,10.549149569444,0.038585611827529,3.66372465687e-14,0.99999690905866
115.4,128,0,115.4,0.00064800603408818,1.5430224356267e-05,2.0898727634253e-08,-4.9310565009014e-07,10.54722028289,0.038585611827529,3.66372465687e-14,0.99999690905866
115.45,128,0,115.45,0.00064695653346147,1.5455000814871e-05,2.0898727634253e-08,-4.9310565009014e-07,10.545290996335,0.038585611827529,3.66372465687e-14,0.99999690905866
115.5,128,0,115.5,0.00064590703283475,1.5479777273476e-05,2.0898727634253e-08,-4.9310565009014e-07,10.54336170978,0.038585611827529,3.66372465687e-14,0.99999690905866
115.55,128,0,115.55,0.00064485753220804,1.550455373208e-05,2.0898727634253e-08,-4.9310565009014e-07,10.541432423226,0.038585611827529,3.66372465687e-14,0.99999690905866
115.6,128,0,115.6,0.00064380803158133,1.5529330190684e-05,2.0898727634253e-08,-4.9310565009014e-07,10.539503136671,0.038585611827529,3.66372465687e-14,0.99999690905866
115.65,128,0,115.65,0.00064275853095461,1.5554106649289e-05,2.0898727634253e-08,-4.9310565009014e-07,10.537573850116,0.038585611827529,3.66372465687e-14,0.99999690905866
115.7,128,0,115.7,0.0006417090303279,1.5578883107893e-05,2.0898727634253e-08,-4.9310565009014e-07,10.535644563562,0.038585611827529,3.66372465687e-14,0.99999690905866
115.75,128,0,115.75,0.00064065952970118,1.5603659566498e-05,2.0898727634253e-08,-4.9310565009014e-07,10.533715277007,0.038585611827529,3.66372465687e-14,0.99999690905866
115.8,128,0,115.8,0.00063961002907447,1.5628436025102e-05,2.0898727634253e-08,-4.9310565009014e-07,10.531785990452,0.038585611827529,3.66372465687e-14,0.99999690905866
115.85,128,0,115.85,0.00063856052844776,1.5653212483707e-05,2.0898727634253e-08,-4.9310565009014e-07,10.529856703898,0.038585611827529,3.66372465687e-14,0.99999690905866
115.9,128,0,115.9,0.00063751102782104,1.5677988942311e-05,2.0898727634253e-08,-4.9310565009014e-07,10.527927417343,0.038585611827529,3.66372465687e-14,0.99999690905866
115.95,128,0,115.95,0.00063646152719433,1.5702765400915e-05,2.0898727634253e-08,-4.9310565009014e-07,10.525998130788,0.038585611827529,3.66372465687e-14,0.99999690905866
116,128,0,116,0.00063541202656761,1.572754185952e-05,2.0898727634253e-08,-4.9310565009014e-07,10.524068844233,0.038585611827529,3.66372465687e-14,0.99999690905866
116.05,128,0,116.05,0.00063273409049405,1.5798362104237e-05,5.369141084535e-08,-1.4205987699237e-06,10.522139546653,0.038585611827575,2.2204264959458e-14,0.99999119397451
116.1,128,0,116.1,0.00063005615442049,1.5869182348954e-05,5.369141084535e-08,-1.4205987699237e-06,10.520210249072,0.038585611827575,2.2204264959458e-14,0.99999119397451
116.15,128,0,116.15,0.00062737821834692,1.5940002593671e-05,5.369141084535e-08,-1.4205987699237e-06,10.518280951491,0.038585611827575,2.2204264959458e-14,0.99999119397451
116.2,128,0,116.2,0.00062470028227336,1.6010822838388e-05,5.369141084535e-08,-1.4205987699237e-06,10.51635165391,0.038585611827575,2.2204264959458e-14,0.99999119397451
116.25,128,0,116.25,0.0006220223461998,1.6081643083105e-05,5.369141084535e-08,-1.4205987699237e-06,10.514422356329,0.038585611827575,2.2204264959458e-14,0.99999119397451
116.3,128,0,116.3,0.00061934441012623,1.6152463327822e-05,5.369141084535e-08,-1.4205987699237e-06,10.512493058749,0.038585611827575,2.2204264959458e-14,0.99999119397451
116.35,128,0,116.35,0.00061666647405267,1.6223283572539e-05,5.369141084535e-08,-1.4205987699237e-06,10.510563761168,0.038585611827575,2.2204264959458e-14,0.99999119397451
116.4,128,0,116.4,0.00061398853797911,1.6294103817256e-05,5.369141084535e-08,-1.4205987699237e-06,10.508634463587,0.038585611827575,2.2204264959458e-14,0.99999119397451
116.45,128,0,116.45,0.00061131060190555,1.6364924061974e-05,5.369141084535e-08,-1.4205987699237e-06,10.506705166006,0.038585611827575,2.2204264959458e-14,0.99999119397451
116.5,128,0,116.5,0.00060863266583198,1.6435744306691e-05,5.369141084535e-08,-1.4205987699237e-06,10.504775868425,0.038585611827575,2.2204264959458e-14,0.99999119397451
116.55,128,0,116.55,0.00060595472975842,1.6506564551408e-05,5.369141084535e-08,-1.4205987699237e-06,10.502846570844,0.038585611827575,2.2204264959458e-14,0.99999119397451
116.6,128,0,116.6,0.00060327679368486,1.6577384796125e-05,5.369141084535e-08,-1.4205987699237e-06,10.500917273264,0.038585611827575,2.2204264959458e-14,0.99999119397451
116.65,128,0,116.65,0.00060059885761129,1.6648205040842e-05,5.369141084535e-08,-1.4205987699237e-06,10.498987975683,0.038585611827575,2.2204264959458e-14,0.99999119397451
116.7,128,0,116.7,0.00059792092153773,1.6719025285559e-05,5.369141084535e-08,-1.4205987699237e-06,10.497058678102,0.038585611827575,2.2204264959458e-14,0.99999119397451
116.75,128,0,116.75,0.00059524298546417,1.6789845530276e-05,5.369141084535e-08,-1.4205987699237e-06,10.495129380521,0.038585611827575,2.2204264959458e-14,0.99999119397451
116.8,128,0,116.8,0.0005925650493906,1.6860665774993e-05,5.369141084535e-08,-1.4205987699237e-06,10.49320008294,0.038585611827575,2.2204264959458e-14,0.99999119397451
116.85,128,0,116.85,0.00058988711331704,1.693148601971e-05,5.369141084535e-08,-1.4205987699237e-06,10.491270785359,0.038585611827575,2.2204264959458e-14,0.99999119397451
116.9,128,0,116.9,0.00058720917724348,1.7002306264427e-05,5.369141084535e-08,-1.4205987699237e-06,10.489341487779,0.038585611827575,2.2204264959458e-14,0.99999119397451
116.95,128,0,116.95,0.00058453124116992,1.7073126509144e-05,5.369141084535e-08,-1.4205987699237e-06,10.487412190198,0.038585611827575,2.2204264959458e-14,0.99999119397451
117,128,0,117,0.00058185330509635,1.7143946753862e-05,5.369141084535e-08,-1.4205987699237e-06,10.485482892617,0.038585611827575,2.2204264959458e-14,0.99999119397451
117.05,128,0,117.05,0.0005759042438927,1.7347017188983e-05,1.1881521015114e-07,-4.0542662380284e-06,10.483553563623,0.03858561182758,-1.0879912681032e-14,0.9999749121657
117.1,128,0,117.1,0.00056995518268905,1.7550087624103e-05,1.1881521015114e-07,-4.0542662380284e-06,10.481624234629,0.03858561182758,-1.0879912681032e-14,0.9999749121657
117.15,128,0,117.15,0.00056400612148541,1.7753158059224e-05,1.1881521015114e-07,-4.0542662380284e-06,10.479694905635,0.03858561182758,-1.0879912681032e-14,0.9999749121657
117.2,128,0,117.2,0.00055805706028176,1.7956228494345e-05,1.1881521015114e-07,-4.0542662380284e-06,10.477765576641,0.03858561182758,-1.0879912681032e-14,0.9999749121657
117.25,128,0,117.25,0.00055210799907811,1.8159298929466e-05,1.1881521015114e-07,-4.0542662380284e-06,10.475836247647,0.03858561182758,-1.0879912681032e-14,0.9999749121657
117.3,128,0,117.3,0.00054615893787446,1.8362369364587e-05,1.1881521015114e-07,-4.0542662380284e-06,10.473906918653,0.03858561182758,-1.0879912681032e-14,0.9999749121657
117.35,128,0,117.35,0.00054020987667081,1.8565439799708e-05,1.1881521015114e-07,-4.0542662380284e-06,10.471977589659,0.03858561182758,-1.0879912681032e-14,0.9999749121657
117.4,128,0,117.4,0.00053426081546716,1.8768510234829e-05,1.1881521015114e-07,-4.0542662380284e-06,10.470048260665,0.03858561182758,-1.0879912681032e-14,0.9999749121657
117.45,128,0,117.45,0.00052831175426351,1.8971580669949e-05,1.1881521015114e-07,-4.0542662380284e-06,10.46811893167,0.03858561182758,-1.0879912681032e-14,0.9999749121657
117.5,128,0,117.5,0.00052236269305986,1.917465110507e-05,1.1881521015114e-07,-4.0542662380284e-06,10.466189602676,0.03858561182758,-1.0879912681032e-14,0.9999749121657
117.55,128,0,117.55,0.00051641363185621,1.9377721540191e-05,1.1881521015114e-07,-4.0542662380284e-06,10.464260273682,0.03858561182758,-1.0879912681032e-14,0.9999749121657
117.6,128,0,117.6,0.00051046457065256,1.9580791975312e-05,1.1881521015114e-07,-4.0542662380284e-06,10.462330944688,0.03858561182758,-1.0879912681032e-14,0.9999749121657
117.65,128,0,117.65,0.00050451550944892,1.9783862410433e-05,1.1881521015114e-07,-4.0542662380284e-06,10.460401615694,0.03858561182758,-1.0879912681032e-14,0.9999749121657
117.7,128,0,117.7,0.00049856644824527,1.9986932845554e-05,1.1881521015114e-07,-4.0542662380284e-06,10.4584722867,0.03858561182758,-1.0879912681032e-14,0.9999749121657
117.75,128,0,117.75,0.00049261738704162,2.0190003280675e-05,1.1881521015114e-07,-4.0542662380284e-06,10.456542957706,0.03858561182758,-1.0879912681032e-14,0.9999749121657
117.8,128,0,117.8,0.00048666832583797,2.0393073715796e-05,1.1881521015114e-07,-4.0542662380284e-06,10.454613628712,0.03858561182758,-1.0879912681032e-14,0.9999749121657
117.85,128,0,117.85,0.00048071926463432,2.0596144150916e-05,1.1881521015114e-07,-4.0542662380284e-06,10.452684299718,0.03858561182758,-1.0879912681032e-14,0.9999749121657
117.9,128,0,117.9,0.00047477020343067,2.0799214586037e-05,1.1881521015114e-07,-4.0542662380284e-06,10.450754970724,0.03858561182758,-1.0879912681032e-14,0.9999749121657
117.95,128,0,117.95,0.00046882114222702,2.1002285021158e-05,1.1881521015114e-07,-4.0542662380284e-06,10.44882564173,0.03858561182758,-1.0879912681032e-14,0.9999749121657
118,128,0,118,0.00046287208102337,2.1205355456279e-05,1.1881521015114e-07,-4.0542662380284e-06,10.446896312736,0.03858561182758,-1.0879912681032e-14,0.9999749121657
118.05,128,0,118.05,0.0004548853841856,2.1737930553915e-05,1.5987641947759e-07,-1.0661278810114e-05,10.444966894247,0.038585611827513,7.5489769964197e-15,0.99992852906189
118.1,128,0,118.1,0.00044689868734784,2.2270505651551e-05,1.5987641947759e-07,-1.0661278810114e-05,10.443037475758,0.038585611827513,7.5489769964197e-15,0.99992852906189
118.15,128,0,118.15,0.00043891199051007,2.2803080749187e-05,1.5987641947759e-07,-1.0661278810114e-05,10.44110805727,0.038585611827513,7.5489769964197e-15,0.99992852906189
118.2,128,0,118.2,0.0004309252936723,2.3335655846823e-05,1.5987641947759e-07,-1.0661278810114e-05,10.439178638781,0.038585611827513,7.5489769964197e-15,0.99992852906189
118.25,128,0,118.25,0.00042293859683453,2.3868230944459e-05,1.5987641947759e-07,-1.0661278810114e-05,10.437249220292,0.038585611827513,7.5489769964197e-15,0.99992852906189
118.3,128,0,118.3,0.00041495189999676,2.4400806042095e-05,1.5987641947759e-07,-1.0661278810114e-05,10.435319801803,0.038585611827513,7.5489769964197e-15,0.99992852906189
118.35,128,0,118.35,0.00040696520315899,2.4933381139731e-05,1.5987641947759e-07,-1.0661278810114e-05,10.433390383315,0.038585611827513,7.5489769964197e-15,0.99992852906189
118.4,128,0,118.4,0.00039897850632123,2.5465956237367e-05,1.5987641947759e-07,-1.0661278810114e-05,10.431460964826,0.038585611827513,7.5489769964197e-15,0.99992852906189
118.45,128,0,118.45,0.00039099180948346,2.5998531335003e-05,1.5987641947759e-07,-1.0661278810114e-05,10.429531546337,0.038585611827513,7.5489769964197e-15,0.99992852906189
118.5,128,0,118.5,0.00038300511264569,2.6531106432639e-05,1.5987641947759e-07,-1.0661278810114e-05,10.427602127848,0.038585611827513,7.5489769964197e-15,0.99992852906189
118.55,128,0,118.55,0.00037501841580792,2.7063681530275e-05,1.5987641947759e-07,-1.0661278810114e-05,10.42567270936,0.038585611827513,7.5489769964197e-15,0.99992852906189
118.6,128,0,118.6,0.00036703171897015,2.7596256627911e-05,1.5987641947759e-07,-1.0661278810114e-05,10.423743290871,0.038585611827513,7.5489769964197e-15,0.99992852906189
118.65,128,0,118.65,0.00035904502213238,2.8128831725547e-05,1.5987641947759e-07,-1.0661278810114e-05,10.421813872382,0.038585611827513,7.5489769964197e-15,0.99992852906189
118.7,128,0,118.7,0.00035105832529462,2.8661406823183e-05,1.5987641947759e-07,-1.0661278810114e-05,10.419884453894,0.038585611827513,7.5489769964197e-15,0.99992852906189
118.75,128,0,118.75,0.00034307162845685,2.9193981920819e-05,1.5987641947759e-07,-1.0661278810114e-05,10.417955035405,0.038585611827513,7.5489769964197e-15,0.99992852906189
118.8,128,0,118.8,0.00033508493161908,2.9726557018455e-05,1.5987641947759e-07,-1.0661278810114e-05,10.416025616916,0.038585611827513,7.5489769964197e-15,0.99992852906189
118.85,128,0,118.85,0.00032709823478131,3.0259132116091e-05,1.5987641947759e-07,-1.0661278810114e-05,10.414096198427,0.038585611827513,7.5489769964197e-15,0.99992852906189
118.9,128,0,118.9,0.00031911153794354,3.0791707213727e-05,1.5987641947759e-07,-1.0661278810114e-05,10.412166779939,0.038585611827513,7.5489769964197e-15,0.99992852906189
118.95,128,0,118.95,0.00031112484110578,3.1324282311363e-05,1.5987641947759e-07,-1.0661278810114e-05,10.41023736145,0.038585611827513,7.5489769964197e-15,0.99992852906189
119,128,0,119,0.00030313814426801,3.1856857408999e-05,1.5987641947759e-07,-1.0661278810114e-05,10.408307942961,0.038585611827513,7.5489769964197e-15,0.99992852906189
119.05,128,0,119.05,0.00029777864148317,3.2746684195031e-05,1.0712209810375e-07,-1.7789380468778e-05,10.406378269516,0.038585611827609,5.6387847545683e-14,0.99979641415339
119.1,128,0,119.1,0.00029241913869833,3.3636510981063e-05,1.0712209810375e-07,-1.7789380468778e-05,10.40444859607,0.038585611827609,5.6387847545683e-14,0.99979641415339
119.15,128,0,119.15,0.0002870596359135,3.4526337767095e-05,1.0712209810375e-07,-1.7789380468778e-05,10.402518922624,0.038585611827609,5.6387847545683e-14,0.99979641415339
119.2,128,0,119.2,0.00028170013312866,3.5416164553126e-05,1.0712209810375e-07,-1.7789380468778e-05,10.400589249179,0.038585611827609,5.6387847545683e-14,0.99979641415339
119.25,128,0,119.25,0.00027634063034382,3.6305991339158e-05,1.0712209810375e-07,-1.7789380468778e-05,10.398659575733,0.038585611827609,5.6387847545683e-14,0.99979641415339
119.3,128,0,119.3,0.00027098112755898,3.719581812519e-05,1.0712209810375e-07,-1.7789380468778e-05,10.396729902288,0.038585611827609,5.6387847545683e-14,0.99979641415339
119.35,128,0,119.35,0.00026562162477415,3.8085644911222e-05,1.0712209810375e-07,-1.7789380468778e-05,10.394800228842,0.038585611827609,5.6387847545683e-14,0.99979641415339
119.4,128,0,119.4,0.00026026212198931,3.8975471697253e-05,1.0712209810375e-07,-1.7789380468778e-05,10.392870555397,0.038585611827609,5.6387847545683e-14,0.99979641415339
119.45,128,0,119.45,0.00025490261920448,3.9865298483285e-05,1.0712209810375e-07,-1.7789380468778e-05,10.390940881951,0.038585611827609,5.6387847545683e-14,0.99979641415339
119.5,128,0,119.5,0.00024954311641964,4.0755125269317e-05,1.0712209810375e-07,-1.7789380468778e-05,10.389011208505,0.038585611827609,5.6387847545683e-14,0.99979641415339
119.55,128,0,119.55,0.0002441836136348,4.1644952055349e-05,1.0712209810375e-07,-1.7789380468778e-05,10.38708153506,0.038585611827609,5.6387847545683e-14,0.99979641415339
119.6,128,0,119.6,0.00023882411084996,4.2534778841381e-05,1.0712209810375e-07,-1.7789380468778e-05,10.385151861614,0.038585611827609,5.6387847545683e-14,0.99979641415339
119.65,128,0,119.65,0.00023346460806513,4.3424605627412e-05,1.0712209810375e-07,-1.7789380468778e-05,10.383222188169,0.038585611827609,5.6387847545683e-14,0.99979641415339
119.7,128,0,119.7,0.00022810510528029,4.4314432413444e-05,1.0712209810375e-07,-1.7789380468778e-05,10.381292514723,0.038585611827609,5.6387847545683e-14,0.99979641415339
119.75,128,0,119.75,0.00022274560249545,4.5204259199476e-05,1.0712209810375e-07,-1.7789380468778e-05,10.379362841277,0.038585611827609,5.6387847545683e-14,0.99979641415339
119.8,128,0,119.8,0.00021738609971062,4.6094085985508e-05,1.0712209810375e-07,-1.7789380468778e-05,10.377433167832,0.038585611827609,5.6387847545683e-14,0.99979641415339
119.85,128,0,119.85,0.00021202659692578,4.698391277154e-05,1.0712209810375e-07,-1.7789380468778e-05,10.375503494386,0.038585611827609,5.6387847545683e-14,0.99979641415339
119.9,128,0,119.9,0.00020666709414094,4.7873739557571e-05,1.0712209810375e-07,-1.7789380468778e-05,10.373573820941,0.038585611827609,5.6387847545683e-14,0.99979641415339
119.95,128,0,119.95,0.00020130759135611,4.8763566343603e-05,1.0712209810375e-07,-1.7789380468778e-05,10.371644147495,0.038585611827609,5.6387847545683e-14,0.99979641415339
120,128,0,120,0.00019594808857127,4.9653393129635e-05,1.0712209810375e-07,-1.7789380468778e-05,10.36971447405,0.038585611827609,5.6387847545683e-14,0.99979641415339
120.05,128,0,120.05,0.00019320301058837,5.0670069368432e-05,5.4916561792438e-08,-2.0335751702119e-05,10.367784074341,0.038585611827552,1.8197102014981e-14,0.99942026651085
120.1,128,0,120.1,0.00019045793260547,5.168674560723e-05,5.4916561792438e-08,-2.0335751702119e-05,10.365853674632,0.038585611827552,1.8197102014981e-14,0.99942026651085
120.15,128,0,120.15,0.00018771285462258,5.2703421846027e-05,5.4916561792438e-08,-2.0335751702119e-05,10.363923274923,0.038585611827552,1.8197102014981e-14,0.99942026651085
120.2,128,0,120.2,0.00018496777663968,5.3720098084825e-05,5.4916561792438e-08,-2.0335751702119e-05,10.361992875215,0.038585611827552,1.8197102014981e-14,0.99942026651085
120.25,128,0,120.25,0.00018222269865678,5.4736774323622e-05,5.4916561792438e-08,-2.0335751702119e-05,10.360062475506,0.038585611827552,1.8197102014981e-14,0.99942026651085
120.3,128,0,120.3,0.00017947762067388,5.575345056242e-05,5.4916561792438e-08,-2.0335751702119e-05,10.358132075797,0.038585611827552,1.8197102014981e-14,0.99942026651085
120.35,128,0,120.35,0.00017673254269098,5.6770126801217e-05,5.4916561792438e-08,-2.0335751702119e-05,10.356201676088,0.038585611827552,1.8197102014981e-14,0.99942026651085
120.4,128,0,120.4,0.00017398746470809,5.7786803040014e-05,5.4916561792438e-08,-2.0335751702119e-05,10.35427127638,0.038585611827552,1.8197102014981e-14,0.99942026651085
120.45,128,0,120.45,0.00017124238672519,5.8803479278812e-05,5.4916561792438e-08,-2.0335751702119e-05,10.352340876671,0.038585611827552,1.8197102014981e-14,0.99942026651085
120.5,128,0,120.5,0.00016849730874229,5.9820155517609e-05,5.4916561792438e-08,-2.0335751702119e-05,10.350410476962,0.038585611827552,1.8197102014981e-14,0.99942026651085
120.55,128,0,120.55,0.00016575223075939,6.0836831756407e-05,5.4916561792438e-08,-2.0335751702119e-05,10.348480077253,0.038585611827552,1.8197102014981e-14,0.99942026651085
120.6,128,0,120.6,0.00016300715277649,6.1853507995204e-05,5.4916561792438e-08,-2.0335751702119e-05,10.346549677545,0.038585611827552,1.8197102014981e-14,0.99942026651085
120.65,128,0,120.65,0.00016026207479359,6.2870184234001e-05,5.4916561792438e-08,-2.0335751702119e-05,10.344619277836,0.038585611827552,1.8197102014981e-14,0.99942026651085
120.7,128,0,120.7,0.0001575169968107,6.3886860472799e-05,5.4916561792438e-08,-2.0335751702119e-05,10.342688878127,0.038585611827552,1.8197102014981e-14,0.99942026651085
120.75,128,0,120.75,0.0001547719188278,6.4903536711596e-05,5.4916561792438e-08,-2.0335751702119e-05,10.340758478419,0.038585611827552,1.8197102014981e-14,0.99942026651085
120.8,128,0,120.8,0.0001520268408449,6.5920212950394e-05,5.4916561792438e-08,-2.0335751702119e-05,10.33882807871,0.038585611827552,1.8197102014981e-14,0.99942026651085
120.85,128,0,120.85,0.000149281762862,6.6936889189191e-05,5.4916561792438e-08,-2.0335751702119e-05,10.336897679001,0.038585611827552,1.8197102014981e-14,0.99942026651085
120.9,128,0,120.9,0.0001465366848791,6.7953565427988e-05,5.4916561792438e-08,-2.0335751702119e-05,10.334967279292,0.038585611827552,1.8197102014981e-14,0.99942026651085
120.95,128,0,120.95,0.00014379160689621,6.8970241666786e-05,5.4916561792438e-08,-2.0335751702119e-05,10.333036879584,0.038585611827552,1.8197102014981e-14,0.99942026651085
121,128,0,121,0.00014104652891331,6.9986917905583e-05,5.4916561792438e-08,-2.0335751702119e-05,10.331106479875,0.038585611827552,1.8197102014981e-14,0.99942026651085
121.05,128,0,121.05,0.00013978452471588,7.077942189197e-05,2.5237029019786e-08,-1.5849648164698e-05,10.329174011926,0.038585611827618,-3.5468539337157e-14,0.99835062838874
121.1,128,0,121.1,0.00013852252051845,7.1571925878356e-05,2.5237029019786e-08,-1.5849648164698e-05,10.327241543977,0.038585611827618,-3.5468539337157e-14,0.99835062838874
121.15,128,0,121.15,0.00013726051632103,7.2364429864743e-05,2.5237029019786e-08,-1.5849648164698e-05,10.325309076027,0.038585611827618,-3.5468539337157e-14,0.99835062838874
121.2,128,0,121.2,0.0001359985121236,7.3156933851129e-05,2.5237029019786e-08,-1.5849648164698e-05,10.323376608078,0.038585611827618,-3.5468539337157e-14,0.99835062838874
121.25,128,0,121.25,0.00013473650792617,7.3949437837516e-05,2.5237029019786e-08,-1.5849648164698e-05,10.321444140129,0.038585611827618,-3.5468539337157e-14,0.99835062838874
121.3,128,0,121.3,0.00013347450372875,7.4741941823902e-05,2.5237029019786e-08,-1.5849648164698e-05,10.31951167218,0.038585611827618,-3.5468539337157e-14,0.99835062838874
121.35,128,0,121.35,0.00013221249953132,7.5534445810289e-05,2.5237029019786e-08,-1.5849648164698e-05,10.317579204231,0.038585611827618,-3.5468539337157e-14,0.99835062838874
121.4,128,0,121.4,0.00013095049533389,7.6326949796675e-05,2.5237029019786e-08,-1.5849648164698e-05,10.315646736282,0.038585611827618,-3.5468539337157e-14,0.99835062838874
121.45,128,0,121.45,0.00012968849113647,7.7119453783061e-05,2.5237029019786e-08,-1.5849648164698e-05,10.313714268332,0.038585611827618,-3.5468539337157e-14,0.99835062838874
121.5,128,0,121.5,0.00012842648693904,7.7911957769448e-05,2.5237029019786e-08,-1.5849648164698e-05,10.311781800383,0.038585611827618,-3.5468539337157e-14,0.99835062838874
121.55,128,0,121.55,0.00012716448274161,7.8704461755835e-05,2.5237029019786e-08,-1.5849648164698e-05,10.309849332434,0.038585611827618,-3.5468539337157e-14,0.99835062838874
121.6,128,0,121.6,0.00012590247854419,7.9496965742221e-05,2.5237029019786e-08,-1.5849648164698e-05,10.307916864485,0.038585611827618,-3.5468539337157e-14,0.99835062838874
121.65,128,0,121.65,0.00012464047434676,8.0289469728607e-05,2.5237029019786e-08,-1.5849648164698e-05,10.305984396536,0.038585611827618,-3.5468539337157e-14,0.99835062838874
121.7,128,0,121.7,0.00012337847014933,8.1081973714994e-05,2.5237029019786e-08,-1.5849648164698e-05,10.304051928587,0.038585611827618,-3.5468539337157e-14,0.99835062838874
121.75,128,0,121.75,0.00012211646595191,8.187447770138e-05,2.5237029019786e-08,-1.5849648164698e-05,10.302119460638,0.038585611827618,-3.5468539337157e-14,0.99835062838874
121.8,128,0,121.8,0.00012085446175448,8.2666981687767e-05,2.5237029019786e-08,-1.5849648164698e-05,10.300186992688,0.038585611827618,-3.5468539337157e-14,0.99835062838874
121.85,128,0,121.85,0.00011959245755705,8.3459485674153e-05,2.5237029019786e-08,-1.5849648164698e-05,10.298254524739,0.038585611827618,-3.5468539337157e-14,0.99835062838874
121.9,128,0,121.9,0.00011833045335963,8.425198966054e-05,2.5237029019786e-08,-1.5849648164698e-05,10.29632205679,0.038585611827618,-3.5468539337157e-14,0.99835062838874
121.95,128,0,121.95,0.0001170684491622,8.5044493646926e-05,2.5237029019786e-08,-1.5849648164698e-05,10.294389588841,0.038585611827618,-3.5468539337157e-14,0.99835062838874
122,128,0,122,0.00011580644496477,8.5836997633313e-05,2.5237029019786e-08,-1.5849648164698e-05,10.292457120892,0.038585611827618,-3.5468539337157e-14,0.99835062838874
122.05,128,0,122.05,0.00011529099151682,8.6247553428513e-05,1.0309667180053e-08,-8.2111221959235e-06,10.290518767689,0.038585611827559,-2.5084102467884e-14,0.99531942314789
122.1,128,0,122.1,0.00011477553806887,8.6658109223712e-05,1.0309667180053e-08,-8.2111221959235e-06,10.288580414487,0.038585611827559,-2.5084102467884e-14,0.99531942314789
122.15,128,0,122.15,0.00011426008462092,8.7068665018912e-05,1.0309667180053e-08,-8.2111221959235e-06,10.286642061284,0.038585611827559,-2.5084102467884e-14,0.99531942314789
122.2,128,0,122.2,0.00011374463117297,8.7479220814112e-05,1.0309667180053e-08,-8.2111221959235e-06,10.284703708082,0.038585611827559,-2.5084102467884e-14,0.99531942314789
122.25,128,0,122.25,0.00011322917772502,8.7889776609311e-05,1.0309667180053e-08,-8.2111221959235e-06,10.282765354879,0.038585611827559,-2.5084102467884e-14,0.99531942314789
122.3,128,0,122.3,0.00011271372427707,8.8300332404511e-05,1.0309667180053e-08,-8.2111221959235e-06,10.280827001677,0.038585611827559,-2.5084102467884e-14,0.99531942314789
122.35,128,0,122.35,0.00011219827082912,8.8710888199711e-05,1.0309667180053e-08,-8.2111221959235e-06,10.278888648474,0.038585611827559,-2.5084102467884e-14,0.99531942314789
122.4,128,0,122.4,0.00011168281738116,8.9121443994911e-05,1.0309667180053e-08,-8.2111221959235e-06,10.276950295272,0.038585611827559,-2.5084102467884e-14,0.99531942314789
122.45,128,0,122.45,0.00011116736393321,8.953199979011e-05,1.0309667180053e-08,-8.2111221959235e-06,10.275011942069,0.038585611827559,-2.5084102467884e-14,0.99531942314789
122.5,128,0,122.5,0.00011065191048526,8.994255558531e-05,1.0309667180053e-08,-8.2111221959235e-06,10.273073588867,0.038585611827559,-2.5084102467884e-14,0.99531942314789
122.55,128,0,122.55,0.00011013645703731,9.035311138051e-05,1.0309667180053e-08,-8.2111221959235e-06,10.271135235664,0.038585611827559,-2.5084102467884e-14,0.99531942314789
122.6,128,0,122.6,0.00010962100358936,9.0763667175709e-05,1.0309667180053e-08,-8.2111221959235e-06,10.269196882462,0.038585611827559,-2.5084102467884e-14,0.99531942314789
122.65,128,0,122.65,0.00010910555014141,9.1174222970909e-05,1.0309667180053e-08,-8.2111221959235e-06,10.267258529259,0.038585611827559,-2.5084102467884e-14,0.99531942314789
122.7,128,0,122.7,0.00010859009669346,9.1584778766109e-05,1.0309667180053e-08,-8.2111221959235e-06,10.265320176057,0.038585611827559,-2.5084102467884e-14,0.99531942314789
122.75,128,0,122.75,0.00010807464324551,9.1995334561308e-05,1.0309667180053e-08,-8.2111221959235e-06,10.263381822854,0.038585611827559,-2.5084102467884e-14,0.99531942314789
122.8,128,0,122.8,0.00010755918979756,9.2405890356508e-05,1.0309667180053e-08,-8.2111221959235e-06,10.261443469652,0.038585611827559,-2.5084102467884e-14,0.99531942314789
122.85,128,0,122.85,0.00010704373634961,9.2816446151708e-05,1.0309667180053e-08,-8.2111221959235e-06,10.259505116449,0.038585611827559,-2.5084102467884e-14,0.99531942314789
122.9,128,0,122.9,0.00010652828290165,9.3227001946908e-05,1.0309667180053e-08,-8.2111221959235e-06,10.257566763247,0.038585611827559,-2.5084102467884e-14,0.99531942314789
122.95,128,0,122.95,0.0001060128294537,9.3637557742107e-05,1.0309667180053e-08,-8.2111221959235e-06,10.255628410044,0.038585611827559,-2.5084102467884e-14,0.99531942314789
123,128,0,123,0.00010549737600575,9.4048113537307e-05,1.0309667180053e-08,-8.2111221959235e-06,10.253690056842,0.038585611827559,-2.5084102467884e-14,0.99531942314789
123.05,128,0,123.05,0.00010527875929856,9.4192094853933e-05,4.3722091450978e-09,-2.8796510904485e-06,10.251734994593,0.038585611827521,-2.8704258120781e-14,0.98681287157782
123.1,128,0,123.1,0.00010506014259136,9.4336076170558e-05,4.3722091450978e-09,-2.8796510904485e-06,10.249779932345,0.038585611827521,-2.8704258120781e-14,0.98681287157782
123.15,128,0,123.15,0.00010484152588416,9.4480057487184e-05,4.3722091450978e-09,-2.8796510904485e-06,10.247824870097,0.038585611827521,-2.8704258120781e-14,0.98681287157782
123.2,128,0,123.2,0.00010462290917697,9.462403880381e-05,4.3722091450978e-09,-2.8796510904485e-06,10.245869807848,0.038585611827521,-2.8704258120781e-14,0.98681287157782
123.25,128,0,123.25,0.00010440429246977,9.4768020120436e-05,4.3722091450978e-09,-2.8796510904485e-06,10.2439147456,0.038585611827521,-2.8704258120781e-14,0.98681287157782
123.3,128,0,123.3,0.00010418567576258,9.4912001437061e-05,4.3722091450978e-09,-2.8796510904485e-06,10.241959683352,0.038585611827521,-2.8704258120781e-14,0.98681287157782
123.35,128,0,123.35,0.00010396705905538,9.5055982753687e-05,4.3722091450978e-09,-2.8796510904485e-06,10.240004621103,0.038585611827521,-2.8704258120781e-14,0.98681287157782
123.4,128,0,123.4,0.00010374844234819,9.5199964070313e-05,4.3722091450978e-09,-2.8796510904485e-06,10.238049558855,0.038585611827521,-2.8704258120781e-14,0.98681287157782
123.45,128,0,123.45,0.00010352982564099,9.5343945386938e-05,4.3722091450978e-09,-2.8796510904485e-06,10.236094496607,0.038585611827521,-2.8704258120781e-14,0.98681287157782
123.5,128,0,123.5,0.00010331120893379,9.5487926703564e-05,4.3722091450978e-09,-2.8796510904485e-06,10.234139434358,0.038585611827521,-2.8704258120781e-14,0.98681287157782
123.55,128,0,123.55,0.0001030925922266,9.563190802019e-05,4.3722091450978e-09,-2.8796510904485e-06,10.23218437211,0.038585611827521,-2.8704258120781e-14,0.98681287157782
123.6,128,0,123.6,0.0001028739755194,9.5775889336816e-05,4.3722091450978e-09,-2.8796510904485e-06,10.230229309862,0.038585611827521,-2.8704258120781e-14,0.98681287157782
123.65,128,0,123.65,0.00010265535881221,9.5919870653441e-05,4.3722091450978e-09,-2.8796510904485e-06,10.228274247613,0.038585611827521,-2.8704258120781e-14,0.98681287157782
123.7,128,0,123.7,0.00010243674210501,9.6063851970067e-05,4.3722091450978e-09,-2.8796510904485e-06,10.226319185365,0.038585611827521,-2.8704258120781e-14,0.98681287157782
123.75,128,0,123.75,0.00010221812539781,9.6207833286693e-05,4.3722091450978e-09,-2.8796510904485e-06,10.224364123117,0.038585611827521,-2.8704258120781e-14,0.98681287157782
123.8,128,0,123.8,0.00010199950869062,9.6351814603318e-05,4.3722091450978e-09,-2.8796510904485e-06,10.222409060868,0.038585611827521,-2.8704258120781e-14,0.98681287157782
123.85,128,0,123.85,0.00010178089198342,9.6495795919944e-05,4.3722091450978e-09,-2.8796510904485e-06,10.22045399862,0.038585611827521,-2.8704258120781e-14,0.98681287157782
123.9,128,0,123.9,0.00010156227527623,9.663977723657e-05,4.3722091450978e-09,-2.8796510904485e-06,10.218498936372,0.038585611827521,-2.8704258120781e-14,0.98681287157782
123.95,128,0,123.95,0.00010134365856903,9.6783758553195e-05,4.3722091450978e-09,-2.8796510904485e-06,10.216543874124,0.038585611827521,-2.8704258120781e-14,0.98681287157782
124,128,0,124,0.00010112504186183,9.6927739869821e-05,4.3722091450978e-09,-2.8796510904485e-06,10.214588811875,0.038585611827521,-2.8704258120781e-14,0.98681287157782
124.05,128,0,124.05,0.00010097485758523,9.6910222952772e-05,3.0037133795062e-09,3.5035003067503e-07,10.212586614691,0.038585611827578,-4.9852242120323e-14,0.96358171260373
124.1,128,0,124.1,0.00010082467330863,9.6892706035723e-05,3.0037133795062e-09,3.5035003067503e-07,10.210584417508,0.038585611827578,-4.9852242120323e-14,0.96358171260373
124.15,128,0,124.15,0.00010067448903202,9.6875189118674e-05,3.0037133795062e-09,3.5035003067503e-07,10.208582220324,0.038585611827578,-4.9852242120323e-14,0.96358171260373
124.2,128,0,124.2,0.00010052430475542,9.6857672201625e-05,3.0037133795062e-09,3.5035003067503e-07,10.20658002314,0.038585611827578,-4.9852242120323e-14,0.96358171260373
124.25,128,0,124.25,0.00010037412047882,9.6840155284576e-05,3.0037133795062e-09,3.5035003067503e-07,10.204577825956,0.038585611827578,-4.9852242120323e-14,0.96358171260373
124.3,128,0,124.3,0.00010022393620221,9.6822638367527e-05,3.0037133795062e-09,3.5035003067503e-07,10.202575628772,0.038585611827578,-4.9852242120323e-14,0.96358171260373
124.35,128,0,124.35,0.00010007375192561,9.6805121450478e-05,3.0037133795062e-09,3.5035003067503e-07,10.200573431588,0.038585611827578,-4.9852242120323e-14,0.96358171260373
124.4,128,0,124.4,9.9923567649004e-05,9.6787604533429e-05,3.0037133795062e-09,3.5035003067503e-07,10.198571234404,0.038585611827578,-4.9852242120323e-14,0.96358171260373
124.45,128,0,124.45,9.97733833724e-05,9.677008761638e-05,3.0037133795062e-09,3.5035003067503e-07,10.196569037221,0.038585611827578,-4.9852242120323e-14,0.96358171260373
124.5,128,0,124.5,9.9623199095796e-05,9.6752570699331e-05,3.0037133795062e-09,3.5035003067503e-07,10.194566840037,0.038585611827578,-4.9852242120323e-14,0.96358171260373
124.55,128,0,124.55,9.9473014819192e-05,9.6735053782282e-05,3.0037133795062e-09,3.5035003067503e-07,10.192564642853,0.038585611827578,-4.9852242120323e-14,0.96358171260373
124.6,128,0,124.6,9.9322830542589e-05,9.6717536865233e-05,3.0037133795062e-09,3.5035003067503e-07,10.190562445669,0.038585611827578,-4.9852242120323e-14,0.96358171260373
124.65,128,0,124.65,9.9172646265985e-05,9.6700019948184e-05,3.0037133795062e-09,3.5035003067503e-07,10.188560248485,0.038585611827578,-4.9852242120323e-14,0.96358171260373
124.7,128,0,124.7,9.9022461989381e-05,9.6682503031135e-05,3.0037133795062e-09,3.5035003067503e-07,10.186558051301,0.038585611827578,-4.9852242120323e-14,0.96358171260373
124.75,128,0,124.75,9.8872277712777e-05,9.6664986114086e-05,3.0037133795062e-09,3.5035003067503e-07,10.184555854118,0.038585611827578,-4.9852242120323e-14,0.96358171260373
124.8,128,0,124.8,9.8722093436173e-05,9.6647469197037e-05,3.0037133795062e-09,3.5035003067503e-07,10.182553656934,0.038585611827578,-4.9852242120323e-14,0.96358171260373
124.85,128,0,124.85,9.8571909159569e-05,9.6629952279988e-05,3.0037133795062e-09,3.5035003067503e-07,10.18055145975,0.038585611827578,-4.9852242120323e-14,0.96358171260373
124.9,128,0,124.9,9.8421724882966e-05,9.6612435362939e-05,3.0037133795062e-09,3.5035003067503e-07,10.178549262566,0.038585611827578,-4.9852242120323e-14,0.96358171260373
124.95,128,0,124.95,9.8271540606362e-05,9.659491844589e-05,3.0037133795062e-09,3.5035003067503e-07,10.176547065382,0.038585611827578,-4.9852242120323e-14,0.96358171260373
125,128,0,125,9.8121356329758e-05,9.6577401528841e-05,3.0037133795062e-09,3.5035003067503e-07,10.174544868198,0.038585611827578,-4.9852242120323e-14,0.96358171260373
125.05,128,0,125.05,9.7898776008165e-05,9.6402037620492e-05,4.4515998159361e-09,3.5072742318352e-06,10.172412164858,0.038585611827559,-1.486404088689e-14,0.90461741891105
125.1,128,0,125.1,9.7676195686571e-05,9.6226673712143e-05,4.4515998159361e-09,3.5072742318352e-06,10.170279461517,0.038585611827559,-1.486404088689e-14,0.90461741891105
125.15,128,0,125.15,9.7453615364978e-05,9.6051309803794e-05,4.4515998159361e-09,3.5072742318352e-06,10.168146758176,0.038585611827559,-1.486404088689e-14,0.90461741891105
125.2,128,0,125.2,9.7231035043384e-05,9.5875945895445e-05,4.4515998159361e-09,3.5072742318352e-06,10.166014054835,0.038585611827559,-1.486404088689e-14,0.90461741891105
125.25,128,0,125.25,9.7008454721791e-05,9.5700581987096e-05,4.4515998159361e-09,3.5072742318352e-06,10.163881351495,0.038585611827559,-1.486404088689e-14,0.90461741891105
125.3,128,0,125.3,9.6785874400197e-05,9.5525218078747e-05,4.4515998159361e-09,3.5072742318352e-06,10.161748648154,0.038585611827559,-1.486404088689e-14,0.90461741891105
125.35,128,0,125.35,9.6563294078604e-05,9.5349854170398e-05,4.4515998159361e-09,3.5072742318352e-06,10.159615944813,0.038585611827559,-1.486404088689e-14,0.90461741891105
125.4,128,0,125.4,9.6340713757011e-05,9.5174490262048e-05,4.4515998159361e-09,3.5072742318352e-06,10.157483241473,0.038585611827559,-1.486404088689e-14,0.90461741891105
125.45,128,0,125.45,9.6118133435417e-05,9.4999126353699e-05,4.4515998159361e-09,3.5072742318352e-06,10.155350538132,0.038585611827559,-1.486404088689e-14,0.90461741891105
125.5,128,0,125.5,9.5895553113824e-05,9.482376244535e-05,4.4515998159361e-09,3.5072742318352e-06,10.153217834791,0.038585611827559,-1.486404088689e-14,0.90461741891105
125.55,128,0,125.55,9.567297279223e-05,9.4648398537001e-05,4.4515998159361e-09,3.5072742318352e-06,10.15108513145,0.038585611827559,-1.486404088689e-14,0.90461741891105
125.6,128,0,125.6,9.5450392470637e-05,9.4473034628652e-05,4.4515998159361e-09,3.5072742318352e-06,10.14895242811,0.038585611827559,-1.486404088689e-14,0.90461741891105
125.65,128,0,125.65,9.5227812149044e-05,9.4297670720303e-05,4.4515998159361e-09,3.5072742318352e-06,10.146819724769,0.038585611827559,-1.486404088689e-14,0.90461741891105
125.7,128,0,125.7,9.500523182745e-05,9.4122306811954e-05,4.4515998159361e-09,3.5072742318352e-06,10.144687021428,0.038585611827559,-1.486404088689e-14,0.90461741891105
125.75,128,0,125.75,9.4782651505857e-05,9.3946942903605e-05,4.4515998159361e-09,3.5072742318352e-06,10.142554318088,0.038585611827559,-1.486404088689e-14,0.90461741891105
125.8,128,0,125.8,9.4560071184263e-05,9.3771578995256e-05,4.4515998159361e-09,3.5072742318352e-06,10.140421614747,0.038585611827559,-1.486404088689e-14,0.90461741891105
125.85,128,0,125.85,9.433749086267e-05,9.3596215086907e-05,4.4515998159361e-09,3.5072742318352e-06,10.138288911406,0.038585611827559,-1.486404088689e-14,0.90461741891105
125.9,128,0,125.9,9.4114910541077e-05,9.3420851178558e-05,4.4515998159361e-09,3.5072742318352e-06,10.136156208065,0.038585611827559,-1.486404088689e-14,0.90461741891105
125.95,128,0,125.95,9.3892330219483e-05,9.3245487270209e-05,4.4515998159361e-09,3.5072742318352e-06,10.134023504725,0.038585611827559,-1.486404088689e-14,0.90461741891105
126,128,0,126,9.366974989789e-05,9.307012336186e-05,4.4515998159361e-09,3.5072742318352e-06,10.131890801384,0.038585611827559,-1.486404088689e-14,0.90461741891105
126.05,128,0,126.05,9.3302075089673e-05,9.2718914746238e-05,7.3534978082165e-09,7.024173481468e-06,10.129417018312,0.038585611827588,2.4243875389768e-14,0.77989077265269
126.1,128,0,126.1,9.2934400281456e-05,9.2367706130615e-05,7.3534978082165e-09,7.024173481468e-06,10.12694323524,0.038585611827588,2.4243875389768e-14,0.77989077265269
126.15,128,0,126.15,9.2566725473239e-05,9.2016497514993e-05,7.3534978082165e-09,7.024173481468e-06,10.124469452168,0.038585611827588,2.4243875389768e-14,0.77989077265269
126.2,128,0,126.2,9.2199050665023e-05,9.1665288899371e-05,7.3534978082165e-09,7.024173481468e-06,10.121995669096,0.038585611827588,2.4243875389768e-14,0.77989077265269
126.25,128,0,126.25,9.1831375856806e-05,9.1314080283749e-05,7.3534978082165e-09,7.024173481468e-06,10.119521886024,0.038585611827588,2.4243875389768e-14,0.77989077265269
126.3,128,0,126.3,9.1463701048589e-05,9.0962871668126e-05,7.3534978082165e-09,7.024173481468e-06,10.117048102952,0.038585611827588,2.4243875389768e-14,0.77989077265269
126.35,128,0,126.35,9.1096026240372e-05,9.0611663052504e-05,7.3534978082165e-09,7.024173481468e-06,10.11457431988,0.038585611827588,2.4243875389768e-14,0.77989077265269
126.4,128,0,126.4,9.0728351432156e-05,9.0260454436882e-05,7.3534978082165e-09,7.024173481468e-06,10.112100536808,0.038585611827588,2.4243875389768e-14,0.77989077265269
126.45,128,0,126.45,9.0360676623939e-05,8.990924582126e-05,7.3534978082165e-09,7.024173481468e-06,10.109626753736,0.038585611827588,2.4243875389768e-14,0.77989077265269
126.5,128,0,126.5,8.9993001815722e-05,8.9558037205637e-05,7.3534978082165e-09,7.024173481468e-06,10.107152970664,0.038585611827588,2.4243875389768e-14,0.77989077265269
126.55,128,0,126.55,8.9625327007505e-05,8.9206828590015e-05,7.3534978082165e-09,7.024173481468e-06,10.104679187592,0.038585611827588,2.4243875389768e-14,0.77989077265269
126.6,128,0,126.6,8.9257652199288e-05,8.8855619974393e-05,7.3534978082165e-09,7.024173481468e-06,10.10220540452,0.038585611827588,2.4243875389768e-14,0.77989077265269
126.65,128,0,126.65,8.8889977391072e-05,8.8504411358771e-05,7.3534978082165e-09,7.024173481468e-06,10.099731621448,0.038585611827588,2.4243875389768e-14,0.77989077265269
126.7,128,0,126.7,8.8522302582855e-05,8.8153202743148e-05,7.3534978082165e-09,7.024173481468e-06,10.097257838376,0.038585611827588,2.4243875389768e-14,0.77989077265269
126.75,128,0,126.75,8.8154627774638e-05,8.7801994127526e-05,7.3534978082165e-09,7.024173481468e-06,10.094784055304,0.038585611827588,2.4243875389768e-14,0.77989077265269
126.8,128,0,126.8,8.7786952966421e-05,8.7450785511904e-05,7.3534978082165e-09,7.024173481468e-06,10.092310272232,0.038585611827588,2.4243875389768e-14,0.77989077265269
126.85,128,0,126.85,8.7419278158205e-05,8.7099576896282e-05,7.3534978082165e-09,7.024173481468e-06,10.08983648916,0.038585611827588,2.4243875389768e-14,0.77989077265269
126.9,128,0,126.9,8.7051603349988e-05,8.6748368280659e-05,7.3534978082165e-09,7.024173481468e-06,10.087362706088,0.038585611827588,2.4243875389768e-14,0.77989077265269
126.95,128,0,126.95,8.6683928541771e-05,8.6397159665037e-05,7.3534978082165e-09,7.024173481468e-06,10.084888923016,0.038585611827588,2.4243875389768e-14,0.77989077265269
127,128,0,127,8.6316253733554e-05,8.6045951049415e-05,7.3534978082165e-09,7.024173481468e-06,10.082415139945,0.038585611827588,2.4243875389768e-14,0.77989077265269
127.05,128,0,127.05,8.596401449686e-05,8.569888446819e-05,7.0447843215908e-09,6.9413313070025e-06,10.079221051424,0.038585611827544,2.6287225111381e-14,0.60401600620519
127.1,128,0,127.1,8.5611775260167e-05,8.5351817886966e-05,7.0447843215908e-09,6.9413313070025e-06,10.076026962904,0.038585611827544,2.6287225111381e-14,0.60401600620519
127.15,128,0,127.15,8.5259536023473e-05,8.5004751305742e-05,7.0447843215908e-09,6.9413313070025e-06,10.072832874384,0.038585611827544,2.6287225111381e-14,0.60401600620519
127.2,128,0,127.2,8.4907296786779e-05,8.4657684724518e-05,7.0447843215908e-09,6.9413313070025e-06,10.069638785864,0.038585611827544,2.6287225111381e-14,0.60401600620519
127.25,128,0,127.25,8.4555057550085e-05,8.4310618143293e-05,7.0447843215908e-09,6.9413313070025e-06,10.066444697344,0.038585611827544,2.6287225111381e-14,0.60401600620519
127.3,128,0,127.3,8.4202818313391e-05,8.3963551562069e-05,7.0447843215908e-09,6.9413313070025e-06,10.063250608824,0.038585611827544,2.6287225111381e-14,0.60401600620519
127.35,128,0,127.35,8.3850579076697e-05,8.3616484980845e-05,7.0447843215908e-09,6.9413313070025e-06,10.060056520304,0.038585611827544,2.6287225111381e-14,0.60401600620519
127.4,128,0,127.4,8.3498339840004e-05,8.326941839962e-05,7.0447843215908e-09,6.9413313070025e-06,10.056862431784,0.038585611827544,2.6287225111381e-14,0.60401600620519
127.45,128,0,127.45,8.314610060331e-05,8.2922351818396e-05,7.0447843215908e-09,6.9413313070025e-06,10.053668343264,0.038585611827544,2.6287225111381e-14,0.60401600620519
127.5,128,0,127.5,8.2793861366616e-05,8.2575285237172e-05,7.0447843215908e-09,6.9413313070025e-06,10.050474254743,0.038585611827544,2.6287225111381e-14,0.60401600620519
127.55,128,0,127.55,8.2441622129922e-05,8.2228218655947e-05,7.0447843215908e-09,6.9413313070025e-06,10.047280166223,0.038585611827544,2.6287225111381e-14,0.60401600620519
127.6,128,0,127.6,8.2089382893228e-05,8.1881152074723e-05,7.0447843215908e-09,6.9413313070025e-06,10.044086077703,0.038585611827544,2.6287225111381e-14,0.60401600620519
127.65,128,0,127.65,8.1737143656534e-05,8.1534085493499e-05,7.0447843215908e-09,6.9413313070025e-06,10.040891989183,0.038585611827544,2.6287225111381e-14,0.60401600620519
127.7,128,0,127.7,8.138490441984e-05,8.1187018912274e-05,7.0447843215908e-09,6.9413313070025e-06,10.037697900663,0.038585611827544,2.6287225111381e-14,0.60401600620519
127.75,128,0,127.75,8.1032665183147e-05,8.083995233105e-05,7.0447843215908e-09,6.9413313070025e-06,10.034503812143,0.038585611827544,2.6287225111381e-14,0.60401600620519
127.8,128,0,127.8,8.0680425946453e-05,8.0492885749826e-05,7.0447843215908e-09,6.9413313070025e-06,10.031309723623,0.038585611827544,2.6287225111381e-14,0.60401600620519
127.85,128,0,127.85,8.0328186709759e-05,8.0145819168601e-05,7.0447843215908e-09,6.9413313070025e-06,10.028115635103,0.038585611827544,2.6287225111381e-14,0.60401600620519
127.9,128,0,127.9,7.9975947473065e-05,7.9798752587377e-05,7.0447843215908e-09,6.9413313070025e-06,10.024921546583,0.038585611827544,2.6287225111381e-14,0.60401600620519
127.95,128,0,127.95,7.9623708236371e-05,7.9451686006153e-05,7.0447843215908e-09,6.9413313070025e-06,10.021727458063,0.038585611827544,2.6287225111381e-14,0.60401600620519
128,128,0,128,7.9271468999677e-05,7.9104619424928e-05,7.0447843215908e-09,6.9413313070025e-06,10.018533369542,0.038585611827544,2.6287225111381e-14,0.60401600620519
128.05,128,0,128.05,7.9271468996608e-05,7.9104619422729e-05,1.3125577149687e-16,9.4677285556268e-14,10.014750752001,0.038585611827549,2.8879081006266e-14,0.51003850375931
128.1,128,0,128.1,7.9271468993539e-05,7.9104619420529e-05,1.3125577149687e-16,9.4677285556268e-14,10.010968134459,0.038585611827549,2.8879081006266e-14,0.51003850375931
128.15,128,0,128.15,7.927146899047e-05,7.910461941833e-05,1.3125577149687e-16,9.4677285556268e-14,10.007185516917,0.038585611827549,2.8879081006266e-14,0.51003850375931
128.2,128,0,128.2,7.9271468987401e-05,7.910461941613e-05,1.3125577149687e-16,9.4677285556268e-14,10.003402899375,0.038585611827549,2.8879081006266e-14,0.51003850375931
128.25,128,0,128.25,7.9271468984332e-05,7.9104619413931e-05,1.3125577149687e-16,9.4677285556268e-14,9.9996202818329,0.038585611827549,2.8879081006266e-14,0.51003850375931
128.3,128,0,128.3,7.9271468981262e-05,7.9104619411731e-05,1.3125577149687e-16,9.4677285556268e-14,9.9958376642909,0.038585611827549,2.8879081006266e-14,0.51003850375931
128.35,128,0,128.35,7.9271468978193e-05,7.9104619409532e-05,1.3125577149687e-16,9.4677285556268e-14,9.992055046749,0.038585611827549,2.8879081006266e-14,0.51003850375931
128.4,128,0,128.4,7.9271468975124e-05,7.9104619407332e-05,1.3125577149687e-16,9.4677285556268e-14,9.9882724292071,0.038585611827549,2.8879081006266e-14,0.51003850375931
128.45,128,0,128.45,7.9271468972055e-05,7.9104619405133e-05,1.3125577149687e-16,9.4677285556268e-14,9.9844898116652,0.038585611827549,2.8879081006266e-14,0.51003850375931
128.5,128,0,128.5,7.9271468968986e-05,7.9104619402933e-05,1.3125577149687e-16,9.4677285556268e-14,9.9807071941232,0.038585611827549,2.8879081006266e-14,0.51003850375931
128.55,128,0,128.55,7.9271468965917e-05,7.9104619400734e-05,1.3125577149687e-16,9.4677285556268e-14,9.9769245765813,0.038585611827549,2.8879081006266e-14,0.51003850375931
128.6,128,0,128.6,7.9271468962847e-05,7.9104619398534e-05,1.3125577149687e-16,9.4677285556268e-14,9.9731419590394,0.038585611827549,2.8879081006266e-14,0.51003850375931
128.65,128,0,128.65,7.9271468959778e-05,7.9104619396335e-05,1.3125577149687e-16,9.4677285556268e-14,9.9693593414974,0.038585611827549,2.8879081006266e-14,0.51003850375931
128.7,128,0,128.7,7.9271468956709e-05,7.9104619394135e-05,1.3125577149687e-16,9.4677285556268e-14,9.9655767239555,0.038585611827549,2.8879081006266e-14,0.51003850375931
128.75,128,0,128.75,7.927146895364e-05,7.9104619391936e-05,1.3125577149687e-16,9.4677285556268e-14,9.9617941064136,0.038585611827549,2.8879081006266e-14,0.51003850375931
128.8,128,0,128.8,7.9271468950571e-05,7.9104619389736e-05,1.3125577149687e-16,9.4677285556268e-14,9.9580114888717,0.038585611827549,2.8879081006266e-14,0.51003850375931
128.85,128,0,128.85,7.9271468947502e-05,7.9104619387537e-05,1.3125577149687e-16,9.4677285556268e-14,9.9542288713297,0.038585611827549,2.8879081006266e-14,0.51003850375931
128.9,128,0,128.9,7.9271468944433e-05,7.9104619385337e-05,1.3125577149687e-16,9.4677285556268e-14,9.9504462537878,0.038585611827549,2.8879081006266e-14,0.51003850375931
128.95,128,0,128.95,7.9271468941363e-05,7.9104619383138e-05,1.3125577149687e-16,9.4677285556268e-14,9.9466636362459,0.038585611827549,2.8879081006266e-14,0.51003850375931
129,128,0,129,7.9271468938294e-05,7.9104619380938e-05,1.3125577149687e-16,9.4677285556268e-14,9.942881018704,0.038585611827549,2.8879081006266e-14,0.51003850375931
129.05,128,0,129.05,7.9623708185343e-05,7.9451685968603e-05,-7.0447848131937e-09,-6.9413316352871e-06,9.939686930182,0.038585611827581,4.1643792817523e-14,0.60401600584634
129.1,128,0,129.1,7.9975947432392e-05,7.9798752556266e-05,-7.0447848131937e-09,-6.9413316352871e-06,9.93649284166,0.038585611827581,4.1643792817523e-14,0.60401600584634
129.15,128,0,129.15,8.0328186679441e-05,8.0145819143931e-05,-7.0447848131937e-09,-6.9413316352871e-06,9.933298753138,0.038585611827581,4.1643792817523e-14,0.60401600584634
129.2,128,0,129.2,8.068042592649e-05,8.0492885731595e-05,-7.0447848131937e-09,-6.9413316352871e-06,9.930104664616,0.038585611827581,4.1643792817523e-14,0.60401600584634
129.25,128,0,129.25,8.1032665173539e-05,8.0839952319258e-05,-7.0447848131937e-09,-6.9413316352871e-06,9.926910576094,0.038585611827581,4.1643792817523e-14,0.60401600584634
129.3,128,0,129.3,8.1384904420588e-05,8.1187018906923e-05,-7.0447848131937e-09,-6.9413316352871e-06,9.923716487572,0.038585611827581,4.1643792817523e-14,0.60401600584634
129.35,128,0,129.35,8.1737143667636e-05,8.1534085494586e-05,-7.0447848131937e-09,-6.9413316352871e-06,9.92052239905,0.038585611827581,4.1643792817523e-14,0.60401600584634
129.4,128,0,129.4,8.2089382914685e-05,8.1881152082251e-05,-7.0447848131937e-09,-6.9413316352871e-06,9.917328310528,0.038585611827581,4.1643792817523e-14,0.60401600584634
129.45,128,0,129.45,8.2441622161734e-05,8.2228218669915e-05,-7.0447848131937e-09,-6.9413316352871e-06,9.914134222006,0.038585611827581,4.1643792817523e-14,0.60401600584634
129.5,128,0,129.5,8.2793861408783e-05,8.2575285257578e-05,-7.0447848131937e-09,-6.9413316352871e-06,9.910940133484,0.038585611827581,4.1643792817523e-14,0.60401600584634
129.55,128,0,129.55,8.3146100655832e-05,8.2922351845243e-05,-7.0447848131937e-09,-6.9413316352871e-06,9.9077460449619,0.038585611827581,4.1643792817523e-14,0.60401600584634
129.6,128,0,129.6,8.3498339902881e-05,8.3269418432906e-05,-7.0447848131937e-09,-6.9413316352871e-06,9.9045519564399,0.038585611827581,4.1643792817523e-14,0.60401600584634
129.65,128,0,129.65,8.385057914993e-05,8.3616485020571e-05,-7.0447848131937e-09,-6.9413316352871e-06,9.9013578679179,0.038585611827581,4.1643792817523e-14,0.60401600584634
129.7,128,0,129.7,8.4202818396979e-05,8.3963551608235e-05,-7.0447848131937e-09,-6.9413316352871e-06,9.8981637793959,0.038585611827581,4.1643792817523e-14,0.60401600584634
129.75,128,0,129.75,8.4555057644027e-05,8.4310618195898e-05,-7.0447848131937e-09,-6.9413316352871e-06,9.8949696908739,0.038585611827581,4.1643792817523e-14,0.60401600584634
129.8,128,0,129.8,8.4907296891076e-05,8.4657684783563e-05,-7.0447848131937e-09,-6.9413316352871e-06,9.8917756023519,0.038585611827581,4.1643792817523e-14,0.60401600584634
129.85,128,0,129.85,8.5259536138125e-05,8.5004751371226e-05,-7.0447848131937e-09,-6.9413316352871e-06,9.8885815138299,0.038585611827581,4.1643792817523e-14,0.60401600584634
129.9,128,0,129.9,8.5611775385174e-05,8.5351817958891e-05,-7.0447848131937e-09,-6.9413316352871e-06,9.8853874253079,0.038585611827581,4.1643792817523e-14,0.60401600584634
129.95,128,0,129.95,8.5964014632223e-05,8.5698884546555e-05,-7.0447848131937e-09,-6.9413316352871e-06,9.8821933367859,0.038585611827581,4.1643792817523e-14,0.60401600584634
130,128,0,130,8.6316253879272e-05,8.6045951134218e-05,-7.0447848131937e-09,-6.9413316352871e-06,9.8789992482639,0.038585611827581,4.1643792817523e-14,0.60401600584634
130.05,128,0,130.05,8.6683928647387e-05,8.6397159728612e-05,-7.3534959584985e-09,-7.0241724021948e-06,9.8765254651908,0.038585611827561,2.2771925802265e-14,0.77989077230106
130.1,128,0,130.1,8.7051603415502e-05,8.6748368323005e-05,-7.3534959584985e-09,-7.0241724021948e-06,9.8740516821178,0.038585611827561,2.2771925802265e-14,0.77989077230106
130.15,128,0,130.15,8.7419278183618e-05,8.7099576917399e-05,-7.3534959584985e-09,-7.0241724021948e-06,9.8715778990447,0.038585611827561,2.2771925802265e-14,0.77989077230106
130.2,128,0,130.2,8.7786952951733e-05,8.7450785511792e-05,-7.3534959584985e-09,-7.0241724021948e-06,9.8691041159716,0.038585611827561,2.2771925802265e-14,0.77989077230106
130.25,128,0,130.25,8.8154627719848e-05,8.7801994106185e-05,-7.3534959584985e-09,-7.0241724021948e-06,9.8666303328985,0.038585611827561,2.2771925802265e-14,0.77989077230106
130.3,128,0,130.3,8.8522302487964e-05,8.8153202700579e-05,-7.3534959584985e-09,-7.0241724021948e-06,9.8641565498254,0.038585611827561,2.2771925802265e-14,0.77989077230106
130.35,128,0,130.35,8.8889977256079e-05,8.8504411294972e-05,-7.3534959584985e-09,-7.0241724021948e-06,9.8616827667523,0.038585611827561,2.2771925802265e-14,0.77989077230106
130.4,128,0,130.4,8.9257652024194e-05,8.8855619889366e-05,-7.3534959584985e-09,-7.0241724021948e-06,9.8592089836792,0.038585611827561,2.2771925802265e-14,0.77989077230106
130.45,128,0,130.45,8.962532679231e-05,8.9206828483759e-05,-7.3534959584985e-09,-7.0241724021948e-06,9.8567352006061,0.038585611827561,2.2771925802265e-14,0.77989077230106
130.5,128,0,130.5,8.9993001560425e-05,8.9558037078152e-05,-7.3534959584985e-09,-7.0241724021948e-06,9.854261417533,0.038585611827561,2.2771925802265e-14,0.77989077230106
130.55,128,0,130.55,9.036067632854e-05,8.9909245672546e-05,-7.3534959584985e-09,-7.0241724021948e-06,9.85178763446,0.038585611827561,2.2771925802265e-14,0.77989077230106
130.6,128,0,130.6,9.0728351096656e-05,9.0260454266939e-05,-7.3534959584985e-09,-7.0241724021948e-06,9.8493138513869,0.038585611827561,2.2771925802265e-14,0.77989077230106
130.65,128,0,130.65,9.1096025864771e-05,9.0611662861333e-05,-7.3534959584985e-09,-7.0241724021948e-06,9.8468400683138,0.038585611827561,2.2771925802265e-14,0.77989077230106
130.7,128,0,130.7,9.1463700632886e-05,9.0962871455726e-05,-7.3534959584985e-09,-7.0241724021948e-06,9.8443662852407,0.038585611827561,2.2771925802265e-14,0.77989077230106
130.75,128,0,130.75,9.1831375401002e-05,9.1314080050119e-05,-7.3534959584985e-09,-7.0241724021948e-06,9.8418925021676,0.038585611827561,2.2771925802265e-14,0.77989077230106
130.8,128,0,130.8,9.2199050169117e-05,9.1665288644513e-05,-7.3534959584985e-09,-7.0241724021948e-06,9.8394187190945,0.038585611827561,2.2771925802265e-14,0.77989077230106
130.85,128,0,130.85,9.2566724937232e-05,9.2016497238906e-05,-7.3534959584985e-09,-7.0241724021948e-06,9.8369449360214,0.038585611827561,2.2771925802265e-14,0.77989077230106
130.9,128,0,130.9,9.2934399705348e-05,9.2367705833299e-05,-7.3534959584985e-09,-7.0241724021948e-06,9.8344711529483,0.038585611827561,2.2771925802265e-14,0.77989077230106
130.95,128,0,130.95,9.3302074473463e-05,9.2718914427693e-05,-7.3534959584985e-09,-7.0241724021948e-06,9.8319973698752,0.038585611827561,2.2771925802265e-14,0.77989077230106
131,128,0,131,9.3669749241578e-05,9.3070123022086e-05,-7.3534959584985e-09,-7.0241724021948e-06,9.8295235868022,0.038585611827561,2.2771925802265e-14,0.77989077230106
131.05,128,0,131.05,9.3892329732897e-05,9.3245486992107e-05,-4.451607483253e-09,-3.5072775349419e-06,9.827390883461,0.038585611827555,-1.2754954001613e-14,0.90461741872112
131.1,128,0,131.1,9.4114910224215e-05,9.3420850962128e-05,-4.451607483253e-09,-3.5072775349419e-06,9.8252581801198,0.038585611827555,-1.2754954001613e-14,0.90461741872112
131.15,128,0,131.15,9.4337490715534e-05,9.3596214932148e-05,-4.451607483253e-09,-3.5072775349419e-06,9.8231254767787,0.038585611827555,-1.2754954001613e-14,0.90461741872112
131.2,128,0,131.2,9.4560071206853e-05,9.3771578902169e-05,-4.451607483253e-09,-3.5072775349419e-06,9.8209927734375,0.038585611827555,-1.2754954001613e-14,0.90461741872112
131.25,128,0,131.25,9.4782651698171e-05,9.394694287219e-05,-4.451607483253e-09,-3.5072775349419e-06,9.8188600700964,0.038585611827555,-1.2754954001613e-14,0.90461741872112
131.3,128,0,131.3,9.500523218949e-05,9.4122306842211e-05,-4.451607483253e-09,-3.5072775349419e-06,9.8167273667552,0.038585611827555,-1.2754954001613e-14,0.90461741872112
131.35,128,0,131.35,9.5227812680809e-05,9.4297670812231e-05,-4.451607483253e-09,-3.5072775349419e-06,9.814594663414,0.038585611827555,-1.2754954001613e-14,0.90461741872112
131.4,128,0,131.4,9.5450393172127e-05,9.4473034782252e-05,-4.451607483253e-09,-3.5072775349419e-06,9.8124619600729,0.038585611827555,-1.2754954001613e-14,0.90461741872112
131.45,128,0,131.45,9.5672973663446e-05,9.4648398752273e-05,-4.451607483253e-09,-3.5072775349419e-06,9.8103292567317,0.038585611827555,-1.2754954001613e-14,0.90461741872112
131.5,128,0,131.5,9.5895554154764e-05,9.4823762722294e-05,-4.451607483253e-09,-3.5072775349419e-06,9.8081965533906,0.038585611827555,-1.2754954001613e-14,0.90461741872112
131.55,128,0,131.55,9.6118134646083e-05,9.4999126692315e-05,-4.451607483253e-09,-3.5072775349419e-06,9.8060638500494,0.038585611827555,-1.2754954001613e-14,0.90461741872112
131.6,128,0,131.6,9.6340715137402e-05,9.5174490662335e-05,-4.451607483253e-09,-3.5072775349419e-06,9.8039311467082,0.038585611827555,-1.2754954001613e-14,0.90461741872112
131.65,128,0,131.65,9.656329562872e-05,9.5349854632356e-05,-4.451607483253e-09,-3.5072775349419e-06,9.8017984433671,0.038585611827555,-1.2754954001613e-14,0.90461741872112
131.7,128,0,131.7,9.6785876120039e-05,9.5525218602377e-05,-4.451607483253e-09,-3.5072775349419e-06,9.7996657400259,0.038585611827555,-1.2754954001613e-14,0.90461741872112
131.75,128,0,131.75,9.7008456611357e-05,9.5700582572398e-05,-4.451607483253e-09,-3.5072775349419e-06,9.7975330366848,0.038585611827555,-1.2754954001613e-14,0.90461741872112
131.8,128,0,131.8,9.7231037102676e-05,9.5875946542418e-05,-4.451607483253e-09,-3.5072775349419e-06,9.7954003333436,0.038585611827555,-1.2754954001613e-14,0.90461741872112
131.85,128,0,131.85,9.7453617593995e-05,9.6051310512439e-05,-4.451607483253e-09,-3.5072775349419e-06,9.7932676300025,0.038585611827555,-1.2754954001613e-14,0.90461741872112
131.9,128,0,131.9,9.7676198085313e-05,9.622667448246e-05,-4.451607483253e-09,-3.5072775349419e-06,9.7911349266613,0.038585611827555,-1.2754954001613e-14,0.90461741872112
131.95,128,0,131.95,9.7898778576632e-05,9.6402038452481e-05,-4.451607483253e-09,-3.5072775349419e-06,9.7890022233201,0.038585611827555,-1.2754954001613e-14,0.90461741872112
132,128,0,132,9.812135906795e-05,9.6577402422501e-05,-4.451607483253e-09,-3.5072775349419e-06,9.786869519979,0.038585611827555,-1.2754954001613e-14,0.90461741872112
132.05,128,0,132.05,9.827154256397e-05,9.6594919252806e-05,-3.0036792471993e-09,-3.5034304254254e-07,9.784867322795,0.03858561182758,-3.3591424945276e-14,0.96358171252478
132.1,128,0,132.1,9.842172605999e-05,9.661243608311e-05,-3.0036792471993e-09,-3.5034304254254e-07,9.782865125611,0.03858561182758,-3.3591424945276e-14,0.96358171252478
132.15,128,0,132.15,9.8571909556009e-05,9.6629952913414e-05,-3.0036792471993e-09,-3.5034304254254e-07,9.7808629284269,0.03858561182758,-3.3591424945276e-14,0.96358171252478
132.2,128,0,132.2,9.8722093052029e-05,9.6647469743718e-05,-3.0036792471993e-09,-3.5034304254254e-07,9.7788607312429,0.03858561182758,-3.3591424945276e-14,0.96358171252478
132.25,128,0,132.25,9.8872276548049e-05,9.6664986574022e-05,-3.0036792471993e-09,-3.5034304254254e-07,9.7768585340589,0.03858561182758,-3.3591424945276e-14,0.96358171252478
132.3,128,0,132.3,9.9022460044068e-05,9.6682503404327e-05,-3.0036792471993e-09,-3.5034304254254e-07,9.7748563368749,0.03858561182758,-3.3591424945276e-14,0.96358171252478
132.35,128,0,132.35,9.9172643540088e-05,9.6700020234631e-05,-3.0036792471993e-09,-3.5034304254254e-07,9.7728541396909,0.03858561182758,-3.3591424945276e-14,0.96358171252478
132.4,128,0,132.4,9.9322827036107e-05,9.6717537064935e-05,-3.0036792471993e-09,-3.5034304254254e-07,9.7708519425069,0.03858561182758,-3.3591424945276e-14,0.96358171252478
132.45,128,0,132.45,9.9473010532127e-05,9.6735053895239e-05,-3.0036792471993e-09,-3.5034304254254e-07,9.7688497453229,0.03858561182758,-3.3591424945276e-14,0.96358171252478
132.5,128,0,132.5,9.9623194028147e-05,9.6752570725544e-05,-3.0036792471993e-09,-3.5034304254254e-07,9.7668475481389,0.03858561182758,-3.3591424945276e-14,0.96358171252478
132.55,128,0,132.55,9.9773377524166e-05,9.6770087555848e-05,-3.0036792471993e-09,-3.5034304254254e-07,9.7648453509549,0.03858561182758,-3.3591424945276e-14,0.96358171252478
132.6,128,0,132.6,9.9923561020186e-05,9.6787604386152e-05,-3.0036792471993e-09,-3.5034304254254e-07,9.7628431537709,0.03858561182758,-3.3591424945276e-14,0.96358171252478
132.65,128,0,132.65,0.00010007374451621,9.6805121216456e-05,-3.0036792471993e-09,-3.5034304254254e-07,9.7608409565869,0.03858561182758,-3.3591424945276e-14,0.96358171252478
132.7,128,0,132.7,0.00010022392801223,9.6822638046761e-05,-3.0036792471993e-09,-3.5034304254254e-07,9.7588387594029,0.03858561182758,-3.3591424945276e-14,0.96358171252478
132.75,128,0,132.75,0.00010037411150824,9.6840154877065e-05,-3.0036792471993e-09,-3.5034304254254e-07,9.7568365622189,0.03858561182758,-3.3591424945276e-14,0.96358171252478
132.8,128,0,132.8,0.00010052429500426,9.6857671707369e-05,-3.0036792471993e-09,-3.5034304254254e-07,9.7548343650348,0.03858561182758,-3.3591424945276e-14,0.96358171252478
132.85,128,0,132.85,0.00010067447850028,9.6875188537673e-05,-3.0036792471993e-09,-3.5034304254254e-07,9.7528321678508,0.03858561182758,-3.3591424945276e-14,0.96358171252478
132.9,128,0,132.9,0.0001008246619963,9.6892705367977e-05,-3.0036792471993e-09,-3.5034304254254e-07,9.7508299706668,0.03858561182758,-3.3591424945276e-14,0.96358171252478
132.95,128,0,132.95,0.00010097484549232,9.6910222198282e-05,-3.0036792471993e-09,-3.5034304254254e-07,9.7488277734828,0.03858561182758,-3.3591424945276e-14,0.96358171252478
133,128,0,133,0.00010112502898834,9.6927739028586e-05,-3.0036792471993e-09,-3.5034304254254e-07,9.7468255762988,0.03858561182758,-3.3591424945276e-14,0.96358171252478
133.05,128,0,133.05,0.00010134364983158,9.6783756936157e-05,-4.3723782126103e-09,2.8796624518937e-06,9.7448705140504,0.038585611827566,-1.5995502616446e-14,0.98681287154833
133.1,128,0,133.1,0.00010156227067481,9.6639774843728e-05,-4.3723782126103e-09,2.8796624518937e-06,9.7429154518021,0.038585611827566,-1.5995502616446e-14,0.98681287154833
133.15,128,0,133.15,0.00010178089151804,9.6495792751299e-05,-4.3723782126103e-09,2.8796624518937e-06,9.7409603895537,0.038585611827566,-1.5995502616446e-14,0.98681287154833
133.2,128,0,133.2,0.00010199951236128,9.635181065887e-05,-4.3723782126103e-09,2.8796624518937e-06,9.7390053273053,0.038585611827566,-1.5995502616446e-14,0.98681287154833
133.25,128,0,133.25,0.00010221813320451,9.6207828566441e-05,-4.3723782126103e-09,2.8796624518937e-06,9.7370502650569,0.038585611827566,-1.5995502616446e-14,0.98681287154833
133.3,128,0,133.3,0.00010243675404774,9.6063846474013e-05,-4.3723782126103e-09,2.8796624518937e-06,9.7350952028085,0.038585611827566,-1.5995502616446e-14,0.98681287154833
133.35,128,0,133.35,0.00010265537489098,9.5919864381584e-05,-4.3723782126103e-09,2.8796624518937e-06,9.7331401405602,0.038585611827566,-1.5995502616446e-14,0.98681287154833
133.4,128,0,133.4,0.00010287399573421,9.5775882289155e-05,-4.3723782126103e-09,2.8796624518937e-06,9.7311850783118,0.038585611827566,-1.5995502616446e-14,0.98681287154833
133.45,128,0,133.45,0.00010309261657744,9.5631900196726e-05,-4.3723782126103e-09,2.8796624518937e-06,9.7292300160634,0.038585611827566,-1.5995502616446e-14,0.98681287154833
133.5,128,0,133.5,0.00010331123742068,9.5487918104297e-05,-4.3723782126103e-09,2.8796624518937e-06,9.727274953815,0.038585611827566,-1.5995502616446e-14,0.98681287154833
133.55,128,0,133.55,0.00010352985826391,9.5343936011868e-05,-4.3723782126103e-09,2.8796624518937e-06,9.7253198915666,0.038585611827566,-1.5995502616446e-14,0.98681287154833
133.6,128,0,133.6,0.00010374847910714,9.5199953919439e-05,-4.3723782126103e-09,2.8796624518937e-06,9.7233648293183,0.038585611827566,-1.5995502616446e-14,0.98681287154833
133.65,128,0,133.65,0.00010396709995038,9.505597182701e-05,-4.3723782126103e-09,2.8796624518937e-06,9.7214097670699,0.038585611827566,-1.5995502616446e-14,0.98681287154833
133.7,128,0,133.7,0.00010418572079361,9.4911989734581e-05,-4.3723782126103e-09,2.8796624518937e-06,9.7194547048215,0.038585611827566,-1.5995502616446e-14,0.98681287154833
133.75,128,0,133.75,0.00010440434163684,9.4768007642152e-05,-4.3723782126103e-09,2.8796624518937e-06,9.7174996425731,0.038585611827566,-1.5995502616446e-14,0.98681287154833
133.8,128,0,133.8,0.00010462296248008,9.4624025549724e-05,-4.3723782126103e-09,2.8796624518937e-06,9.7155445803247,0.038585611827566,-1.5995502616446e-14,0.98681287154833
133.85,128,0,133.85,0.00010484158332331,9.4480043457295e-05,-4.3723782126103e-09,2.8796624518937e-06,9.7135895180764,0.038585611827566,-1.5995502616446e-14,0.98681287154833
133.9,128,0,133.9,0.00010506020416654,9.4336061364866e-05,-4.3723782126103e-09,2.8796624518937e-06,9.711634455828,0.038585611827566,-1.5995502616446e-14,0.98681287154833
133.95,128,0,133.95,0.00010527882500978,9.4192079272437e-05,-4.3723782126103e-09,2.8796624518937e-06,9.7096793935796,0.038585611827566,-1.5995502616446e-14,0.98681287154833
134,128,0,134,0.00010549744585301,9.4048097180008e-05,-4.3723782126103e-09,2.8796624518937e-06,9.7077243313312,0.038585611827566,-1.5995502616446e-14,0.98681287154833
134.05,128,0,134.05,0.00010601287439226,9.3637551537184e-05,-1.0308734267686e-08,8.210850425682e-06,9.7057859781287,0.038585611827519,1.5249366257847e-14,0.99531942313731
134.1,128,0,134.1,0.00010652830293151,9.3227005894359e-05,-1.0308734267686e-08,8.210850425682e-06,9.7038476249262,0.038585611827519,1.5249366257847e-14,0.99531942313731
134.15,128,0,134.15,0.00010704373147076,9.2816460251535e-05,-1.0308734267686e-08,8.210850425682e-06,9.7019092717236,0.038585611827519,1.5249366257847e-14,0.99531942313731
134.2,128,0,134.2,0.00010755916001002,9.240591460871e-05,-1.0308734267686e-08,8.210850425682e-06,9.6999709185211,0.038585611827519,1.5249366257847e-14,0.99531942313731
134.25,128,0,134.25,0.00010807458854927,9.1995368965886e-05,-1.0308734267686e-08,8.210850425682e-06,9.6980325653186,0.038585611827519,1.5249366257847e-14,0.99531942313731
134.3,128,0,134.3,0.00010859001708852,9.1584823323062e-05,-1.0308734267686e-08,8.210850425682e-06,9.696094212116,0.038585611827519,1.5249366257847e-14,0.99531942313731
134.35,128,0,134.35,0.00010910544562777,9.1174277680237e-05,-1.0308734267686e-08,8.210850425682e-06,9.6941558589135,0.038585611827519,1.5249366257847e-14,0.99531942313731
134.4,128,0,134.4,0.00010962087416702,9.0763732037413e-05,-1.0308734267686e-08,8.210850425682e-06,9.692217505711,0.038585611827519,1.5249366257847e-14,0.99531942313731
134.45,128,0,134.45,0.00011013630270628,9.0353186394588e-05,-1.0308734267686e-08,8.210850425682e-06,9.6902791525085,0.038585611827519,1.5249366257847e-14,0.99531942313731
134.5,128,0,134.5,0.00011065173124553,8.9942640751764e-05,-1.0308734267686e-08,8.210850425682e-06,9.6883407993059,0.038585611827519,1.5249366257847e-14,0.99531942313731
134.55,128,0,134.55,0.00011116715978478,8.953209510894e-05,-1.0308734267686e-08,8.210850425682e-06,9.6864024461034,0.038585611827519,1.5249366257847e-14,0.99531942313731
134.6,128,0,134.6,0.00011168258832403,8.9121549466115e-05,-1.0308734267686e-08,8.210850425682e-06,9.6844640929009,0.038585611827519,1.5249366257847e-14,0.99531942313731
134.65,128,0,134.65,0.00011219801686328,8.8711003823291e-05,-1.0308734267686e-08,8.210850425682e-06,9.6825257396984,0.038585611827519,1.5249366257847e-14,0.99531942313731
134.7,128,0,134.7,0.00011271344540253,8.8300458180466e-05,-1.0308734267686e-08,8.210850425682e-06,9.6805873864958,0.038585611827519,1.5249366257847e-14,0.99531942313731
134.75,128,0,134.75,0.00011322887394179,8.7889912537642e-05,-1.0308734267686e-08,8.210850425682e-06,9.6786490332933,0.038585611827519,1.5249366257847e-14,0.99531942313731
134.8,128,0,134.8,0.00011374430248104,8.7479366894818e-05,-1.0308734267686e-08,8.210850425682e-06,9.6767106800908,0.038585611827519,1.5249366257847e-14,0.99531942313731
134.85,128,0,134.85,0.00011425973102029,8.7068821251994e-05,-1.0308734267686e-08,8.210850425682e-06,9.6747723268882,0.038585611827519,1.5249366257847e-14,0.99531942313731
134.9,128,0,134.9,0.00011477515955954,8.6658275609169e-05,-1.0308734267686e-08,8.210850425682e-06,9.6728339736857,0.038585611827519,1.5249366257847e-14,0.99531942313731
134.95,128,0,134.95,0.00011529058809879,8.6247729966345e-05,-1.0308734267686e-08,8.210850425682e-06,9.6708956204832,0.038585611827519,1.5249366257847e-14,0.99531942313731
135,128,0,135,0.00011580601663804,8.583718432352e-05,-1.0308734267686e-08,8.210850425682e-06,9.6689572672807,0.038585611827519,1.5249366257847e-14,0.99531942313731
135.05,128,0,135.05,0.0001170681358125,8.5044634914334e-05,-2.5241465111676e-08,1.5851044569888e-05,9.6670247993315,0.038585611827587,4.5444066025563e-15,0.99835062838499
135.1,128,0,135.1,0.00011833025498696,8.4252085505148e-05,-2.5241465111676e-08,1.5851044569888e-05,9.6650923313823,0.038585611827587,4.5444066025563e-15,0.99835062838499
135.15,128,0,135.15,0.00011959237416142,8.3459536095962e-05,-2.5241465111676e-08,1.5851044569888e-05,9.6631598634332,0.038585611827587,4.5444066025563e-15,0.99835062838499
135.2,128,0,135.2,0.00012085449333588,8.2666986686776e-05,-2.5241465111676e-08,1.5851044569888e-05,9.661227395484,0.038585611827587,4.5444066025563e-15,0.99835062838499
135.25,128,0,135.25,0.00012211661251034,8.187443727759e-05,-2.5241465111676e-08,1.5851044569888e-05,9.6592949275349,0.038585611827587,4.5444066025563e-15,0.99835062838499
135.3,128,0,135.3,0.0001233787316848,8.1081887868404e-05,-2.5241465111676e-08,1.5851044569888e-05,9.6573624595857,0.038585611827587,4.5444066025563e-15,0.99835062838499
135.35,128,0,135.35,0.00012464085085925,8.0289338459218e-05,-2.5241465111676e-08,1.5851044569888e-05,9.6554299916365,0.038585611827587,4.5444066025563e-15,0.99835062838499
135.4,128,0,135.4,0.00012590297003371,7.9496789050032e-05,-2.5241465111676e-08,1.5851044569888e-05,9.6534975236874,0.038585611827587,4.5444066025563e-15,0.99835062838499
135.45,128,0,135.45,0.00012716508920817,7.8704239640845e-05,-2.5241465111676e-08,1.5851044569888e-05,9.6515650557382,0.038585611827587,4.5444066025563e-15,0.99835062838499
135.5,128,0,135.5,0.00012842720838263,7.7911690231659e-05,-2.5241465111676e-08,1.5851044569888e-05,9.6496325877891,0.038585611827587,4.5444066025563e-15,0.99835062838499
135.55,128,0,135.55,0.00012968932755709,7.7119140822473e-05,-2.5241465111676e-08,1.5851044569888e-05,9.6477001198399,0.038585611827587,4.5444066025563e-15,0.99835062838499
135.6,128,0,135.6,0.00013095144673155,7.6326591413287e-05,-2.5241465111676e-08,1.5851044569888e-05,9.6457676518907,0.038585611827587,4.5444066025563e-15,0.99835062838499
135.65,128,0,135.65,0.000132213565906,7.5534042004101e-05,-2.5241465111676e-08,1.5851044569888e-05,9.6438351839416,0.038585611827587,4.5444066025563e-15,0.99835062838499
135.7,128,0,135.7,0.00013347568508046,7.4741492594915e-05,-2.5241465111676e-08,1.5851044569888e-05,9.6419027159924,0.038585611827587,4.5444066025563e-15,0.99835062838499
135.75,128,0,135.75,0.00013473780425492,7.3948943185729e-05,-2.5241465111676e-08,1.5851044569888e-05,9.6399702480432,0.038585611827587,4.5444066025563e-15,0.99835062838499
135.8,128,0,135.8,0.00013599992342938,7.3156393776543e-05,-2.5241465111676e-08,1.5851044569888e-05,9.6380377800941,0.038585611827587,4.5444066025563e-15,0.99835062838499
135.85,128,0,135.85,0.00013726204260384,7.2363844367357e-05,-2.5241465111676e-08,1.5851044569888e-05,9.6361053121449,0.038585611827587,4.5444066025563e-15,0.99835062838499
135.9,128,0,135.9,0.0001385241617783,7.1571294958171e-05,-2.5241465111676e-08,1.5851044569888e-05,9.6341728441958,0.038585611827587,4.5444066025563e-15,0.99835062838499
135.95,128,0,135.95,0.00013978628095275,7.0778745548984e-05,-2.5241465111676e-08,1.5851044569888e-05,9.6322403762466,0.038585611827587,4.5444066025563e-15,0.99835062838499
136,128,0,136,0.00014104840012721,6.9986196139798e-05,-2.5241465111676e-08,1.5851044569888e-05,9.6303079082974,0.038585611827587,4.5444066025563e-15,0.99835062838499
136.05,128,0,136.05,0.00014379316954698,6.8969604958218e-05,-5.4900736400877e-08,2.0332201531254e-05,9.6283775085887,0.038585611827538,-4.4383175646236e-16,0.99942026650953
136.1,128,0,136.1,0.00014653793896675,6.7953013776637e-05,-5.4900736400877e-08,2.0332201531254e-05,9.62644710888,0.038585611827538,-4.4383175646236e-16,0.99942026650953
136.15,128,0,136.15,0.00014928270838652,6.6936422595057e-05,-5.4900736400877e-08,2.0332201531254e-05,9.6245167091712,0.038585611827538,-4.4383175646236e-16,0.99942026650953
136.2,128,0,136.2,0.0001520274778063,6.5919831413476e-05,-5.4900736400877e-08,2.0332201531254e-05,9.6225863094625,0.038585611827538,-4.4383175646236e-16,0.99942026650953
136.25,128,0,136.25,0.00015477224722607,6.4903240231896e-05,-5.4900736400877e-08,2.0332201531254e-05,9.6206559097538,0.038585611827538,-4.4383175646236e-16,0.99942026650953
136.3,128,0,136.3,0.00015751701664584,6.3886649050315e-05,-5.4900736400877e-08,2.0332201531254e-05,9.618725510045,0.038585611827538,-4.4383175646236e-16,0.99942026650953
136.35,128,0,136.35,0.00016026178606561,6.2870057868735e-05,-5.4900736400877e-08,2.0332201531254e-05,9.6167951103363,0.038585611827538,-4.4383175646236e-16,0.99942026650953
136.4,128,0,136.4,0.00016300655548538,6.1853466687154e-05,-5.4900736400877e-08,2.0332201531254e-05,9.6148647106275,0.038585611827538,-4.4383175646236e-16,0.99942026650953
136.45,128,0,136.45,0.00016575132490515,6.0836875505573e-05,-5.4900736400877e-08,2.0332201531254e-05,9.6129343109188,0.038585611827538,-4.4383175646236e-16,0.99942026650953
136.5,128,0,136.5,0.00016849609432492,5.9820284323993e-05,-5.4900736400877e-08,2.0332201531254e-05,9.6110039112101,0.038585611827538,-4.4383175646236e-16,0.99942026650953
136.55,128,0,136.55,0.00017124086374469,5.8803693142412e-05,-5.4900736400877e-08,2.0332201531254e-05,9.6090735115013,0.038585611827538,-4.4383175646236e-16,0.99942026650953
136.6,128,0,136.6,0.00017398563316446,5.7787101960832e-05,-5.4900736400877e-08,2.0332201531254e-05,9.6071431117926,0.038585611827538,-4.4383175646236e-16,0.99942026650953
136.65,128,0,136.65,0.00017673040258423,5.6770510779251e-05,-5.4900736400877e-08,2.0332201531254e-05,9.6052127120838,0.038585611827538,-4.4383175646236e-16,0.99942026650953
136.7,128,0,136.7,0.000179475172004,5.575391959767e-05,-5.4900736400877e-08,2.0332201531254e-05,9.6032823123751,0.038585611827538,-4.4383175646236e-16,0.99942026650953
136.75,128,0,136.75,0.00018221994142377,5.473732841609e-05,-5.4900736400877e-08,2.0332201531254e-05,9.6013519126664,0.038585611827538,-4.4383175646236e-16,0.99942026650953
136.8,128,0,136.8,0.00018496471084354,5.3720737234509e-05,-5.4900736400877e-08,2.0332201531254e-05,9.5994215129576,0.038585611827538,-4.4383175646236e-16,0.99942026650953
136.85,128,0,136.85,0.00018770948026331,5.2704146052929e-05,-5.4900736400877e-08,2.0332201531254e-05,9.5974911132489,0.038585611827538,-4.4383175646236e-16,0.99942026650953
136.9,128,0,136.9,0.00019045424968308,5.1687554871348e-05,-5.4900736400877e-08,2.0332201531254e-05,9.5955607135402,0.038585611827538,-4.4383175646236e-16,0.99942026650953
136.95,128,0,136.95,0.00019319901910285,5.0670963689768e-05,-5.4900736400877e-08,2.0332201531254e-05,9.5936303138314,0.038585611827538,-4.4383175646236e-16,0.99942026650953
137,128,0,137,0.00019594378852262,4.9654372508187e-05,-5.4900736400877e-08,2.0332201531254e-05,9.5916999141227,0.038585611827538,-4.4383175646236e-16,0.99942026650953
137.05,128,0,137.05,0.00020130365211172,4.876448811148e-05,-1.0716410588521e-07,1.7794831336812e-05,9.5897702406771,0.038585611827535,1.3652963086842e-14,0.99979641415293
137.1,128,0,137.1,0.00020666351570081,4.7874603714772e-05,-1.0716410588521e-07,1.7794831336812e-05,9.5878405672315,0.038585611827535,1.3652963086842e-14,0.99979641415293
137.15,128,0,137.15,0.00021202337928991,4.6984719318064e-05,-1.0716410588521e-07,1.7794831336812e-05,9.5859108937859,0.038585611827535,1.3652963086842e-14,0.99979641415293
137.2,128,0,137.2,0.00021738324287901,4.6094834921356e-05,-1.0716410588521e-07,1.7794831336812e-05,9.5839812203404,0.038585611827535,1.3652963086842e-14,0.99979641415293
137.25,128,0,137.25,0.0002227431064681,4.5204950524649e-05,-1.0716410588521e-07,1.7794831336812e-05,9.5820515468948,0.038585611827535,1.3652963086842e-14,0.99979641415293
137.3,128,0,137.3,0.0002281029700572,4.4315066127941e-05,-1.0716410588521e-07,1.7794831336812e-05,9.5801218734492,0.038585611827535,1.3652963086842e-14,0.99979641415293
137.35,128,0,137.35,0.00023346283364629,4.3425181731234e-05,-1.0716410588521e-07,1.7794831336812e-05,9.5781922000036,0.038585611827535,1.3652963086842e-14,0.99979641415293
137.4,128,0,137.4,0.00023882269723539,4.2535297334526e-05,-1.0716410588521e-07,1.7794831336812e-05,9.576262526558,0.038585611827535,1.3652963086842e-14,0.99979641415293
137.45,128,0,137.45,0.00024418256082449,4.1645412937818e-05,-1.0716410588521e-07,1.7794831336812e-05,9.5743328531125,0.038585611827535,1.3652963086842e-14,0.99979641415293
137.5,128,0,137.5,0.00024954242441358,4.0755528541111e-05,-1.0716410588521e-07,1.7794831336812e-05,9.5724031796669,0.038585611827535,1.3652963086842e-14,0.99979641415293
137.55,128,0,137.55,0.00025490228800268,3.9865644144403e-05,-1.0716410588521e-07,1.7794831336812e-05,9.5704735062213,0.038585611827535,1.3652963086842e-14,0.99979641415293
137.6,128,0,137.6,0.00026026215159177,3.8975759747695e-05,-1.0716410588521e-07,1.7794831336812e-05,9.5685438327757,0.038585611827535,1.3652963086842e-14,0.99979641415293
137.65,128,0,137.65,0.00026562201518087,3.8085875350987e-05,-1.0716410588521e-07,1.7794831336812e-05,9.5666141593301,0.038585611827535,1.3652963086842e-14,0.99979641415293
137.7,128,0,137.7,0.00027098187876997,3.719599095428e-05,-1.0716410588521e-07,1.7794831336812e-05,9.5646844858846,0.038585611827535,1.3652963086842e-14,0.99979641415293
137.75,128,0,137.75,0.00027634174235906,3.6306106557572e-05,-1.0716410588521e-07,1.7794831336812e-05,9.562754812439,0.038585611827535,1.3652963086842e-14,0.99979641415293
137.8,128,0,137.8,0.00028170160594816,3.5416222160864e-05,-1.0716410588521e-07,1.7794831336812e-05,9.5608251389934,0.038585611827535,1.3652963086842e-14,0.99979641415293
137.85,128,0,137.85,0.00028706146953725,3.4526337764157e-05,-1.0716410588521e-07,1.7794831336812e-05,9.5588954655478,0.038585611827535,1.3652963086842e-14,0.99979641415293
137.9,128,0,137.9,0.00029242133312635,3.3636453367449e-05,-1.0716410588521e-07,1.7794831336812e-05,9.5569657921022,0.038585611827535,1.3652963086842e-14,0.99979641415293
137.95,128,0,137.95,0.00029778119671544,3.2746568970741e-05,-1.0716410588521e-07,1.7794831336812e-05,9.5550361186567,0.038585611827535,1.3652963086842e-14,0.99979641415293
138,128,0,138,0.00030314106030454,3.1856684574034e-05,-1.0716410588521e-07,1.7794831336812e-05,9.5531064452111,0.038585611827535,1.3652963086842e-14,0.99979641415293
138.05,128,0,138.05,0.00031112631091237,3.1324177284855e-05,-1.5980720088778e-07,1.0656147591039e-05,9.5511770267223,0.038585611827566,2.2313887886472e-14,0.99992852906173
138.1,128,0,138.1,0.0003191115615202,3.0791669995676e-05,-1.5980720088778e-07,1.0656147591039e-05,9.5492476082336,0.038585611827566,2.2313887886472e-14,0.99992852906173
138.15,128,0,138.15,0.00032709681212804,3.0259162706497e-05,-1.5980720088778e-07,1.0656147591039e-05,9.5473181897449,0.038585611827566,2.2313887886472e-14,0.99992852906173
138.2,128,0,138.2,0.00033508206273588,2.9726655417318e-05,-1.5980720088778e-07,1.0656147591039e-05,9.5453887712562,0.038585611827566,2.2313887886472e-14,0.99992852906173
138.25,128,0,138.25,0.00034306731334371,2.919414812814e-05,-1.5980720088778e-07,1.0656147591039e-05,9.5434593527674,0.038585611827566,2.2313887886472e-14,0.99992852906173
138.3,128,0,138.3,0.00035105256395154,2.8661640838961e-05,-1.5980720088778e-07,1.0656147591039e-05,9.5415299342787,0.038585611827566,2.2313887886472e-14,0.99992852906173
138.35,128,0,138.35,0.00035903781455937,2.8129133549782e-05,-1.5980720088778e-07,1.0656147591039e-05,9.53960051579,0.038585611827566,2.2313887886472e-14,0.99992852906173
138.4,128,0,138.4,0.00036702306516721,2.7596626260604e-05,-1.5980720088778e-07,1.0656147591039e-05,9.5376710973012,0.038585611827566,2.2313887886472e-14,0.99992852906173
138.45,128,0,138.45,0.00037500831577504,2.7064118971425e-05,-1.5980720088778e-07,1.0656147591039e-05,9.5357416788125,0.038585611827566,2.2313887886472e-14,0.99992852906173
138.5,128,0,138.5,0.00038299356638287,2.6531611682246e-05,-1.5980720088778e-07,1.0656147591039e-05,9.5338122603238,0.038585611827566,2.2313887886472e-14,0.99992852906173
138.55,128,0,138.55,0.00039097881699071,2.5999104393067e-05,-1.5980720088778e-07,1.0656147591039e-05,9.5318828418351,0.038585611827566,2.2313887886472e-14,0.99992852906173
138.6,128,0,138.6,0.00039896406759854,2.5466597103889e-05,-1.5980720088778e-07,1.0656147591039e-05,9.5299534233463,0.038585611827566,2.2313887886472e-14,0.99992852906173
138.65,128,0,138.65,0.00040694931820638,2.493408981471e-05,-1.5980720088778e-07,1.0656147591039e-05,9.5280240048576,0.038585611827566,2.2313887886472e-14,0.99992852906173
138.7,128,0,138.7,0.00041493456881421,2.4401582525531e-05,-1.5980720088778e-07,1.0656147591039e-05,9.5260945863689,0.038585611827566,2.2313887886472e-14,0.99992852906173
138.75,128,0,138.75,0.00042291981942204,2.3869075236352e-05,-1.5980720088778e-07,1.0656147591039e-05,9.5241651678802,0.038585611827566,2.2313887886472e-14,0.99992852906173
138.8,128,0,138.8,0.00043090507002988,2.3336567947173e-05,-1.5980720088778e-07,1.0656147591039e-05,9.5222357493914,0.038585611827566,2.2313887886472e-14,0.99992852906173
138.85,128,0,138.85,0.00043889032063771,2.2804060657995e-05,-1.5980720088778e-07,1.0656147591039e-05,9.5203063309027,0.038585611827566,2.2313887886472e-14,0.99992852906173
138.9,128,0,138.9,0.00044687557124554,2.2271553368816e-05,-1.5980720088778e-07,1.0656147591039e-05,9.518376912414,0.038585611827566,2.2313887886472e-14,0.99992852906173
138.95,128,0,138.95,0.00045486082185338,2.1739046079637e-05,-1.5980720088778e-07,1.0656147591039e-05,9.5164474939252,0.038585611827566,2.2313887886472e-14,0.99992852906173
139,128,0,139,0.00046284607246121,2.1206538790458e-05,-1.5980720088778e-07,1.0656147591039e-05,9.5145180754365,0.038585611827566,2.2313887886472e-14,0.99992852906173
139.05,128,0,139.05,0.00046879862563502,2.100333957842e-05,-1.1888410013062e-07,4.0574080035132e-06,9.5125887464424,0.038585611827578,1.5542732401474e-15,0.99997491216565
139.1,128,0,139.1,0.00047475117880883,2.0800140366381e-05,-1.1888410013062e-07,4.0574080035132e-06,9.5106594174484,0.038585611827578,1.5542732401474e-15,0.99997491216565
139.15,128,0,139.15,0.00048070373198264,2.0596941154343e-05,-1.1888410013062e-07,4.0574080035132e-06,9.5087300884543,0.038585611827578,1.5542732401474e-15,0.99997491216565
139.2,128,0,139.2,0.00048665628515645,2.0393741942305e-05,-1.1888410013062e-07,4.0574080035132e-06,9.5068007594603,0.038585611827578,1.5542732401474e-15,0.99997491216565
139.25,128,0,139.25,0.00049260883833025,2.0190542730266e-05,-1.1888410013062e-07,4.0574080035132e-06,9.5048714304662,0.038585611827578,1.5542732401474e-15,0.99997491216565
139.3,128,0,139.3,0.00049856139150406,1.9987343518228e-05,-1.1888410013062e-07,4.0574080035132e-06,9.5029421014721,0.038585611827578,1.5542732401474e-15,0.99997491216565
139.35,128,0,139.35,0.00050451394467787,1.978414430619e-05,-1.1888410013062e-07,4.0574080035132e-06,9.5010127724781,0.038585611827578,1.5542732401474e-15,0.99997491216565
139.4,128,0,139.4,0.00051046649785168,1.9580945094151e-05,-1.1888410013062e-07,4.0574080035132e-06,9.499083443484,0.038585611827578,1.5542732401474e-15,0.99997491216565
139.45,128,0,139.45,0.00051641905102549,1.9377745882113e-05,-1.1888410013062e-07,4.0574080035132e-06,9.4971541144899,0.038585611827578,1.5542732401474e-15,0.99997491216565
139.5,128,0,139.5,0.0005223716041993,1.9174546670074e-05,-1.1888410013062e-07,4.0574080035132e-06,9.4952247854959,0.038585611827578,1.5542732401474e-15,0.99997491216565
139.55,128,0,139.55,0.00052832415737311,1.8971347458036e-05,-1.1888410013062e-07,4.0574080035132e-06,9.4932954565018,0.038585611827578,1.5542732401474e-15,0.99997491216565
139.6,128,0,139.6,0.00053427671054691,1.8768148245998e-05,-1.1888410013062e-07,4.0574080035132e-06,9.4913661275077,0.038585611827578,1.5542732401474e-15,0.99997491216565
139.65,128,0,139.65,0.00054022926372072,1.8564949033959e-05,-1.1888410013062e-07,4.0574080035132e-06,9.4894367985137,0.038585611827578,1.5542732401474e-15,0.99997491216565
139.7,128,0,139.7,0.00054618181689453,1.8361749821921e-05,-1.1888410013062e-07,4.0574080035132e-06,9.4875074695196,0.038585611827578,1.5542732401474e-15,0.99997491216565
139.75,128,0,139.75,0.00055213437006834,1.8158550609882e-05,-1.1888410013062e-07,4.0574080035132e-06,9.4855781405256,0.038585611827578,1.5542732401474e-15,0.99997491216565
139.8,128,0,139.8,0.00055808692324215,1.7955351397844e-05,-1.1888410013062e-07,4.0574080035132e-06,9.4836488115315,0.038585611827578,1.5542732401474e-15,0.99997491216565
139.85,128,0,139.85,0.00056403947641595,1.7752152185806e-05,-1.1888410013062e-07,4.0574080035132e-06,9.4817194825374,0.038585611827578,1.5542732401474e-15,0.99997491216565
139.9,128,0,139.9,0.00056999202958976,1.7548952973767e-05,-1.1888410013062e-07,4.0574080035132e-06,9.4797901535434,0.038585611827578,1.5542732401474e-15,0.99997491216565
139.95,128,0,139.95,0.00057594458276357,1.7345753761729e-05,-1.1888410013062e-07,4.0574080035132e-06,9.4778608245493,0.038585611827578,1.5542732401474e-15,0.99997491216565
140,128,0,140,0.00058189713593738,1.714255454969e-05,-1.1888410013062e-07,4.0574080035132e-06,9.4759314955552,0.038585611827578,1.5542732401474e-15,0.99997491216565
140.05,128,0,140.05,0.00058457200326948,1.7071828573632e-05,-5.3640761328521e-08,1.4189513033161e-06,9.4740021979744,0.038585611827552,3.3306397439187e-16,0.99999119397449
140.1,128,0,140.1,0.00058724687060157,1.7001102597575e-05,-5.3640761328521e-08,1.4189513033161e-06,9.4720729003936,0.038585611827552,3.3306397439187e-16,0.99999119397449
140.15,128,0,140.15,0.00058992173793367,1.6930376621517e-05,-5.3640761328521e-08,1.4189513033161e-06,9.4701436028128,0.038585611827552,3.3306397439187e-16,0.99999119397449
140.2,128,0,140.2,0.00059259660526576,1.6859650645459e-05,-5.3640761328521e-08,1.4189513033161e-06,9.4682143052319,0.038585611827552,3.3306397439187e-16,0.99999119397449
140.25,128,0,140.25,0.00059527147259786,1.6788924669401e-05,-5.3640761328521e-08,1.4189513033161e-06,9.4662850076511,0.038585611827552,3.3306397439187e-16,0.99999119397449
140.3,128,0,140.3,0.00059794633992996,1.6718198693343e-05,-5.3640761328521e-08,1.4189513033161e-06,9.4643557100703,0.038585611827552,3.3306397439187e-16,0.99999119397449
140.35,128,0,140.35,0.00060062120726205,1.6647472717285e-05,-5.3640761328521e-08,1.4189513033161e-06,9.4624264124895,0.038585611827552,3.3306397439187e-16,0.99999119397449
140.4,128,0,140.4,0.00060329607459415,1.6576746741227e-05,-5.3640761328521e-08,1.4189513033161e-06,9.4604971149087,0.038585611827552,3.3306397439187e-16,0.99999119397449
140.45,128,0,140.45,0.00060597094192624,1.6506020765169e-05,-5.3640761328521e-08,1.4189513033161e-06,9.4585678173278,0.038585611827552,3.3306397439187e-16,0.99999119397449
140.5,128,0,140.5,0.00060864580925834,1.6435294789111e-05,-5.3640761328521e-08,1.4189513033161e-06,9.456638519747,0.038585611827552,3.3306397439187e-16,0.99999119397449
140.55,128,0,140.55,0.00061132067659043,1.6364568813053e-05,-5.3640761328521e-08,1.4189513033161e-06,9.4547092221662,0.038585611827552,3.3306397439187e-16,0.99999119397449
140.6,128,0,140.6,0.00061399554392253,1.6293842836995e-05,-5.3640761328521e-08,1.4189513033161e-06,9.4527799245854,0.038585611827552,3.3306397439187e-16,0.99999119397449
140.65,128,0,140.65,0.00061667041125462,1.6223116860937e-05,-5.3640761328521e-08,1.4189513033161e-06,9.4508506270045,0.038585611827552,3.3306397439187e-16,0.99999119397449
140.7,128,0,140.7,0.00061934527858672,1.6152390884879e-05,-5.3640761328521e-08,1.4189513033161e-06,9.4489213294237,0.038585611827552,3.3306397439187e-16,0.99999119397449
140.75,128,0,140.75,0.00062202014591882,1.6081664908821e-05,-5.3640761328521e-08,1.4189513033161e-06,9.4469920318429,0.038585611827552,3.3306397439187e-16,0.99999119397449
140.8,128,0,140.8,0.00062469501325091,1.6010938932763e-05,-5.3640761328521e-08,1.4189513033161e-06,9.4450627342621,0.038585611827552,3.3306397439187e-16,0.99999119397449
140.85,128,0,140.85,0.00062736988058301,1.5940212956705e-05,-5.3640761328521e-08,1.4189513033161e-06,9.4431334366813,0.038585611827552,3.3306397439187e-16,0.99999119397449
140.9,128,0,140.9,0.0006300447479151,1.5869486980647e-05,-5.3640761328521e-08,1.4189513033161e-06,9.4412041391004,0.038585611827552,3.3306397439187e-16,0.99999119397449
140.95,128,0,140.95,0.0006327196152472,1.5798761004589e-05,-5.3640761328521e-08,1.4189513033161e-06,9.4392748415196,0.038585611827552,3.3306397439187e-16,0.99999119397449
141,128,0,141,0.00063539448257929,1.5728035028531e-05,-5.3640761328521e-08,1.4189513033161e-06,9.4373455439388,0.038585611827552,3.3306397439187e-16,0.99999119397449
141.05,128,0,141.05,0.00063644554290595,1.5703217034097e-05,-2.093410390836e-08,4.9405599856681e-07,9.4354162573841,0.038585611827574,2.0428040511033e-14,0.99999690905865
141.1,128,0,141.1,0.0006374966032326,1.5678399039663e-05,-2.093410390836e-08,4.9405599856681e-07,9.4334869708294,0.038585611827574,2.0428040511033e-14,0.99999690905865
141.15,128,0,141.15,0.00063854766355925,1.5653581045229e-05,-2.093410390836e-08,4.9405599856681e-07,9.4315576842747,0.038585611827574,2.0428040511033e-14,0.99999690905865
141.2,128,0,141.2,0.00063959872388591,1.5628763050795e-05,-2.093410390836e-08,4.9405599856681e-07,9.42962839772,0.038585611827574,2.0428040511033e-14,0.99999690905865
141.25,128,0,141.25,0.00064064978421256,1.5603945056361e-05,-2.093410390836e-08,4.9405599856681e-07,9.4276991111653,0.038585611827574,2.0428040511033e-14,0.99999690905865
141.3,128,0,141.3,0.00064170084453921,1.5579127061926e-05,-2.093410390836e-08,4.9405599856681e-07,9.4257698246106,0.038585611827574,2.0428040511033e-14,0.99999690905865
141.35,128,0,141.35,0.00064275190486587,1.5554309067492e-05,-2.093410390836e-08,4.9405599856681e-07,9.423840538056,0.038585611827574,2.0428040511033e-14,0.99999690905865
141.4,128,0,141.4,0.00064380296519252,1.5529491073058e-05,-2.093410390836e-08,4.9405599856681e-07,9.4219112515013,0.038585611827574,2.0428040511033e-14,0.99999690905865
141.45,128,0,141.45,0.00064485402551917,1.5504673078624e-05,-2.093410390836e-08,4.9405599856681e-07,9.4199819649466,0.038585611827574,2.0428040511033e-14,0.99999690905865
141.5,128,0,141.5,0.00064590508584583,1.547985508419e-05,-2.093410390836e-08,4.9405599856681e-07,9.4180526783919,0.038585611827574,2.0428040511033e-14,0.99999690905865
141.55,128,0,141.55,0.00064695614617248,1.5455037089756e-05,-2.093410390836e-08,4.9405599856681e-07,9.4161233918372,0.038585611827574,2.0428040511033e-14,0.99999690905865
141.6,128,0,141.6,0.00064800720649913,1.5430219095322e-05,-2.093410390836e-08,4.9405599856681e-07,9.4141941052825,0.038585611827574,2.0428040511033e-14,0.99999690905865
141.65,128,0,141.65,0.00064905826682579,1.5405401100888e-05,-2.093410390836e-08,4.9405599856681e-07,9.4122648187278,0.038585611827574,2.0428040511033e-14,0.99999690905865
141.7,128,0,141.7,0.00065010932715244,1.5380583106454e-05,-2.093410390836e-08,4.9405599856681e-07,9.4103355321731,0.038585611827574,2.0428040511033e-14,0.99999690905865
141.75,128,0,141.75,0.00065116038747909,1.535576511202e-05,-2.093410390836e-08,4.9405599856681e-07,9.4084062456184,0.038585611827574,2.0428040511033e-14,0.99999690905865
141.8,128,0,141.8,0.00065221144780575,1.5330947117586e-05,-2.093410390836e-08,4.9405599856681e-07,9.4064769590637,0.038585611827574,2.0428040511033e-14,0.99999690905865
141.85,128,0,141.85,0.0006532625081324,1.5306129123152e-05,-2.093410390836e-08,4.9405599856681e-07,9.4045476725091,0.038585611827574,2.0428040511033e-14,0.99999690905865
141.9,128,0,141.9,0.00065431356845905,1.5281311128717e-05,-2.093410390836e-08,4.9405599856681e-07,9.4026183859544,0.038585611827574,2.0428040511033e-14,0.99999690905865
141.95,128,0,141.95,0.00065536462878571,1.5256493134283e-05,-2.093410390836e-08,4.9405599856681e-07,9.4006890993997,0.038585611827574,2.0428040511033e-14,0.99999690905865
142,128,0,142,0.00065641568911236,1.5231675139849e-05,-2.093410390836e-08,4.9405599856681e-07,9.398759812845,0.038585611827574,2.0428040511033e-14,0.99999690905865
142.05,128,0,142.05,0.00065678911865436,1.52231133827e-05,-7.5050977175464e-09,1.7215538601797e-07,9.3968305301605,0.038585611827536,2.8754745141031e-14,0.99999891507553
142.1,128,0,142.1,0.00065716254819635,1.5214551625551e-05,-7.5050977175464e-09,1.7215538601797e-07,9.394901247476,0.038585611827536,2.8754745141031e-14,0.99999891507553
142.15,128,0,142.15,0.00065753597773835,1.5205989868402e-05,-7.5050977175464e-09,1.7215538601797e-07,9.3929719647915,0.038585611827536,2.8754745141031e-14,0.99999891507553
142.2,128,0,142.2,0.00065790940728035,1.5197428111253e-05,-7.5050977175464e-09,1.7215538601797e-07,9.391042682107,0.038585611827536,2.8754745141031e-14,0.99999891507553
142.25,128,0,142.25,0.00065828283682234,1.5188866354103e-05,-7.5050977175464e-09,1.7215538601797e-07,9.3891133994225,0.038585611827536,2.8754745141031e-14,0.99999891507553
142.3,128,0,142.3,0.00065865626636434,1.5180304596954e-05,-7.5050977175464e-09,1.7215538601797e-07,9.387184116738,0.038585611827536,2.8754745141031e-14,0.99999891507553
142.35,128,0,142.35,0.00065902969590633,1.5171742839805e-05,-7.5050977175464e-09,1.7215538601797e-07,9.3852548340535,0.038585611827536,2.8754745141031e-14,0.99999891507553
142.4,128,0,142.4,0.00065940312544833,1.5163181082656e-05,-7.5050977175464e-09,1.7215538601797e-07,9.383325551369,0.038585611827536,2.8754745141031e-14,0.99999891507553
142.45,128,0,142.45,0.00065977655499032,1.5154619325507e-05,-7.5050977175464e-09,1.7215538601797e-07,9.3813962686845,0.038585611827536,2.8754745141031e-14,0.99999891507553
142.5,128,0,142.5,0.00066014998453232,1.5146057568358e-05,-7.5050977175464e-09,1.7215538601797e-07,9.3794669859999,0.038585611827536,2.8754745141031e-14,0.99999891507553
142.55,128,0,142.55,0.00066052341407432,1.5137495811209e-05,-7.5050977175464e-09,1.7215538601797e-07,9.3775377033154,0.038585611827536,2.8754745141031e-14,0.99999891507553
142.6,128,0,142.6,0.00066089684361631,1.5128934054059e-05,-7.5050977175464e-09,1.7215538601797e-07,9.3756084206309,0.038585611827536,2.8754745141031e-14,0.99999891507553
142.65,128,0,142.65,0.00066127027315831,1.512037229691e-05,-7.5050977175464e-09,1.7215538601797e-07,9.3736791379464,0.038585611827536,2.8754745141031e-14,0.99999891507553
142.7,128,0,142.7,0.0006616437027003,1.5111810539761e-05,-7.5050977175464e-09,1.7215538601797e-07,9.3717498552619,0.038585611827536,2.8754745141031e-14,0.99999891507553
142.75,128,0,142.75,0.0006620171322423,1.5103248782612e-05,-7.5050977175464e-09,1.7215538601797e-07,9.3698205725774,0.038585611827536,2.8754745141031e-14,0.99999891507553
142.8,128,0,142.8,0.0006623905617843,1.5094687025463e-05,-7.5050977175464e-09,1.7215538601797e-07,9.3678912898929,0.038585611827536,2.8754745141031e-14,0.99999891507553
142.85,128,0,142.85,0.00066276399132629,1.5086125268314e-05,-7.5050977175464e-09,1.7215538601797e-07,9.3659620072084,0.038585611827536,2.8754745141031e-14,0.99999891507553
142.9,128,0,142.9,0.00066313742086829,1.5077563511165e-05,-7.5050977175464e-09,1.7215538601797e-07,9.3640327245239,0.038585611827536,2.8754745141031e-14,0.99999891507553
142.95,128,0,142.95,0.00066351085041028,1.5069001754015e-05,-7.5050977175464e-09,1.7215538601797e-07,9.3621034418394,0.038585611827536,2.8754745141031e-14,0.99999891507553
143,128,0,143,0.00066388427995228,1.5060439996866e-05,-7.5050977175464e-09,1.7215538601797e-07,9.3601741591549,0.038585611827536,2.8754745141031e-14,0.99999891507553
143.05,128,0,143.05,0.00066401991679405,1.5057387090639e-05,-2.7057274699895e-09,6.0878398964034e-08,9.3582448778289,0.038585611827578,7.8825804730777e-15,0.99999961919073
143.1,128,0,143.1,0.00066415555363582,1.5054334184411e-05,-2.7057274699895e-09,6.0878398964034e-08,9.3563155965028,0.038585611827578,7.8825804730777e-15,0.99999961919073
143.15,128,0,143.15,0.00066429119047759,1.5051281278183e-05,-2.7057274699895e-09,6.0878398964034e-08,9.3543863151767,0.038585611827578,7.8825804730777e-15,0.99999961919073
143.2,128,0,143.2,0.00066442682731936,1.5048228371955e-05,-2.7057274699895e-09,6.0878398964034e-08,9.3524570338507,0.038585611827578,7.8825804730777e-15,0.99999961919073
143.25,128,0,143.25,0.00066456246416113,1.5045175465728e-05,-2.7057274699895e-09,6.0878398964034e-08,9.3505277525246,0.038585611827578,7.8825804730777e-15,0.99999961919073
143.3,128,0,143.3,0.0006646981010029,1.50421225595e-05,-2.7057274699895e-09,6.0878398964034e-08,9.3485984711985,0.038585611827578,7.8825804730777e-15,0.99999961919073
143.35,128,0,143.35,0.00066483373784467,1.5039069653272e-05,-2.7057274699895e-09,6.0878398964034e-08,9.3466691898725,0.038585611827578,7.8825804730777e-15,0.99999961919073
143.4,128,0,143.4,0.00066496937468644,1.5036016747045e-05,-2.7057274699895e-09,6.0878398964034e-08,9.3447399085464,0.038585611827578,7.8825804730777e-15,0.99999961919073
143.45,128,0,143.45,0.00066510501152821,1.5032963840817e-05,-2.7057274699895e-09,6.0878398964034e-08,9.3428106272203,0.038585611827578,7.8825804730777e-15,0.99999961919073
143.5,128,0,143.5,0.00066524064836998,1.5029910934589e-05,-2.7057274699895e-09,6.0878398964034e-08,9.3408813458943,0.038585611827578,7.8825804730777e-15,0.99999961919073
143.55,128,0,143.55,0.00066537628521175,1.5026858028362e-05,-2.7057274699895e-09,6.0878398964034e-08,9.3389520645682,0.038585611827578,7.8825804730777e-15,0.99999961919073
143.6,128,0,143.6,0.00066551192205352,1.5023805122134e-05,-2.7057274699895e-09,6.0878398964034e-08,9.3370227832421,0.038585611827578,7.8825804730777e-15,0.99999961919073
143.65,128,0,143.65,0.00066564755889529,1.5020752215906e-05,-2.7057274699895e-09,6.0878398964034e-08,9.3350935019161,0.038585611827578,7.8825804730777e-15,0.99999961919073
143.7,128,0,143.7,0.00066578319573706,1.5017699309678e-05,-2.7057274699895e-09,6.0878398964034e-08,9.33316422059,0.038585611827578,7.8825804730777e-15,0.99999961919073
143.75,128,0,143.75,0.00066591883257883,1.5014646403451e-05,-2.7057274699895e-09,6.0878398964034e-08,9.3312349392639,0.038585611827578,7.8825804730777e-15,0.99999961919073
143.8,128,0,143.8,0.0006660544694206,1.5011593497223e-05,-2.7057274699895e-09,6.0878398964034e-08,9.3293056579379,0.038585611827578,7.8825804730777e-15,0.99999961919073
143.85,128,0,143.85,0.00066619010626237,1.5008540590995e-05,-2.7057274699895e-09,6.0878398964034e-08,9.3273763766118,0.038585611827578,7.8825804730777e-15,0.99999961919073
143.9,128,0,143.9,0.00066632574310414,1.5005487684768e-05,-2.7057274699895e-09,6.0878398964034e-08,9.3254470952857,0.038585611827578,7.8825804730777e-15,0.99999961919073
143.95,128,0,143.95,0.00066646137994591,1.500243477854e-05,-2.7057274699895e-09,6.0878398964034e-08,9.3235178139597,0.038585611827578,7.8825804730777e-15,0.99999961919073
144,128,0,144,0.00066659701678768,1.4999381872312e-05,-2.7057274699895e-09,6.0878398964034e-08,9.3215885326336,0.038585611827578,7.8825804730777e-15,0.99999961919073
144.05,128,0,144.05,0.00066664359129468,1.499833415274e-05,-9.2623830837902e-10,2.0843164485573e-08,9.3196592517843,0.038585611827577,-1.1379784481337e-14,0.99999986633575
144.1,128,0,144.1,0.00066669016580168,1.4997286433167e-05,-9.2623830837902e-10,2.0843164485573e-08,9.3177299709351,0.038585611827577,-1.1379784481337e-14,0.99999986633575
144.15,128,0,144.15,0.00066673674030867,1.4996238713594e-05,-9.2623830837902e-10,2.0843164485573e-08,9.3158006900858,0.038585611827577,-1.1379784481337e-14,0.99999986633575
144.2,128,0,144.2,0.00066678331481567,1.4995190994022e-05,-9.2623830837902e-10,2.0843164485573e-08,9.3138714092366,0.038585611827577,-1.1379784481337e-14,0.99999986633575
144.25,128,0,144.25,0.00066682988932267,1.4994143274449e-05,-9.2623830837902e-10,2.0843164485573e-08,9.3119421283873,0.038585611827577,-1.1379784481337e-14,0.99999986633575
144.3,128,0,144.3,0.00066687646382967,1.4993095554876e-05,-9.2623830837902e-10,2.0843164485573e-08,9.3100128475381,0.038585611827577,-1.1379784481337e-14,0.99999986633575
144.35,128,0,144.35,0.00066692303833667,1.4992047835304e-05,-9.2623830837902e-10,2.0843164485573e-08,9.3080835666888,0.038585611827577,-1.1379784481337e-14,0.99999986633575
144.4,128,0,144.4,0.00066696961284367,1.4991000115731e-05,-9.2623830837902e-10,2.0843164485573e-08,9.3061542858396,0.038585611827577,-1.1379784481337e-14,0.99999986633575
144.45,128,0,144.45,0.00066701618735067,1.4989952396158e-05,-9.2623830837902e-10,2.0843164485573e-08,9.3042250049903,0.038585611827577,-1.1379784481337e-14,0.99999986633575
144.5,128,0,144.5,0.00066706276185766,1.4988904676586e-05,-9.2623830837902e-10,2.0843164485573e-08,9.3022957241411,0.038585611827577,-1.1379784481337e-14,0.99999986633575
144.55,128,0,144.55,0.00066710933636466,1.4987856957013e-05,-9.2623830837902e-10,2.0843164485573e-08,9.3003664432918,0.038585611827577,-1.1379784481337e-14,0.99999986633575
144.6,128,0,144.6,0.00066715591087166,1.498680923744e-05,-9.2623830837902e-10,2.0843164485573e-08,9.2984371624425,0.038585611827577,-1.1379784481337e-14,0.99999986633575
144.65,128,0,144.65,0.00066720248537866,1.4985761517868e-05,-9.2623830837902e-10,2.0843164485573e-08,9.2965078815933,0.038585611827577,-1.1379784481337e-14,0.99999986633575
144.7,128,0,144.7,0.00066724905988566,1.4984713798295e-05,-9.2623830837902e-10,2.0843164485573e-08,9.294578600744,0.038585611827577,-1.1379784481337e-14,0.99999986633575
144.75,128,0,144.75,0.00066729563439266,1.4983666078722e-05,-9.2623830837902e-10,2.0843164485573e-08,9.2926493198948,0.038585611827577,-1.1379784481337e-14,0.99999986633575
144.8,128,0,144.8,0.00066734220889965,1.498261835915e-05,-9.2623830837902e-10,2.0843164485573e-08,9.2907200390455,0.038585611827577,-1.1379784481337e-14,0.99999986633575
144.85,128,0,144.85,0.00066738878340665,1.4981570639577e-05,-9.2623830837902e-10,2.0843164485573e-08,9.2887907581963,0.038585611827577,-1.1379784481337e-14,0.99999986633575
144.9,128,0,144.9,0.00066743535791365,1.4980522920004e-05,-9.2623830837902e-10,2.0843164485573e-08,9.286861477347,0.038585611827577,-1.1379784481337e-14,0.99999986633575
144.95,128,0,144.95,0.00066748193242065,1.4979475200432e-05,-9.2623830837902e-10,2.0843164485573e-08,9.2849321964978,0.038585611827577,-1.1379784481337e-14,0.99999986633575
145,128,0,145,0.00066752850692765,1.4978427480859e-05,-9.2623830837902e-10,2.0843164485573e-08,9.2830029156485,0.038585611827577,-1.1379784481337e-14,0.99999986633575
145.05,128,0,145.05,0.00066754550323344,1.4978046914632e-05,-3.515420559064e-10,7.8703481495832e-09,9.2810736349666,0.038585611827532,8.4932057399134e-15,0.99999995308379
145.1,128,0,145.1,0.00066756249953924,1.4977666348405e-05,-3.515420559064e-10,7.8703481495832e-09,9.2791443542847,0.038585611827532,8.4932057399134e-15,0.99999995308379
145.15,128,0,145.15,0.00066757949584503,1.4977285782178e-05,-3.515420559064e-10,7.8703481495832e-09,9.2772150736028,0.038585611827532,8.4932057399134e-15,0.99999995308379
145.2,128,0,145.2,0.00066759649215083,1.497690521595e-05,-3.515420559064e-10,7.8703481495832e-09,9.2752857929209,0.038585611827532,8.4932057399134e-15,0.99999995308379
145.25,128,0,145.25,0.00066761348845663,1.4976524649723e-05,-3.515420559064e-10,7.8703481495832e-09,9.273356512239,0.038585611827532,8.4932057399134e-15,0.99999995308379
145.3,128,0,145.3,0.00066763048476242,1.4976144083496e-05,-3.515420559064e-10,7.8703481495832e-09,9.2714272315571,0.038585611827532,8.4932057399134e-15,0.99999995308379
145.35,128,0,145.35,0.00066764748106822,1.4975763517269e-05,-3.515420559064e-10,7.8703481495832e-09,9.2694979508753,0.038585611827532,8.4932057399134e-15,0.99999995308379
145.4,128,0,145.4,0.00066766447737401,1.4975382951042e-05,-3.515420559064e-10,7.8703481495832e-09,9.2675686701934,0.038585611827532,8.4932057399134e-15,0.99999995308379
145.45,128,0,145.45,0.00066768147367981,1.4975002384815e-05,-3.515420559064e-10,7.8703481495832e-09,9.2656393895115,0.038585611827532,8.4932057399134e-15,0.99999995308379
145.5,128,0,145.5,0.0006676984699856,1.4974621818588e-05,-3.515420559064e-10,7.8703481495832e-09,9.2637101088296,0.038585611827532,8.4932057399134e-15,0.99999995308379
145.55,128,0,145.55,0.0006677154662914,1.4974241252361e-05,-3.515420559064e-10,7.8703481495832e-09,9.2617808281477,0.038585611827532,8.4932057399134e-15,0.99999995308379
145.6,128,0,145.6,0.00066773246259719,1.4973860686133e-05,-3.515420559064e-10,7.8703481495832e-09,9.2598515474658,0.038585611827532,8.4932057399134e-15,0.99999995308379
145.65,128,0,145.65,0.00066774945890299,1.4973480119906e-05,-3.515420559064e-10,7.8703481495832e-09,9.2579222667839,0.038585611827532,8.4932057399134e-15,0.99999995308379
145.7,128,0,145.7,0.00066776645520878,1.4973099553679e-05,-3.515420559064e-10,7.8703481495832e-09,9.255992986102,0.038585611827532,8.4932057399134e-15,0.99999995308379
145.75,128,0,145.75,0.00066778345151458,1.4972718987452e-05,-3.515420559064e-10,7.8703481495832e-09,9.2540637054201,0.038585611827532,8.4932057399134e-15,0.99999995308379
145.8,128,0,145.8,0.00066780044782038,1.4972338421225e-05,-3.515420559064e-10,7.8703481495832e-09,9.2521344247382,0.038585611827532,8.4932057399134e-15,0.99999995308379
145.85,128,0,145.85,0.00066781744412617,1.4971957854998e-05,-3.515420559064e-10,7.8703481495832e-09,9.2502051440563,0.038585611827532,8.4932057399134e-15,0.99999995308379
145.9,128,0,145.9,0.00066783444043197,1.4971577288771e-05,-3.515420559064e-10,7.8703481495832e-09,9.2482758633744,0.038585611827532,8.4932057399134e-15,0.99999995308379
145.95,128,0,145.95,0.00066785143673776,1.4971196722543e-05,-3.515420559064e-10,7.8703481495832e-09,9.2463465826926,0.038585611827532,8.4932057399134e-15,0.99999995308379
146,128,0,146,0.00066786843304356,1.4970816156316e-05,-3.515420559064e-10,7.8703481495832e-09,9.2444173020107,0.038585611827532,8.4932057399134e-15,0.99999995308379
146.05,128,0,146.05,0.00066787436790098,1.4970683045607e-05,-9.8283421026501e-11,2.2052562214963e-09,9.2424880213875,0.038585611827552,1.1102230063424e-16,0.99999998353239
146.1,128,0,146.1,0.0006678803027584,1.4970549934897e-05,-9.8283421026501e-11,2.2052562214963e-09,9.2405587407644,0.038585611827552,1.1102230063424e-16,0.99999998353239
146.15,128,0,146.15,0.00066788623761582,1.4970416824187e-05,-9.8283421026501e-11,2.2052562214963e-09,9.2386294601412,0.038585611827552,1.1102230063424e-16,0.99999998353239
146.2,128,0,146.2,0.00066789217247324,1.4970283713477e-05,-9.8283421026501e-11,2.2052562214963e-09,9.2367001795181,0.038585611827552,1.1102230063424e-16,0.99999998353239
146.25,128,0,146.25,0.00066789810733065,1.4970150602768e-05,-9.8283421026501e-11,2.2052562214963e-09,9.2347708988949,0.038585611827552,1.1102230063424e-16,0.99999998353239
146.3,128,0,146.3,0.00066790404218807,1.4970017492058e-05,-9.8283421026501e-11,2.2052562214963e-09,9.2328416182718,0.038585611827552,1.1102230063424e-16,0.99999998353239
146.35,128,0,146.35,0.00066790997704549,1.4969884381348e-05,-9.8283421026501e-11,2.2052562214963e-09,9.2309123376486,0.038585611827552,1.1102230063424e-16,0.99999998353239
146.4,128,0,146.4,0.00066791591190291,1.4969751270639e-05,-9.8283421026501e-11,2.2052562214963e-09,9.2289830570255,0.038585611827552,1.1102230063424e-16,0.99999998353239
146.45,128,0,146.45,0.00066792184676033,1.4969618159929e-05,-9.8283421026501e-11,2.2052562214963e-09,9.2270537764023,0.038585611827552,1.1102230063424e-16,0.99999998353239
146.5,128,0,146.5,0.00066792778161775,1.4969485049219e-05,-9.8283421026501e-11,2.2052562214963e-09,9.2251244957792,0.038585611827552,1.1102230063424e-16,0.99999998353239
146.55,128,0,146.55,0.00066793371647517,1.4969351938509e-05,-9.8283421026501e-11,2.2052562214963e-09,9.223195215156,0.038585611827552,1.1102230063424e-16,0.99999998353239
146.6,128,0,146.6,0.00066793965133259,1.49692188278e-05,-9.8283421026501e-11,2.2052562214963e-09,9.2212659345329,0.038585611827552,1.1102230063424e-16,0.99999998353239
146.65,128,0,146.65,0.00066794558619001,1.496908571709e-05,-9.8283421026501e-11,2.2052562214963e-09,9.2193366539097,0.038585611827552,1.1102230063424e-16,0.99999998353239
146.7,128,0,146.7,0.00066795152104743,1.496895260638e-05,-9.8283421026501e-11,2.2052562214963e-09,9.2174073732866,0.038585611827552,1.1102230063424e-16,0.99999998353239
146.75,128,0,146.75,0.00066795745590485,1.4968819495671e-05,-9.8283421026501e-11,2.2052562214963e-09,9.2154780926635,0.038585611827552,1.1102230063424e-16,0.99999998353239
146.8,128,0,146.8,0.00066796339076227,1.4968686384961e-05,-9.8283421026501e-11,2.2052562214963e-09,9.2135488120403,0.038585611827552,1.1102230063424e-16,0.99999998353239
146.85,128,0,146.85,0.00066796932561969,1.4968553274251e-05,-9.8283421026501e-11,2.2052562214963e-09,9.2116195314172,0.038585611827552,1.1102230063424e-16,0.99999998353239
146.9,128,0,146.9,0.00066797526047711,1.4968420163541e-05,-9.8283421026501e-11,2.2052562214963e-09,9.209690250794,0.038585611827552,1.1102230063424e-16,0.99999998353239
146.95,128,0,146.95,0.00066798119533453,1.4968287052832e-05,-9.8283421026501e-11,2.2052562214963e-09,9.2077609701709,0.038585611827552,1.1102230063424e-16,0.99999998353239
147,128,0,147,0.00066798713019195,1.4968153942122e-05,-9.8283421026501e-11,2.2052562214963e-09,9.2058316895477,0.038585611827552,1.1102230063424e-16,0.99999998353239
147.05,128,0,147.05,0.00066798930253165,1.4968105310581e-05,-5.180262171081e-11,1.1597756439631e-09,9.2039024089452,0.03858561182757,-2.658984128608e-14,0.99999999421986
147.1,128,0,147.1,0.00066799147487136,1.4968056679039e-05,-5.180262171081e-11,1.1597756439631e-09,9.2019731283427,0.03858561182757,-2.658984128608e-14,0.99999999421986
147.15,128,0,147.15,0.00066799364721107,1.4968008047498e-05,-5.180262171081e-11,1.1597756439631e-09,9.2000438477401,0.03858561182757,-2.658984128608e-14,0.99999999421986
147.2,128,0,147.2,0.00066799581955077,1.4967959415956e-05,-5.180262171081e-11,1.1597756439631e-09,9.1981145671376,0.03858561182757,-2.658984128608e-14,0.99999999421986
147.25,128,0,147.25,0.00066799799189048,1.4967910784415e-05,-5.180262171081e-11,1.1597756439631e-09,9.1961852865351,0.03858561182757,-2.658984128608e-14,0.99999999421986
147.3,128,0,147.3,0.00066800016423018,1.4967862152874e-05,-5.180262171081e-11,1.1597756439631e-09,9.1942560059325,0.03858561182757,-2.658984128608e-14,0.99999999421986
147.35,128,0,147.35,0.00066800233656989,1.4967813521332e-05,-5.180262171081e-11,1.1597756439631e-09,9.19232672533,0.03858561182757,-2.658984128608e-14,0.99999999421986
147.4,128,0,147.4,0.00066800450890959,1.4967764889791e-05,-5.180262171081e-11,1.1597756439631e-09,9.1903974447275,0.03858561182757,-2.658984128608e-14,0.99999999421986
147.45,128,0,147.45,0.0006680066812493,1.4967716258249e-05,-5.180262171081e-11,1.1597756439631e-09,9.188468164125,0.03858561182757,-2.658984128608e-14,0.99999999421986
147.5,128,0,147.5,0.00066800885358901,1.4967667626708e-05,-5.180262171081e-11,1.1597756439631e-09,9.1865388835224,0.03858561182757,-2.658984128608e-14,0.99999999421986
147.55,128,0,147.55,0.00066801102592871,1.4967618995166e-05,-5.180262171081e-11,1.1597756439631e-09,9.1846096029199,0.03858561182757,-2.658984128608e-14,0.99999999421986
147.6,128,0,147.6,0.00066801319826842,1.4967570363625e-05,-5.180262171081e-11,1.1597756439631e-09,9.1826803223174,0.03858561182757,-2.658984128608e-14,0.99999999421986
147.65,128,0,147.65,0.00066801537060812,1.4967521732084e-05,-5.180262171081e-11,1.1597756439631e-09,9.1807510417148,0.03858561182757,-2.658984128608e-14,0.99999999421986
147.7,128,0,147.7,0.00066801754294783,1.4967473100542e-05,-5.180262171081e-11,1.1597756439631e-09,9.1788217611123,0.03858561182757,-2.658984128608e-14,0.99999999421986
147.75,128,0,147.75,0.00066801971528753,1.4967424469001e-05,-5.180262171081e-11,1.1597756439631e-09,9.1768924805098,0.03858561182757,-2.658984128608e-14,0.99999999421986
147.8,128,0,147.8,0.00066802188762724,1.4967375837459e-05,-5.180262171081e-11,1.1597756439631e-09,9.1749631999072,0.03858561182757,-2.658984128608e-14,0.99999999421986
147.85,128,0,147.85,0.00066802405996695,1.4967327205918e-05,-5.180262171081e-11,1.1597756439631e-09,9.1730339193047,0.03858561182757,-2.658984128608e-14,0.99999999421986
147.9,128,0,147.9,0.00066802623230665,1.4967278574376e-05,-5.180262171081e-11,1.1597756439631e-09,9.1711046387022,0.03858561182757,-2.658984128608e-14,0.99999999421986
147.95,128,0,147.95,0.00066802840464636,1.4967229942835e-05,-5.180262171081e-11,1.1597756439631e-09,9.1691753580997,0.03858561182757,-2.658984128608e-14,0.99999999421986
148,128,0,148,0.00066803057698606,1.4967181311294e-05,-5.180262171081e-11,1.1597756439631e-09,9.1672460774971,0.03858561182757,-2.658984128608e-14,0.99999999421986
148.05,128,0,148.05,0.00066803027886078,1.496718798106e-05,-1.652803836021e-11,3.7046584841969e-10,9.1653167969018,0.038585611827541,-1.6375789579997e-14,0.99999999797117
148.1,128,0,148.1,0.0006680299807355,1.4967194650826e-05,-1.652803836021e-11,3.7046584841969e-10,9.1633875163065,0.038585611827541,-1.6375789579997e-14,0.99999999797117
148.15,128,0,148.15,0.00066802968261022,1.4967201320592e-05,-1.652803836021e-11,3.7046584841969e-10,9.1614582357113,0.038585611827541,-1.6375789579997e-14,0.99999999797117
148.2,128,0,148.2,0.00066802938448494,1.4967207990358e-05,-1.652803836021e-11,3.7046584841969e-10,9.159528955116,0.038585611827541,-1.6375789579997e-14,0.99999999797117
148.25,128,0,148.25,0.00066802908635966,1.4967214660124e-05,-1.652803836021e-11,3.7046584841969e-10,9.1575996745207,0.038585611827541,-1.6375789579997e-14,0.99999999797117
148.3,128,0,148.3,0.00066802878823438,1.496722132989e-05,-1.652803836021e-11,3.7046584841969e-10,9.1556703939254,0.038585611827541,-1.6375789579997e-14,0.99999999797117
148.35,128,0,148.35,0.0006680284901091,1.4967227999656e-05,-1.652803836021e-11,3.7046584841969e-10,9.1537411133301,0.038585611827541,-1.6375789579997e-14,0.99999999797117
148.4,128,0,148.4,0.00066802819198381,1.4967234669423e-05,-1.652803836021e-11,3.7046584841969e-10,9.1518118327348,0.038585611827541,-1.6375789579997e-14,0.99999999797117
148.45,128,0,148.45,0.00066802789385853,1.4967241339189e-05,-1.652803836021e-11,3.7046584841969e-10,9.1498825521395,0.038585611827541,-1.6375789579997e-14,0.99999999797117
148.5,128,0,148.5,0.00066802759573325,1.4967248008955e-05,-1.652803836021e-11,3.7046584841969e-10,9.1479532715442,0.038585611827541,-1.6375789579997e-14,0.99999999797117
148.55,128,0,148.55,0.00066802729760797,1.4967254678721e-05,-1.652803836021e-11,3.7046584841969e-10,9.1460239909489,0.038585611827541,-1.6375789579997e-14,0.99999999797117
148.6,128,0,148.6,0.00066802699948269,1.4967261348487e-05,-1.652803836021e-11,3.7046584841969e-10,9.1440947103536,0.038585611827541,-1.6375789579997e-14,0.99999999797117
148.65,128,0,148.65,0.00066802670135741,1.4967268018253e-05,-1.652803836021e-11,3.7046584841969e-10,9.1421654297583,0.038585611827541,-1.6375789579997e-14,0.99999999797117
148.7,128,0,148.7,0.00066802640323213,1.4967274688019e-05,-1.652803836021e-11,3.7046584841969e-10,9.140236149163,0.038585611827541,-1.6375789579997e-14,0.99999999797117
148.75,128,0,148.75,0.00066802610510685,1.4967281357785e-05,-1.652803836021e-11,3.7046584841969e-10,9.1383068685677,0.038585611827541,-1.6375789579997e-14,0.99999999797117
148.8,128,0,148.8,0.00066802580698157,1.4967288027551e-05,-1.652803836021e-11,3.7046584841969e-10,9.1363775879725,0.038585611827541,-1.6375789579997e-14,0.99999999797117
148.85,128,0,148.85,0.00066802550885628,1.4967294697318e-05,-1.652803836021e-11,3.7046584841969e-10,9.1344483073772,0.038585611827541,-1.6375789579997e-14,0.99999999797117
148.9,128,0,148.9,0.000668025210731,1.4967301367084e-05,-1.652803836021e-11,3.7046584841969e-10,9.1325190267819,0.038585611827541,-1.6375789579997e-14,0.99999999797117
148.95,128,0,148.95,0.00066802491260572,1.496730803685e-05,-1.652803836021e-11,3.7046584841969e-10,9.1305897461866,0.038585611827541,-1.6375789579997e-14,0.99999999797117
149,128,0,149,0.00066802461448044,1.4967314706616e-05,-1.652803836021e-11,3.7046584841969e-10,9.1286604655913,0.038585611827541,-1.6375789579997e-14,0.99999999797117
149.05,128,0,149.05,0.00066802557244425,1.4967293248198e-05,-1.040070349123e-11,2.3294363075725e-10,9.1267311849985,0.038585611827557,-8.4376949811426e-15,0.99999999928788
149.1,128,0,149.1,0.00066802653040806,1.496727178978e-05,-1.040070349123e-11,2.3294363075725e-10,9.1248019044058,0.038585611827557,-8.4376949811426e-15,0.99999999928788
149.15,128,0,149.15,0.00066802748837186,1.4967250331362e-05,-1.040070349123e-11,2.3294363075725e-10,9.122872623813,0.038585611827557,-8.4376949811426e-15,0.99999999928788
149.2,128,0,149.2,0.00066802844633567,1.4967228872944e-05,-1.040070349123e-11,2.3294363075725e-10,9.1209433432203,0.038585611827557,-8.4376949811426e-15,0.99999999928788
149.25,128,0,149.25,0.00066802940429948,1.4967207414526e-05,-1.040070349123e-11,2.3294363075725e-10,9.1190140626275,0.038585611827557,-8.4376949811426e-15,0.99999999928788
149.3,128,0,149.3,0.00066803036226328,1.4967185956108e-05,-1.040070349123e-11,2.3294363075725e-10,9.1170847820348,0.038585611827557,-8.4376949811426e-15,0.99999999928788
149.35,128,0,149.35,0.00066803132022709,1.496716449769e-05,-1.040070349123e-11,2.3294363075725e-10,9.115155501442,0.038585611827557,-8.4376949811426e-15,0.99999999928788
149.4,128,0,149.4,0.0006680322781909,1.4967143039271e-05,-1.040070349123e-11,2.3294363075725e-10,9.1132262208493,0.038585611827557,-8.4376949811426e-15,0.99999999928788
149.45,128,0,149.45,0.00066803323615471,1.4967121580853e-05,-1.040070349123e-11,2.3294363075725e-10,9.1112969402565,0.038585611827557,-8.4376949811426e-15,0.99999999928788
149.5,128,0,149.5,0.00066803419411851,1.4967100122435e-05,-1.040070349123e-11,2.3294363075725e-10,9.1093676596638,0.038585611827557,-8.4376949811426e-15,0.99999999928788
149.55,128,0,149.55,0.00066803515208232,1.4967078664017e-05,-1.040070349123e-11,2.3294363075725e-10,9.107438379071,0.038585611827557,-8.4376949811426e-15,0.99999999928788
149.6,128,0,149.6,0.00066803611004613,1.4967057205599e-05,-1.040070349123e-11,2.3294363075725e-10,9.1055090984783,0.038585611827557,-8.4376949811426e-15,0.99999999928788
149.65,128,0,149.65,0.00066803706800994,1.4967035747181e-05,-1.040070349123e-11,2.3294363075725e-10,9.1035798178855,0.038585611827557,-8.4376949811426e-15,0.99999999928788
149.7,128,0,149.7,0.00066803802597374,1.4967014288763e-05,-1.040070349123e-11,2.3294363075725e-10,9.1016505372928,0.038585611827557,-8.4376949811426e-15,0.99999999928788
149.75,128,0,149.75,0.00066803898393755,1.4966992830345e-05,-1.040070349123e-11,2.3294363075725e-10,9.0997212567,0.038585611827557,-8.4376949811426e-15,0.99999999928788
149.8,128,0,149.8,0.00066803994190136,1.4966971371927e-05,-1.040070349123e-11,2.3294363075725e-10,9.0977919761073,0.038585611827557,-8.4376949811426e-15,0.99999999928788
149.85,128,0,149.85,0.00066804089986516,1.4966949913509e-05,-1.040070349123e-11,2.3294363075725e-10,9.0958626955145,0.038585611827557,-8.4376949811426e-15,0.99999999928788
149.9,128,0,149.9,0.00066804185782897,1.4966928455091e-05,-1.040070349123e-11,2.3294363075725e-10,9.0939334149218,0.038585611827557,-8.4376949811426e-15,0.99999999928788
149.95,128,0,149.95,0.00066804281579278,1.4966906996673e-05,-1.040070349123e-11,2.3294363075725e-10,9.092004134329,0.038585611827557,-8.4376949811426e-15,0.99999999928788
150,128,0,150,0.00066804377375659,1.4966885538255e-05,-1.040070349123e-11,2.3294363075725e-10,9.0900748537363,0.038585611827557,-8.4376949811426e-15,0.99999999928788
150.05,128,0,150.05,0.00066804394402139,1.4966881724789e-05,1.1894739306812e-11,-2.6644363419173e-10,9.0881455731444,0.038585611827551,3.6637359803473e-15,0.99999999975005
150.1,128,0,150.1,0.0006680441142862,1.4966877911322e-05,1.1894739306812e-11,-2.6644363419173e-10,9.0862162925525,0.038585611827551,3.6637359803473e-15,0.99999999975005
150.15,128,0,150.15,0.00066804428455101,1.4966874097856e-05,1.1894739306812e-11,-2.6644363419173e-10,9.0842870119607,0.038585611827551,3.6637359803473e-15,0.99999999975005
150.2,128,0,150.2,0.00066804445481582,1.496687028439e-05,1.1894739306812e-11,-2.6644363419173e-10,9.0823577313688,0.038585611827551,3.6637359803473e-15,0.99999999975005
150.25,128,0,150.25,0.00066804462508062,1.4966866470924e-05,1.1894739306812e-11,-2.6644363419173e-10,9.080428450777,0.038585611827551,3.6637359803473e-15,0.99999999975005
150.3,128,0,150.3,0.00066804479534543,1.4966862657458e-05,1.1894739306812e-11,-2.6644363419173e-10,9.0784991701851,0.038585611827551,3.6637359803473e-15,0.99999999975005
150.35,128,0,150.35,0.00066804496561024,1.4966858843991e-05,1.1894739306812e-11,-2.6644363419173e-10,9.0765698895932,0.038585611827551,3.6637359803473e-15,0.99999999975005
150.4,128,0,150.4,0.00066804513587505,1.4966855030525e-05,1.1894739306812e-11,-2.6644363419173e-10,9.0746406090014,0.038585611827551,3.6637359803473e-15,0.99999999975005
150.45,128,0,150.45,0.00066804530613985,1.4966851217059e-05,1.1894739306812e-11,-2.6644363419173e-10,9.0727113284095,0.038585611827551,3.6637359803473e-15,0.99999999975005
150.5,128,0,150.5,0.00066804547640466,1.4966847403593e-05,1.1894739306812e-11,-2.6644363419173e-10,9.0707820478177,0.038585611827551,3.6637359803473e-15,0.99999999975005
150.55,128,0,150.55,0.00066804564666947,1.4966843590127e-05,1.1894739306812e-11,-2.6644363419173e-10,9.0688527672258,0.038585611827551,3.6637359803473e-15,0.99999999975005
150.6,128,0,150.6,0.00066804581693428,1.496683977666e-05,1.1894739306812e-11,-2.6644363419173e-10,9.0669234866339,0.038585611827551,3.6637359803473e-15,0.99999999975005
150.65,128,0,150.65,0.00066804598719909,1.4966835963194e-05,1.1894739306812e-11,-2.6644363419173e-10,9.0649942060421,0.038585611827551,3.6637359803473e-15,0.99999999975005
150.7,128,0,150.7,0.00066804615746389,1.4966832149728e-05,1.1894739306812e-11,-2.6644363419173e-10,9.0630649254502,0.038585611827551,3.6637359803473e-15,0.99999999975005
150.75,128,0,150.75,0.0006680463277287,1.4966828336262e-05,1.1894739306812e-11,-2.6644363419173e-10,9.0611356448583,0.038585611827551,3.6637359803473e-15,0.99999999975005
150.8,128,0,150.8,0.00066804649799351,1.4966824522796e-05,1.1894739306812e-11,-2.6644363419173e-10,9.0592063642665,0.038585611827551,3.6637359803473e-15,0.99999999975005
150.85,128,0,150.85,0.00066804666825832,1.4966820709329e-05,1.1894739306812e-11,-2.6644363419173e-10,9.0572770836746,0.038585611827551,3.6637359803473e-15,0.99999999975005
150.9,128,0,150.9,0.00066804683852312,1.4966816895863e-05,1.1894739306812e-11,-2.6644363419173e-10,9.0553478030828,0.038585611827551,3.6637359803473e-15,0.99999999975005
150.95,128,0,150.95,0.00066804700878793,1.4966813082397e-05,1.1894739306812e-11,-2.6644363419173e-10,9.0534185224909,0.038585611827551,3.6637359803473e-15,0.99999999975005
151,128,0,151,0.00066804717905274,1.4966809268931e-05,1.1894739306812e-11,-2.6644363419173e-10,9.051489241899,0.038585611827551,3.6637359803473e-15,0.99999999975005
151.05,128,0,151.05,0.00066804642992189,1.4966826050062e-05,-1.6587240648708e-11,3.7156234631577e-10,9.0495599613075,0.038585611827557,7.2164496594304e-15,0.99999999991227
151.1,128,0,151.1,0.00066804568079104,1.4966842831193e-05,-1.6587240648708e-11,3.7156234631577e-10,9.0476306807159,0.038585611827557,7.2164496594304e-15,0.99999999991227
151.15,128,0,151.15,0.00066804493166019,1.4966859612324e-05,-1.6587240648708e-11,3.7156234631577e-10,9.0457014001244,0.038585611827557,7.2164496594304e-15,0.99999999991227
151.2,128,0,151.2,0.00066804418252933,1.4966876393455e-05,-1.6587240648708e-11,3.7156234631577e-10,9.0437721195329,0.038585611827557,7.2164496594304e-15,0.99999999991227
151.25,128,0,151.25,0.00066804343339848,1.4966893174586e-05,-1.6587240648708e-11,3.7156234631577e-10,9.0418428389413,0.038585611827557,7.2164496594304e-15,0.99999999991227
151.3,128,0,151.3,0.00066804268426763,1.4966909955717e-05,-1.6587240648708e-11,3.7156234631577e-10,9.0399135583498,0.038585611827557,7.2164496594304e-15,0.99999999991227
151.35,128,0,151.35,0.00066804193513678,1.4966926736848e-05,-1.6587240648708e-11,3.7156234631577e-10,9.0379842777582,0.038585611827557,7.2164496594304e-15,0.99999999991227
151.4,128,0,151.4,0.00066804118600593,1.4966943517979e-05,-1.6587240648708e-11,3.7156234631577e-10,9.0360549971667,0.038585611827557,7.2164496594304e-15,0.99999999991227
151.45,128,0,151.45,0.00066804043687508,1.496696029911e-05,-1.6587240648708e-11,3.7156234631577e-10,9.0341257165751,0.038585611827557,7.2164496594304e-15,0.99999999991227
151.5,128,0,151.5,0.00066803968774423,1.4966977080242e-05,-1.6587240648708e-11,3.7156234631577e-10,9.0321964359836,0.038585611827557,7.2164496594304e-15,0.99999999991227
151.55,128,0,151.55,0.00066803893861338,1.4966993861373e-05,-1.6587240648708e-11,3.7156234631577e-10,9.030267155392,0.038585611827557,7.2164496594304e-15,0.99999999991227
151.6,128,0,151.6,0.00066803818948252,1.4967010642504e-05,-1.6587240648708e-11,3.7156234631577e-10,9.0283378748005,0.038585611827557,7.2164496594304e-15,0.99999999991227
151.65,128,0,151.65,0.00066803744035167,1.4967027423635e-05,-1.6587240648708e-11,3.7156234631577e-10,9.0264085942089,0.038585611827557,7.2164496594304e-15,0.99999999991227
151.7,128,0,151.7,0.00066803669122082,1.4967044204766e-05,-1.6587240648708e-11,3.7156234631577e-10,9.0244793136174,0.038585611827557,7.2164496594304e-15,0.99999999991227
151.75,128,0,151.75,0.00066803594208997,1.4967060985897e-05,-1.6587240648708e-11,3.7156234631577e-10,9.0225500330259,0.038585611827557,7.2164496594304e-15,0.99999999991227
151.8,128,0,151.8,0.00066803519295912,1.4967077767028e-05,-1.6587240648708e-11,3.7156234631577e-10,9.0206207524343,0.038585611827557,7.2164496594304e-15,0.99999999991227
151.85,128,0,151.85,0.00066803444382827,1.4967094548159e-05,-1.6587240648708e-11,3.7156234631577e-10,9.0186914718428,0.038585611827557,7.2164496594304e-15,0.99999999991227
151.9,128,0,151.9,0.00066803369469742,1.496711132929e-05,-1.6587240648708e-11,3.7156234631577e-10,9.0167621912512,0.038585611827557,7.2164496594304e-15,0.99999999991227
151.95,128,0,151.95,0.00066803294556657,1.4967128110421e-05,-1.6587240648708e-11,3.7156234631577e-10,9.0148329106597,0.038585611827557,7.2164496594304e-15,0.99999999991227
152,128,0,152,0.00066803219643571,1.4967144891552e-05,-1.6587240648708e-11,3.7156234631577e-10,9.0129036300681,0.038585611827557,7.2164496594304e-15,0.99999999991227
152.05,128,0,152.05,0.00066803268648856,1.496713391381e-05,1.5871847586183e-11,-3.5554041364315e-10,9.0109743494767,0.038585611827574,2.831068712707e-15,0.9999999999692
152.1,128,0,152.1,0.0006680331765414,1.4967122936068e-05,1.5871847586183e-11,-3.5554041364315e-10,9.0090450688852,0.038585611827574,2.831068712707e-15,0.9999999999692
152.15,128,0,152.15,0.00066803366659424,1.4967111958326e-05,1.5871847586183e-11,-3.5554041364315e-10,9.0071157882938,0.038585611827574,2.831068712707e-15,0.9999999999692
152.2,128,0,152.2,0.00066803415664708,1.4967100980584e-05,1.5871847586183e-11,-3.5554041364315e-10,9.0051865077024,0.038585611827574,2.831068712707e-15,0.9999999999692
152.25,128,0,152.25,0.00066803464669992,1.4967090002842e-05,1.5871847586183e-11,-3.5554041364315e-10,9.0032572271109,0.038585611827574,2.831068712707e-15,0.9999999999692
152.3,128,0,152.3,0.00066803513675276,1.49670790251e-05,1.5871847586183e-11,-3.5554041364315e-10,9.0013279465195,0.038585611827574,2.831068712707e-15,0.9999999999692
152.35,128,0,152.35,0.00066803562680561,1.4967068047358e-05,1.5871847586183e-11,-3.5554041364315e-10,8.999398665928,0.038585611827574,2.831068712707e-15,0.9999999999692
152.4,128,0,152.4,0.00066803611685845,1.4967057069616e-05,1.5871847586183e-11,-3.5554041364315e-10,8.9974693853366,0.038585611827574,2.831068712707e-15,0.9999999999692
152.45,128,0,152.45,0.00066803660691129,1.4967046091874e-05,1.5871847586183e-11,-3.5554041364315e-10,8.9955401047452,0.038585611827574,2.831068712707e-15,0.9999999999692
152.5,128,0,152.5,0.00066803709696413,1.4967035114132e-05,1.5871847586183e-11,-3.5554041364315e-10,8.9936108241537,0.038585611827574,2.831068712707e-15,0.9999999999692
152.55,128,0,152.55,0.00066803758701697,1.496702413639e-05,1.5871847586183e-11,-3.5554041364315e-10,8.9916815435623,0.038585611827574,2.831068712707e-15,0.9999999999692
152.6,128,0,152.6,0.00066803807706981,1.4967013158647e-05,1.5871847586183e-11,-3.5554041364315e-10,8.9897522629709,0.038585611827574,2.831068712707e-15,0.9999999999692
152.65,128,0,152.65,0.00066803856712266,1.4967002180905e-05,1.5871847586183e-11,-3.5554041364315e-10,8.9878229823794,0.038585611827574,2.831068712707e-15,0.9999999999692
152.7,128,0,152.7,0.0006680390571755,1.4966991203163e-05,1.5871847586183e-11,-3.5554041364315e-10,8.985893701788,0.038585611827574,2.831068712707e-15,0.9999999999692
152.75,128,0,152.75,0.00066803954722834,1.4966980225421e-05,1.5871847586183e-11,-3.5554041364315e-10,8.9839644211965,0.038585611827574,2.831068712707e-15,0.9999999999692
152.8,128,0,152.8,0.00066804003728118,1.4966969247679e-05,1.5871847586183e-11,-3.5554041364315e-10,8.9820351406051,0.038585611827574,2.831068712707e-15,0.9999999999692
152.85,128,0,152.85,0.00066804052733402,1.4966958269937e-05,1.5871847586183e-11,-3.5554041364315e-10,8.9801058600137,0.038585611827574,2.831068712707e-15,0.9999999999692
152.9,128,0,152.9,0.00066804101738686,1.4966947292195e-05,1.5871847586183e-11,-3.5554041364315e-10,8.9781765794222,0.038585611827574,2.831068712707e-15,0.9999999999692
152.95,128,0,152.95,0.0006680415074397,1.4966936314453e-05,1.5871847586183e-11,-3.5554041364315e-10,8.9762472988308,0.038585611827574,2.831068712707e-15,0.9999999999692
153,128,0,153,0.00066804199749255,1.4966925336711e-05,1.5871847586183e-11,-3.5554041364315e-10,8.9743180182393,0.038585611827574,2.831068712707e-15,0.9999999999692
153.05,128,0,153.05,0.00066804205264008,1.4966924101306e-05,-1.6800177253878e-11,3.7634133428459e-10,8.9723887376479,0.038585611827581,-2.7755575615329e-16,0.99999999998919
153.1,128,0,153.1,0.00066804210778761,1.4966922865901e-05,-1.6800177253878e-11,3.7634133428459e-10,8.9704594570565,0.038585611827581,-2.7755575615329e-16,0.99999999998919
153.15,128,0,153.15,0.00066804216293514,1.4966921630496e-05,-1.6800177253878e-11,3.7634133428459e-10,8.9685301764651,0.038585611827581,-2.7755575615329e-16,0.99999999998919
153.2,128,0,153.2,0.00066804221808268,1.4966920395091e-05,-1.6800177253878e-11,3.7634133428459e-10,8.9666008958737,0.038585611827581,-2.7755575615329e-16,0.99999999998919
153.25,128,0,153.25,0.00066804227323021,1.4966919159686e-05,-1.6800177253878e-11,3.7634133428459e-10,8.9646716152823,0.038585611827581,-2.7755575615329e-16,0.99999999998919
153.3,128,0,153.3,0.00066804232837774,1.4966917924281e-05,-1.6800177253878e-11,3.7634133428459e-10,8.9627423346909,0.038585611827581,-2.7755575615329e-16,0.99999999998919
153.35,128,0,153.35,0.00066804238352527,1.4966916688876e-05,-1.6800177253878e-11,3.7634133428459e-10,8.9608130540995,0.038585611827581,-2.7755575615329e-16,0.99999999998919
153.4,128,0,153.4,0.00066804243867281,1.4966915453471e-05,-1.6800177253878e-11,3.7634133428459e-10,8.9588837735081,0.038585611827581,-2.7755575615329e-16,0.99999999998919
153.45,128,0,153.45,0.00066804249382034,1.4966914218066e-05,-1.6800177253878e-11,3.7634133428459e-10,8.9569544929168,0.038585611827581,-2.7755575615329e-16,0.99999999998919
153.5,128,0,153.5,0.00066804254896787,1.4966912982661e-05,-1.6800177253878e-11,3.7634133428459e-10,8.9550252123254,0.038585611827581,-2.7755575615329e-16,0.99999999998919
153.55,128,0,153.55,0.0006680426041154,1.4966911747256e-05,-1.6800177253878e-11,3.7634133428459e-10,8.953095931734,0.038585611827581,-2.7755575615329e-16,0.99999999998919
153.6,128,0,153.6,0.00066804265926294,1.4966910511852e-05,-1.6800177253878e-11,3.7634133428459e-10,8.9511666511426,0.038585611827581,-2.7755575615329e-16,0.99999999998919
153.65,128,0,153.65,0.00066804271441047,1.4966909276447e-05,-1.6800177253878e-11,3.7634133428459e-10,8.9492373705512,0.038585611827581,-2.7755575615329e-16,0.99999999998919
153.7,128,0,153.7,0.000668042769558,1.4966908041042e-05,-1.6800177253878e-11,3.7634133428459e-10,8.9473080899598,0.038585611827581,-2.7755575615329e-16,0.99999999998919
153.75,128,0,153.75,0.00066804282470553,1.4966906805637e-05,-1.6800177253878e-11,3.7634133428459e-10,8.9453788093684,0.038585611827581,-2.7755575615329e-16,0.99999999998919
153.8,128,0,153.8,0.00066804287985306,1.4966905570232e-05,-1.6800177253878e-11,3.7634133428459e-10,8.943449528777,0.038585611827581,-2.7755575615329e-16,0.99999999998919
153.85,128,0,153.85,0.0006680429350006,1.4966904334827e-05,-1.6800177253878e-11,3.7634133428459e-10,8.9415202481856,0.038585611827581,-2.7755575615329e-16,0.99999999998919
153.9,128,0,153.9,0.00066804299014813,1.4966903099422e-05,-1.6800177253878e-11,3.7634133428459e-10,8.9395909675942,0.038585611827581,-2.7755575615329e-16,0.99999999998919
153.95,128,0,153.95,0.00066804304529566,1.4966901864017e-05,-1.6800177253878e-11,3.7634133428459e-10,8.9376616870028,0.038585611827581,-2.7755575615329e-16,0.99999999998919
154,128,0,154,0.00066804310044319,1.4966900628612e-05,-1.6800177253878e-11,3.7634133428459e-10,8.9357324064114,0.038585611827581,-2.7755575615329e-16,0.99999999998919
154.05,128,0,154.05,0.00066804340826232,1.49668937335e-05,1.7523304835456e-11,-3.9254417059761e-10,8.93380312582,0.038585611827544,1.6653345369314e-14,0.99999999999621
154.1,128,0,154.1,0.00066804371608145,1.4966886838388e-05,1.7523304835456e-11,-3.9254417059761e-10,8.9318738452286,0.038585611827544,1.6653345369314e-14,0.99999999999621
154.15,128,0,154.15,0.00066804402390057,1.4966879943275e-05,1.7523304835456e-11,-3.9254417059761e-10,8.9299445646372,0.038585611827544,1.6653345369314e-14,0.99999999999621
154.2,128,0,154.2,0.0006680443317197,1.4966873048163e-05,1.7523304835456e-11,-3.9254417059761e-10,8.9280152840458,0.038585611827544,1.6653345369314e-14,0.99999999999621
154.25,128,0,154.25,0.00066804463953883,1.4966866153051e-05,1.7523304835456e-11,-3.9254417059761e-10,8.9260860034544,0.038585611827544,1.6653345369314e-14,0.99999999999621
154.3,128,0,154.3,0.00066804494735795,1.4966859257939e-05,1.7523304835456e-11,-3.9254417059761e-10,8.924156722863,0.038585611827544,1.6653345369314e-14,0.99999999999621
154.35,128,0,154.35,0.00066804525517708,1.4966852362827e-05,1.7523304835456e-11,-3.9254417059761e-10,8.9222274422717,0.038585611827544,1.6653345369314e-14,0.99999999999621
154.4,128,0,154.4,0.0006680455629962,1.4966845467714e-05,1.7523304835456e-11,-3.9254417059761e-10,8.9202981616803,0.038585611827544,1.6653345369314e-14,0.99999999999621
154.45,128,0,154.45,0.00066804587081533,1.4966838572602e-05,1.7523304835456e-11,-3.9254417059761e-10,8.9183688810889,0.038585611827544,1.6653345369314e-14,0.99999999999621
154.5,128,0,154.5,0.00066804617863446,1.496683167749e-05,1.7523304835456e-11,-3.9254417059761e-10,8.9164396004975,0.038585611827544,1.6653345369314e-14,0.99999999999621
154.55,128,0,154.55,0.00066804648645358,1.4966824782378e-05,1.7523304835456e-11,-3.9254417059761e-10,8.9145103199061,0.038585611827544,1.6653345369314e-14,0.99999999999621
154.6,128,0,154.6,0.00066804679427271,1.4966817887266e-05,1.7523304835456e-11,-3.9254417059761e-10,8.9125810393147,0.038585611827544,1.6653345369314e-14,0.99999999999621
154.65,128,0,154.65,0.00066804710209184,1.4966810992153e-05,1.7523304835456e-11,-3.9254417059761e-10,8.9106517587233,0.038585611827544,1.6653345369314e-14,0.99999999999621
154.7,128,0,154.7,0.00066804740991096,1.4966804097041e-05,1.7523304835456e-11,-3.9254417059761e-10,8.908722478132,0.038585611827544,1.6653345369314e-14,0.99999999999621
154.75,128,0,154.75,0.00066804771773009,1.4966797201929e-05,1.7523304835456e-11,-3.9254417059761e-10,8.9067931975406,0.038585611827544,1.6653345369314e-14,0.99999999999621
154.8,128,0,154.8,0.00066804802554921,1.4966790306817e-05,1.7523304835456e-11,-3.9254417059761e-10,8.9048639169492,0.038585611827544,1.6653345369314e-14,0.99999999999621
154.85,128,0,154.85,0.00066804833336834,1.4966783411705e-05,1.7523304835456e-11,-3.9254417059761e-10,8.9029346363578,0.038585611827544,1.6653345369314e-14,0.99999999999621
154.9,128,0,154.9,0.00066804864118747,1.4966776516592e-05,1.7523304835456e-11,-3.9254417059761e-10,8.9010053557664,0.038585611827544,1.6653345369314e-14,0.99999999999621
154.95,128,0,154.95,0.00066804894900659,1.496676962148e-05,1.7523304835456e-11,-3.9254417059761e-10,8.899076075175,0.038585611827544,1.6653345369314e-14,0.99999999999621
155,128,0,155,0.00066804925682572,1.4966762726368e-05,1.7523304835456e-11,-3.9254417059761e-10,8.8971467945836,0.038585611827544,1.6653345369314e-14,0.99999999999621
155.05,128,0,155.05,0.00066804840656656,1.4966781772754e-05,-1.7259073252445e-11,3.8662093558006e-10,8.8952175139923,0.038585611827548,4.7017945092835e-14,0.99999999999915
155.1,128,0,155.1,0.0006680475563074,1.4966800819139e-05,-1.7259073252445e-11,3.8662093558006e-10,8.8932882334009,0.038585611827548,4.7017945092835e-14,0.99999999999915
155.15,128,0,155.15,0.00066804670604825,1.4966819865524e-05,-1.7259073252445e-11,3.8662093558006e-10,8.8913589528095,0.038585611827548,4.7017945092835e-14,0.99999999999915
155.2,128,0,155.2,0.00066804585578909,1.496683891191e-05,-1.7259073252445e-11,3.8662093558006e-10,8.8894296722181,0.038585611827548,4.7017945092835e-14,0.99999999999915
155.25,128,0,155.25,0.00066804500552993,1.4966857958295e-05,-1.7259073252445e-11,3.8662093558006e-10,8.8875003916267,0.038585611827548,4.7017945092835e-14,0.99999999999915
155.3,128,0,155.3,0.00066804415527078,1.4966877004681e-05,-1.7259073252445e-11,3.8662093558006e-10,8.8855711110354,0.038585611827548,4.7017945092835e-14,0.99999999999915
155.35,128,0,155.35,0.00066804330501162,1.4966896051066e-05,-1.7259073252445e-11,3.8662093558006e-10,8.883641830444,0.038585611827548,4.7017945092835e-14,0.99999999999915
155.4,128,0,155.4,0.00066804245475246,1.4966915097452e-05,-1.7259073252445e-11,3.8662093558006e-10,8.8817125498526,0.038585611827548,4.7017945092835e-14,0.99999999999915
155.45,128,0,155.45,0.00066804160449331,1.4966934143837e-05,-1.7259073252445e-11,3.8662093558006e-10,8.8797832692612,0.038585611827548,4.7017945092835e-14,0.99999999999915
155.5,128,0,155.5,0.00066804075423415,1.4966953190223e-05,-1.7259073252445e-11,3.8662093558006e-10,8.8778539886698,0.038585611827548,4.7017945092835e-14,0.99999999999915
155.55,128,0,155.55,0.00066803990397499,1.4966972236608e-05,-1.7259073252445e-11,3.8662093558006e-10,8.8759247080785,0.038585611827548,4.7017945092835e-14,0.99999999999915
155.6,128,0,155.6,0.00066803905371584,1.4966991282994e-05,-1.7259073252445e-11,3.8662093558006e-10,8.8739954274871,0.038585611827548,4.7017945092835e-14,0.99999999999915
155.65,128,0,155.65,0.00066803820345668,1.4967010329379e-05,-1.7259073252445e-11,3.8662093558006e-10,8.8720661468957,0.038585611827548,4.7017945092835e-14,0.99999999999915
155.7,128,0,155.7,0.00066803735319752,1.4967029375764e-05,-1.7259073252445e-11,3.8662093558006e-10,8.8701368663043,0.038585611827548,4.7017945092835e-14,0.99999999999915
155.75,128,0,155.75,0.00066803650293837,1.496704842215e-05,-1.7259073252445e-11,3.8662093558006e-10,8.868207585713,0.038585611827548,4.7017945092835e-14,0.99999999999915
155.8,128,0,155.8,0.00066803565267921,1.4967067468535e-05,-1.7259073252445e-11,3.8662093558006e-10,8.8662783051216,0.038585611827548,4.7017945092835e-14,0.99999999999915
155.85,128,0,155.85,0.00066803480242005,1.4967086514921e-05,-1.7259073252445e-11,3.8662093558006e-10,8.8643490245302,0.038585611827548,4.7017945092835e-14,0.99999999999915
155.9,128,0,155.9,0.0006680339521609,1.4967105561306e-05,-1.7259073252445e-11,3.8662093558006e-10,8.8624197439388,0.038585611827548,4.7017945092835e-14,0.99999999999915
155.95,128,0,155.95,0.00066803310190174,1.4967124607692e-05,-1.7259073252445e-11,3.8662093558006e-10,8.8604904633474,0.038585611827548,4.7017945092835e-14,0.99999999999915
156,128,0,156,0.00066803225164258,1.4967143654077e-05,-1.7259073252445e-11,3.8662093558006e-10,8.8585611827561,0.038585611827548,4.7017945092835e-14,0.99999999999915
156.05,128,0,156.05,0.00066803274726984,1.4967132551495e-05,1.6519691962242e-11,-3.7005408788034e-10,8.8566319021647,0.038585611827605,3.4694469519536e-14,1
156.1,128,0,156.1,0.0006680332428971,1.4967121448913e-05,1.6519691962242e-11,-3.7005408788034e-10,8.8547026215733,0.038585611827605,3.4694469519536e-14,1
156.15,128,0,156.15,0.00066803373852436,1.4967110346331e-05,1.6519691962242e-11,-3.7005408788034e-10,8.8527733409819,0.038585611827605,3.4694469519536e-14,1
156.2,128,0,156.2,0.00066803423415162,1.4967099243748e-05,1.6519691962242e-11,-3.7005408788034e-10,8.8508440603905,0.038585611827605,3.4694469519536e-14,1
156.25,128,0,156.25,0.00066803472977888,1.4967088141166e-05,1.6519691962242e-11,-3.7005408788034e-10,8.8489147797992,0.038585611827605,3.4694469519536e-14,1
156.3,128,0,156.3,0.00066803522540615,1.4967077038584e-05,1.6519691962242e-11,-3.7005408788034e-10,8.8469854992078,0.038585611827605,3.4694469519536e-14,1
156.35,128,0,156.35,0.00066803572103341,1.4967065936002e-05,1.6519691962242e-11,-3.7005408788034e-10,8.8450562186164,0.038585611827605,3.4694469519536e-14,1
156.4,128,0,156.4,0.00066803621666067,1.496705483342e-05,1.6519691962242e-11,-3.7005408788034e-10,8.843126938025,0.038585611827605,3.4694469519536e-14,1
156.45,128,0,156.45,0.00066803671228793,1.4967043730838e-05,1.6519691962242e-11,-3.7005408788034e-10,8.8411976574336,0.038585611827605,3.4694469519536e-14,1
156.5,128,0,156.5,0.00066803720791519,1.4967032628255e-05,1.6519691962242e-11,-3.7005408788034e-10,8.8392683768423,0.038585611827605,3.4694469519536e-14,1
156.55,128,0,156.55,0.00066803770354245,1.4967021525673e-05,1.6519691962242e-11,-3.7005408788034e-10,8.8373390962509,0.038585611827605,3.4694469519536e-14,1
156.6,128,0,156.6,0.00066803819916971,1.4967010423091e-05,1.6519691962242e-11,-3.7005408788034e-10,8.8354098156595,0.038585611827605,3.4694469519536e-14,1
156.65,128,0,156.65,0.00066803869479697,1.4966999320509e-05,1.6519691962242e-11,-3.7005408788034e-10,8.8334805350681,0.038585611827605,3.4694469519536e-14,1
156.7,128,0,156.7,0.00066803919042423,1.4966988217927e-05,1.6519691962242e-11,-3.7005408788034e-10,8.8315512544767,0.038585611827605,3.4694469519536e-14,1
156.75,128,0,156.75,0.00066803968605149,1.4966977115345e-05,1.6519691962242e-11,-3.7005408788034e-10,8.8296219738854,0.038585611827605,3.4694469519536e-14,1
156.8,128,0,156.8,0.00066804018167875,1.4966966012762e-05,1.6519691962242e-11,-3.7005408788034e-10,8.827692693294,0.038585611827605,3.4694469519536e-14,1
156.85,128,0,156.85,0.00066804067730601,1.496695491018e-05,1.6519691962242e-11,-3.7005408788034e-10,8.8257634127026,0.038585611827605,3.4694469519536e-14,1
156.9,128,0,156.9,0.00066804117293327,1.4966943807598e-05,1.6519691962242e-11,-3.7005408788034e-10,8.8238341321112,0.038585611827605,3.4694469519536e-14,1
156.95,128,0,156.95,0.00066804166856053,1.4966932705016e-05,1.6519691962242e-11,-3.7005408788034e-10,8.8219048515198,0.038585611827605,3.4694469519536e-14,1
157,128,0,157,0.00066804216418779,1.4966921602434e-05,1.6519691962242e-11,-3.7005408788034e-10,8.8199755709285,0.038585611827605,3.4694469519536e-14,1
157.05,128,0,157.05,0.000668042212709,1.4966920515477e-05,-1.6846455807377e-11,3.7737818023667e-10,8.8180462903371,0.038585611827554,2.120525977034e-14,1
157.1,128,0,157.1,0.00066804226123021,1.4966919428521e-05,-1.6846455807377e-11,3.7737818023667e-10,8.8161170097457,0.038585611827554,2.120525977034e-14,1
157.15,128,0,157.15,0.00066804230975143,1.4966918341565e-05,-1.6846455807377e-11,3.7737818023667e-10,8.8141877291543,0.038585611827554,2.120525977034e-14,1
157.2,128,0,157.2,0.00066804235827264,1.4966917254608e-05,-1.6846455807377e-11,3.7737818023667e-10,8.812258448563,0.038585611827554,2.120525977034e-14,1
157.25,128,0,157.25,0.00066804240679385,1.4966916167652e-05,-1.6846455807377e-11,3.7737818023667e-10,8.8103291679716,0.038585611827554,2.120525977034e-14,1
157.3,128,0,157.3,0.00066804245531506,1.4966915080696e-05,-1.6846455807377e-11,3.7737818023667e-10,8.8083998873802,0.038585611827554,2.120525977034e-14,1
157.35,128,0,157.35,0.00066804250383627,1.4966913993739e-05,-1.6846455807377e-11,3.7737818023667e-10,8.8064706067888,0.038585611827554,2.120525977034e-14,1
157.4,128,0,157.4,0.00066804255235748,1.4966912906783e-05,-1.6846455807377e-11,3.7737818023667e-10,8.8045413261974,0.038585611827554,2.120525977034e-14,1
157.45,128,0,157.45,0.00066804260087869,1.4966911819827e-05,-1.6846455807377e-11,3.7737818023667e-10,8.8026120456061,0.038585611827554,2.120525977034e-14,1
157.5,128,0,157.5,0.0006680426493999,1.496691073287e-05,-1.6846455807377e-11,3.7737818023667e-10,8.8006827650147,0.038585611827554,2.120525977034e-14,1
157.55,128,0,157.55,0.00066804269792111,1.4966909645914e-05,-1.6846455807377e-11,3.7737818023667e-10,8.7987534844233,0.038585611827554,2.120525977034e-14,1
157.6,128,0,157.6,0.00066804274644232,1.4966908558958e-05,-1.6846455807377e-11,3.7737818023667e-10,8.7968242038319,0.038585611827554,2.120525977034e-14,1
157.65,128,0,157.65,0.00066804279496353,1.4966907472001e-05,-1.6846455807377e-11,3.7737818023667e-10,8.7948949232406,0.038585611827554,2.120525977034e-14,1
157.7,128,0,157.7,0.00066804284348474,1.4966906385045e-05,-1.6846455807377e-11,3.7737818023667e-10,8.7929656426492,0.038585611827554,2.120525977034e-14,1
157.75,128,0,157.75,0.00066804289200596,1.4966905298088e-05,-1.6846455807377e-11,3.7737818023667e-10,8.7910363620578,0.038585611827554,2.120525977034e-14,1
157.8,128,0,157.8,0.00066804294052717,1.4966904211132e-05,-1.6846455807377e-11,3.7737818023667e-10,8.7891070814664,0.038585611827554,2.120525977034e-14,1
157.85,128,0,157.85,0.00066804298904838,1.4966903124176e-05,-1.6846455807377e-11,3.7737818023667e-10,8.787177800875,0.038585611827554,2.120525977034e-14,1
157.9,128,0,157.9,0.00066804303756959,1.4966902037219e-05,-1.6846455807377e-11,3.7737818023667e-10,8.7852485202837,0.038585611827554,2.120525977034e-14,1
157.95,128,0,157.95,0.0006680430860908,1.4966900950263e-05,-1.6846455807377e-11,3.7737818023667e-10,8.7833192396923,0.038585611827554,2.120525977034e-14,1
158,128,0,158,0.00066804313461201,1.4966899863307e-05,-1.6846455807377e-11,3.7737818023667e-10,8.7813899591009,0.038585611827554,2.120525977034e-14,1
158.05,128,0,158.05,0.00066804344166565,1.4966892985333e-05,1.7574122665746e-11,-3.9368271084358e-10,8.7794606785095,0.038585611827517,-4.6074255521944e-15,1
158.1,128,0,158.1,0.0006680437487193,1.4966886107359e-05,1.7574122665746e-11,-3.9368271084358e-10,8.7775313979182,0.038585611827517,-4.6074255521944e-15,1
158.15,128,0,158.15,0.00066804405577294,1.4966879229386e-05,1.7574122665746e-11,-3.9368271084358e-10,8.7756021173268,0.038585611827517,-4.6074255521944e-15,1
158.2,128,0,158.2,0.00066804436282659,1.4966872351412e-05,1.7574122665746e-11,-3.9368271084358e-10,8.7736728367354,0.038585611827517,-4.6074255521944e-15,1
158.25,128,0,158.25,0.00066804466988023,1.4966865473438e-05,1.7574122665746e-11,-3.9368271084358e-10,8.771743556144,0.038585611827517,-4.6074255521944e-15,1
158.3,128,0,158.3,0.00066804497693387,1.4966858595464e-05,1.7574122665746e-11,-3.9368271084358e-10,8.7698142755527,0.038585611827517,-4.6074255521944e-15,1
158.35,128,0,158.35,0.00066804528398752,1.4966851717491e-05,1.7574122665746e-11,-3.9368271084358e-10,8.7678849949613,0.038585611827517,-4.6074255521944e-15,1
158.4,128,0,158.4,0.00066804559104116,1.4966844839517e-05,1.7574122665746e-11,-3.9368271084358e-10,8.7659557143699,0.038585611827517,-4.6074255521944e-15,1
158.45,128,0,158.45,0.00066804589809481,1.4966837961543e-05,1.7574122665746e-11,-3.9368271084358e-10,8.7640264337785,0.038585611827517,-4.6074255521944e-15,1
158.5,128,0,158.5,0.00066804620514845,1.4966831083569e-05,1.7574122665746e-11,-3.9368271084358e-10,8.7620971531872,0.038585611827517,-4.6074255521944e-15,1
158.55,128,0,158.55,0.00066804651220209,1.4966824205596e-05,1.7574122665746e-11,-3.9368271084358e-10,8.7601678725958,0.038585611827517,-4.6074255521944e-15,1
158.6,128,0,158.6,0.00066804681925574,1.4966817327622e-05,1.7574122665746e-11,-3.9368271084358e-10,8.7582385920044,0.038585611827517,-4.6074255521944e-15,1
158.65,128,0,158.65,0.00066804712630938,1.4966810449648e-05,1.7574122665746e-11,-3.9368271084358e-10,8.756309311413,0.038585611827517,-4.6074255521944e-15,1
158.7,128,0,158.7,0.00066804743336303,1.4966803571674e-05,1.7574122665746e-11,-3.9368271084358e-10,8.7543800308217,0.038585611827517,-4.6074255521944e-15,1
158.75,128,0,158.75,0.00066804774041667,1.4966796693701e-05,1.7574122665746e-11,-3.9368271084358e-10,8.7524507502303,0.038585611827517,-4.6074255521944e-15,1
158.8,128,0,158.8,0.00066804804747032,1.4966789815727e-05,1.7574122665746e-11,-3.9368271084358e-10,8.7505214696389,0.038585611827517,-4.6074255521944e-15,1
158.85,128,0,158.85,0.00066804835452396,1.4966782937753e-05,1.7574122665746e-11,-3.9368271084358e-10,8.7485921890475,0.038585611827517,-4.6074255521944e-15,1
158.9,128,0,158.9,0.0006680486615776,1.4966776059779e-05,1.7574122665746e-11,-3.9368271084358e-10,8.7466629084562,0.038585611827517,-4.6074255521944e-15,1
158.95,128,0,158.95,0.00066804896863125,1.4966769181806e-05,1.7574122665746e-11,-3.9368271084358e-10,8.7447336278648,0.038585611827517,-4.6074255521944e-15,1
159,128,0,159,0.00066804927568489,1.4966762303832e-05,1.7574122665746e-11,-3.9368271084358e-10,8.7428043472734,0.038585611827517,-4.6074255521944e-15,1
159.05,128,0,159.05,0.00066804842402121,1.4966781381687e-05,-1.7250107551989e-11,3.8642023252696e-10,8.740875066682,0.038585611827563,-2.7755575615629e-14,1
159.1,128,0,159.1,0.00066804757235753,1.4966800459543e-05,-1.7250107551989e-11,3.8642023252696e-10,8.7389457860907,0.038585611827563,-2.7755575615629e-14,1
159.15,128,0,159.15,0.00066804672069385,1.4966819537398e-05,-1.7250107551989e-11,3.8642023252696e-10,8.7370165054993,0.038585611827563,-2.7755575615629e-14,1
159.2,128,0,159.2,0.00066804586903016,1.4966838615253e-05,-1.7250107551989e-11,3.8642023252696e-10,8.7350872249079,0.038585611827563,-2.7755575615629e-14,1
159.25,128,0,159.25,0.00066804501736648,1.4966857693109e-05,-1.7250107551989e-11,3.8642023252696e-10,8.7331579443165,0.038585611827563,-2.7755575615629e-14,1
159.3,128,0,159.3,0.0006680441657028,1.4966876770964e-05,-1.7250107551989e-11,3.8642023252696e-10,8.7312286637251,0.038585611827563,-2.7755575615629e-14,1
159.35,128,0,159.35,0.00066804331403912,1.4966895848819e-05,-1.7250107551989e-11,3.8642023252696e-10,8.7292993831338,0.038585611827563,-2.7755575615629e-14,1
159.4,128,0,159.4,0.00066804246237544,1.4966914926675e-05,-1.7250107551989e-11,3.8642023252696e-10,8.7273701025424,0.038585611827563,-2.7755575615629e-14,1
159.45,128,0,159.45,0.00066804161071175,1.496693400453e-05,-1.7250107551989e-11,3.8642023252696e-10,8.725440821951,0.038585611827563,-2.7755575615629e-14,1
159.5,128,0,159.5,0.00066804075904807,1.4966953082385e-05,-1.7250107551989e-11,3.8642023252696e-10,8.7235115413596,0.038585611827563,-2.7755575615629e-14,1
159.55,128,0,159.55,0.00066803990738439,1.4966972160241e-05,-1.7250107551989e-11,3.8642023252696e-10,8.7215822607683,0.038585611827563,-2.7755575615629e-14,1
159.6,128,0,159.6,0.00066803905572071,1.4966991238096e-05,-1.7250107551989e-11,3.8642023252696e-10,8.7196529801769,0.038585611827563,-2.7755575615629e-14,1
159.65,128,0,159.65,0.00066803820405703,1.4967010315951e-05,-1.7250107551989e-11,3.8642023252696e-10,8.7177236995855,0.038585611827563,-2.7755575615629e-14,1
159.7,128,0,159.7,0.00066803735239334,1.4967029393807e-05,-1.7250107551989e-11,3.8642023252696e-10,8.7157944189941,0.038585611827563,-2.7755575615629e-14,1
159.75,128,0,159.75,0.00066803650072966,1.4967048471662e-05,-1.7250107551989e-11,3.8642023252696e-10,8.7138651384027,0.038585611827563,-2.7755575615629e-14,1
159.8,128,0,159.8,0.00066803564906598,1.4967067549517e-05,-1.7250107551989e-11,3.8642023252696e-10,8.7119358578114,0.038585611827563,-2.7755575615629e-14,1
159.85,128,0,159.85,0.0006680347974023,1.4967086627373e-05,-1.7250107551989e-11,3.8642023252696e-10,8.71000657722,0.038585611827563,-2.7755575615629e-14,1
159.9,128,0,159.9,0.00066803394573862,1.4967105705228e-05,-1.7250107551989e-11,3.8642023252696e-10,8.7080772966286,0.038585611827563,-2.7755575615629e-14,1
159.95,128,0,159.95,0.00066803309407493,1.4967124783083e-05,-1.7250107551989e-11,3.8642023252696e-10,8.7061480160372,0.038585611827563,-2.7755575615629e-14,1
160,128,0,160,0.00066803224241125,1.4967143860938e-05,-1.7250107551989e-11,3.8642023252696e-10,8.7042187354459,0.038585611827563,-2.7755575615629e-14,1
160.05,128,0,160.05,0.00066803273934239,1.4967132729146e-05,1.651946595706e-11,-3.7004910824733e-10,8.7022894548545,0.038585611827558,-1.5099033134902e-14,1
160.1,128,0,160.1,0.00066803323627353,1.4967121597353e-05,1.651946595706e-11,-3.7004910824733e-10,8.7003601742631,0.038585611827558,-1.5099033134902e-14,1
160.15,128,0,160.15,0.00066803373320467,1.496711046556e-05,1.651946595706e-11,-3.7004910824733e-10,8.6984308936717,0.038585611827558,-1.5099033134902e-14,1
160.2,128,0,160.2,0.00066803423013581,1.4967099333768e-05,1.651946595706e-11,-3.7004910824733e-10,8.6965016130803,0.038585611827558,-1.5099033134902e-14,1
160.25,128,0,160.25,0.00066803472706695,1.4967088201975e-05,1.651946595706e-11,-3.7004910824733e-10,8.694572332489,0.038585611827558,-1.5099033134902e-14,1
160.3,128,0,160.3,0.00066803522399809,1.4967077070182e-05,1.651946595706e-11,-3.7004910824733e-10,8.6926430518976,0.038585611827558,-1.5099033134902e-14,1
160.35,128,0,160.35,0.00066803572092923,1.4967065938389e-05,1.651946595706e-11,-3.7004910824733e-10,8.6907137713062,0.038585611827558,-1.5099033134902e-14,1
160.4,128,0,160.4,0.00066803621786037,1.4967054806597e-05,1.651946595706e-11,-3.7004910824733e-10,8.6887844907148,0.038585611827558,-1.5099033134902e-14,1
160.45,128,0,160.45,0.00066803671479151,1.4967043674804e-05,1.651946595706e-11,-3.7004910824733e-10,8.6868552101234,0.038585611827558,-1.5099033134902e-14,1
160.5,128,0,160.5,0.00066803721172265,1.4967032543011e-05,1.651946595706e-11,-3.7004910824733e-10,8.6849259295321,0.038585611827558,-1.5099033134902e-14,1
160.55,128,0,160.55,0.00066803770865379,1.4967021411219e-05,1.651946595706e-11,-3.7004910824733e-10,8.6829966489407,0.038585611827558,-1.5099033134902e-14,1
160.6,128,0,160.6,0.00066803820558493,1.4967010279426e-05,1.651946595706e-11,-3.7004910824733e-10,8.6810673683493,0.038585611827558,-1.5099033134902e-14,1
160.65,128,0,160.65,0.00066803870251607,1.4966999147633e-05,1.651946595706e-11,-3.7004910824733e-10,8.6791380877579,0.038585611827558,-1.5099033134902e-14,1
160.7,128,0,160.7,0.00066803919944721,1.496698801584e-05,1.651946595706e-11,-3.7004910824733e-10,8.6772088071666,0.038585611827558,-1.5099033134902e-14,1
160.75,128,0,160.75,0.00066803969637835,1.4966976884048e-05,1.651946595706e-11,-3.7004910824733e-10,8.6752795265752,0.038585611827558,-1.5099033134902e-14,1
160.8,128,0,160.8,0.00066804019330949,1.4966965752255e-05,1.651946595706e-11,-3.7004910824733e-10,8.6733502459838,0.038585611827558,-1.5099033134902e-14,1
160.85,128,0,160.85,0.00066804069024063,1.4966954620462e-05,1.651946595706e-11,-3.7004910824733e-10,8.6714209653924,0.038585611827558,-1.5099033134902e-14,1
160.9,128,0,160.9,0.00066804118717177,1.496694348867e-05,1.651946595706e-11,-3.7004910824733e-10,8.669491684801,0.038585611827558,-1.5099033134902e-14,1
160.95,128,0,160.95,0.00066804168410291,1.4966932356877e-05,1.651946595706e-11,-3.7004910824733e-10,8.6675624042097,0.038585611827558,-1.5099033134902e-14,1
161,128,0,161,0.00066804218103405,1.4966921225084e-05,1.651946595706e-11,-3.7004910824733e-10,8.6656331236183,0.038585611827558,-1.5099033134902e-14,1
161.05,128,0,161.05,0.00066804222853806,1.496692016091e-05,-1.6840821246539e-11,3.7725200060276e-10,8.6637038430269,0.038585611827575,-1.2767564783189e-14,1
161.1,128,0,161.1,0.00066804227604208,1.4966919096736e-05,-1.6840821246539e-11,3.7725200060276e-10,8.6617745624355,0.038585611827575,-1.2767564783189e-14,1
161.15,128,0,161.15,0.00066804232354609,1.4966918032563e-05,-1.6840821246539e-11,3.7725200060276e-10,8.6598452818441,0.038585611827575,-1.2767564783189e-14,1
161.2,128,0,161.2,0.0006680423710501,1.4966916968389e-05,-1.6840821246539e-11,3.7725200060276e-10,8.6579160012528,0.038585611827575,-1.2767564783189e-14,1
161.25,128,0,161.25,0.00066804241855411,1.4966915904215e-05,-1.6840821246539e-11,3.7725200060276e-10,8.6559867206614,0.038585611827575,-1.2767564783189e-14,1
161.3,128,0,161.3,0.00066804246605812,1.4966914840041e-05,-1.6840821246539e-11,3.7725200060276e-10,8.65405744007,0.038585611827575,-1.2767564783189e-14,1
161.35,128,0,161.35,0.00066804251356214,1.4966913775867e-05,-1.6840821246539e-11,3.7725200060276e-10,8.6521281594786,0.038585611827575,-1.2767564783189e-14,1
161.4,128,0,161.4,0.00066804256106615,1.4966912711694e-05,-1.6840821246539e-11,3.7725200060276e-10,8.6501988788873,0.038585611827575,-1.2767564783189e-14,1
161.45,128,0,161.45,0.00066804260857016,1.496691164752e-05,-1.6840821246539e-11,3.7725200060276e-10,8.6482695982959,0.038585611827575,-1.2767564783189e-14,1
161.5,128,0,161.5,0.00066804265607417,1.4966910583346e-05,-1.6840821246539e-11,3.7725200060276e-10,8.6463403177045,0.038585611827575,-1.2767564783189e-14,1
161.55,128,0,161.55,0.00066804270357818,1.4966909519172e-05,-1.6840821246539e-11,3.7725200060276e-10,8.6444110371131,0.038585611827575,-1.2767564783189e-14,1
161.6,128,0,161.6,0.00066804275108219,1.4966908454998e-05,-1.6840821246539e-11,3.7725200060276e-10,8.6424817565217,0.038585611827575,-1.2767564783189e-14,1
161.65,128,0,161.65,0.00066804279858621,1.4966907390824e-05,-1.6840821246539e-11,3.7725200060276e-10,8.6405524759304,0.038585611827575,-1.2767564783189e-14,1
161.7,128,0,161.7,0.00066804284609022,1.4966906326651e-05,-1.6840821246539e-11,3.7725200060276e-10,8.638623195339,0.038585611827575,-1.2767564783189e-14,1
161.75,128,0,161.75,0.00066804289359423,1.4966905262477e-05,-1.6840821246539e-11,3.7725200060276e-10,8.6366939147476,0.038585611827575,-1.2767564783189e-14,1
161.8,128,0,161.8,0.00066804294109824,1.4966904198303e-05,-1.6840821246539e-11,3.7725200060276e-10,8.6347646341562,0.038585611827575,-1.2767564783189e-14,1
161.85,128,0,161.85,0.00066804298860225,1.4966903134129e-05,-1.6840821246539e-11,3.7725200060276e-10,8.6328353535649,0.038585611827575,-1.2767564783189e-14,1
161.9,128,0,161.9,0.00066804303610627,1.4966902069955e-05,-1.6840821246539e-11,3.7725200060276e-10,8.6309060729735,0.038585611827575,-1.2767564783189e-14,1
161.95,128,0,161.95,0.00066804308361028,1.4966901005781e-05,-1.6840821246539e-11,3.7725200060276e-10,8.6289767923821,0.038585611827575,-1.2767564783189e-14,1
162,128,0,162,0.00066804313111429,1.4966899941608e-05,-1.6840821246539e-11,3.7725200060276e-10,8.6270475117907,0.038585611827575,-1.2767564783189e-14,1
162.05,128,0,162.05,0.00066804343865727,1.4966893052679e-05,1.7568293184507e-11,-3.9355209466116e-10,8.6251182311993,0.038585611827583,-1.6930901125534e-14,1
162.1,128,0,162.1,0.00066804374620025,1.4966886163749e-05,1.7568293184507e-11,-3.9355209466116e-10,8.623188950608,0.038585611827583,-1.6930901125534e-14,1
162.15,128,0,162.15,0.00066804405374324,1.496687927482e-05,1.7568293184507e-11,-3.9355209466116e-10,8.6212596700166,0.038585611827583,-1.6930901125534e-14,1
162.2,128,0,162.2,0.00066804436128622,1.4966872385891e-05,1.7568293184507e-11,-3.9355209466116e-10,8.6193303894252,0.038585611827583,-1.6930901125534e-14,1
162.25,128,0,162.25,0.0006680446688292,1.4966865496962e-05,1.7568293184507e-11,-3.9355209466116e-10,8.6174011088338,0.038585611827583,-1.6930901125534e-14,1
162.3,128,0,162.3,0.00066804497637218,1.4966858608033e-05,1.7568293184507e-11,-3.9355209466116e-10,8.6154718282424,0.038585611827583,-1.6930901125534e-14,1
162.35,128,0,162.35,0.00066804528391517,1.4966851719104e-05,1.7568293184507e-11,-3.9355209466116e-10,8.6135425476511,0.038585611827583,-1.6930901125534e-14,1
162.4,128,0,162.4,0.00066804559145815,1.4966844830175e-05,1.7568293184507e-11,-3.9355209466116e-10,8.6116132670597,0.038585611827583,-1.6930901125534e-14,1
162.45,128,0,162.45,0.00066804589900113,1.4966837941246e-05,1.7568293184507e-11,-3.9355209466116e-10,8.6096839864683,0.038585611827583,-1.6930901125534e-14,1
162.5,128,0,162.5,0.00066804620654412,1.4966831052317e-05,1.7568293184507e-11,-3.9355209466116e-10,8.6077547058769,0.038585611827583,-1.6930901125534e-14,1
162.55,128,0,162.55,0.0006680465140871,1.4966824163388e-05,1.7568293184507e-11,-3.9355209466116e-10,8.6058254252855,0.038585611827583,-1.6930901125534e-14,1
162.6,128,0,162.6,0.00066804682163008,1.4966817274459e-05,1.7568293184507e-11,-3.9355209466116e-10,8.6038961446942,0.038585611827583,-1.6930901125534e-14,1
162.65,128,0,162.65,0.00066804712917306,1.496681038553e-05,1.7568293184507e-11,-3.9355209466116e-10,8.6019668641028,0.038585611827583,-1.6930901125534e-14,1
162.7,128,0,162.7,0.00066804743671605,1.4966803496601e-05,1.7568293184507e-11,-3.9355209466116e-10,8.6000375835114,0.038585611827583,-1.6930901125534e-14,1
162.75,128,0,162.75,0.00066804774425903,1.4966796607671e-05,1.7568293184507e-11,-3.9355209466116e-10,8.59810830292,0.038585611827583,-1.6930901125534e-14,1
162.8,128,0,162.8,0.00066804805180201,1.4966789718742e-05,1.7568293184507e-11,-3.9355209466116e-10,8.5961790223286,0.038585611827583,-1.6930901125534e-14,1
162.85,128,0,162.85,0.00066804835934499,1.4966782829813e-05,1.7568293184507e-11,-3.9355209466116e-10,8.5942497417373,0.038585611827583,-1.6930901125534e-14,1
162.9,128,0,162.9,0.00066804866688798,1.4966775940884e-05,1.7568293184507e-11,-3.9355209466116e-10,8.5923204611459,0.038585611827583,-1.6930901125534e-14,1
162.95,128,0,162.95,0.00066804897443096,1.4966769051955e-05,1.7568293184507e-11,-3.9355209466116e-10,8.5903911805545,0.038585611827583,-1.6930901125534e-14,1
163,128,0,163,0.00066804928197394,1.4966762163026e-05,1.7568293184507e-11,-3.9355209466116e-10,8.5884618999631,0.038585611827583,-1.6930901125534e-14,1
163.05,128,0,163.05,0.00066804843002403,1.4966781247287e-05,-1.7247125427798e-11,3.86353402333e-10,8.5865326193718,0.038585611827542,-7.2164496600635e-15,1
163.1,128,0,163.1,0.00066804757807413,1.4966800331547e-05,-1.7247125427798e-11,3.86353402333e-10,8.5846033387804,0.038585611827542,-7.2164496600635e-15,1
163.15,128,0,163.15,0.00066804672612422,1.4966819415808e-05,-1.7247125427798e-11,3.86353402333e-10,8.582674058189,0.038585611827542,-7.2164496600635e-15,1
163.2,128,0,163.2,0.00066804587417431,1.4966838500068e-05,-1.7247125427798e-11,3.86353402333e-10,8.5807447775976,0.038585611827542,-7.2164496600635e-15,1
163.25,128,0,163.25,0.0006680450222244,1.4966857584329e-05,-1.7247125427798e-11,3.86353402333e-10,8.5788154970062,0.038585611827542,-7.2164496600635e-15,1
163.3,128,0,163.3,0.0006680441702745,1.4966876668589e-05,-1.7247125427798e-11,3.86353402333e-10,8.5768862164149,0.038585611827542,-7.2164496600635e-15,1
163.35,128,0,163.35,0.00066804331832459,1.496689575285e-05,-1.7247125427798e-11,3.86353402333e-10,8.5749569358235,0.038585611827542,-7.2164496600635e-15,1
163.4,128,0,163.4,0.00066804246637468,1.496691483711e-05,-1.7247125427798e-11,3.86353402333e-10,8.5730276552321,0.038585611827542,-7.2164496600635e-15,1
163.45,128,0,163.45,0.00066804161442477,1.4966933921371e-05,-1.7247125427798e-11,3.86353402333e-10,8.5710983746407,0.038585611827542,-7.2164496600635e-15,1
163.5,128,0,163.5,0.00066804076247487,1.4966953005631e-05,-1.7247125427798e-11,3.86353402333e-10,8.5691690940494,0.038585611827542,-7.2164496600635e-15,1
163.55,128,0,163.55,0.00066803991052496,1.4966972089892e-05,-1.7247125427798e-11,3.86353402333e-10,8.567239813458,0.038585611827542,-7.2164496600635e-15,1
163.6,128,0,163.6,0.00066803905857505,1.4966991174153e-05,-1.7247125427798e-11,3.86353402333e-10,8.5653105328666,0.038585611827542,-7.2164496600635e-15,1
163.65,128,0,163.65,0.00066803820662514,1.4967010258413e-05,-1.7247125427798e-11,3.86353402333e-10,8.5633812522752,0.038585611827542,-7.2164496600635e-15,1
163.7,128,0,163.7,0.00066803735467524,1.4967029342674e-05,-1.7247125427798e-11,3.86353402333e-10,8.5614519716838,0.038585611827542,-7.2164496600635e-15,1
163.75,128,0,163.75,0.00066803650272533,1.4967048426934e-05,-1.7247125427798e-11,3.86353402333e-10,8.5595226910925,0.038585611827542,-7.2164496600635e-15,1
163.8,128,0,163.8,0.00066803565077542,1.4967067511195e-05,-1.7247125427798e-11,3.86353402333e-10,8.5575934105011,0.038585611827542,-7.2164496600635e-15,1
163.85,128,0,163.85,0.00066803479882551,1.4967086595455e-05,-1.7247125427798e-11,3.86353402333e-10,8.5556641299097,0.038585611827542,-7.2164496600635e-15,1
163.9,128,0,163.9,0.00066803394687561,1.4967105679716e-05,-1.7247125427798e-11,3.86353402333e-10,8.5537348493183,0.038585611827542,-7.2164496600635e-15,1
163.95,128,0,163.95,0.0006680330949257,1.4967124763976e-05,-1.7247125427798e-11,3.86353402333e-10,8.551805568727,0.038585611827542,-7.2164496600635e-15,1
164,128,0,164,0.00066803224297579,1.4967143848237e-05,-1.7247125427798e-11,3.86353402333e-10,8.5498762881356,0.038585611827542,-7.2164496600635e-15,1
164.05,128,0,164.05,0.00066803273974311,1.4967132720113e-05,1.6522986896934e-11,-3.7012794115057e-10,8.5479470075442,0.038585611827542,-4.2743586448069e-15,1
164.1,128,0,164.1,0.00066803323651042,1.496712159199e-05,1.6522986896934e-11,-3.7012794115057e-10,8.5460177269528,0.038585611827542,-4.2743586448069e-15,1
164.15,128,0,164.15,0.00066803373327774,1.4967110463867e-05,1.6522986896934e-11,-3.7012794115057e-10,8.5440884463615,0.038585611827542,-4.2743586448069e-15,1
164.2,128,0,164.2,0.00066803423004506,1.4967099335743e-05,1.6522986896934e-11,-3.7012794115057e-10,8.5421591657701,0.038585611827542,-4.2743586448069e-15,1
164.25,128,0,164.25,0.00066803472681237,1.496708820762e-05,1.6522986896934e-11,-3.7012794115057e-10,8.5402298851787,0.038585611827542,-4.2743586448069e-15,1
164.3,128,0,164.3,0.00066803522357969,1.4967077079497e-05,1.6522986896934e-11,-3.7012794115057e-10,8.5383006045873,0.038585611827542,-4.2743586448069e-15,1
164.35,128,0,164.35,0.00066803572034701,1.4967065951373e-05,1.6522986896934e-11,-3.7012794115057e-10,8.5363713239959,0.038585611827542,-4.2743586448069e-15,1
164.4,128,0,164.4,0.00066803621711432,1.496705482325e-05,1.6522986896934e-11,-3.7012794115057e-10,8.5344420434046,0.038585611827542,-4.2743586448069e-15,1
164.45,128,0,164.45,0.00066803671388164,1.4967043695126e-05,1.6522986896934e-11,-3.7012794115057e-10,8.5325127628132,0.038585611827542,-4.2743586448069e-15,1
164.5,128,0,164.5,0.00066803721064895,1.4967032567003e-05,1.6522986896934e-11,-3.7012794115057e-10,8.5305834822218,0.038585611827542,-4.2743586448069e-15,1
164.55,128,0,164.55,0.00066803770741627,1.496702143888e-05,1.6522986896934e-11,-3.7012794115057e-10,8.5286542016304,0.038585611827542,-4.2743586448069e-15,1
164.6,128,0,164.6,0.00066803820418359,1.4967010310756e-05,1.6522986896934e-11,-3.7012794115057e-10,8.5267249210391,0.038585611827542,-4.2743586448069e-15,1
164.65,128,0,164.65,0.0006680387009509,1.4966999182633e-05,1.6522986896934e-11,-3.7012794115057e-10,8.5247956404477,0.038585611827542,-4.2743586448069e-15,1
164.7,128,0,164.7,0.00066803919771822,1.496698805451e-05,1.6522986896934e-11,-3.7012794115057e-10,8.5228663598563,0.038585611827542,-4.2743586448069e-15,1
164.75,128,0,164.75,0.00066803969448554,1.4966976926386e-05,1.6522986896934e-11,-3.7012794115057e-10,8.5209370792649,0.038585611827542,-4.2743586448069e-15,1
164.8,128,0,164.8,0.00066804019125285,1.4966965798263e-05,1.6522986896934e-11,-3.7012794115057e-10,8.5190077986735,0.038585611827542,-4.2743586448069e-15,1
164.85,128,0,164.85,0.00066804068802017,1.4966954670139e-05,1.6522986896934e-11,-3.7012794115057e-10,8.5170785180822,0.038585611827542,-4.2743586448069e-15,1
164.9,128,0,164.9,0.00066804118478749,1.4966943542016e-05,1.6522986896934e-11,-3.7012794115057e-10,8.5151492374908,0.038585611827542,-4.2743586448069e-15,1
164.95,128,0,164.95,0.0006680416815548,1.4966932413893e-05,1.6522986896934e-11,-3.7012794115057e-10,8.5132199568994,0.038585611827542,-4.2743586448069e-15,1
165,128,0,165,0.00066804217832212,1.4966921285769e-05,1.6522986896934e-11,-3.7012794115057e-10,8.511290676308,0.038585611827542,-4.2743586448069e-15,1
165.05,128,0,165.05,0.00066804222614659,1.4966920214422e-05,-1.6850265725118e-11,3.774635369017e-10,8.5093613957167,0.038585611827562,-1.2323475573339e-14,1
165.1,128,0,165.1,0.00066804227397105,1.4966919143074e-05,-1.6850265725118e-11,3.774635369017e-10,8.5074321151253,0.038585611827562,-1.2323475573339e-14,1
165.15,128,0,165.15,0.00066804232179552,1.4966918071726e-05,-1.6850265725118e-11,3.774635369017e-10,8.5055028345339,0.038585611827562,-1.2323475573339e-14,1
165.2,128,0,165.2,0.00066804236961999,1.4966917000378e-05,-1.6850265725118e-11,3.774635369017e-10,8.5035735539425,0.038585611827562,-1.2323475573339e-14,1
165.25,128,0,165.25,0.00066804241744445,1.4966915929031e-05,-1.6850265725118e-11,3.774635369017e-10,8.5016442733512,0.038585611827562,-1.2323475573339e-14,1
165.3,128,0,165.3,0.00066804246526892,1.4966914857683e-05,-1.6850265725118e-11,3.774635369017e-10,8.4997149927598,0.038585611827562,-1.2323475573339e-14,1
165.35,128,0,165.35,0.00066804251309339,1.4966913786335e-05,-1.6850265725118e-11,3.774635369017e-10,8.4977857121684,0.038585611827562,-1.2323475573339e-14,1
165.4,128,0,165.4,0.00066804256091785,1.4966912714987e-05,-1.6850265725118e-11,3.774635369017e-10,8.495856431577,0.038585611827562,-1.2323475573339e-14,1
165.45,128,0,165.45,0.00066804260874232,1.4966911643639e-05,-1.6850265725118e-11,3.774635369017e-10,8.4939271509856,0.038585611827562,-1.2323475573339e-14,1
165.5,128,0,165.5,0.00066804265656678,1.4966910572292e-05,-1.6850265725118e-11,3.774635369017e-10,8.4919978703943,0.038585611827562,-1.2323475573339e-14,1
165.55,128,0,165.55,0.00066804270439125,1.4966909500944e-05,-1.6850265725118e-11,3.774635369017e-10,8.4900685898029,0.038585611827562,-1.2323475573339e-14,1
165.6,128,0,165.6,0.00066804275221572,1.4966908429596e-05,-1.6850265725118e-11,3.774635369017e-10,8.4881393092115,0.038585611827562,-1.2323475573339e-14,1
165.65,128,0,165.65,0.00066804280004018,1.4966907358248e-05,-1.6850265725118e-11,3.774635369017e-10,8.4862100286201,0.038585611827562,-1.2323475573339e-14,1
165.7,128,0,165.7,0.00066804284786465,1.4966906286901e-05,-1.6850265725118e-11,3.774635369017e-10,8.4842807480288,0.038585611827562,-1.2323475573339e-14,1
165.75,128,0,165.75,0.00066804289568912,1.4966905215553e-05,-1.6850265725118e-11,3.774635369017e-10,8.4823514674374,0.038585611827562,-1.2323475573339e-14,1
165.8,128,0,165.8,0.00066804294351358,1.4966904144205e-05,-1.6850265725118e-11,3.774635369017e-10,8.480422186846,0.038585611827562,-1.2323475573339e-14,1
165.85,128,0,165.85,0.00066804299133805,1.4966903072857e-05,-1.6850265725118e-11,3.774635369017e-10,8.4784929062546,0.038585611827562,-1.2323475573339e-14,1
165.9,128,0,165.9,0.00066804303916252,1.4966902001509e-05,-1.6850265725118e-11,3.774635369017e-10,8.4765636256632,0.038585611827562,-1.2323475573339e-14,1
165.95,128,0,165.95,0.00066804308698698,1.4966900930162e-05,-1.6850265725118e-11,3.774635369017e-10,8.4746343450719,0.038585611827562,-1.2323475573339e-14,1
166,128,0,166,0.00066804313481145,1.4966899858814e-05,-1.6850265725118e-11,3.774635369017e-10,8.4727050644805,0.038585611827562,-1.2323475573339e-14,1
166.05,128,0,166.05,0.00066804344174384,1.4966892983562e-05,1.7579253015694e-11,-3.9379763003801e-10,8.4707757838891,0.038585611827574,-9.6589403142389e-15,1
166.1,128,0,166.1,0.00066804374867623,1.4966886108309e-05,1.7579253015694e-11,-3.9379763003801e-10,8.4688465032977,0.038585611827574,-9.6589403142389e-15,1
166.15,128,0,166.15,0.00066804405560861,1.4966879233057e-05,1.7579253015694e-11,-3.9379763003801e-10,8.4669172227064,0.038585611827574,-9.6589403142389e-15,1
166.2,128,0,166.2,0.000668044362541,1.4966872357805e-05,1.7579253015694e-11,-3.9379763003801e-10,8.464987942115,0.038585611827574,-9.6589403142389e-15,1
166.25,128,0,166.25,0.00066804466947339,1.4966865482552e-05,1.7579253015694e-11,-3.9379763003801e-10,8.4630586615236,0.038585611827574,-9.6589403142389e-15,1
166.3,128,0,166.3,0.00066804497640578,1.49668586073e-05,1.7579253015694e-11,-3.9379763003801e-10,8.4611293809322,0.038585611827574,-9.6589403142389e-15,1
166.35,128,0,166.35,0.00066804528333816,1.4966851732048e-05,1.7579253015694e-11,-3.9379763003801e-10,8.4592001003408,0.038585611827574,-9.6589403142389e-15,1
166.4,128,0,166.4,0.00066804559027055,1.4966844856796e-05,1.7579253015694e-11,-3.9379763003801e-10,8.4572708197495,0.038585611827574,-9.6589403142389e-15,1
166.45,128,0,166.45,0.00066804589720294,1.4966837981543e-05,1.7579253015694e-11,-3.9379763003801e-10,8.4553415391581,0.038585611827574,-9.6589403142389e-15,1
166.5,128,0,166.5,0.00066804620413533,1.4966831106291e-05,1.7579253015694e-11,-3.9379763003801e-10,8.4534122585667,0.038585611827574,-9.6589403142389e-15,1
166.55,128,0,166.55,0.00066804651106771,1.4966824231039e-05,1.7579253015694e-11,-3.9379763003801e-10,8.4514829779753,0.038585611827574,-9.6589403142389e-15,1
166.6,128,0,166.6,0.0006680468180001,1.4966817355786e-05,1.7579253015694e-11,-3.9379763003801e-10,8.4495536973839,0.038585611827574,-9.6589403142389e-15,1
166.65,128,0,166.65,0.00066804712493249,1.4966810480534e-05,1.7579253015694e-11,-3.9379763003801e-10,8.4476244167926,0.038585611827574,-9.6589403142389e-15,1
166.7,128,0,166.7,0.00066804743186488,1.4966803605282e-05,1.7579253015694e-11,-3.9379763003801e-10,8.4456951362012,0.038585611827574,-9.6589403142389e-15,1
166.75,128,0,166.75,0.00066804773879726,1.496679673003e-05,1.7579253015694e-11,-3.9379763003801e-10,8.4437658556098,0.038585611827574,-9.6589403142389e-15,1
166.8,128,0,166.8,0.00066804804572965,1.4966789854777e-05,1.7579253015694e-11,-3.9379763003801e-10,8.4418365750184,0.038585611827574,-9.6589403142389e-15,1
166.85,128,0,166.85,0.00066804835266204,1.4966782979525e-05,1.7579253015694e-11,-3.9379763003801e-10,8.439907294427,0.038585611827574,-9.6589403142389e-15,1
166.9,128,0,166.9,0.00066804865959443,1.4966776104273e-05,1.7579253015694e-11,-3.9379763003801e-10,8.4379780138357,0.038585611827574,-9.6589403142389e-15,1
166.95,128,0,166.95,0.00066804896652681,1.496676922902e-05,1.7579253015694e-11,-3.9379763003801e-10,8.4360487332443,0.038585611827574,-9.6589403142389e-15,1
167,128,0,167,0.0006680492734592,1.4966762353768e-05,1.7579253015694e-11,-3.9379763003801e-10,8.4341194526529,0.038585611827574,-9.6589403142389e-15,1
167.05,128,0,167.05,0.0006680484225163,1.496678141547e-05,-1.7252092807441e-11,3.8646469051021e-10,8.4321901720615,0.038585611827589,7.6605388699136e-15,1
167.1,128,0,167.1,0.0006680475715734,1.4966800477172e-05,-1.7252092807441e-11,3.8646469051021e-10,8.4302608914701,0.038585611827589,7.6605388699136e-15,1
167.15,128,0,167.15,0.0006680467206305,1.4966819538875e-05,-1.7252092807441e-11,3.8646469051021e-10,8.4283316108788,0.038585611827589,7.6605388699136e-15,1
167.2,128,0,167.2,0.0006680458696876,1.4966838600577e-05,-1.7252092807441e-11,3.8646469051021e-10,8.4264023302874,0.038585611827589,7.6605388699136e-15,1
167.25,128,0,167.25,0.0006680450187447,1.4966857662279e-05,-1.7252092807441e-11,3.8646469051021e-10,8.424473049696,0.038585611827589,7.6605388699136e-15,1
167.3,128,0,167.3,0.0006680441678018,1.4966876723981e-05,-1.7252092807441e-11,3.8646469051021e-10,8.4225437691046,0.038585611827589,7.6605388699136e-15,1
167.35,128,0,167.35,0.0006680433168589,1.4966895785683e-05,-1.7252092807441e-11,3.8646469051021e-10,8.4206144885132,0.038585611827589,7.6605388699136e-15,1
167.4,128,0,167.4,0.000668042465916,1.4966914847385e-05,-1.7252092807441e-11,3.8646469051021e-10,8.4186852079219,0.038585611827589,7.6605388699136e-15,1
167.45,128,0,167.45,0.0006680416149731,1.4966933909087e-05,-1.7252092807441e-11,3.8646469051021e-10,8.4167559273305,0.038585611827589,7.6605388699136e-15,1
167.5,128,0,167.5,0.0006680407640302,1.4966952970789e-05,-1.7252092807441e-11,3.8646469051021e-10,8.4148266467391,0.038585611827589,7.6605388699136e-15,1
167.55,128,0,167.55,0.0006680399130873,1.4966972032491e-05,-1.7252092807441e-11,3.8646469051021e-10,8.4128973661477,0.038585611827589,7.6605388699136e-15,1
167.6,128,0,167.6,0.0006680390621444,1.4966991094194e-05,-1.7252092807441e-11,3.8646469051021e-10,8.4109680855563,0.038585611827589,7.6605388699136e-15,1
167.65,128,0,167.65,0.0006680382112015,1.4967010155896e-05,-1.7252092807441e-11,3.8646469051021e-10,8.409038804965,0.038585611827589,7.6605388699136e-15,1
167.7,128,0,167.7,0.0006680373602586,1.4967029217598e-05,-1.7252092807441e-11,3.8646469051021e-10,8.4071095243736,0.038585611827589,7.6605388699136e-15,1
167.75,128,0,167.75,0.0006680365093157,1.49670482793e-05,-1.7252092807441e-11,3.8646469051021e-10,8.4051802437822,0.038585611827589,7.6605388699136e-15,1
167.8,128,0,167.8,0.0006680356583728,1.4967067341002e-05,-1.7252092807441e-11,3.8646469051021e-10,8.4032509631908,0.038585611827589,7.6605388699136e-15,1
167.85,128,0,167.85,0.0006680348074299,1.4967086402704e-05,-1.7252092807441e-11,3.8646469051021e-10,8.4013216825995,0.038585611827589,7.6605388699136e-15,1
167.9,128,0,167.9,0.000668033956487,1.4967105464406e-05,-1.7252092807441e-11,3.8646469051021e-10,8.3993924020081,0.038585611827589,7.6605388699136e-15,1
167.95,128,0,167.95,0.0006680331055441,1.4967124526108e-05,-1.7252092807441e-11,3.8646469051021e-10,8.3974631214167,0.038585611827589,7.6605388699136e-15,1
168,128,0,168,0.0006680322546012,1.4967143587811e-05,-1.7252092807441e-11,3.8646469051021e-10,8.3955338408253,0.038585611827589,7.6605388699136e-15,1
168.05,128,0,168.05,0.00066803275007951,1.4967132488566e-05,1.6519083521278e-11,-3.7004054315266e-10,8.3936045602339,0.038585611827546,-6.6613381477509e-16,1
168.1,128,0,168.1,0.00066803324555782,1.4967121389322e-05,1.6519083521278e-11,-3.7004054315266e-10,8.3916752796426,0.038585611827546,-6.6613381477509e-16,1
168.15,128,0,168.15,0.00066803374103613,1.4967110290078e-05,1.6519083521278e-11,-3.7004054315266e-10,8.3897459990512,0.038585611827546,-6.6613381477509e-16,1
168.2,128,0,168.2,0.00066803423651445,1.4967099190834e-05,1.6519083521278e-11,-3.7004054315266e-10,8.3878167184598,0.038585611827546,-6.6613381477509e-16,1
168.25,128,0,168.25,0.00066803473199276,1.496708809159e-05,1.6519083521278e-11,-3.7004054315266e-10,8.3858874378684,0.038585611827546,-6.6613381477509e-16,1
168.3,128,0,168.3,0.00066803522747107,1.4967076992346e-05,1.6519083521278e-11,-3.7004054315266e-10,8.383958157277,0.038585611827546,-6.6613381477509e-16,1
168.35,128,0,168.35,0.00066803572294938,1.4967065893101e-05,1.6519083521278e-11,-3.7004054315266e-10,8.3820288766857,0.038585611827546,-6.6613381477509e-16,1
168.4,128,0,168.4,0.0006680362184277,1.4967054793857e-05,1.6519083521278e-11,-3.7004054315266e-10,8.3800995960943,0.038585611827546,-6.6613381477509e-16,1
168.45,128,0,168.45,0.00066803671390601,1.4967043694613e-05,1.6519083521278e-11,-3.7004054315266e-10,8.3781703155029,0.038585611827546,-6.6613381477509e-16,1
168.5,128,0,168.5,0.00066803720938432,1.4967032595369e-05,1.6519083521278e-11,-3.7004054315266e-10,8.3762410349115,0.038585611827546,-6.6613381477509e-16,1
168.55,128,0,168.55,0.00066803770486264,1.4967021496125e-05,1.6519083521278e-11,-3.7004054315266e-10,8.3743117543202,0.038585611827546,-6.6613381477509e-16,1
168.6,128,0,168.6,0.00066803820034095,1.4967010396881e-05,1.6519083521278e-11,-3.7004054315266e-10,8.3723824737288,0.038585611827546,-6.6613381477509e-16,1
168.65,128,0,168.65,0.00066803869581926,1.4966999297637e-05,1.6519083521278e-11,-3.7004054315266e-10,8.3704531931374,0.038585611827546,-6.6613381477509e-16,1
168.7,128,0,168.7,0.00066803919129757,1.4966988198392e-05,1.6519083521278e-11,-3.7004054315266e-10,8.368523912546,0.038585611827546,-6.6613381477509e-16,1
168.75,128,0,168.75,0.00066803968677589,1.4966977099148e-05,1.6519083521278e-11,-3.7004054315266e-10,8.3665946319547,0.038585611827546,-6.6613381477509e-16,1
168.8,128,0,168.8,0.0006680401822542,1.4966965999904e-05,1.6519083521278e-11,-3.7004054315266e-10,8.3646653513633,0.038585611827546,-6.6613381477509e-16,1
168.85,128,0,168.85,0.00066804067773251,1.496695490066e-05,1.6519083521278e-11,-3.7004054315266e-10,8.3627360707719,0.038585611827546,-6.6613381477509e-16,1
168.9,128,0,168.9,0.00066804117321082,1.4966943801416e-05,1.6519083521278e-11,-3.7004054315266e-10,8.3608067901805,0.038585611827546,-6.6613381477509e-16,1
168.95,128,0,168.95,0.00066804166868914,1.4966932702172e-05,1.6519083521278e-11,-3.7004054315266e-10,8.3588775095892,0.038585611827546,-6.6613381477509e-16,1
169,128,0,169,0.00066804216416745,1.4966921602928e-05,1.6519083521278e-11,-3.7004054315266e-10,8.3569482289978,0.038585611827546,-6.6613381477509e-16,1
169.05,128,0,169.05,0.00066804221340655,1.4966920499888e-05,-1.6844839941855e-11,3.7734201221633e-10,8.3550189484064,0.038585611827556,-7.327471962526e-15,1
169.1,128,0,169.1,0.00066804226264564,1.4966919396848e-05,-1.6844839941855e-11,3.7734201221633e-10,8.353089667815,0.038585611827556,-7.327471962526e-15,1
169.15,128,0,169.15,0.00066804231188474,1.4966918293809e-05,-1.6844839941855e-11,3.7734201221633e-10,8.3511603872236,0.038585611827556,-7.327471962526e-15,1
169.2,128,0,169.2,0.00066804236112384,1.4966917190769e-05,-1.6844839941855e-11,3.7734201221633e-10,8.3492311066323,0.038585611827556,-7.327471962526e-15,1
169.25,128,0,169.25,0.00066804241036294,1.4966916087729e-05,-1.6844839941855e-11,3.7734201221633e-10,8.3473018260409,0.038585611827556,-7.327471962526e-15,1
169.3,128,0,169.3,0.00066804245960204,1.496691498469e-05,-1.6844839941855e-11,3.7734201221633e-10,8.3453725454495,0.038585611827556,-7.327471962526e-15,1
169.35,128,0,169.35,0.00066804250884113,1.496691388165e-05,-1.6844839941855e-11,3.7734201221633e-10,8.3434432648581,0.038585611827556,-7.327471962526e-15,1
169.4,128,0,169.4,0.00066804255808023,1.496691277861e-05,-1.6844839941855e-11,3.7734201221633e-10,8.3415139842668,0.038585611827556,-7.327471962526e-15,1
169.45,128,0,169.45,0.00066804260731933,1.4966911675571e-05,-1.6844839941855e-11,3.7734201221633e-10,8.3395847036754,0.038585611827556,-7.327471962526e-15,1
169.5,128,0,169.5,0.00066804265655843,1.4966910572531e-05,-1.6844839941855e-11,3.7734201221633e-10,8.337655423084,0.038585611827556,-7.327471962526e-15,1
169.55,128,0,169.55,0.00066804270579753,1.4966909469491e-05,-1.6844839941855e-11,3.7734201221633e-10,8.3357261424926,0.038585611827556,-7.327471962526e-15,1
169.6,128,0,169.6,0.00066804275503662,1.4966908366452e-05,-1.6844839941855e-11,3.7734201221633e-10,8.3337968619012,0.038585611827556,-7.327471962526e-15,1
169.65,128,0,169.65,0.00066804280427572,1.4966907263412e-05,-1.6844839941855e-11,3.7734201221633e-10,8.3318675813099,0.038585611827556,-7.327471962526e-15,1
169.7,128,0,169.7,0.00066804285351482,1.4966906160373e-05,-1.6844839941855e-11,3.7734201221633e-10,8.3299383007185,0.038585611827556,-7.327471962526e-15,1
169.75,128,0,169.75,0.00066804290275392,1.4966905057333e-05,-1.6844839941855e-11,3.7734201221633e-10,8.3280090201271,0.038585611827556,-7.327471962526e-15,1
169.8,128,0,169.8,0.00066804295199302,1.4966903954293e-05,-1.6844839941855e-11,3.7734201221633e-10,8.3260797395357,0.038585611827556,-7.327471962526e-15,1
169.85,128,0,169.85,0.00066804300123211,1.4966902851254e-05,-1.6844839941855e-11,3.7734201221633e-10,8.3241504589444,0.038585611827556,-7.327471962526e-15,1
169.9,128,0,169.9,0.00066804305047121,1.4966901748214e-05,-1.6844839941855e-11,3.7734201221633e-10,8.322221178353,0.038585611827556,-7.327471962526e-15,1
169.95,128,0,169.95,0.00066804309971031,1.4966900645174e-05,-1.6844839941855e-11,3.7734201221633e-10,8.3202918977616,0.038585611827556,-7.327471962526e-15,1
170,128,0,170,0.00066804314894941,1.4966899542135e-05,-1.6844839941855e-11,3.7734201221633e-10,8.3183626171702,0.038585611827556,-7.327471962526e-15,1
170.05,128,0,170.05,0.00066804345451928,1.4966892697401e-05,1.7578853260541e-11,-3.9378864513899e-10,8.3164333365788,0.03858561182756,1.8873791418628e-15,1
170.1,128,0,170.1,0.00066804376008916,1.4966885852668e-05,1.7578853260541e-11,-3.9378864513899e-10,8.3145040559875,0.03858561182756,1.8873791418628e-15,1
170.15,128,0,170.15,0.00066804406565903,1.4966879007934e-05,1.7578853260541e-11,-3.9378864513899e-10,8.3125747753961,0.03858561182756,1.8873791418628e-15,1
170.2,128,0,170.2,0.00066804437122891,1.4966872163201e-05,1.7578853260541e-11,-3.9378864513899e-10,8.3106454948047,0.03858561182756,1.8873791418628e-15,1
170.25,128,0,170.25,0.00066804467679878,1.4966865318467e-05,1.7578853260541e-11,-3.9378864513899e-10,8.3087162142133,0.03858561182756,1.8873791418628e-15,1
170.3,128,0,170.3,0.00066804498236866,1.4966858473734e-05,1.7578853260541e-11,-3.9378864513899e-10,8.3067869336219,0.03858561182756,1.8873791418628e-15,1
170.35,128,0,170.35,0.00066804528793853,1.4966851629001e-05,1.7578853260541e-11,-3.9378864513899e-10,8.3048576530306,0.03858561182756,1.8873791418628e-15,1
170.4,128,0,170.4,0.00066804559350841,1.4966844784267e-05,1.7578853260541e-11,-3.9378864513899e-10,8.3029283724392,0.03858561182756,1.8873791418628e-15,1
170.45,128,0,170.45,0.00066804589907828,1.4966837939534e-05,1.7578853260541e-11,-3.9378864513899e-10,8.3009990918478,0.03858561182756,1.8873791418628e-15,1
170.5,128,0,170.5,0.00066804620464816,1.49668310948e-05,1.7578853260541e-11,-3.9378864513899e-10,8.2990698112564,0.03858561182756,1.8873791418628e-15,1
170.55,128,0,170.55,0.00066804651021803,1.4966824250067e-05,1.7578853260541e-11,-3.9378864513899e-10,8.2971405306651,0.03858561182756,1.8873791418628e-15,1
170.6,128,0,170.6,0.00066804681578791,1.4966817405333e-05,1.7578853260541e-11,-3.9378864513899e-10,8.2952112500737,0.03858561182756,1.8873791418628e-15,1
170.65,128,0,170.65,0.00066804712135778,1.49668105606e-05,1.7578853260541e-11,-3.9378864513899e-10,8.2932819694823,0.03858561182756,1.8873791418628e-15,1
170.7,128,0,170.7,0.00066804742692766,1.4966803715866e-05,1.7578853260541e-11,-3.9378864513899e-10,8.2913526888909,0.03858561182756,1.8873791418628e-15,1
170.75,128,0,170.75,0.00066804773249753,1.4966796871133e-05,1.7578853260541e-11,-3.9378864513899e-10,8.2894234082995,0.03858561182756,1.8873791418628e-15,1
170.8,128,0,170.8,0.00066804803806741,1.49667900264e-05,1.7578853260541e-11,-3.9378864513899e-10,8.2874941277082,0.03858561182756,1.8873791418628e-15,1
170.85,128,0,170.85,0.00066804834363728,1.4966783181666e-05,1.7578853260541e-11,-3.9378864513899e-10,8.2855648471168,0.03858561182756,1.8873791418628e-15,1
170.9,128,0,170.9,0.00066804864920716,1.4966776336933e-05,1.7578853260541e-11,-3.9378864513899e-10,8.2836355665254,0.03858561182756,1.8873791418628e-15,1
170.95,128,0,170.95,0.00066804895477703,1.4966769492199e-05,1.7578853260541e-11,-3.9378864513899e-10,8.281706285934,0.03858561182756,1.8873791418628e-15,1
171,128,0,171,0.00066804926034691,1.4966762647466e-05,1.7578853260541e-11,-3.9378864513899e-10,8.2797770053427,0.03858561182756,1.8873791418628e-15,1
171.05,128,0,171.05,0.00066804840987483,1.4966781698622e-05,-1.7252312003129e-11,3.8646958608726e-10,8.2778477247513,0.038585611827572,-1.587618925214e-14,1
171.1,128,0,171.1,0.00066804755940276,1.4966800749778e-05,-1.7252312003129e-11,3.8646958608726e-10,8.2759184441599,0.038585611827572,-1.587618925214e-14,1
171.15,128,0,171.15,0.00066804670893068,1.4966819800934e-05,-1.7252312003129e-11,3.8646958608726e-10,8.2739891635685,0.038585611827572,-1.587618925214e-14,1
171.2,128,0,171.2,0.00066804585845861,1.496683885209e-05,-1.7252312003129e-11,3.8646958608726e-10,8.2720598829771,0.038585611827572,-1.587618925214e-14,1
171.25,128,0,171.25,0.00066804500798653,1.4966857903246e-05,-1.7252312003129e-11,3.8646958608726e-10,8.2701306023858,0.038585611827572,-1.587618925214e-14,1
171.3,128,0,171.3,0.00066804415751446,1.4966876954402e-05,-1.7252312003129e-11,3.8646958608726e-10,8.2682013217944,0.038585611827572,-1.587618925214e-14,1
171.35,128,0,171.35,0.00066804330704239,1.4966896005558e-05,-1.7252312003129e-11,3.8646958608726e-10,8.266272041203,0.038585611827572,-1.587618925214e-14,1
171.4,128,0,171.4,0.00066804245657031,1.4966915056714e-05,-1.7252312003129e-11,3.8646958608726e-10,8.2643427606116,0.038585611827572,-1.587618925214e-14,1
171.45,128,0,171.45,0.00066804160609824,1.496693410787e-05,-1.7252312003129e-11,3.8646958608726e-10,8.2624134800203,0.038585611827572,-1.587618925214e-14,1
171.5,128,0,171.5,0.00066804075562616,1.4966953159026e-05,-1.7252312003129e-11,3.8646958608726e-10,8.2604841994289,0.038585611827572,-1.587618925214e-14,1
171.55,128,0,171.55,0.00066803990515409,1.4966972210182e-05,-1.7252312003129e-11,3.8646958608726e-10,8.2585549188375,0.038585611827572,-1.587618925214e-14,1
171.6,128,0,171.6,0.00066803905468201,1.4966991261338e-05,-1.7252312003129e-11,3.8646958608726e-10,8.2566256382461,0.038585611827572,-1.587618925214e-14,1
171.65,128,0,171.65,0.00066803820420994,1.4967010312494e-05,-1.7252312003129e-11,3.8646958608726e-10,8.2546963576547,0.038585611827572,-1.587618925214e-14,1
171.7,128,0,171.7,0.00066803735373786,1.496702936365e-05,-1.7252312003129e-11,3.8646958608726e-10,8.2527670770634,0.038585611827572,-1.587618925214e-14,1
171.75,128,0,171.75,0.00066803650326579,1.4967048414806e-05,-1.7252312003129e-11,3.8646958608726e-10,8.250837796472,0.038585611827572,-1.587618925214e-14,1
171.8,128,0,171.8,0.00066803565279371,1.4967067465962e-05,-1.7252312003129e-11,3.8646958608726e-10,8.2489085158806,0.038585611827572,-1.587618925214e-14,1
171.85,128,0,171.85,0.00066803480232164,1.4967086517118e-05,-1.7252312003129e-11,3.8646958608726e-10,8.2469792352892,0.038585611827572,-1.587618925214e-14,1
171.9,128,0,171.9,0.00066803395184956,1.4967105568274e-05,-1.7252312003129e-11,3.8646958608726e-10,8.2450499546979,0.038585611827572,-1.587618925214e-14,1
171.95,128,0,171.95,0.00066803310137749,1.496712461943e-05,-1.7252312003129e-11,3.8646958608726e-10,8.2431206741065,0.038585611827572,-1.587618925214e-14,1
172,128,0,172,0.00066803225090541,1.4967143670586e-05,-1.7252312003129e-11,3.8646958608726e-10,8.2411913935151,0.038585611827572,-1.587618925214e-14,1
172.05,128,0,172.05,0.00066803274727225,1.4967132551439e-05,1.6514554740309e-11,-3.6993905730595e-10,8.2392621129237,0.038585611827551,-3.1863400806742e-14,1
172.1,128,0,172.1,0.00066803324363909,1.4967121432293e-05,1.6514554740309e-11,-3.6993905730595e-10,8.2373328323323,0.038585611827551,-3.1863400806742e-14,1
172.15,128,0,172.15,0.00066803374000593,1.4967110313147e-05,1.6514554740309e-11,-3.6993905730595e-10,8.235403551741,0.038585611827551,-3.1863400806742e-14,1
172.2,128,0,172.2,0.00066803423637277,1.4967099194001e-05,1.6514554740309e-11,-3.6993905730595e-10,8.2334742711496,0.038585611827551,-3.1863400806742e-14,1
172.25,128,0,172.25,0.00066803473273961,1.4967088074855e-05,1.6514554740309e-11,-3.6993905730595e-10,8.2315449905582,0.038585611827551,-3.1863400806742e-14,1
172.3,128,0,172.3,0.00066803522910645,1.4967076955709e-05,1.6514554740309e-11,-3.6993905730595e-10,8.2296157099668,0.038585611827551,-3.1863400806742e-14,1
172.35,128,0,172.35,0.00066803572547328,1.4967065836563e-05,1.6514554740309e-11,-3.6993905730595e-10,8.2276864293755,0.038585611827551,-3.1863400806742e-14,1
172.4,128,0,172.4,0.00066803622184012,1.4967054717416e-05,1.6514554740309e-11,-3.6993905730595e-10,8.2257571487841,0.038585611827551,-3.1863400806742e-14,1
172.45,128,0,172.45,0.00066803671820696,1.496704359827e-05,1.6514554740309e-11,-3.6993905730595e-10,8.2238278681927,0.038585611827551,-3.1863400806742e-14,1
172.5,128,0,172.5,0.0006680372145738,1.4967032479124e-05,1.6514554740309e-11,-3.6993905730595e-10,8.2218985876013,0.038585611827551,-3.1863400806742e-14,1
172.55,128,0,172.55,0.00066803771094064,1.4967021359978e-05,1.6514554740309e-11,-3.6993905730595e-10,8.2199693070099,0.038585611827551,-3.1863400806742e-14,1
172.6,128,0,172.6,0.00066803820730748,1.4967010240832e-05,1.6514554740309e-11,-3.6993905730595e-10,8.2180400264186,0.038585611827551,-3.1863400806742e-14,1
172.65,128,0,172.65,0.00066803870367432,1.4966999121686e-05,1.6514554740309e-11,-3.6993905730595e-10,8.2161107458272,0.038585611827551,-3.1863400806742e-14,1
172.7,128,0,172.7,0.00066803920004116,1.496698800254e-05,1.6514554740309e-11,-3.6993905730595e-10,8.2141814652358,0.038585611827551,-3.1863400806742e-14,1
172.75,128,0,172.75,0.000668039696408,1.4966976883393e-05,1.6514554740309e-11,-3.6993905730595e-10,8.2122521846444,0.038585611827551,-3.1863400806742e-14,1
172.8,128,0,172.8,0.00066804019277483,1.4966965764247e-05,1.6514554740309e-11,-3.6993905730595e-10,8.2103229040531,0.038585611827551,-3.1863400806742e-14,1
172.85,128,0,172.85,0.00066804068914167,1.4966954645101e-05,1.6514554740309e-11,-3.6993905730595e-10,8.2083936234617,0.038585611827551,-3.1863400806742e-14,1
172.9,128,0,172.9,0.00066804118550851,1.4966943525955e-05,1.6514554740309e-11,-3.6993905730595e-10,8.2064643428703,0.038585611827551,-3.1863400806742e-14,1
172.95,128,0,172.95,0.00066804168187535,1.4966932406809e-05,1.6514554740309e-11,-3.6993905730595e-10,8.2045350622789,0.038585611827551,-3.1863400806742e-14,1
173,128,0,173,0.00066804217824219,1.4966921287663e-05,1.6514554740309e-11,-3.6993905730595e-10,8.2026057816875,0.038585611827551,-3.1863400806742e-14,1
173.05,128,0,173.05,0.00066804222614137,1.496692021463e-05,-1.6836658849848e-11,3.7715872540978e-10,8.2006765010962,0.038585611827508,-1.0547118733939e-15,1
173.1,128,0,173.1,0.00066804227404056,1.4966919141597e-05,-1.6836658849848e-11,3.7715872540978e-10,8.1987472205048,0.038585611827508,-1.0547118733939e-15,1
173.15,128,0,173.15,0.00066804232193974,1.4966918068564e-05,-1.6836658849848e-11,3.7715872540978e-10,8.1968179399134,0.038585611827508,-1.0547118733939e-15,1
173.2,128,0,173.2,0.00066804236983893,1.4966916995531e-05,-1.6836658849848e-11,3.7715872540978e-10,8.194888659322,0.038585611827508,-1.0547118733939e-15,1
173.25,128,0,173.25,0.00066804241773812,1.4966915922498e-05,-1.6836658849848e-11,3.7715872540978e-10,8.1929593787307,0.038585611827508,-1.0547118733939e-15,1
173.3,128,0,173.3,0.0006680424656373,1.4966914849465e-05,-1.6836658849848e-11,3.7715872540978e-10,8.1910300981393,0.038585611827508,-1.0547118733939e-15,1
173.35,128,0,173.35,0.00066804251353649,1.4966913776432e-05,-1.6836658849848e-11,3.7715872540978e-10,8.1891008175479,0.038585611827508,-1.0547118733939e-15,1
173.4,128,0,173.4,0.00066804256143567,1.49669127034e-05,-1.6836658849848e-11,3.7715872540978e-10,8.1871715369565,0.038585611827508,-1.0547118733939e-15,1
173.45,128,0,173.45,0.00066804260933486,1.4966911630367e-05,-1.6836658849848e-11,3.7715872540978e-10,8.1852422563652,0.038585611827508,-1.0547118733939e-15,1
173.5,128,0,173.5,0.00066804265723404,1.4966910557334e-05,-1.6836658849848e-11,3.7715872540978e-10,8.1833129757738,0.038585611827508,-1.0547118733939e-15,1
173.55,128,0,173.55,0.00066804270513323,1.4966909484301e-05,-1.6836658849848e-11,3.7715872540978e-10,8.1813836951824,0.038585611827508,-1.0547118733939e-15,1
173.6,128,0,173.6,0.00066804275303241,1.4966908411268e-05,-1.6836658849848e-11,3.7715872540978e-10,8.179454414591,0.038585611827508,-1.0547118733939e-15,1
173.65,128,0,173.65,0.0006680428009316,1.4966907338235e-05,-1.6836658849848e-11,3.7715872540978e-10,8.1775251339996,0.038585611827508,-1.0547118733939e-15,1
173.7,128,0,173.7,0.00066804284883078,1.4966906265202e-05,-1.6836658849848e-11,3.7715872540978e-10,8.1755958534083,0.038585611827508,-1.0547118733939e-15,1
173.75,128,0,173.75,0.00066804289672997,1.4966905192169e-05,-1.6836658849848e-11,3.7715872540978e-10,8.1736665728169,0.038585611827508,-1.0547118733939e-15,1
173.8,128,0,173.8,0.00066804294462915,1.4966904119136e-05,-1.6836658849848e-11,3.7715872540978e-10,8.1717372922255,0.038585611827508,-1.0547118733939e-15,1
173.85,128,0,173.85,0.00066804299252834,1.4966903046103e-05,-1.6836658849848e-11,3.7715872540978e-10,8.1698080116341,0.038585611827508,-1.0547118733939e-15,1
173.9,128,0,173.9,0.00066804304042752,1.4966901973071e-05,-1.6836658849848e-11,3.7715872540978e-10,8.1678787310428,0.038585611827508,-1.0547118733939e-15,1
173.95,128,0,173.95,0.00066804308832671,1.4966900900038e-05,-1.6836658849848e-11,3.7715872540978e-10,8.1659494504514,0.038585611827508,-1.0547118733939e-15,1
174,128,0,174,0.00066804313622589,1.4966899827005e-05,-1.6836658849848e-11,3.7715872540978e-10,8.16402016986,0.038585611827508,-1.0547118733939e-15,1
174.05,128,0,174.05,0.00066804344224111,1.4966892972312e-05,1.7565688645581e-11,-3.9349364079973e-10,8.1620908892686,0.038585611827596,-3.7747582837255e-15,1
174.1,128,0,174.1,0.00066804374825634,1.4966886117619e-05,1.7565688645581e-11,-3.9349364079973e-10,8.1601616086773,0.038585611827596,-3.7747582837255e-15,1
174.15,128,0,174.15,0.00066804405427156,1.4966879262926e-05,1.7565688645581e-11,-3.9349364079973e-10,8.1582323280859,0.038585611827596,-3.7747582837255e-15,1
174.2,128,0,174.2,0.00066804436028678,1.4966872408233e-05,1.7565688645581e-11,-3.9349364079973e-10,8.1563030474945,0.038585611827596,-3.7747582837255e-15,1
174.25,128,0,174.25,0.00066804466630201,1.496686555354e-05,1.7565688645581e-11,-3.9349364079973e-10,8.1543737669031,0.038585611827596,-3.7747582837255e-15,1
174.3,128,0,174.3,0.00066804497231723,1.4966858698847e-05,1.7565688645581e-11,-3.9349364079973e-10,8.1524444863117,0.038585611827596,-3.7747582837255e-15,1
174.35,128,0,174.35,0.00066804527833245,1.4966851844154e-05,1.7565688645581e-11,-3.9349364079973e-10,8.1505152057204,0.038585611827596,-3.7747582837255e-15,1
174.4,128,0,174.4,0.00066804558434767,1.4966844989461e-05,1.7565688645581e-11,-3.9349364079973e-10,8.148585925129,0.038585611827596,-3.7747582837255e-15,1
174.45,128,0,174.45,0.0006680458903629,1.4966838134768e-05,1.7565688645581e-11,-3.9349364079973e-10,8.1466566445376,0.038585611827596,-3.7747582837255e-15,1
174.5,128,0,174.5,0.00066804619637812,1.4966831280075e-05,1.7565688645581e-11,-3.9349364079973e-10,8.1447273639462,0.038585611827596,-3.7747582837255e-15,1
174.55,128,0,174.55,0.00066804650239334,1.4966824425382e-05,1.7565688645581e-11,-3.9349364079973e-10,8.1427980833548,0.038585611827596,-3.7747582837255e-15,1
174.6,128,0,174.6,0.00066804680840857,1.4966817570689e-05,1.7565688645581e-11,-3.9349364079973e-10,8.1408688027635,0.038585611827596,-3.7747582837255e-15,1
174.65,128,0,174.65,0.00066804711442379,1.4966810715996e-05,1.7565688645581e-11,-3.9349364079973e-10,8.1389395221721,0.038585611827596,-3.7747582837255e-15,1
174.7,128,0,174.7,0.00066804742043901,1.4966803861303e-05,1.7565688645581e-11,-3.9349364079973e-10,8.1370102415807,0.038585611827596,-3.7747582837255e-15,1
174.75,128,0,174.75,0.00066804772645423,1.4966797006611e-05,1.7565688645581e-11,-3.9349364079973e-10,8.1350809609893,0.038585611827596,-3.7747582837255e-15,1
174.8,128,0,174.8,0.00066804803246946,1.4966790151918e-05,1.7565688645581e-11,-3.9349364079973e-10,8.133151680398,0.038585611827596,-3.7747582837255e-15,1
174.85,128,0,174.85,0.00066804833848468,1.4966783297225e-05,1.7565688645581e-11,-3.9349364079973e-10,8.1312223998066,0.038585611827596,-3.7747582837255e-15,1
174.9,128,0,174.9,0.0006680486444999,1.4966776442532e-05,1.7565688645581e-11,-3.9349364079973e-10,8.1292931192152,0.038585611827596,-3.7747582837255e-15,1
174.95,128,0,174.95,0.00066804895051513,1.4966769587839e-05,1.7565688645581e-11,-3.9349364079973e-10,8.1273638386238,0.038585611827596,-3.7747582837255e-15,1
175,128,0,175,0.00066804925653035,1.4966762733146e-05,1.7565688645581e-11,-3.9349364079973e-10,8.1254345580324,0.038585611827596,-3.7747582837255e-15,1
175.05,128,0,175.05,0.00066804840857035,1.4966781728002e-05,-1.7241077695956e-11,3.8621738628017e-10,8.1235052774411,0.038585611827579,-4.4408920985006e-15,1
175.1,128,0,175.1,0.00066804756061035,1.4966800722857e-05,-1.7241077695956e-11,3.8621738628017e-10,8.1215759968497,0.038585611827579,-4.4408920985006e-15,1
175.15,128,0,175.15,0.00066804671265036,1.4966819717713e-05,-1.7241077695956e-11,3.8621738628017e-10,8.1196467162583,0.038585611827579,-4.4408920985006e-15,1
175.2,128,0,175.2,0.00066804586469036,1.4966838712569e-05,-1.7241077695956e-11,3.8621738628017e-10,8.1177174356669,0.038585611827579,-4.4408920985006e-15,1
175.25,128,0,175.25,0.00066804501673036,1.4966857707425e-05,-1.7241077695956e-11,3.8621738628017e-10,8.1157881550755,0.038585611827579,-4.4408920985006e-15,1
175.3,128,0,175.3,0.00066804416877037,1.4966876702281e-05,-1.7241077695956e-11,3.8621738628017e-10,8.1138588744842,0.038585611827579,-4.4408920985006e-15,1
175.35,128,0,175.35,0.00066804332081037,1.4966895697137e-05,-1.7241077695956e-11,3.8621738628017e-10,8.1119295938928,0.038585611827579,-4.4408920985006e-15,1
175.4,128,0,175.4,0.00066804247285037,1.4966914691993e-05,-1.7241077695956e-11,3.8621738628017e-10,8.1100003133014,0.038585611827579,-4.4408920985006e-15,1
175.45,128,0,175.45,0.00066804162489038,1.4966933686848e-05,-1.7241077695956e-11,3.8621738628017e-10,8.10807103271,0.038585611827579,-4.4408920985006e-15,1
175.5,128,0,175.5,0.00066804077693038,1.4966952681704e-05,-1.7241077695956e-11,3.8621738628017e-10,8.1061417521186,0.038585611827579,-4.4408920985006e-15,1
175.55,128,0,175.55,0.00066803992897038,1.496697167656e-05,-1.7241077695956e-11,3.8621738628017e-10,8.1042124715273,0.038585611827579,-4.4408920985006e-15,1
175.6,128,0,175.6,0.00066803908101039,1.4966990671416e-05,-1.7241077695956e-11,3.8621738628017e-10,8.1022831909359,0.038585611827579,-4.4408920985006e-15,1
175.65,128,0,175.65,0.00066803823305039,1.4967009666272e-05,-1.7241077695956e-11,3.8621738628017e-10,8.1003539103445,0.038585611827579,-4.4408920985006e-15,1
175.7,128,0,175.7,0.00066803738509039,1.4967028661128e-05,-1.7241077695956e-11,3.8621738628017e-10,8.0984246297531,0.038585611827579,-4.4408920985006e-15,1
175.75,128,0,175.75,0.0006680365371304,1.4967047655983e-05,-1.7241077695956e-11,3.8621738628017e-10,8.0964953491617,0.038585611827579,-4.4408920985006e-15,1
175.8,128,0,175.8,0.0006680356891704,1.4967066650839e-05,-1.7241077695956e-11,3.8621738628017e-10,8.0945660685704,0.038585611827579,-4.4408920985006e-15,1
175.85,128,0,175.85,0.0006680348412104,1.4967085645695e-05,-1.7241077695956e-11,3.8621738628017e-10,8.092636787979,0.038585611827579,-4.4408920985006e-15,1
175.9,128,0,175.9,0.00066803399325041,1.4967104640551e-05,-1.7241077695956e-11,3.8621738628017e-10,8.0907075073876,0.038585611827579,-4.4408920985006e-15,1
175.95,128,0,175.95,0.00066803314529041,1.4967123635407e-05,-1.7241077695956e-11,3.8621738628017e-10,8.0887782267962,0.038585611827579,-4.4408920985006e-15,1
176,128,0,176,0.00066803229733041,1.4967142630263e-05,-1.7241077695956e-11,3.8621738628017e-10,8.0868489462048,0.038585611827579,-4.4408920985006e-15,1
176.05,128,0,176.05,0.00066803278684928,1.4967131664644e-05,1.649835699835e-11,-3.6957585405833e-10,8.0849196656135,0.038585611827523,-1.3211653993039e-14,1
176.1,128,0,176.1,0.00066803327636815,1.4967120699025e-05,1.649835699835e-11,-3.6957585405833e-10,8.0829903850221,0.038585611827523,-1.3211653993039e-14,1
176.15,128,0,176.15,0.00066803376588702,1.4967109733406e-05,1.649835699835e-11,-3.6957585405833e-10,8.0810611044307,0.038585611827523,-1.3211653993039e-14,1
176.2,128,0,176.2,0.00066803425540588,1.4967098767787e-05,1.649835699835e-11,-3.6957585405833e-10,8.0791318238393,0.038585611827523,-1.3211653993039e-14,1
176.25,128,0,176.25,0.00066803474492475,1.4967087802167e-05,1.649835699835e-11,-3.6957585405833e-10,8.077202543248,0.038585611827523,-1.3211653993039e-14,1
176.3,128,0,176.3,0.00066803523444362,1.4967076836548e-05,1.649835699835e-11,-3.6957585405833e-10,8.0752732626566,0.038585611827523,-1.3211653993039e-14,1
176.35,128,0,176.35,0.00066803572396249,1.4967065870929e-05,1.649835699835e-11,-3.6957585405833e-10,8.0733439820652,0.038585611827523,-1.3211653993039e-14,1
176.4,128,0,176.4,0.00066803621348136,1.496705490531e-05,1.649835699835e-11,-3.6957585405833e-10,8.0714147014738,0.038585611827523,-1.3211653993039e-14,1
176.45,128,0,176.45,0.00066803670300022,1.4967043939691e-05,1.649835699835e-11,-3.6957585405833e-10,8.0694854208825,0.038585611827523,-1.3211653993039e-14,1
176.5,128,0,176.5,0.00066803719251909,1.4967032974072e-05,1.649835699835e-11,-3.6957585405833e-10,8.0675561402911,0.038585611827523,-1.3211653993039e-14,1
176.55,128,0,176.55,0.00066803768203796,1.4967022008453e-05,1.649835699835e-11,-3.6957585405833e-10,8.0656268596997,0.038585611827523,-1.3211653993039e-14,1
176.6,128,0,176.6,0.00066803817155683,1.4967011042834e-05,1.649835699835e-11,-3.6957585405833e-10,8.0636975791083,0.038585611827523,-1.3211653993039e-14,1
176.65,128,0,176.65,0.0006680386610757,1.4967000077215e-05,1.649835699835e-11,-3.6957585405833e-10,8.061768298517,0.038585611827523,-1.3211653993039e-14,1
176.7,128,0,176.7,0.00066803915059457,1.4966989111596e-05,1.649835699835e-11,-3.6957585405833e-10,8.0598390179256,0.038585611827523,-1.3211653993039e-14,1
176.75,128,0,176.75,0.00066803964011343,1.4966978145977e-05,1.649835699835e-11,-3.6957585405833e-10,8.0579097373342,0.038585611827523,-1.3211653993039e-14,1
176.8,128,0,176.8,0.0006680401296323,1.4966967180358e-05,1.649835699835e-11,-3.6957585405833e-10,8.0559804567428,0.038585611827523,-1.3211653993039e-14,1
176.85,128,0,176.85,0.00066804061915117,1.4966956214739e-05,1.649835699835e-11,-3.6957585405833e-10,8.0540511761515,0.038585611827523,-1.3211653993039e-14,1
176.9,128,0,176.9,0.00066804110867004,1.496694524912e-05,1.649835699835e-11,-3.6957585405833e-10,8.0521218955601,0.038585611827523,-1.3211653993039e-14,1
176.95,128,0,176.95,0.00066804159818891,1.4966934283501e-05,1.649835699835e-11,-3.6957585405833e-10,8.0501926149687,0.038585611827523,-1.3211653993039e-14,1
177,128,0,177,0.00066804208770777,1.4966923317882e-05,1.649835699835e-11,-3.6957585405833e-10,8.0482633343773,0.038585611827523,-1.3211653993039e-14,1
177.05,128,0,177.05,0.00066804214811957,1.4966921964184e-05,-1.6533741580292e-11,3.7037583980991e-10,8.046334053786,0.038585611827588,-4.1633363423443e-14,1
177.1,128,0,177.1,0.00066804220853136,1.4966920610487e-05,-1.6533741580292e-11,3.7037583980991e-10,8.0444047731946,0.038585611827588,-4.1633363423443e-14,1
177.15,128,0,177.15,0.00066804226894316,1.4966919256789e-05,-1.6533741580292e-11,3.7037583980991e-10,8.0424754926032,0.038585611827588,-4.1633363423443e-14,1
177.2,128,0,177.2,0.00066804232935495,1.4966917903091e-05,-1.6533741580292e-11,3.7037583980991e-10,8.0405462120118,0.038585611827588,-4.1633363423443e-14,1
177.25,128,0,177.25,0.00066804238976674,1.4966916549394e-05,-1.6533741580292e-11,3.7037583980991e-10,8.0386169314205,0.038585611827588,-4.1633363423443e-14,1
177.3,128,0,177.3,0.00066804245017854,1.4966915195696e-05,-1.6533741580292e-11,3.7037583980991e-10,8.0366876508291,0.038585611827588,-4.1633363423443e-14,1
177.35,128,0,177.35,0.00066804251059033,1.4966913841998e-05,-1.6533741580292e-11,3.7037583980991e-10,8.0347583702377,0.038585611827588,-4.1633363423443e-14,1
177.4,128,0,177.4,0.00066804257100213,1.4966912488301e-05,-1.6533741580292e-11,3.7037583980991e-10,8.0328290896463,0.038585611827588,-4.1633363423443e-14,1
177.45,128,0,177.45,0.00066804263141392,1.4966911134603e-05,-1.6533741580292e-11,3.7037583980991e-10,8.0308998090549,0.038585611827588,-4.1633363423443e-14,1
177.5,128,0,177.5,0.00066804269182571,1.4966909780905e-05,-1.6533741580292e-11,3.7037583980991e-10,8.0289705284636,0.038585611827588,-4.1633363423443e-14,1
177.55,128,0,177.55,0.00066804275223751,1.4966908427208e-05,-1.6533741580292e-11,3.7037583980991e-10,8.0270412478722,0.038585611827588,-4.1633363423443e-14,1
177.6,128,0,177.6,0.0006680428126493,1.496690707351e-05,-1.6533741580292e-11,3.7037583980991e-10,8.0251119672808,0.038585611827588,-4.1633363423443e-14,1
177.65,128,0,177.65,0.00066804287306109,1.4966905719812e-05,-1.6533741580292e-11,3.7037583980991e-10,8.0231826866894,0.038585611827588,-4.1633363423443e-14,1
177.7,128,0,177.7,0.00066804293347289,1.4966904366115e-05,-1.6533741580292e-11,3.7037583980991e-10,8.021253406098,0.038585611827588,-4.1633363423443e-14,1
177.75,128,0,177.75,0.00066804299388468,1.4966903012417e-05,-1.6533741580292e-11,3.7037583980991e-10,8.0193241255067,0.038585611827588,-4.1633363423443e-14,1
177.8,128,0,177.8,0.00066804305429648,1.4966901658719e-05,-1.6533741580292e-11,3.7037583980991e-10,8.0173948449153,0.038585611827588,-4.1633363423443e-14,1
177.85,128,0,177.85,0.00066804311470827,1.4966900305021e-05,-1.6533741580292e-11,3.7037583980991e-10,8.0154655643239,0.038585611827588,-4.1633363423443e-14,1
177.9,128,0,177.9,0.00066804317512006,1.4966898951324e-05,-1.6533741580292e-11,3.7037583980991e-10,8.0135362837325,0.038585611827588,-4.1633363423443e-14,1
177.95,128,0,177.95,0.00066804323553186,1.4966897597626e-05,-1.6533741580292e-11,3.7037583980991e-10,8.0116070031411,0.038585611827588,-4.1633363423443e-14,1
178,128,0,178,0.00066804329594365,1.4966896243928e-05,-1.6533741580292e-11,3.7037583980991e-10,8.0096777225498,0.038585611827588,-4.1633363423443e-14,1
178.05,128,0,178.05,0.00066804353054341,1.4966890989296e-05,1.582535770207e-11,-3.5451091285331e-10,8.0077484419584,0.038585611827554,-2.4980018054066e-14,1
178.1,128,0,178.1,0.00066804376514316,1.4966885734663e-05,1.582535770207e-11,-3.5451091285331e-10,8.005819161367,0.038585611827554,-2.4980018054066e-14,1
178.15,128,0,178.15,0.00066804399974292,1.4966880480031e-05,1.582535770207e-11,-3.5451091285331e-10,8.0038898807756,0.038585611827554,-2.4980018054066e-14,1
178.2,128,0,178.2,0.00066804423434267,1.4966875225398e-05,1.582535770207e-11,-3.5451091285331e-10,8.0019606001842,0.038585611827554,-2.4980018054066e-14,1
178.25,128,0,178.25,0.00066804446894243,1.4966869970766e-05,1.582535770207e-11,-3.5451091285331e-10,8.0000313195929,0.038585611827554,-2.4980018054066e-14,1
178.3,128,0,178.3,0.00066804470354218,1.4966864716133e-05,1.582535770207e-11,-3.5451091285331e-10,7.9981020390015,0.038585611827554,-2.4980018054066e-14,1
178.35,128,0,178.35,0.00066804493814194,1.4966859461501e-05,1.582535770207e-11,-3.5451091285331e-10,7.9961727584101,0.038585611827554,-2.4980018054066e-14,1
178.4,128,0,178.4,0.00066804517274169,1.4966854206868e-05,1.582535770207e-11,-3.5451091285331e-10,7.9942434778187,0.038585611827554,-2.4980018054066e-14,1
178.45,128,0,178.45,0.00066804540734145,1.4966848952236e-05,1.582535770207e-11,-3.5451091285331e-10,7.9923141972274,0.038585611827554,-2.4980018054066e-14,1
178.5,128,0,178.5,0.00066804564194121,1.4966843697603e-05,1.582535770207e-11,-3.5451091285331e-10,7.990384916636,0.038585611827554,-2.4980018054066e-14,1
178.55,128,0,178.55,0.00066804587654096,1.4966838442971e-05,1.582535770207e-11,-3.5451091285331e-10,7.9884556360446,0.038585611827554,-2.4980018054066e-14,1
178.6,128,0,178.6,0.00066804611114072,1.4966833188338e-05,1.582535770207e-11,-3.5451091285331e-10,7.9865263554532,0.038585611827554,-2.4980018054066e-14,1
178.65,128,0,178.65,0.00066804634574047,1.4966827933705e-05,1.582535770207e-11,-3.5451091285331e-10,7.9845970748618,0.038585611827554,-2.4980018054066e-14,1
178.7,128,0,178.7,0.00066804658034023,1.4966822679073e-05,1.582535770207e-11,-3.5451091285331e-10,7.9826677942705,0.038585611827554,-2.4980018054066e-14,1
178.75,128,0,178.75,0.00066804681493998,1.496681742444e-05,1.582535770207e-11,-3.5451091285331e-10,7.9807385136791,0.038585611827554,-2.4980018054066e-14,1
178.8,128,0,178.8,0.00066804704953974,1.4966812169808e-05,1.582535770207e-11,-3.5451091285331e-10,7.9788092330877,0.038585611827554,-2.4980018054066e-14,1
178.85,128,0,178.85,0.00066804728413949,1.4966806915175e-05,1.582535770207e-11,-3.5451091285331e-10,7.9768799524963,0.038585611827554,-2.4980018054066e-14,1
178.9,128,0,178.9,0.00066804751873925,1.4966801660543e-05,1.582535770207e-11,-3.5451091285331e-10,7.9749506719049,0.038585611827554,-2.4980018054066e-14,1
178.95,128,0,178.95,0.000668047753339,1.496679640591e-05,1.582535770207e-11,-3.5451091285331e-10,7.9730213913136,0.038585611827554,-2.4980018054066e-14,1
179,128,0,179,0.00066804798793876,1.4966791151278e-05,1.582535770207e-11,-3.5451091285331e-10,7.9710921107222,0.038585611827554,-2.4980018054066e-14,1
179.05,128,0,179.05,0.00066804754485876,1.4966801076346e-05,-1.3296389170708e-11,2.978470884719e-10,7.9691628301308,0.038585611827569,-1.0547118733939e-14,1
179.1,128,0,179.1,0.00066804710177876,1.4966811001414e-05,-1.3296389170708e-11,2.978470884719e-10,7.9672335495394,0.038585611827569,-1.0547118733939e-14,1
179.15,128,0,179.15,0.00066804665869876,1.4966820926482e-05,-1.3296389170708e-11,2.978470884719e-10,7.9653042689481,0.038585611827569,-1.0547118733939e-14,1
179.2,128,0,179.2,0.00066804621561876,1.4966830851549e-05,-1.3296389170708e-11,2.978470884719e-10,7.9633749883567,0.038585611827569,-1.0547118733939e-14,1
179.25,128,0,179.25,0.00066804577253876,1.4966840776617e-05,-1.3296389170708e-11,2.978470884719e-10,7.9614457077653,0.038585611827569,-1.0547118733939e-14,1
179.3,128,0,179.3,0.00066804532945876,1.4966850701685e-05,-1.3296389170708e-11,2.978470884719e-10,7.9595164271739,0.038585611827569,-1.0547118733939e-14,1
179.35,128,0,179.35,0.00066804488637876,1.4966860626753e-05,-1.3296389170708e-11,2.978470884719e-10,7.9575871465825,0.038585611827569,-1.0547118733939e-14,1
179.4,128,0,179.4,0.00066804444329876,1.4966870551821e-05,-1.3296389170708e-11,2.978470884719e-10,7.9556578659912,0.038585611827569,-1.0547118733939e-14,1
179.45,128,0,179.45,0.00066804400021876,1.4966880476889e-05,-1.3296389170708e-11,2.978470884719e-10,7.9537285853998,0.038585611827569,-1.0547118733939e-14,1
179.5,128,0,179.5,0.00066804355713876,1.4966890401957e-05,-1.3296389170708e-11,2.978470884719e-10,7.9517993048084,0.038585611827569,-1.0547118733939e-14,1
179.55,128,0,179.55,0.00066804311405877,1.4966900327025e-05,-1.3296389170708e-11,2.978470884719e-10,7.949870024217,0.038585611827569,-1.0547118733939e-14,1
179.6,128,0,179.6,0.00066804267097877,1.4966910252093e-05,-1.3296389170708e-11,2.978470884719e-10,7.9479407436256,0.038585611827569,-1.0547118733939e-14,1
179.65,128,0,179.65,0.00066804222789877,1.4966920177161e-05,-1.3296389170708e-11,2.978470884719e-10,7.9460114630343,0.038585611827569,-1.0547118733939e-14,1
179.7,128,0,179.7,0.00066804178481877,1.4966930102229e-05,-1.3296389170708e-11,2.978470884719e-10,7.9440821824429,0.038585611827569,-1.0547118733939e-14,1
179.75,128,0,179.75,0.00066804134173877,1.4966940027297e-05,-1.3296389170708e-11,2.978470884719e-10,7.9421529018515,0.038585611827569,-1.0547118733939e-14,1
179.8,128,0,179.8,0.00066804089865877,1.4966949952365e-05,-1.3296389170708e-11,2.978470884719e-10,7.9402236212601,0.038585611827569,-1.0547118733939e-14,1
179.85,128,0,179.85,0.00066804045557877,1.4966959877433e-05,-1.3296389170708e-11,2.978470884719e-10,7.9382943406688,0.038585611827569,-1.0547118733939e-14,1
179.9,128,0,179.9,0.00066804001249877,1.4966969802501e-05,-1.3296389170708e-11,2.978470884719e-10,7.9363650600774,0.038585611827569,-1.0547118733939e-14,1
179.95,128,0,179.95,0.00066803956941877,1.4966979727569e-05,-1.3296389170708e-11,2.978470884719e-10,7.934435779486,0.038585611827569,-1.0547118733939e-14,1
180,128,0,180,0.00066803912633877,1.4966989652636e-05,-1.3296389170708e-11,2.978470884719e-10,7.9325064988946,0.038585611827569,-1.0547118733939e-14,1
180.05,128,0,180.05,0.00066803871754474,1.4966998810948e-05,1.2547845339866e-11,-2.8108334934679e-10,7.9305772183032,0.038585611827547,5.6621374255883e-15,1
180.1,128,0,180.1,0.00066803830875072,1.4967007969259e-05,1.2547845339866e-11,-2.8108334934679e-10,7.9286479377119,0.038585611827547,5.6621374255883e-15,1
180.15,128,0,180.15,0.00066803789995669,1.496701712757e-05,1.2547845339866e-11,-2.8108334934679e-10,7.9267186571205,0.038585611827547,5.6621374255883e-15,1
180.2,128,0,180.2,0.00066803749116266,1.4967026285882e-05,1.2547845339866e-11,-2.8108334934679e-10,7.9247893765291,0.038585611827547,5.6621374255883e-15,1
180.25,128,0,180.25,0.00066803708236864,1.4967035444193e-05,1.2547845339866e-11,-2.8108334934679e-10,7.9228600959377,0.038585611827547,5.6621374255883e-15,1
180.3,128,0,180.3,0.00066803667357461,1.4967044602504e-05,1.2547845339866e-11,-2.8108334934679e-10,7.9209308153463,0.038585611827547,5.6621374255883e-15,1
180.35,128,0,180.35,0.00066803626478058,1.4967053760816e-05,1.2547845339866e-11,-2.8108334934679e-10,7.919001534755,0.038585611827547,5.6621374255883e-15,1
180.4,128,0,180.4,0.00066803585598655,1.4967062919127e-05,1.2547845339866e-11,-2.8108334934679e-10,7.9170722541636,0.038585611827547,5.6621374255883e-15,1
180.45,128,0,180.45,0.00066803544719253,1.4967072077439e-05,1.2547845339866e-11,-2.8108334934679e-10,7.9151429735722,0.038585611827547,5.6621374255883e-15,1
180.5,128,0,180.5,0.0006680350383985,1.496708123575e-05,1.2547845339866e-11,-2.8108334934679e-10,7.9132136929808,0.038585611827547,5.6621374255883e-15,1
180.55,128,0,180.55,0.00066803462960447,1.4967090394061e-05,1.2547845339866e-11,-2.8108334934679e-10,7.9112844123895,0.038585611827547,5.6621374255883e-15,1
180.6,128,0,180.6,0.00066803422081044,1.4967099552373e-05,1.2547845339866e-11,-2.8108334934679e-10,7.9093551317981,0.038585611827547,5.6621374255883e-15,1
180.65,128,0,180.65,0.00066803381201642,1.4967108710684e-05,1.2547845339866e-11,-2.8108334934679e-10,7.9074258512067,0.038585611827547,5.6621374255883e-15,1
180.7,128,0,180.7,0.00066803340322239,1.4967117868995e-05,1.2547845339866e-11,-2.8108334934679e-10,7.9054965706153,0.038585611827547,5.6621374255883e-15,1
180.75,128,0,180.75,0.00066803299442836,1.4967127027307e-05,1.2547845339866e-11,-2.8108334934679e-10,7.9035672900239,0.038585611827547,5.6621374255883e-15,1
180.8,128,0,180.8,0.00066803258563434,1.4967136185618e-05,1.2547845339866e-11,-2.8108334934679e-10,7.9016380094326,0.038585611827547,5.6621374255883e-15,1
180.85,128,0,180.85,0.00066803217684031,1.4967145343929e-05,1.2547845339866e-11,-2.8108334934679e-10,7.8997087288412,0.038585611827547,5.6621374255883e-15,1
180.9,128,0,180.9,0.00066803176804628,1.4967154502241e-05,1.2547845339866e-11,-2.8108334934679e-10,7.8977794482498,0.038585611827547,5.6621374255883e-15,1
180.95,128,0,180.95,0.00066803135925225,1.4967163660552e-05,1.2547845339866e-11,-2.8108334934679e-10,7.8958501676584,0.038585611827547,5.6621374255883e-15,1
181,128,0,181,0.00066803095045823,1.4967172818863e-05,1.2547845339866e-11,-2.8108334934679e-10,7.8939208870671,0.038585611827547,5.6621374255883e-15,1
181.05,128,0,181.05,0.00066803190317679,1.4967151476878e-05,-9.1681438937799e-12,2.0537223222871e-10,7.8919916064757,0.038585611827567,2.3536728122053e-14,1
181.1,128,0,181.1,0.00066803285589536,1.4967130134893e-05,-9.1681438937799e-12,2.0537223222871e-10,7.8900623258843,0.038585611827567,2.3536728122053e-14,1
181.15,128,0,181.15,0.00066803380861393,1.4967108792908e-05,-9.1681438937799e-12,2.0537223222871e-10,7.8881330452929,0.038585611827567,2.3536728122053e-14,1
181.2,128,0,181.2,0.0006680347613325,1.4967087450923e-05,-9.1681438937799e-12,2.0537223222871e-10,7.8862037647015,0.038585611827567,2.3536728122053e-14,1
181.25,128,0,181.25,0.00066803571405106,1.4967066108938e-05,-9.1681438937799e-12,2.0537223222871e-10,7.8842744841102,0.038585611827567,2.3536728122053e-14,1
181.3,128,0,181.3,0.00066803666676963,1.4967044766953e-05,-9.1681438937799e-12,2.0537223222871e-10,7.8823452035188,0.038585611827567,2.3536728122053e-14,1
181.35,128,0,181.35,0.0006680376194882,1.4967023424967e-05,-9.1681438937799e-12,2.0537223222871e-10,7.8804159229274,0.038585611827567,2.3536728122053e-14,1
181.4,128,0,181.4,0.00066803857220677,1.4967002082982e-05,-9.1681438937799e-12,2.0537223222871e-10,7.878486642336,0.038585611827567,2.3536728122053e-14,1
181.45,128,0,181.45,0.00066803952492533,1.4966980740997e-05,-9.1681438937799e-12,2.0537223222871e-10,7.8765573617447,0.038585611827567,2.3536728122053e-14,1
181.5,128,0,181.5,0.0006680404776439,1.4966959399012e-05,-9.1681438937799e-12,2.0537223222871e-10,7.8746280811533,0.038585611827567,2.3536728122053e-14,1
181.55,128,0,181.55,0.00066804143036247,1.4966938057027e-05,-9.1681438937799e-12,2.0537223222871e-10,7.8726988005619,0.038585611827567,2.3536728122053e-14,1
181.6,128,0,181.6,0.00066804238308104,1.4966916715042e-05,-9.1681438937799e-12,2.0537223222871e-10,7.8707695199705,0.038585611827567,2.3536728122053e-14,1
181.65,128,0,181.65,0.0006680433357996,1.4966895373057e-05,-9.1681438937799e-12,2.0537223222871e-10,7.8688402393791,0.038585611827567,2.3536728122053e-14,1
181.7,128,0,181.7,0.00066804428851817,1.4966874031072e-05,-9.1681438937799e-12,2.0537223222871e-10,7.8669109587878,0.038585611827567,2.3536728122053e-14,1
181.75,128,0,181.75,0.00066804524123674,1.4966852689086e-05,-9.1681438937799e-12,2.0537223222871e-10,7.8649816781964,0.038585611827567,2.3536728122053e-14,1
181.8,128,0,181.8,0.00066804619395531,1.4966831347101e-05,-9.1681438937799e-12,2.0537223222871e-10,7.863052397605,0.038585611827567,2.3536728122053e-14,1
181.85,128,0,181.85,0.00066804714667387,1.4966810005116e-05,-9.1681438937799e-12,2.0537223222871e-10,7.8611231170136,0.038585611827567,2.3536728122053e-14,1
181.9,128,0,181.9,0.00066804809939244,1.4966788663131e-05,-9.1681438937799e-12,2.0537223222871e-10,7.8591938364222,0.038585611827567,2.3536728122053e-14,1
181.95,128,0,181.95,0.00066804905211101,1.4966767321146e-05,-9.1681438937799e-12,2.0537223222871e-10,7.8572645558309,0.038585611827567,2.3536728122053e-14,1
182,128,0,182,0.00066805000482957,1.4966745979161e-05,-9.1681438937799e-12,2.0537223222871e-10,7.8553352752395,0.038585611827567,2.3536728122053e-14,1
182.05,128,0,182.05,0.00066804992352993,1.4966747801103e-05,1.5124369028902e-11,-3.3880745729538e-10,7.8534059946481,0.038585611827552,1.4876988529977e-14,1
182.1,128,0,182.1,0.00066804984223029,1.4966749623046e-05,1.5124369028902e-11,-3.3880745729538e-10,7.8514767140567,0.038585611827552,1.4876988529977e-14,1
182.15,128,0,182.15,0.00066804976093065,1.4966751444989e-05,1.5124369028902e-11,-3.3880745729538e-10,7.8495474334654,0.038585611827552,1.4876988529977e-14,1
182.2,128,0,182.2,0.00066804967963101,1.4966753266931e-05,1.5124369028902e-11,-3.3880745729538e-10,7.847618152874,0.038585611827552,1.4876988529977e-14,1
182.25,128,0,182.25,0.00066804959833137,1.4966755088874e-05,1.5124369028902e-11,-3.3880745729538e-10,7.8456888722826,0.038585611827552,1.4876988529977e-14,1
182.3,128,0,182.3,0.00066804951703172,1.4966756910816e-05,1.5124369028902e-11,-3.3880745729538e-10,7.8437595916912,0.038585611827552,1.4876988529977e-14,1
182.35,128,0,182.35,0.00066804943573208,1.4966758732759e-05,1.5124369028902e-11,-3.3880745729538e-10,7.8418303110998,0.038585611827552,1.4876988529977e-14,1
182.4,128,0,182.4,0.00066804935443244,1.4966760554701e-05,1.5124369028902e-11,-3.3880745729538e-10,7.8399010305085,0.038585611827552,1.4876988529977e-14,1
182.45,128,0,182.45,0.0006680492731328,1.4966762376644e-05,1.5124369028902e-11,-3.3880745729538e-10,7.8379717499171,0.038585611827552,1.4876988529977e-14,1
182.5,128,0,182.5,0.00066804919183316,1.4966764198586e-05,1.5124369028902e-11,-3.3880745729538e-10,7.8360424693257,0.038585611827552,1.4876988529977e-14,1
182.55,128,0,182.55,0.00066804911053352,1.4966766020529e-05,1.5124369028902e-11,-3.3880745729538e-10,7.8341131887343,0.038585611827552,1.4876988529977e-14,1
182.6,128,0,182.6,0.00066804902923387,1.4966767842472e-05,1.5124369028902e-11,-3.3880745729538e-10,7.832183908143,0.038585611827552,1.4876988529977e-14,1
182.65,128,0,182.65,0.00066804894793423,1.4966769664414e-05,1.5124369028902e-11,-3.3880745729538e-10,7.8302546275516,0.038585611827552,1.4876988529977e-14,1
182.7,128,0,182.7,0.00066804886663459,1.4966771486357e-05,1.5124369028902e-11,-3.3880745729538e-10,7.8283253469602,0.038585611827552,1.4876988529977e-14,1
182.75,128,0,182.75,0.00066804878533495,1.4966773308299e-05,1.5124369028902e-11,-3.3880745729538e-10,7.8263960663688,0.038585611827552,1.4876988529977e-14,1
182.8,128,0,182.8,0.00066804870403531,1.4966775130242e-05,1.5124369028902e-11,-3.3880745729538e-10,7.8244667857775,0.038585611827552,1.4876988529977e-14,1
182.85,128,0,182.85,0.00066804862273567,1.4966776952184e-05,1.5124369028902e-11,-3.3880745729538e-10,7.8225375051861,0.038585611827552,1.4876988529977e-14,1
182.9,128,0,182.9,0.00066804854143602,1.4966778774127e-05,1.5124369028902e-11,-3.3880745729538e-10,7.8206082245947,0.038585611827552,1.4876988529977e-14,1
182.95,128,0,182.95,0.00066804846013638,1.4966780596069e-05,1.5124369028902e-11,-3.3880745729538e-10,7.8186789440033,0.038585611827552,1.4876988529977e-14,1
183,128,0,183,0.00066804837883674,1.4966782418012e-05,1.5124369028902e-11,-3.3880745729538e-10,7.8167496634119,0.038585611827552,1.4876988529977e-14,1
183.05,128,0,183.05,0.00066804822646479,1.4966785830871e-05,-1.7400294653541e-11,3.8978974417725e-10,7.8148203828206,0.03858561182759,-1.765254609154e-14,1
183.1,128,0,183.1,0.00066804807409283,1.4966789243729e-05,-1.7400294653541e-11,3.8978974417725e-10,7.8128911022292,0.03858561182759,-1.765254609154e-14,1
183.15,128,0,183.15,0.00066804792172088,1.4966792656588e-05,-1.7400294653541e-11,3.8978974417725e-10,7.8109618216378,0.03858561182759,-1.765254609154e-14,1
183.2,128,0,183.2,0.00066804776934892,1.4966796069446e-05,-1.7400294653541e-11,3.8978974417725e-10,7.8090325410464,0.03858561182759,-1.765254609154e-14,1
183.25,128,0,183.25,0.00066804761697697,1.4966799482305e-05,-1.7400294653541e-11,3.8978974417725e-10,7.8071032604551,0.03858561182759,-1.765254609154e-14,1
183.3,128,0,183.3,0.00066804746460501,1.4966802895164e-05,-1.7400294653541e-11,3.8978974417725e-10,7.8051739798637,0.03858561182759,-1.765254609154e-14,1
183.35,128,0,183.35,0.00066804731223306,1.4966806308022e-05,-1.7400294653541e-11,3.8978974417725e-10,7.8032446992723,0.03858561182759,-1.765254609154e-14,1
183.4,128,0,183.4,0.0006680471598611,1.4966809720881e-05,-1.7400294653541e-11,3.8978974417725e-10,7.8013154186809,0.03858561182759,-1.765254609154e-14,1
183.45,128,0,183.45,0.00066804700748915,1.4966813133739e-05,-1.7400294653541e-11,3.8978974417725e-10,7.7993861380895,0.03858561182759,-1.765254609154e-14,1
183.5,128,0,183.5,0.00066804685511719,1.4966816546598e-05,-1.7400294653541e-11,3.8978974417725e-10,7.7974568574982,0.03858561182759,-1.765254609154e-14,1
183.55,128,0,183.55,0.00066804670274524,1.4966819959457e-05,-1.7400294653541e-11,3.8978974417725e-10,7.7955275769068,0.03858561182759,-1.765254609154e-14,1
183.6,128,0,183.6,0.00066804655037328,1.4966823372315e-05,-1.7400294653541e-11,3.8978974417725e-10,7.7935982963154,0.03858561182759,-1.765254609154e-14,1
183.65,128,0,183.65,0.00066804639800133,1.4966826785174e-05,-1.7400294653541e-11,3.8978974417725e-10,7.791669015724,0.03858561182759,-1.765254609154e-14,1
183.7,128,0,183.7,0.00066804624562937,1.4966830198032e-05,-1.7400294653541e-11,3.8978974417725e-10,7.7897397351326,0.03858561182759,-1.765254609154e-14,1
183.75,128,0,183.75,0.00066804609325742,1.4966833610891e-05,-1.7400294653541e-11,3.8978974417725e-10,7.7878104545413,0.03858561182759,-1.765254609154e-14,1
183.8,128,0,183.8,0.00066804594088546,1.496683702375e-05,-1.7400294653541e-11,3.8978974417725e-10,7.7858811739499,0.03858561182759,-1.765254609154e-14,1
183.85,128,0,183.85,0.00066804578851351,1.4966840436608e-05,-1.7400294653541e-11,3.8978974417725e-10,7.7839518933585,0.03858561182759,-1.765254609154e-14,1
183.9,128,0,183.9,0.00066804563614155,1.4966843849467e-05,-1.7400294653541e-11,3.8978974417725e-10,7.7820226127671,0.03858561182759,-1.765254609154e-14,1
183.95,128,0,183.95,0.0006680454837696,1.4966847262325e-05,-1.7400294653541e-11,3.8978974417725e-10,7.7800933321758,0.03858561182759,-1.765254609154e-14,1
184,128,0,184,0.00066804533139764,1.4966850675184e-05,-1.7400294653541e-11,3.8978974417725e-10,7.7781640515844,0.03858561182759,-1.765254609154e-14,1
184.05,128,0,184.05,0.00066804524966373,1.4966852506145e-05,1.8103913253882e-11,-4.0555299453235e-10,7.776234770993,0.038585611827557,-2.120525977034e-14,1
184.1,128,0,184.1,0.00066804516792982,1.4966854337105e-05,1.8103913253882e-11,-4.0555299453235e-10,7.7743054904016,0.038585611827557,-2.120525977034e-14,1
184.15,128,0,184.15,0.0006680450861959,1.4966856168066e-05,1.8103913253882e-11,-4.0555299453235e-10,7.7723762098102,0.038585611827557,-2.120525977034e-14,1
184.2,128,0,184.2,0.00066804500446199,1.4966857999026e-05,1.8103913253882e-11,-4.0555299453235e-10,7.7704469292189,0.038585611827557,-2.120525977034e-14,1
184.25,128,0,184.25,0.00066804492272808,1.4966859829987e-05,1.8103913253882e-11,-4.0555299453235e-10,7.7685176486275,0.038585611827557,-2.120525977034e-14,1
184.3,128,0,184.3,0.00066804484099417,1.4966861660947e-05,1.8103913253882e-11,-4.0555299453235e-10,7.7665883680361,0.038585611827557,-2.120525977034e-14,1
184.35,128,0,184.35,0.00066804475926025,1.4966863491908e-05,1.8103913253882e-11,-4.0555299453235e-10,7.7646590874447,0.038585611827557,-2.120525977034e-14,1
184.4,128,0,184.4,0.00066804467752634,1.4966865322868e-05,1.8103913253882e-11,-4.0555299453235e-10,7.7627298068533,0.038585611827557,-2.120525977034e-14,1
184.45,128,0,184.45,0.00066804459579243,1.4966867153829e-05,1.8103913253882e-11,-4.0555299453235e-10,7.760800526262,0.038585611827557,-2.120525977034e-14,1
184.5,128,0,184.5,0.00066804451405851,1.4966868984789e-05,1.8103913253882e-11,-4.0555299453235e-10,7.7588712456706,0.038585611827557,-2.120525977034e-14,1
184.55,128,0,184.55,0.0006680444323246,1.496687081575e-05,1.8103913253882e-11,-4.0555299453235e-10,7.7569419650792,0.038585611827557,-2.120525977034e-14,1
184.6,128,0,184.6,0.00066804435059069,1.4966872646711e-05,1.8103913253882e-11,-4.0555299453235e-10,7.7550126844878,0.038585611827557,-2.120525977034e-14,1
184.65,128,0,184.65,0.00066804426885678,1.4966874477671e-05,1.8103913253882e-11,-4.0555299453235e-10,7.7530834038965,0.038585611827557,-2.120525977034e-14,1
184.7,128,0,184.7,0.00066804418712286,1.4966876308632e-05,1.8103913253882e-11,-4.0555299453235e-10,7.7511541233051,0.038585611827557,-2.120525977034e-14,1
184.75,128,0,184.75,0.00066804410538895,1.4966878139592e-05,1.8103913253882e-11,-4.0555299453235e-10,7.7492248427137,0.038585611827557,-2.120525977034e-14,1
184.8,128,0,184.8,0.00066804402365504,1.4966879970553e-05,1.8103913253882e-11,-4.0555299453235e-10,7.7472955621223,0.038585611827557,-2.120525977034e-14,1
184.85,128,0,184.85,0.00066804394192113,1.4966881801513e-05,1.8103913253882e-11,-4.0555299453235e-10,7.7453662815309,0.038585611827557,-2.120525977034e-14,1
184.9,128,0,184.9,0.00066804386018721,1.4966883632474e-05,1.8103913253882e-11,-4.0555299453235e-10,7.7434370009396,0.038585611827557,-2.120525977034e-14,1
184.95,128,0,184.95,0.0006680437784533,1.4966885463434e-05,1.8103913253882e-11,-4.0555299453235e-10,7.7415077203482,0.038585611827557,-2.120525977034e-14,1
185,128,0,185,0.00066804369671939,1.4966887294395e-05,1.8103913253882e-11,-4.0555299453235e-10,7.7395784397568,0.038585611827557,-2.120525977034e-14,1
185.05,128,0,185.05,0.00066804389470232,1.4966882859483e-05,-1.7947794030959e-11,4.0205618743979e-10,7.7376491591654,0.038585611827535,2.2204460492503e-16,1
185.1,128,0,185.1,0.00066804409268526,1.4966878424571e-05,-1.7947794030959e-11,4.0205618743979e-10,7.735719878574,0.038585611827535,2.2204460492503e-16,1
185.15,128,0,185.15,0.0006680442906682,1.4966873989659e-05,-1.7947794030959e-11,4.0205618743979e-10,7.7337905979827,0.038585611827535,2.2204460492503e-16,1
185.2,128,0,185.2,0.00066804448865113,1.4966869554746e-05,-1.7947794030959e-11,4.0205618743979e-10,7.7318613173913,0.038585611827535,2.2204460492503e-16,1
185.25,128,0,185.25,0.00066804468663407,1.4966865119834e-05,-1.7947794030959e-11,4.0205618743979e-10,7.7299320367999,0.038585611827535,2.2204460492503e-16,1
185.3,128,0,185.3,0.00066804488461701,1.4966860684922e-05,-1.7947794030959e-11,4.0205618743979e-10,7.7280027562085,0.038585611827535,2.2204460492503e-16,1
185.35,128,0,185.35,0.00066804508259994,1.496685625001e-05,-1.7947794030959e-11,4.0205618743979e-10,7.7260734756172,0.038585611827535,2.2204460492503e-16,1
185.4,128,0,185.4,0.00066804528058288,1.4966851815098e-05,-1.7947794030959e-11,4.0205618743979e-10,7.7241441950258,0.038585611827535,2.2204460492503e-16,1
185.45,128,0,185.45,0.00066804547856582,1.4966847380186e-05,-1.7947794030959e-11,4.0205618743979e-10,7.7222149144344,0.038585611827535,2.2204460492503e-16,1
185.5,128,0,185.5,0.00066804567654875,1.4966842945274e-05,-1.7947794030959e-11,4.0205618743979e-10,7.720285633843,0.038585611827535,2.2204460492503e-16,1
185.55,128,0,185.55,0.00066804587453169,1.4966838510362e-05,-1.7947794030959e-11,4.0205618743979e-10,7.7183563532517,0.038585611827535,2.2204460492503e-16,1
185.6,128,0,185.6,0.00066804607251463,1.496683407545e-05,-1.7947794030959e-11,4.0205618743979e-10,7.7164270726603,0.038585611827535,2.2204460492503e-16,1
185.65,128,0,185.65,0.00066804627049756,1.4966829640537e-05,-1.7947794030959e-11,4.0205618743979e-10,7.7144977920689,0.038585611827535,2.2204460492503e-16,1
185.7,128,0,185.7,0.0006680464684805,1.4966825205625e-05,-1.7947794030959e-11,4.0205618743979e-10,7.7125685114775,0.038585611827535,2.2204460492503e-16,1
185.75,128,0,185.75,0.00066804666646344,1.4966820770713e-05,-1.7947794030959e-11,4.0205618743979e-10,7.7106392308861,0.038585611827535,2.2204460492503e-16,1
185.8,128,0,185.8,0.00066804686444637,1.4966816335801e-05,-1.7947794030959e-11,4.0205618743979e-10,7.7087099502948,0.038585611827535,2.2204460492503e-16,1
185.85,128,0,185.85,0.00066804706242931,1.4966811900889e-05,-1.7947794030959e-11,4.0205618743979e-10,7.7067806697034,0.038585611827535,2.2204460492503e-16,1
185.9,128,0,185.9,0.00066804726041225,1.4966807465977e-05,-1.7947794030959e-11,4.0205618743979e-10,7.704851389112,0.038585611827535,2.2204460492503e-16,1
185.95,128,0,185.95,0.00066804745839518,1.4966803031065e-05,-1.7947794030959e-11,4.0205618743979e-10,7.7029221085206,0.038585611827535,2.2204460492503e-16,1
186,128,0,186,0.00066804765637812,1.4966798596153e-05,-1.7947794030959e-11,4.0205618743979e-10,7.7009928279293,0.038585611827535,2.2204460492503e-16,1
186.05,128,0,186.05,0.00066804762799655,1.4966799231992e-05,1.6486151478375e-11,-3.693150087742e-10,7.6990635473379,0.038585611827563,-1.6653345369377e-15,1
186.1,128,0,186.1,0.00066804759961497,1.4966799867831e-05,1.6486151478375e-11,-3.693150087742e-10,7.6971342667465,0.038585611827563,-1.6653345369377e-15,1
186.15,128,0,186.15,0.0006680475712334,1.496680050367e-05,1.6486151478375e-11,-3.693150087742e-10,7.6952049861551,0.038585611827563,-1.6653345369377e-15,1
186.2,128,0,186.2,0.00066804754285183,1.4966801139509e-05,1.6486151478375e-11,-3.693150087742e-10,7.6932757055638,0.038585611827563,-1.6653345369377e-15,1
186.25,128,0,186.25,0.00066804751447025,1.4966801775348e-05,1.6486151478375e-11,-3.693150087742e-10,7.6913464249724,0.038585611827563,-1.6653345369377e-15,1
186.3,128,0,186.3,0.00066804748608868,1.4966802411187e-05,1.6486151478375e-11,-3.693150087742e-10,7.689417144381,0.038585611827563,-1.6653345369377e-15,1
186.35,128,0,186.35,0.00066804745770711,1.4966803047026e-05,1.6486151478375e-11,-3.693150087742e-10,7.6874878637896,0.038585611827563,-1.6653345369377e-15,1
186.4,128,0,186.4,0.00066804742932553,1.4966803682866e-05,1.6486151478375e-11,-3.693150087742e-10,7.6855585831982,0.038585611827563,-1.6653345369377e-15,1
186.45,128,0,186.45,0.00066804740094396,1.4966804318705e-05,1.6486151478375e-11,-3.693150087742e-10,7.6836293026069,0.038585611827563,-1.6653345369377e-15,1
186.5,128,0,186.5,0.00066804737256238,1.4966804954544e-05,1.6486151478375e-11,-3.693150087742e-10,7.6817000220155,0.038585611827563,-1.6653345369377e-15,1
186.55,128,0,186.55,0.00066804734418081,1.4966805590383e-05,1.6486151478375e-11,-3.693150087742e-10,7.6797707414241,0.038585611827563,-1.6653345369377e-15,1
186.6,128,0,186.6,0.00066804731579924,1.4966806226222e-05,1.6486151478375e-11,-3.693150087742e-10,7.6778414608327,0.038585611827563,-1.6653345369377e-15,1
186.65,128,0,186.65,0.00066804728741766,1.4966806862061e-05,1.6486151478375e-11,-3.693150087742e-10,7.6759121802413,0.038585611827563,-1.6653345369377e-15,1
186.7,128,0,186.7,0.00066804725903609,1.49668074979e-05,1.6486151478375e-11,-3.693150087742e-10,7.67398289965,0.038585611827563,-1.6653345369377e-15,1
186.75,128,0,186.75,0.00066804723065452,1.496680813374e-05,1.6486151478375e-11,-3.693150087742e-10,7.6720536190586,0.038585611827563,-1.6653345369377e-15,1
186.8,128,0,186.8,0.00066804720227294,1.4966808769579e-05,1.6486151478375e-11,-3.693150087742e-10,7.6701243384672,0.038585611827563,-1.6653345369377e-15,1
186.85,128,0,186.85,0.00066804717389137,1.4966809405418e-05,1.6486151478375e-11,-3.693150087742e-10,7.6681950578758,0.038585611827563,-1.6653345369377e-15,1
186.9,128,0,186.9,0.00066804714550979,1.4966810041257e-05,1.6486151478375e-11,-3.693150087742e-10,7.6662657772845,0.038585611827563,-1.6653345369377e-15,1
186.95,128,0,186.95,0.00066804711712822,1.4966810677096e-05,1.6486151478375e-11,-3.693150087742e-10,7.6643364966931,0.038585611827563,-1.6653345369377e-15,1
187,128,0,187,0.00066804708874665,1.4966811312935e-05,1.6486151478375e-11,-3.693150087742e-10,7.6624072161017,0.038585611827563,-1.6653345369377e-15,1
187.05,128,0,187.05,0.00066804702821411,1.4966812668763e-05,-1.604597049684e-11,3.594554692063e-10,7.6604779355103,0.038585611827565,1.5543122344752e-15,1
187.1,128,0,187.1,0.00066804696768157,1.4966814024592e-05,-1.604597049684e-11,3.594554692063e-10,7.6585486549189,0.038585611827565,1.5543122344752e-15,1
187.15,128,0,187.15,0.00066804690714903,1.496681538042e-05,-1.604597049684e-11,3.594554692063e-10,7.6566193743276,0.038585611827565,1.5543122344752e-15,1
187.2,128,0,187.2,0.00066804684661649,1.4966816736248e-05,-1.604597049684e-11,3.594554692063e-10,7.6546900937362,0.038585611827565,1.5543122344752e-15,1
187.25,128,0,187.25,0.00066804678608395,1.4966818092077e-05,-1.604597049684e-11,3.594554692063e-10,7.6527608131448,0.038585611827565,1.5543122344752e-15,1
187.3,128,0,187.3,0.00066804672555141,1.4966819447905e-05,-1.604597049684e-11,3.594554692063e-10,7.6508315325534,0.038585611827565,1.5543122344752e-15,1
187.35,128,0,187.35,0.00066804666501887,1.4966820803733e-05,-1.604597049684e-11,3.594554692063e-10,7.6489022519621,0.038585611827565,1.5543122344752e-15,1
187.4,128,0,187.4,0.00066804660448633,1.4966822159562e-05,-1.604597049684e-11,3.594554692063e-10,7.6469729713707,0.038585611827565,1.5543122344752e-15,1
187.45,128,0,187.45,0.00066804654395379,1.496682351539e-05,-1.604597049684e-11,3.594554692063e-10,7.6450436907793,0.038585611827565,1.5543122344752e-15,1
187.5,128,0,187.5,0.00066804648342125,1.4966824871218e-05,-1.604597049684e-11,3.594554692063e-10,7.6431144101879,0.038585611827565,1.5543122344752e-15,1
187.55,128,0,187.55,0.00066804642288871,1.4966826227047e-05,-1.604597049684e-11,3.594554692063e-10,7.6411851295965,0.038585611827565,1.5543122344752e-15,1
187.6,128,0,187.6,0.00066804636235617,1.4966827582875e-05,-1.604597049684e-11,3.594554692063e-10,7.6392558490052,0.038585611827565,1.5543122344752e-15,1
187.65,128,0,187.65,0.00066804630182363,1.4966828938703e-05,-1.604597049684e-11,3.594554692063e-10,7.6373265684138,0.038585611827565,1.5543122344752e-15,1
187.7,128,0,187.7,0.00066804624129109,1.4966830294531e-05,-1.604597049684e-11,3.594554692063e-10,7.6353972878224,0.038585611827565,1.5543122344752e-15,1
187.75,128,0,187.75,0.00066804618075855,1.496683165036e-05,-1.604597049684e-11,3.594554692063e-10,7.633468007231,0.038585611827565,1.5543122344752e-15,1
187.8,128,0,187.8,0.00066804612022601,1.4966833006188e-05,-1.604597049684e-11,3.594554692063e-10,7.6315387266396,0.038585611827565,1.5543122344752e-15,1
187.85,128,0,187.85,0.00066804605969347,1.4966834362016e-05,-1.604597049684e-11,3.594554692063e-10,7.6296094460483,0.038585611827565,1.5543122344752e-15,1
187.9,128,0,187.9,0.00066804599916093,1.4966835717845e-05,-1.604597049684e-11,3.594554692063e-10,7.6276801654569,0.038585611827565,1.5543122344752e-15,1
187.95,128,0,187.95,0.00066804593862839,1.4966837073673e-05,-1.604597049684e-11,3.594554692063e-10,7.6257508848655,0.038585611827565,1.5543122344752e-15,1
188,128,0,188,0.00066804587809585,1.4966838429501e-05,-1.604597049684e-11,3.594554692063e-10,7.6238216042741,0.038585611827565,1.5543122344752e-15,1
188.05,128,0,188.05,0.00066804576237264,1.4966841021817e-05,1.7322296355508e-11,-3.8804570552992e-10,7.6218923236828,0.038585611827562,1.0103029524089e-14,1
188.1,128,0,188.1,0.00066804564664943,1.4966843614133e-05,1.7322296355508e-11,-3.8804570552992e-10,7.6199630430914,0.038585611827562,1.0103029524089e-14,1
188.15,128,0,188.15,0.00066804553092622,1.4966846206449e-05,1.7322296355508e-11,-3.8804570552992e-10,7.6180337625,0.038585611827562,1.0103029524089e-14,1
188.2,128,0,188.2,0.00066804541520302,1.4966848798765e-05,1.7322296355508e-11,-3.8804570552992e-10,7.6161044819086,0.038585611827562,1.0103029524089e-14,1
188.25,128,0,188.25,0.00066804529947981,1.496685139108e-05,1.7322296355508e-11,-3.8804570552992e-10,7.6141752013172,0.038585611827562,1.0103029524089e-14,1
188.3,128,0,188.3,0.0006680451837566,1.4966853983396e-05,1.7322296355508e-11,-3.8804570552992e-10,7.6122459207259,0.038585611827562,1.0103029524089e-14,1
188.35,128,0,188.35,0.00066804506803339,1.4966856575712e-05,1.7322296355508e-11,-3.8804570552992e-10,7.6103166401345,0.038585611827562,1.0103029524089e-14,1
188.4,128,0,188.4,0.00066804495231019,1.4966859168028e-05,1.7322296355508e-11,-3.8804570552992e-10,7.6083873595431,0.038585611827562,1.0103029524089e-14,1
188.45,128,0,188.45,0.00066804483658698,1.4966861760344e-05,1.7322296355508e-11,-3.8804570552992e-10,7.6064580789517,0.038585611827562,1.0103029524089e-14,1
188.5,128,0,188.5,0.00066804472086377,1.496686435266e-05,1.7322296355508e-11,-3.8804570552992e-10,7.6045287983604,0.038585611827562,1.0103029524089e-14,1
188.55,128,0,188.55,0.00066804460514057,1.4966866944975e-05,1.7322296355508e-11,-3.8804570552992e-10,7.602599517769,0.038585611827562,1.0103029524089e-14,1
188.6,128,0,188.6,0.00066804448941736,1.4966869537291e-05,1.7322296355508e-11,-3.8804570552992e-10,7.6006702371776,0.038585611827562,1.0103029524089e-14,1
188.65,128,0,188.65,0.00066804437369415,1.4966872129607e-05,1.7322296355508e-11,-3.8804570552992e-10,7.5987409565862,0.038585611827562,1.0103029524089e-14,1
188.7,128,0,188.7,0.00066804425797094,1.4966874721923e-05,1.7322296355508e-11,-3.8804570552992e-10,7.5968116759948,0.038585611827562,1.0103029524089e-14,1
188.75,128,0,188.75,0.00066804414224774,1.4966877314239e-05,1.7322296355508e-11,-3.8804570552992e-10,7.5948823954035,0.038585611827562,1.0103029524089e-14,1
188.8,128,0,188.8,0.00066804402652453,1.4966879906554e-05,1.7322296355508e-11,-3.8804570552992e-10,7.5929531148121,0.038585611827562,1.0103029524089e-14,1
188.85,128,0,188.85,0.00066804391080132,1.496688249887e-05,1.7322296355508e-11,-3.8804570552992e-10,7.5910238342207,0.038585611827562,1.0103029524089e-14,1
188.9,128,0,188.9,0.00066804379507811,1.4966885091186e-05,1.7322296355508e-11,-3.8804570552992e-10,7.5890945536293,0.038585611827562,1.0103029524089e-14,1
188.95,128,0,188.95,0.00066804367935491,1.4966887683502e-05,1.7322296355508e-11,-3.8804570552992e-10,7.5871652730379,0.038585611827562,1.0103029524089e-14,1
189,128,0,189,0.0006680435636317,1.4966890275818e-05,1.7322296355508e-11,-3.8804570552992e-10,7.5852359924466,0.038585611827562,1.0103029524089e-14,1
189.05,128,0,189.05,0.00066804377006366,1.4966885651636e-05,-1.7708268365435e-11,3.966907661541e-10,7.5833067118552,0.038585611827552,-4.4408920985006e-16,1
189.1,128,0,189.1,0.00066804397649561,1.4966881027454e-05,-1.7708268365435e-11,3.966907661541e-10,7.5813774312638,0.038585611827552,-4.4408920985006e-16,1
189.15,128,0,189.15,0.00066804418292757,1.4966876403272e-05,-1.7708268365435e-11,3.966907661541e-10,7.5794481506724,0.038585611827552,-4.4408920985006e-16,1
189.2,128,0,189.2,0.00066804438935952,1.4966871779091e-05,-1.7708268365435e-11,3.966907661541e-10,7.5775188700811,0.038585611827552,-4.4408920985006e-16,1
189.25,128,0,189.25,0.00066804459579148,1.4966867154909e-05,-1.7708268365435e-11,3.966907661541e-10,7.5755895894897,0.038585611827552,-4.4408920985006e-16,1
189.3,128,0,189.3,0.00066804480222343,1.4966862530727e-05,-1.7708268365435e-11,3.966907661541e-10,7.5736603088983,0.038585611827552,-4.4408920985006e-16,1
189.35,128,0,189.35,0.00066804500865539,1.4966857906545e-05,-1.7708268365435e-11,3.966907661541e-10,7.5717310283069,0.038585611827552,-4.4408920985006e-16,1
189.4,128,0,189.4,0.00066804521508734,1.4966853282363e-05,-1.7708268365435e-11,3.966907661541e-10,7.5698017477156,0.038585611827552,-4.4408920985006e-16,1
189.45,128,0,189.45,0.0006680454215193,1.4966848658181e-05,-1.7708268365435e-11,3.966907661541e-10,7.5678724671242,0.038585611827552,-4.4408920985006e-16,1
189.5,128,0,189.5,0.00066804562795126,1.4966844034e-05,-1.7708268365435e-11,3.966907661541e-10,7.5659431865328,0.038585611827552,-4.4408920985006e-16,1
189.55,128,0,189.55,0.00066804583438321,1.4966839409818e-05,-1.7708268365435e-11,3.966907661541e-10,7.5640139059414,0.038585611827552,-4.4408920985006e-16,1
189.6,128,0,189.6,0.00066804604081517,1.4966834785636e-05,-1.7708268365435e-11,3.966907661541e-10,7.56208462535,0.038585611827552,-4.4408920985006e-16,1
189.65,128,0,189.65,0.00066804624724712,1.4966830161454e-05,-1.7708268365435e-11,3.966907661541e-10,7.5601553447587,0.038585611827552,-4.4408920985006e-16,1
189.7,128,0,189.7,0.00066804645367908,1.4966825537272e-05,-1.7708268365435e-11,3.966907661541e-10,7.5582260641673,0.038585611827552,-4.4408920985006e-16,1
189.75,128,0,189.75,0.00066804666011103,1.4966820913091e-05,-1.7708268365435e-11,3.966907661541e-10,7.5562967835759,0.038585611827552,-4.4408920985006e-16,1
189.8,128,0,189.8,0.00066804686654299,1.4966816288909e-05,-1.7708268365435e-11,3.966907661541e-10,7.5543675029845,0.038585611827552,-4.4408920985006e-16,1
189.85,128,0,189.85,0.00066804707297494,1.4966811664727e-05,-1.7708268365435e-11,3.966907661541e-10,7.5524382223932,0.038585611827552,-4.4408920985006e-16,1
189.9,128,0,189.9,0.0006680472794069,1.4966807040545e-05,-1.7708268365435e-11,3.966907661541e-10,7.5505089418018,0.038585611827552,-4.4408920985006e-16,1
189.95,128,0,189.95,0.00066804748583886,1.4966802416363e-05,-1.7708268365435e-11,3.966907661541e-10,7.5485796612104,0.038585611827552,-4.4408920985006e-16,1
190,128,0,190,0.00066804769227081,1.4966797792181e-05,-1.7708268365435e-11,3.966907661541e-10,7.546650380619,0.038585611827552,-4.4408920985006e-16,1
190.05,128,0,190.05,0.00066804766178512,1.4966798475146e-05,1.6406937115564e-11,-3.675402614594e-10,7.5447211000276,0.038585611827579,-6.6613381477509e-16,1
190.1,128,0,190.1,0.00066804763129942,1.496679915811e-05,1.6406937115564e-11,-3.675402614594e-10,7.5427918194363,0.038585611827579,-6.6613381477509e-16,1
190.15,128,0,190.15,0.00066804760081372,1.4966799841075e-05,1.6406937115564e-11,-3.675402614594e-10,7.5408625388449,0.038585611827579,-6.6613381477509e-16,1
190.2,128,0,190.2,0.00066804757032803,1.4966800524039e-05,1.6406937115564e-11,-3.675402614594e-10,7.5389332582535,0.038585611827579,-6.6613381477509e-16,1
190.25,128,0,190.25,0.00066804753984233,1.4966801207004e-05,1.6406937115564e-11,-3.675402614594e-10,7.5370039776621,0.038585611827579,-6.6613381477509e-16,1
190.3,128,0,190.3,0.00066804750935664,1.4966801889968e-05,1.6406937115564e-11,-3.675402614594e-10,7.5350746970708,0.038585611827579,-6.6613381477509e-16,1
190.35,128,0,190.35,0.00066804747887094,1.4966802572933e-05,1.6406937115564e-11,-3.675402614594e-10,7.5331454164794,0.038585611827579,-6.6613381477509e-16,1
190.4,128,0,190.4,0.00066804744838525,1.4966803255897e-05,1.6406937115564e-11,-3.675402614594e-10,7.531216135888,0.038585611827579,-6.6613381477509e-16,1
190.45,128,0,190.45,0.00066804741789955,1.4966803938862e-05,1.6406937115564e-11,-3.675402614594e-10,7.5292868552966,0.038585611827579,-6.6613381477509e-16,1
190.5,128,0,190.5,0.00066804738741386,1.4966804621826e-05,1.6406937115564e-11,-3.675402614594e-10,7.5273575747052,0.038585611827579,-6.6613381477509e-16,1
190.55,128,0,190.55,0.00066804735692816,1.4966805304791e-05,1.6406937115564e-11,-3.675402614594e-10,7.5254282941139,0.038585611827579,-6.6613381477509e-16,1
190.6,128,0,190.6,0.00066804732644247,1.4966805987755e-05,1.6406937115564e-11,-3.675402614594e-10,7.5234990135225,0.038585611827579,-6.6613381477509e-16,1
190.65,128,0,190.65,0.00066804729595677,1.496680667072e-05,1.6406937115564e-11,-3.675402614594e-10,7.5215697329311,0.038585611827579,-6.6613381477509e-16,1
190.7,128,0,190.7,0.00066804726547107,1.4966807353684e-05,1.6406937115564e-11,-3.675402614594e-10,7.5196404523397,0.038585611827579,-6.6613381477509e-16,1
190.75,128,0,190.75,0.00066804723498538,1.4966808036649e-05,1.6406937115564e-11,-3.675402614594e-10,7.5177111717483,0.038585611827579,-6.6613381477509e-16,1
190.8,128,0,190.8,0.00066804720449968,1.4966808719614e-05,1.6406937115564e-11,-3.675402614594e-10,7.515781891157,0.038585611827579,-6.6613381477509e-16,1
190.85,128,0,190.85,0.00066804717401399,1.4966809402578e-05,1.6406937115564e-11,-3.675402614594e-10,7.5138526105656,0.038585611827579,-6.6613381477509e-16,1
190.9,128,0,190.9,0.00066804714352829,1.4966810085543e-05,1.6406937115564e-11,-3.675402614594e-10,7.5119233299742,0.038585611827579,-6.6613381477509e-16,1
190.95,128,0,190.95,0.0006680471130426,1.4966810768507e-05,1.6406937115564e-11,-3.675402614594e-10,7.5099940493828,0.038585611827579,-6.6613381477509e-16,1
191,128,0,191,0.0006680470825569,1.4966811451472e-05,1.6406937115564e-11,-3.675402614594e-10,7.5080647687914,0.038585611827579,-6.6613381477509e-16,1
191.05,128,0,191.05,0.00066804702225403,1.4966812802155e-05,-1.6007330547229e-11,3.5858976992907e-10,7.5061354882001,0.038585611827565,-1.7763568394003e-15,1
191.1,128,0,191.1,0.00066804696195116,1.4966814152839e-05,-1.6007330547229e-11,3.5858976992907e-10,7.5042062076087,0.038585611827565,-1.7763568394003e-15,1
191.15,128,0,191.15,0.00066804690164828,1.4966815503523e-05,-1.6007330547229e-11,3.5858976992907e-10,7.5022769270173,0.038585611827565,-1.7763568394003e-15,1
191.2,128,0,191.2,0.00066804684134541,1.4966816854207e-05,-1.6007330547229e-11,3.5858976992907e-10,7.5003476464259,0.038585611827565,-1.7763568394003e-15,1
191.25,128,0,191.25,0.00066804678104254,1.4966818204891e-05,-1.6007330547229e-11,3.5858976992907e-10,7.4984183658345,0.038585611827565,-1.7763568394003e-15,1
191.3,128,0,191.3,0.00066804672073966,1.4966819555575e-05,-1.6007330547229e-11,3.5858976992907e-10,7.4964890852432,0.038585611827565,-1.7763568394003e-15,1
191.35,128,0,191.35,0.00066804666043679,1.4966820906259e-05,-1.6007330547229e-11,3.5858976992907e-10,7.4945598046518,0.038585611827565,-1.7763568394003e-15,1
191.4,128,0,191.4,0.00066804660013392,1.4966822256943e-05,-1.6007330547229e-11,3.5858976992907e-10,7.4926305240604,0.038585611827565,-1.7763568394003e-15,1
191.45,128,0,191.45,0.00066804653983104,1.4966823607627e-05,-1.6007330547229e-11,3.5858976992907e-10,7.490701243469,0.038585611827565,-1.7763568394003e-15,1
191.5,128,0,191.5,0.00066804647952817,1.4966824958311e-05,-1.6007330547229e-11,3.5858976992907e-10,7.4887719628777,0.038585611827565,-1.7763568394003e-15,1
191.55,128,0,191.55,0.0006680464192253,1.4966826308995e-05,-1.6007330547229e-11,3.5858976992907e-10,7.4868426822863,0.038585611827565,-1.7763568394003e-15,1
191.6,128,0,191.6,0.00066804635892242,1.4966827659679e-05,-1.6007330547229e-11,3.5858976992907e-10,7.4849134016949,0.038585611827565,-1.7763568394003e-15,1
191.65,128,0,191.65,0.00066804629861955,1.4966829010363e-05,-1.6007330547229e-11,3.5858976992907e-10,7.4829841211035,0.038585611827565,-1.7763568394003e-15,1
191.7,128,0,191.7,0.00066804623831668,1.4966830361047e-05,-1.6007330547229e-11,3.5858976992907e-10,7.4810548405121,0.038585611827565,-1.7763568394003e-15,1
191.75,128,0,191.75,0.00066804617801381,1.4966831711731e-05,-1.6007330547229e-11,3.5858976992907e-10,7.4791255599208,0.038585611827565,-1.7763568394003e-15,1
191.8,128,0,191.8,0.00066804611771093,1.4966833062415e-05,-1.6007330547229e-11,3.5858976992907e-10,7.4771962793294,0.038585611827565,-1.7763568394003e-15,1
191.85,128,0,191.85,0.00066804605740806,1.4966834413099e-05,-1.6007330547229e-11,3.5858976992907e-10,7.475266998738,0.038585611827565,-1.7763568394003e-15,1
191.9,128,0,191.9,0.00066804599710519,1.4966835763782e-05,-1.6007330547229e-11,3.5858976992907e-10,7.4733377181466,0.038585611827565,-1.7763568394003e-15,1
191.95,128,0,191.95,0.00066804593680231,1.4966837114466e-05,-1.6007330547229e-11,3.5858976992907e-10,7.4714084375553,0.038585611827565,-1.7763568394003e-15,1
192,128,0,192,0.00066804587649944,1.496683846515e-05,-1.6007330547229e-11,3.5858976992907e-10,7.4694791569639,0.038585611827565,-1.7763568394003e-15,1
192.05,128,0,192.05,0.00066804576062845,1.4966841060787e-05,1.730575242896e-11,-3.8767504672139e-10,7.4675498763725,0.03858561182754,-2.0872192862953e-14,1
192.1,128,0,192.1,0.00066804564475745,1.4966843656423e-05,1.730575242896e-11,-3.8767504672139e-10,7.4656205957811,0.03858561182754,-2.0872192862953e-14,1
192.15,128,0,192.15,0.00066804552888646,1.4966846252059e-05,1.730575242896e-11,-3.8767504672139e-10,7.4636913151898,0.03858561182754,-2.0872192862953e-14,1
192.2,128,0,192.2,0.00066804541301546,1.4966848847695e-05,1.730575242896e-11,-3.8767504672139e-10,7.4617620345984,0.03858561182754,-2.0872192862953e-14,1
192.25,128,0,192.25,0.00066804529714447,1.4966851443331e-05,1.730575242896e-11,-3.8767504672139e-10,7.459832754007,0.03858561182754,-2.0872192862953e-14,1
192.3,128,0,192.3,0.00066804518127347,1.4966854038967e-05,1.730575242896e-11,-3.8767504672139e-10,7.4579034734156,0.03858561182754,-2.0872192862953e-14,1
192.35,128,0,192.35,0.00066804506540248,1.4966856634604e-05,1.730575242896e-11,-3.8767504672139e-10,7.4559741928242,0.03858561182754,-2.0872192862953e-14,1
192.4,128,0,192.4,0.00066804494953148,1.496685923024e-05,1.730575242896e-11,-3.8767504672139e-10,7.4540449122329,0.03858561182754,-2.0872192862953e-14,1
192.45,128,0,192.45,0.00066804483366049,1.4966861825876e-05,1.730575242896e-11,-3.8767504672139e-10,7.4521156316415,0.03858561182754,-2.0872192862953e-14,1
192.5,128,0,192.5,0.00066804471778949,1.4966864421512e-05,1.730575242896e-11,-3.8767504672139e-10,7.4501863510501,0.03858561182754,-2.0872192862953e-14,1
192.55,128,0,192.55,0.0006680446019185,1.4966867017148e-05,1.730575242896e-11,-3.8767504672139e-10,7.4482570704587,0.03858561182754,-2.0872192862953e-14,1
192.6,128,0,192.6,0.0006680444860475,1.4966869612784e-05,1.730575242896e-11,-3.8767504672139e-10,7.4463277898674,0.03858561182754,-2.0872192862953e-14,1
192.65,128,0,192.65,0.00066804437017651,1.4966872208421e-05,1.730575242896e-11,-3.8767504672139e-10,7.444398509276,0.03858561182754,-2.0872192862953e-14,1
192.7,128,0,192.7,0.00066804425430551,1.4966874804057e-05,1.730575242896e-11,-3.8767504672139e-10,7.4424692286846,0.03858561182754,-2.0872192862953e-14,1
192.75,128,0,192.75,0.00066804413843452,1.4966877399693e-05,1.730575242896e-11,-3.8767504672139e-10,7.4405399480932,0.03858561182754,-2.0872192862953e-14,1
192.8,128,0,192.8,0.00066804402256353,1.4966879995329e-05,1.730575242896e-11,-3.8767504672139e-10,7.4386106675019,0.03858561182754,-2.0872192862953e-14,1
192.85,128,0,192.85,0.00066804390669253,1.4966882590965e-05,1.730575242896e-11,-3.8767504672139e-10,7.4366813869105,0.03858561182754,-2.0872192862953e-14,1
192.9,128,0,192.9,0.00066804379082154,1.4966885186601e-05,1.730575242896e-11,-3.8767504672139e-10,7.4347521063191,0.03858561182754,-2.0872192862953e-14,1
192.95,128,0,192.95,0.00066804367495054,1.4966887782238e-05,1.730575242896e-11,-3.8767504672139e-10,7.4328228257277,0.03858561182754,-2.0872192862953e-14,1
193,128,0,193,0.00066804355907955,1.4966890377874e-05,1.730575242896e-11,-3.8767504672139e-10,7.4308935451364,0.03858561182754,-2.0872192862953e-14,1
193.05,128,0,193.05,0.0006680437662142,1.4966885737944e-05,-1.7717106475272e-11,3.9688865229919e-10,7.428964264545,0.038585611827557,-1.0991207943789e-14,1
193.1,128,0,193.1,0.00066804397334885,1.4966881098015e-05,-1.7717106475272e-11,3.9688865229919e-10,7.4270349839536,0.038585611827557,-1.0991207943789e-14,1
193.15,128,0,193.15,0.0006680441804835,1.4966876458085e-05,-1.7717106475272e-11,3.9688865229919e-10,7.4251057033622,0.038585611827557,-1.0991207943789e-14,1
193.2,128,0,193.2,0.00066804438761814,1.4966871818156e-05,-1.7717106475272e-11,3.9688865229919e-10,7.4231764227708,0.038585611827557,-1.0991207943789e-14,1
193.25,128,0,193.25,0.00066804459475279,1.4966867178226e-05,-1.7717106475272e-11,3.9688865229919e-10,7.4212471421795,0.038585611827557,-1.0991207943789e-14,1
193.3,128,0,193.3,0.00066804480188744,1.4966862538297e-05,-1.7717106475272e-11,3.9688865229919e-10,7.4193178615881,0.038585611827557,-1.0991207943789e-14,1
193.35,128,0,193.35,0.00066804500902209,1.4966857898367e-05,-1.7717106475272e-11,3.9688865229919e-10,7.4173885809967,0.038585611827557,-1.0991207943789e-14,1
193.4,128,0,193.4,0.00066804521615674,1.4966853258438e-05,-1.7717106475272e-11,3.9688865229919e-10,7.4154593004053,0.038585611827557,-1.0991207943789e-14,1
193.45,128,0,193.45,0.00066804542329139,1.4966848618508e-05,-1.7717106475272e-11,3.9688865229919e-10,7.4135300198139,0.038585611827557,-1.0991207943789e-14,1
193.5,128,0,193.5,0.00066804563042604,1.4966843978579e-05,-1.7717106475272e-11,3.9688865229919e-10,7.4116007392226,0.038585611827557,-1.0991207943789e-14,1
193.55,128,0,193.55,0.00066804583756069,1.4966839338649e-05,-1.7717106475272e-11,3.9688865229919e-10,7.4096714586312,0.038585611827557,-1.0991207943789e-14,1
193.6,128,0,193.6,0.00066804604469534,1.496683469872e-05,-1.7717106475272e-11,3.9688865229919e-10,7.4077421780398,0.038585611827557,-1.0991207943789e-14,1
193.65,128,0,193.65,0.00066804625182999,1.496683005879e-05,-1.7717106475272e-11,3.9688865229919e-10,7.4058128974484,0.038585611827557,-1.0991207943789e-14,1
193.7,128,0,193.7,0.00066804645896464,1.4966825418861e-05,-1.7717106475272e-11,3.9688865229919e-10,7.403883616857,0.038585611827557,-1.0991207943789e-14,1
193.75,128,0,193.75,0.00066804666609929,1.4966820778931e-05,-1.7717106475272e-11,3.9688865229919e-10,7.4019543362657,0.038585611827557,-1.0991207943789e-14,1
193.8,128,0,193.8,0.00066804687323394,1.4966816139002e-05,-1.7717106475272e-11,3.9688865229919e-10,7.4000250556743,0.038585611827557,-1.0991207943789e-14,1
193.85,128,0,193.85,0.00066804708036859,1.4966811499072e-05,-1.7717106475272e-11,3.9688865229919e-10,7.3980957750829,0.038585611827557,-1.0991207943789e-14,1
193.9,128,0,193.9,0.00066804728750324,1.4966806859142e-05,-1.7717106475272e-11,3.9688865229919e-10,7.3961664944915,0.038585611827557,-1.0991207943789e-14,1
193.95,128,0,193.95,0.00066804749463789,1.4966802219213e-05,-1.7717106475272e-11,3.9688865229919e-10,7.3942372139002,0.038585611827557,-1.0991207943789e-14,1
194,128,0,194,0.00066804770177254,1.4966797579283e-05,-1.7717106475272e-11,3.9688865229919e-10,7.3923079333088,0.038585611827557,-1.0991207943789e-14,1
194.05,128,0,194.05,0.00066804767116135,1.4966798265094e-05,1.64337979218e-11,-3.6814250986458e-10,7.3903786527174,0.038585611827549,-3.219646771413e-15,1
194.1,128,0,194.1,0.00066804764055017,1.4966798950905e-05,1.64337979218e-11,-3.6814250986458e-10,7.388449372126,0.038585611827549,-3.219646771413e-15,1
194.15,128,0,194.15,0.00066804760993899,1.4966799636716e-05,1.64337979218e-11,-3.6814250986458e-10,7.3865200915346,0.038585611827549,-3.219646771413e-15,1
194.2,128,0,194.2,0.0006680475793278,1.4966800322527e-05,1.64337979218e-11,-3.6814250986458e-10,7.3845908109433,0.038585611827549,-3.219646771413e-15,1
194.25,128,0,194.25,0.00066804754871662,1.4966801008338e-05,1.64337979218e-11,-3.6814250986458e-10,7.3826615303519,0.038585611827549,-3.219646771413e-15,1
194.3,128,0,194.3,0.00066804751810543,1.4966801694148e-05,1.64337979218e-11,-3.6814250986458e-10,7.3807322497605,0.038585611827549,-3.219646771413e-15,1
194.35,128,0,194.35,0.00066804748749425,1.4966802379959e-05,1.64337979218e-11,-3.6814250986458e-10,7.3788029691691,0.038585611827549,-3.219646771413e-15,1
194.4,128,0,194.4,0.00066804745688307,1.496680306577e-05,1.64337979218e-11,-3.6814250986458e-10,7.3768736885778,0.038585611827549,-3.219646771413e-15,1
194.45,128,0,194.45,0.00066804742627188,1.4966803751581e-05,1.64337979218e-11,-3.6814250986458e-10,7.3749444079864,0.038585611827549,-3.219646771413e-15,1
194.5,128,0,194.5,0.0006680473956607,1.4966804437392e-05,1.64337979218e-11,-3.6814250986458e-10,7.373015127395,0.038585611827549,-3.219646771413e-15,1
194.55,128,0,194.55,0.00066804736504952,1.4966805123203e-05,1.64337979218e-11,-3.6814250986458e-10,7.3710858468036,0.038585611827549,-3.219646771413e-15,1
194.6,128,0,194.6,0.00066804733443833,1.4966805809013e-05,1.64337979218e-11,-3.6814250986458e-10,7.3691565662123,0.038585611827549,-3.219646771413e-15,1
194.65,128,0,194.65,0.00066804730382715,1.4966806494824e-05,1.64337979218e-11,-3.6814250986458e-10,7.3672272856209,0.038585611827549,-3.219646771413e-15,1
194.7,128,0,194.7,0.00066804727321596,1.4966807180635e-05,1.64337979218e-11,-3.6814250986458e-10,7.3652980050295,0.038585611827549,-3.219646771413e-15,1
194.75,128,0,194.75,0.00066804724260478,1.4966807866446e-05,1.64337979218e-11,-3.6814250986458e-10,7.3633687244381,0.038585611827549,-3.219646771413e-15,1
194.8,128,0,194.8,0.0006680472119936,1.4966808552257e-05,1.64337979218e-11,-3.6814250986458e-10,7.3614394438467,0.038585611827549,-3.219646771413e-15,1
194.85,128,0,194.85,0.00066804718138241,1.4966809238068e-05,1.64337979218e-11,-3.6814250986458e-10,7.3595101632554,0.038585611827549,-3.219646771413e-15,1
194.9,128,0,194.9,0.00066804715077123,1.4966809923878e-05,1.64337979218e-11,-3.6814250986458e-10,7.357580882664,0.038585611827549,-3.219646771413e-15,1
194.95,128,0,194.95,0.00066804712016005,1.4966810609689e-05,1.64337979218e-11,-3.6814250986458e-10,7.3556516020726,0.038585611827549,-3.219646771413e-15,1
195,128,0,195,0.00066804708954886,1.49668112955e-05,1.64337979218e-11,-3.6814250986458e-10,7.3537223214812,0.038585611827549,-3.219646771413e-15,1
195.05,128,0,195.05,0.00066804702315891,1.4966812782433e-05,-1.5948321569606e-11,3.5727040295182e-10,7.3517930408899,0.038585611827557,-1.2767564783189e-14,1
195.1,128,0,195.1,0.00066804695676895,1.4966814269365e-05,-1.5948321569606e-11,3.5727040295182e-10,7.3498637602985,0.038585611827557,-1.2767564783189e-14,1
195.15,128,0,195.15,0.000668046890379,1.4966815756298e-05,-1.5948321569606e-11,3.5727040295182e-10,7.3479344797071,0.038585611827557,-1.2767564783189e-14,1
195.2,128,0,195.2,0.00066804682398905,1.4966817243231e-05,-1.5948321569606e-11,3.5727040295182e-10,7.3460051991157,0.038585611827557,-1.2767564783189e-14,1
195.25,128,0,195.25,0.00066804675759909,1.4966818730164e-05,-1.5948321569606e-11,3.5727040295182e-10,7.3440759185244,0.038585611827557,-1.2767564783189e-14,1
195.3,128,0,195.3,0.00066804669120914,1.4966820217096e-05,-1.5948321569606e-11,3.5727040295182e-10,7.342146637933,0.038585611827557,-1.2767564783189e-14,1
195.35,128,0,195.35,0.00066804662481918,1.4966821704029e-05,-1.5948321569606e-11,3.5727040295182e-10,7.3402173573416,0.038585611827557,-1.2767564783189e-14,1
195.4,128,0,195.4,0.00066804655842923,1.4966823190962e-05,-1.5948321569606e-11,3.5727040295182e-10,7.3382880767502,0.038585611827557,-1.2767564783189e-14,1
195.45,128,0,195.45,0.00066804649203927,1.4966824677894e-05,-1.5948321569606e-11,3.5727040295182e-10,7.3363587961588,0.038585611827557,-1.2767564783189e-14,1
195.5,128,0,195.5,0.00066804642564932,1.4966826164827e-05,-1.5948321569606e-11,3.5727040295182e-10,7.3344295155675,0.038585611827557,-1.2767564783189e-14,1
195.55,128,0,195.55,0.00066804635925937,1.496682765176e-05,-1.5948321569606e-11,3.5727040295182e-10,7.3325002349761,0.038585611827557,-1.2767564783189e-14,1
195.6,128,0,195.6,0.00066804629286941,1.4966829138693e-05,-1.5948321569606e-11,3.5727040295182e-10,7.3305709543847,0.038585611827557,-1.2767564783189e-14,1
195.65,128,0,195.65,0.00066804622647946,1.4966830625625e-05,-1.5948321569606e-11,3.5727040295182e-10,7.3286416737933,0.038585611827557,-1.2767564783189e-14,1
195.7,128,0,195.7,0.0006680461600895,1.4966832112558e-05,-1.5948321569606e-11,3.5727040295182e-10,7.3267123932019,0.038585611827557,-1.2767564783189e-14,1
195.75,128,0,195.75,0.00066804609369955,1.4966833599491e-05,-1.5948321569606e-11,3.5727040295182e-10,7.3247831126106,0.038585611827557,-1.2767564783189e-14,1
195.8,128,0,195.8,0.0006680460273096,1.4966835086424e-05,-1.5948321569606e-11,3.5727040295182e-10,7.3228538320192,0.038585611827557,-1.2767564783189e-14,1
195.85,128,0,195.85,0.00066804596091964,1.4966836573356e-05,-1.5948321569606e-11,3.5727040295182e-10,7.3209245514278,0.038585611827557,-1.2767564783189e-14,1
195.9,128,0,195.9,0.00066804589452969,1.4966838060289e-05,-1.5948321569606e-11,3.5727040295182e-10,7.3189952708364,0.038585611827557,-1.2767564783189e-14,1
195.95,128,0,195.95,0.00066804582813973,1.4966839547222e-05,-1.5948321569606e-11,3.5727040295182e-10,7.3170659902451,0.038585611827557,-1.2767564783189e-14,1
196,128,0,196,0.00066804576174978,1.4966841034154e-05,-1.5948321569606e-11,3.5727040295182e-10,7.3151367096537,0.038585611827557,-1.2767564783189e-14,1
196.05,128,0,196.05,0.00066804566811698,1.4966843131638e-05,1.6708814951254e-11,-3.7430498140646e-10,7.3132074290623,0.038585611827579,-2.3314683517128e-15,1
196.1,128,0,196.1,0.00066804557448419,1.4966845229121e-05,1.6708814951254e-11,-3.7430498140646e-10,7.3112781484709,0.038585611827579,-2.3314683517128e-15,1
196.15,128,0,196.15,0.00066804548085139,1.4966847326604e-05,1.6708814951254e-11,-3.7430498140646e-10,7.3093488678795,0.038585611827579,-2.3314683517128e-15,1
196.2,128,0,196.2,0.00066804538721859,1.4966849424088e-05,1.6708814951254e-11,-3.7430498140646e-10,7.3074195872882,0.038585611827579,-2.3314683517128e-15,1
196.25,128,0,196.25,0.0006680452935858,1.4966851521571e-05,1.6708814951254e-11,-3.7430498140646e-10,7.3054903066968,0.038585611827579,-2.3314683517128e-15,1
196.3,128,0,196.3,0.000668045199953,1.4966853619055e-05,1.6708814951254e-11,-3.7430498140646e-10,7.3035610261054,0.038585611827579,-2.3314683517128e-15,1
196.35,128,0,196.35,0.0006680451063202,1.4966855716538e-05,1.6708814951254e-11,-3.7430498140646e-10,7.301631745514,0.038585611827579,-2.3314683517128e-15,1
196.4,128,0,196.4,0.00066804501268741,1.4966857814021e-05,1.6708814951254e-11,-3.7430498140646e-10,7.2997024649226,0.038585611827579,-2.3314683517128e-15,1
196.45,128,0,196.45,0.00066804491905461,1.4966859911505e-05,1.6708814951254e-11,-3.7430498140646e-10,7.2977731843313,0.038585611827579,-2.3314683517128e-15,1
196.5,128,0,196.5,0.00066804482542181,1.4966862008988e-05,1.6708814951254e-11,-3.7430498140646e-10,7.2958439037399,0.038585611827579,-2.3314683517128e-15,1
196.55,128,0,196.55,0.00066804473178902,1.4966864106471e-05,1.6708814951254e-11,-3.7430498140646e-10,7.2939146231485,0.038585611827579,-2.3314683517128e-15,1
196.6,128,0,196.6,0.00066804463815622,1.4966866203955e-05,1.6708814951254e-11,-3.7430498140646e-10,7.2919853425571,0.038585611827579,-2.3314683517128e-15,1
196.65,128,0,196.65,0.00066804454452342,1.4966868301438e-05,1.6708814951254e-11,-3.7430498140646e-10,7.2900560619657,0.038585611827579,-2.3314683517128e-15,1
196.7,128,0,196.7,0.00066804445089063,1.4966870398921e-05,1.6708814951254e-11,-3.7430498140646e-10,7.2881267813744,0.038585611827579,-2.3314683517128e-15,1
196.75,128,0,196.75,0.00066804435725783,1.4966872496405e-05,1.6708814951254e-11,-3.7430498140646e-10,7.286197500783,0.038585611827579,-2.3314683517128e-15,1
196.8,128,0,196.8,0.00066804426362503,1.4966874593888e-05,1.6708814951254e-11,-3.7430498140646e-10,7.2842682201916,0.038585611827579,-2.3314683517128e-15,1
196.85,128,0,196.85,0.00066804416999224,1.4966876691371e-05,1.6708814951254e-11,-3.7430498140646e-10,7.2823389396002,0.038585611827579,-2.3314683517128e-15,1
196.9,128,0,196.9,0.00066804407635944,1.4966878788855e-05,1.6708814951254e-11,-3.7430498140646e-10,7.2804096590089,0.038585611827579,-2.3314683517128e-15,1
196.95,128,0,196.95,0.00066804398272664,1.4966880886338e-05,1.6708814951254e-11,-3.7430498140646e-10,7.2784803784175,0.038585611827579,-2.3314683517128e-15,1
197,128,0,197,0.00066804388909385,1.4966882983822e-05,1.6708814951254e-11,-3.7430498140646e-10,7.2765510978261,0.038585611827579,-2.3314683517128e-15,1
197.05,128,0,197.05,0.00066804408457741,1.496687860519e-05,-1.6123025410586e-11,3.6117401771464e-10,7.2746218172347,0.038585611827562,-5.6621374255883e-15,1
197.1,128,0,197.1,0.00066804428006097,1.4966874226559e-05,-1.6123025410586e-11,3.6117401771464e-10,7.2726925366433,0.038585611827562,-5.6621374255883e-15,1
197.15,128,0,197.15,0.00066804447554454,1.4966869847928e-05,-1.6123025410586e-11,3.6117401771464e-10,7.270763256052,0.038585611827562,-5.6621374255883e-15,1
197.2,128,0,197.2,0.0006680446710281,1.4966865469297e-05,-1.6123025410586e-11,3.6117401771464e-10,7.2688339754606,0.038585611827562,-5.6621374255883e-15,1
197.25,128,0,197.25,0.00066804486651166,1.4966861090665e-05,-1.6123025410586e-11,3.6117401771464e-10,7.2669046948692,0.038585611827562,-5.6621374255883e-15,1
197.3,128,0,197.3,0.00066804506199522,1.4966856712034e-05,-1.6123025410586e-11,3.6117401771464e-10,7.2649754142778,0.038585611827562,-5.6621374255883e-15,1
197.35,128,0,197.35,0.00066804525747879,1.4966852333403e-05,-1.6123025410586e-11,3.6117401771464e-10,7.2630461336864,0.038585611827562,-5.6621374255883e-15,1
197.4,128,0,197.4,0.00066804545296235,1.4966847954772e-05,-1.6123025410586e-11,3.6117401771464e-10,7.2611168530951,0.038585611827562,-5.6621374255883e-15,1
197.45,128,0,197.45,0.00066804564844591,1.496684357614e-05,-1.6123025410586e-11,3.6117401771464e-10,7.2591875725037,0.038585611827562,-5.6621374255883e-15,1
197.5,128,0,197.5,0.00066804584392948,1.4966839197509e-05,-1.6123025410586e-11,3.6117401771464e-10,7.2572582919123,0.038585611827562,-5.6621374255883e-15,1
197.55,128,0,197.55,0.00066804603941304,1.4966834818878e-05,-1.6123025410586e-11,3.6117401771464e-10,7.2553290113209,0.038585611827562,-5.6621374255883e-15,1
197.6,128,0,197.6,0.0006680462348966,1.4966830440247e-05,-1.6123025410586e-11,3.6117401771464e-10,7.2533997307296,0.038585611827562,-5.6621374255883e-15,1
197.65,128,0,197.65,0.00066804643038016,1.4966826061615e-05,-1.6123025410586e-11,3.6117401771464e-10,7.2514704501382,0.038585611827562,-5.6621374255883e-15,1
197.7,128,0,197.7,0.00066804662586373,1.4966821682984e-05,-1.6123025410586e-11,3.6117401771464e-10,7.2495411695468,0.038585611827562,-5.6621374255883e-15,1
197.75,128,0,197.75,0.00066804682134729,1.4966817304353e-05,-1.6123025410586e-11,3.6117401771464e-10,7.2476118889554,0.038585611827562,-5.6621374255883e-15,1
197.8,128,0,197.8,0.00066804701683085,1.4966812925722e-05,-1.6123025410586e-11,3.6117401771464e-10,7.2456826083641,0.038585611827562,-5.6621374255883e-15,1
197.85,128,0,197.85,0.00066804721231441,1.496680854709e-05,-1.6123025410586e-11,3.6117401771464e-10,7.2437533277727,0.038585611827562,-5.6621374255883e-15,1
197.9,128,0,197.9,0.00066804740779798,1.4966804168459e-05,-1.6123025410586e-11,3.6117401771464e-10,7.2418240471813,0.038585611827562,-5.6621374255883e-15,1
197.95,128,0,197.95,0.00066804760328154,1.4966799789828e-05,-1.6123025410586e-11,3.6117401771464e-10,7.2398947665899,0.038585611827562,-5.6621374255883e-15,1
198,128,0,198,0.0006680477987651,1.4966795411197e-05,-1.6123025410586e-11,3.6117401771464e-10,7.2379654859985,0.038585611827562,-5.6621374255883e-15,1
198.05,128,0,198.05,0.00066804771336635,1.4966797324254e-05,1.5320952019863e-11,-3.4320442123948e-10,7.2360362054072,0.038585611827573,-1.7874590696465e-14,1
198.1,128,0,198.1,0.00066804762796759,1.4966799237311e-05,1.5320952019863e-11,-3.4320442123948e-10,7.2341069248158,0.038585611827573,-1.7874590696465e-14,1
198.15,128,0,198.15,0.00066804754256884,1.4966801150368e-05,1.5320952019863e-11,-3.4320442123948e-10,7.2321776442244,0.038585611827573,-1.7874590696465e-14,1
198.2,128,0,198.2,0.00066804745717009,1.4966803063425e-05,1.5320952019863e-11,-3.4320442123948e-10,7.230248363633,0.038585611827573,-1.7874590696465e-14,1
198.25,128,0,198.25,0.00066804737177133,1.4966804976482e-05,1.5320952019863e-11,-3.4320442123948e-10,7.2283190830416,0.038585611827573,-1.7874590696465e-14,1
198.3,128,0,198.3,0.00066804728637258,1.496680688954e-05,1.5320952019863e-11,-3.4320442123948e-10,7.2263898024503,0.038585611827573,-1.7874590696465e-14,1
198.35,128,0,198.35,0.00066804720097382,1.4966808802597e-05,1.5320952019863e-11,-3.4320442123948e-10,7.2244605218589,0.038585611827573,-1.7874590696465e-14,1
198.4,128,0,198.4,0.00066804711557507,1.4966810715654e-05,1.5320952019863e-11,-3.4320442123948e-10,7.2225312412675,0.038585611827573,-1.7874590696465e-14,1
198.45,128,0,198.45,0.00066804703017632,1.4966812628711e-05,1.5320952019863e-11,-3.4320442123948e-10,7.2206019606761,0.038585611827573,-1.7874590696465e-14,1
198.5,128,0,198.5,0.00066804694477756,1.4966814541768e-05,1.5320952019863e-11,-3.4320442123948e-10,7.2186726800848,0.038585611827573,-1.7874590696465e-14,1
198.55,128,0,198.55,0.00066804685937881,1.4966816454825e-05,1.5320952019863e-11,-3.4320442123948e-10,7.2167433994934,0.038585611827573,-1.7874590696465e-14,1
198.6,128,0,198.6,0.00066804677398005,1.4966818367882e-05,1.5320952019863e-11,-3.4320442123948e-10,7.214814118902,0.038585611827573,-1.7874590696465e-14,1
198.65,128,0,198.65,0.0006680466885813,1.496682028094e-05,1.5320952019863e-11,-3.4320442123948e-10,7.2128848383106,0.038585611827573,-1.7874590696465e-14,1
198.7,128,0,198.7,0.00066804660318255,1.4966822193997e-05,1.5320952019863e-11,-3.4320442123948e-10,7.2109555577192,0.038585611827573,-1.7874590696465e-14,1
198.75,128,0,198.75,0.00066804651778379,1.4966824107054e-05,1.5320952019863e-11,-3.4320442123948e-10,7.2090262771279,0.038585611827573,-1.7874590696465e-14,1
198.8,128,0,198.8,0.00066804643238504,1.4966826020111e-05,1.5320952019863e-11,-3.4320442123948e-10,7.2070969965365,0.038585611827573,-1.7874590696465e-14,1
198.85,128,0,198.85,0.00066804634698628,1.4966827933168e-05,1.5320952019863e-11,-3.4320442123948e-10,7.2051677159451,0.038585611827573,-1.7874590696465e-14,1
198.9,128,0,198.9,0.00066804626158753,1.4966829846225e-05,1.5320952019863e-11,-3.4320442123948e-10,7.2032384353537,0.038585611827573,-1.7874590696465e-14,1
198.95,128,0,198.95,0.00066804617618878,1.4966831759282e-05,1.5320952019863e-11,-3.4320442123948e-10,7.2013091547623,0.038585611827573,-1.7874590696465e-14,1
199,128,0,199,0.00066804609079002,1.496683367234e-05,1.5320952019863e-11,-3.4320442123948e-10,7.199379874171,0.038585611827573,-1.7874590696465e-14,1
199.05,128,0,199.05,0.00066804601854082,1.4966835290957e-05,-1.3383006048631e-11,2.9979632092228e-10,7.1974505935796,0.038585611827559,-1.1213252548714e-14,1
199.1,128,0,199.1,0.00066804594629162,1.4966836909575e-05,-1.3383006048631e-11,2.9979632092228e-10,7.1955213129882,0.038585611827559,-1.1213252548714e-14,1
199.15,128,0,199.15,0.00066804587404242,1.4966838528192e-05,-1.3383006048631e-11,2.9979632092228e-10,7.1935920323968,0.038585611827559,-1.1213252548714e-14,1
199.2,128,0,199.2,0.00066804580179322,1.496684014681e-05,-1.3383006048631e-11,2.9979632092228e-10,7.1916627518055,0.038585611827559,-1.1213252548714e-14,1
199.25,128,0,199.25,0.00066804572954401,1.4966841765428e-05,-1.3383006048631e-11,2.9979632092228e-10,7.1897334712141,0.038585611827559,-1.1213252548714e-14,1
199.3,128,0,199.3,0.00066804565729481,1.4966843384045e-05,-1.3383006048631e-11,2.9979632092228e-10,7.1878041906227,0.038585611827559,-1.1213252548714e-14,1
199.35,128,0,199.35,0.00066804558504561,1.4966845002663e-05,-1.3383006048631e-11,2.9979632092228e-10,7.1858749100313,0.038585611827559,-1.1213252548714e-14,1
199.4,128,0,199.4,0.00066804551279641,1.4966846621281e-05,-1.3383006048631e-11,2.9979632092228e-10,7.1839456294399,0.038585611827559,-1.1213252548714e-14,1
199.45,128,0,199.45,0.00066804544054721,1.4966848239898e-05,-1.3383006048631e-11,2.9979632092228e-10,7.1820163488486,0.038585611827559,-1.1213252548714e-14,1
199.5,128,0,199.5,0.00066804536829801,1.4966849858516e-05,-1.3383006048631e-11,2.9979632092228e-10,7.1800870682572,0.038585611827559,-1.1213252548714e-14,1
199.55,128,0,199.55,0.00066804529604881,1.4966851477133e-05,-1.3383006048631e-11,2.9979632092228e-10,7.1781577876658,0.038585611827559,-1.1213252548714e-14,1
199.6,128,0,199.6,0.00066804522379961,1.4966853095751e-05,-1.3383006048631e-11,2.9979632092228e-10,7.1762285070744,0.038585611827559,-1.1213252548714e-14,1
199.65,128,0,199.65,0.0006680451515504,1.4966854714369e-05,-1.3383006048631e-11,2.9979632092228e-10,7.1742992264831,0.038585611827559,-1.1213252548714e-14,1
199.7,128,0,199.7,0.0006680450793012,1.4966856332986e-05,-1.3383006048631e-11,2.9979632092228e-10,7.1723699458917,0.038585611827559,-1.1213252548714e-14,1
199.75,128,0,199.75,0.000668045007052,1.4966857951604e-05,-1.3383006048631e-11,2.9979632092228e-10,7.1704406653003,0.038585611827559,-1.1213252548714e-14,1
199.8,128,0,199.8,0.0006680449348028,1.4966859570221e-05,-1.3383006048631e-11,2.9979632092228e-10,7.1685113847089,0.038585611827559,-1.1213252548714e-14,1
199.85,128,0,199.85,0.0006680448625536,1.4966861188839e-05,-1.3383006048631e-11,2.9979632092228e-10,7.1665821041175,0.038585611827559,-1.1213252548714e-14,1
199.9,128,0,199.9,0.0006680447903044,1.4966862807457e-05,-1.3383006048631e-11,2.9979632092228e-10,7.1646528235262,0.038585611827559,-1.1213252548714e-14,1
199.95,128,0,199.95,0.0006680447180552,1.4966864426074e-05,-1.3383006048631e-11,2.9979632092228e-10,7.1627235429348,0.038585611827559,-1.1213252548714e-14,1
200,128,0,200,0.000668044645806,1.4966866044692e-05,-1.3383006048631e-11,2.9979632092228e-10,7.1607942623434,0.038585611827559,-1.1213252548714e-14,1
200.05,128,0,200.05,0.00066804437875679,1.4966872026757e-05,9.3429094139778e-12,-2.0927800996534e-10,7.158864981752,0.038585611827582,-9.6589403142389e-15,1
200.1,128,0,200.1,0.00066804411170758,1.4966878008822e-05,9.3429094139778e-12,-2.0927800996534e-10,7.1569357011606,0.038585611827582,-9.6589403142389e-15,1
200.15,128,0,200.15,0.00066804384465837,1.4966883990887e-05,9.3429094139778e-12,-2.0927800996534e-10,7.1550064205693,0.038585611827582,-9.6589403142389e-15,1
200.2,128,0,200.2,0.00066804357760917,1.4966889972952e-05,9.3429094139778e-12,-2.0927800996534e-10,7.1530771399779,0.038585611827582,-9.6589403142389e-15,1
200.25,128,0,200.25,0.00066804331055996,1.4966895955017e-05,9.3429094139778e-12,-2.0927800996534e-10,7.1511478593865,0.038585611827582,-9.6589403142389e-15,1
200.3,128,0,200.3,0.00066804304351075,1.4966901937082e-05,9.3429094139778e-12,-2.0927800996534e-10,7.1492185787951,0.038585611827582,-9.6589403142389e-15,1
200.35,128,0,200.35,0.00066804277646154,1.4966907919147e-05,9.3429094139778e-12,-2.0927800996534e-10,7.1472892982038,0.038585611827582,-9.6589403142389e-15,1
200.4,128,0,200.4,0.00066804250941234,1.4966913901212e-05,9.3429094139778e-12,-2.0927800996534e-10,7.1453600176124,0.038585611827582,-9.6589403142389e-15,1
200.45,128,0,200.45,0.00066804224236313,1.4966919883277e-05,9.3429094139778e-12,-2.0927800996534e-10,7.143430737021,0.038585611827582,-9.6589403142389e-15,1
200.5,128,0,200.5,0.00066804197531392,1.4966925865342e-05,9.3429094139778e-12,-2.0927800996534e-10,7.1415014564296,0.038585611827582,-9.6589403142389e-15,1
200.55,128,0,200.55,0.00066804170826471,1.4966931847407e-05,9.3429094139778e-12,-2.0927800996534e-10,7.1395721758382,0.038585611827582,-9.6589403142389e-15,1
200.6,128,0,200.6,0.00066804144121551,1.4966937829472e-05,9.3429094139778e-12,-2.0927800996534e-10,7.1376428952469,0.038585611827582,-9.6589403142389e-15,1
200.65,128,0,200.65,0.0006680411741663,1.4966943811537e-05,9.3429094139778e-12,-2.0927800996534e-10,7.1357136146555,0.038585611827582,-9.6589403142389e-15,1
200.7,128,0,200.7,0.00066804090711709,1.4966949793602e-05,9.3429094139778e-12,-2.0927800996534e-10,7.1337843340641,0.038585611827582,-9.6589403142389e-15,1
200.75,128,0,200.75,0.00066804064006789,1.4966955775667e-05,9.3429094139778e-12,-2.0927800996534e-10,7.1318550534727,0.038585611827582,-9.6589403142389e-15,1
200.8,128,0,200.8,0.00066804037301868,1.4966961757732e-05,9.3429094139778e-12,-2.0927800996534e-10,7.1299257728813,0.038585611827582,-9.6589403142389e-15,1
200.85,128,0,200.85,0.00066804010596947,1.4966967739797e-05,9.3429094139778e-12,-2.0927800996534e-10,7.12799649229,0.038585611827582,-9.6589403142389e-15,1
200.9,128,0,200.9,0.00066803983892026,1.4966973721862e-05,9.3429094139778e-12,-2.0927800996534e-10,7.1260672116986,0.038585611827582,-9.6589403142389e-15,1
200.95,128,0,200.95,0.00066803957187106,1.4966979703927e-05,9.3429094139778e-12,-2.0927800996534e-10,7.1241379311072,0.038585611827582,-9.6589403142389e-15,1
201,128,0,201,0.00066803930482185,1.4966985685992e-05,9.3429094139778e-12,-2.0927800996534e-10,7.1222086505158,0.038585611827582,-9.6589403142389e-15,1
201.05,128,0,201.05,0.00066803782094341,1.4967018926236e-05,-1.54382017452e-11,3.4580743317652e-10,7.1202793699245,0.038585611827548,-1.5210055437365e-14,1
201.1,128,0,201.1,0.00066803633706496,1.496705216648e-05,-1.54382017452e-11,3.4580743317652e-10,7.1183500893331,0.038585611827548,-1.5210055437365e-14,1
201.15,128,0,201.15,0.00066803485318652,1.4967085406724e-05,-1.54382017452e-11,3.4580743317652e-10,7.1164208087417,0.038585611827548,-1.5210055437365e-14,1
201.2,128,0,201.2,0.00066803336930808,1.4967118646968e-05,-1.54382017452e-11,3.4580743317652e-10,7.1144915281503,0.038585611827548,-1.5210055437365e-14,1
201.25,128,0,201.25,0.00066803188542964,1.4967151887212e-05,-1.54382017452e-11,3.4580743317652e-10,7.1125622475589,0.038585611827548,-1.5210055437365e-14,1
201.3,128,0,201.3,0.0006680304015512,1.4967185127456e-05,-1.54382017452e-11,3.4580743317652e-10,7.1106329669676,0.038585611827548,-1.5210055437365e-14,1
201.35,128,0,201.35,0.00066802891767275,1.49672183677e-05,-1.54382017452e-11,3.4580743317652e-10,7.1087036863762,0.038585611827548,-1.5210055437365e-14,1
201.4,128,0,201.4,0.00066802743379431,1.4967251607943e-05,-1.54382017452e-11,3.4580743317652e-10,7.1067744057848,0.038585611827548,-1.5210055437365e-14,1
201.45,128,0,201.45,0.00066802594991587,1.4967284848187e-05,-1.54382017452e-11,3.4580743317652e-10,7.1048451251934,0.038585611827548,-1.5210055437365e-14,1
201.5,128,0,201.5,0.00066802446603743,1.4967318088431e-05,-1.54382017452e-11,3.4580743317652e-10,7.1029158446021,0.038585611827548,-1.5210055437365e-14,1
201.55,128,0,201.55,0.00066802298215899,1.4967351328675e-05,-1.54382017452e-11,3.4580743317652e-10,7.1009865640107,0.038585611827548,-1.5210055437365e-14,1
201.6,128,0,201.6,0.00066802149828054,1.4967384568919e-05,-1.54382017452e-11,3.4580743317652e-10,7.0990572834193,0.038585611827548,-1.5210055437365e-14,1
201.65,128,0,201.65,0.0006680200144021,1.4967417809163e-05,-1.54382017452e-11,3.4580743317652e-10,7.0971280028279,0.038585611827548,-1.5210055437365e-14,1
201.7,128,0,201.7,0.00066801853052366,1.4967451049407e-05,-1.54382017452e-11,3.4580743317652e-10,7.0951987222365,0.038585611827548,-1.5210055437365e-14,1
201.75,128,0,201.75,0.00066801704664522,1.4967484289651e-05,-1.54382017452e-11,3.4580743317652e-10,7.0932694416452,0.038585611827548,-1.5210055437365e-14,1
201.8,128,0,201.8,0.00066801556276678,1.4967517529895e-05,-1.54382017452e-11,3.4580743317652e-10,7.0913401610538,0.038585611827548,-1.5210055437365e-14,1
201.85,128,0,201.85,0.00066801407888833,1.4967550770139e-05,-1.54382017452e-11,3.4580743317652e-10,7.0894108804624,0.038585611827548,-1.5210055437365e-14,1
201.9,128,0,201.9,0.00066801259500989,1.4967584010383e-05,-1.54382017452e-11,3.4580743317652e-10,7.087481599871,0.038585611827548,-1.5210055437365e-14,1
201.95,128,0,201.95,0.00066801111113145,1.4967617250627e-05,-1.54382017452e-11,3.4580743317652e-10,7.0855523192797,0.038585611827548,-1.5210055437365e-14,1
202,128,0,202,0.00066800962725301,1.496765049087e-05,-1.54382017452e-11,3.4580743317652e-10,7.0836230386883,0.038585611827548,-1.5210055437365e-14,1
202.05,128,0,202.05,0.00066801204353229,1.4967596364107e-05,1.4002425772436e-11,-3.136433026784e-10,7.0816937580969,0.038585611827572,2.4424906541753e-15,1
202.1,128,0,202.1,0.00066801445981158,1.4967542237343e-05,1.4002425772436e-11,-3.136433026784e-10,7.0797644775055,0.038585611827572,2.4424906541753e-15,1
202.15,128,0,202.15,0.00066801687609086,1.4967488110579e-05,1.4002425772436e-11,-3.136433026784e-10,7.0778351969141,0.038585611827572,2.4424906541753e-15,1
202.2,128,0,202.2,0.00066801929237015,1.4967433983816e-05,1.4002425772436e-11,-3.136433026784e-10,7.0759059163228,0.038585611827572,2.4424906541753e-15,1
202.25,128,0,202.25,0.00066802170864943,1.4967379857052e-05,1.4002425772436e-11,-3.136433026784e-10,7.0739766357314,0.038585611827572,2.4424906541753e-15,1
202.3,128,0,202.3,0.00066802412492871,1.4967325730288e-05,1.4002425772436e-11,-3.136433026784e-10,7.07204735514,0.038585611827572,2.4424906541753e-15,1
202.35,128,0,202.35,0.000668026541208,1.4967271603525e-05,1.4002425772436e-11,-3.136433026784e-10,7.0701180745486,0.038585611827572,2.4424906541753e-15,1
202.4,128,0,202.4,0.00066802895748728,1.4967217476761e-05,1.4002425772436e-11,-3.136433026784e-10,7.0681887939572,0.038585611827572,2.4424906541753e-15,1
202.45,128,0,202.45,0.00066803137376657,1.4967163349997e-05,1.4002425772436e-11,-3.136433026784e-10,7.0662595133659,0.038585611827572,2.4424906541753e-15,1
202.5,128,0,202.5,0.00066803379004585,1.4967109223234e-05,1.4002425772436e-11,-3.136433026784e-10,7.0643302327745,0.038585611827572,2.4424906541753e-15,1
202.55,128,0,202.55,0.00066803620632514,1.496705509647e-05,1.4002425772436e-11,-3.136433026784e-10,7.0624009521831,0.038585611827572,2.4424906541753e-15,1
202.6,128,0,202.6,0.00066803862260442,1.4967000969706e-05,1.4002425772436e-11,-3.136433026784e-10,7.0604716715917,0.038585611827572,2.4424906541753e-15,1
202.65,128,0,202.65,0.00066804103888371,1.4966946842943e-05,1.4002425772436e-11,-3.136433026784e-10,7.0585423910003,0.038585611827572,2.4424906541753e-15,1
202.7,128,0,202.7,0.00066804345516299,1.4966892716179e-05,1.4002425772436e-11,-3.136433026784e-10,7.056613110409,0.038585611827572,2.4424906541753e-15,1
202.75,128,0,202.75,0.00066804587144228,1.4966838589415e-05,1.4002425772436e-11,-3.136433026784e-10,7.0546838298176,0.038585611827572,2.4424906541753e-15,1
202.8,128,0,202.8,0.00066804828772156,1.4966784462651e-05,1.4002425772436e-11,-3.136433026784e-10,7.0527545492262,0.038585611827572,2.4424906541753e-15,1
202.85,128,0,202.85,0.00066805070400084,1.4966730335888e-05,1.4002425772436e-11,-3.136433026784e-10,7.0508252686348,0.038585611827572,2.4424906541753e-15,1
202.9,128,0,202.9,0.00066805312028013,1.4966676209124e-05,1.4002425772436e-11,-3.136433026784e-10,7.0488959880434,0.038585611827572,2.4424906541753e-15,1
202.95,128,0,202.95,0.00066805553655941,1.496662208236e-05,1.4002425772436e-11,-3.136433026784e-10,7.0469667074521,0.038585611827572,2.4424906541753e-15,1
203,128,0,203,0.0006680579528387,1.4966567955597e-05,1.4002425772436e-11,-3.136433026784e-10,7.0450374268607,0.038585611827572,2.4424906541753e-15,1
203.05,128,0,203.05,0.00066805600639727,1.4966611557921e-05,-4.4176480768708e-12,9.8948400443511e-11,7.0431081462693,0.038585611827531,-4.9960036108132e-15,1
203.1,128,0,203.1,0.00066805405995584,1.4966655160245e-05,-4.4176480768708e-12,9.8948400443511e-11,7.0411788656779,0.038585611827531,-4.9960036108132e-15,1
203.15,128,0,203.15,0.00066805211351442,1.4966698762569e-05,-4.4176480768708e-12,9.8948400443511e-11,7.0392495850866,0.038585611827531,-4.9960036108132e-15,1
203.2,128,0,203.2,0.00066805016707299,1.4966742364893e-05,-4.4176480768708e-12,9.8948400443511e-11,7.0373203044952,0.038585611827531,-4.9960036108132e-15,1
203.25,128,0,203.25,0.00066804822063156,1.4966785967217e-05,-4.4176480768708e-12,9.8948400443511e-11,7.0353910239038,0.038585611827531,-4.9960036108132e-15,1
203.3,128,0,203.3,0.00066804627419014,1.4966829569541e-05,-4.4176480768708e-12,9.8948400443511e-11,7.0334617433124,0.038585611827531,-4.9960036108132e-15,1
203.35,128,0,203.35,0.00066804432774871,1.4966873171865e-05,-4.4176480768708e-12,9.8948400443511e-11,7.0315324627211,0.038585611827531,-4.9960036108132e-15,1
203.4,128,0,203.4,0.00066804238130728,1.4966916774189e-05,-4.4176480768708e-12,9.8948400443511e-11,7.0296031821297,0.038585611827531,-4.9960036108132e-15,1
203.45,128,0,203.45,0.00066804043486586,1.4966960376513e-05,-4.4176480768708e-12,9.8948400443511e-11,7.0276739015383,0.038585611827531,-4.9960036108132e-15,1
203.5,128,0,203.5,0.00066803848842443,1.4967003978837e-05,-4.4176480768708e-12,9.8948400443511e-11,7.0257446209469,0.038585611827531,-4.9960036108132e-15,1
203.55,128,0,203.55,0.000668036541983,1.4967047581161e-05,-4.4176480768708e-12,9.8948400443511e-11,7.0238153403556,0.038585611827531,-4.9960036108132e-15,1
203.6,128,0,203.6,0.00066803459554158,1.4967091183485e-05,-4.4176480768708e-12,9.8948400443511e-11,7.0218860597642,0.038585611827531,-4.9960036108132e-15,1
203.65,128,0,203.65,0.00066803264910015,1.4967134785809e-05,-4.4176480768708e-12,9.8948400443511e-11,7.0199567791728,0.038585611827531,-4.9960036108132e-15,1
203.7,128,0,203.7,0.00066803070265872,1.4967178388133e-05,-4.4176480768708e-12,9.8948400443511e-11,7.0180274985814,0.038585611827531,-4.9960036108132e-15,1
203.75,128,0,203.75,0.0006680287562173,1.4967221990457e-05,-4.4176480768708e-12,9.8948400443511e-11,7.0160982179901,0.038585611827531,-4.9960036108132e-15,1
203.8,128,0,203.8,0.00066802680977587,1.4967265592781e-05,-4.4176480768708e-12,9.8948400443511e-11,7.0141689373987,0.038585611827531,-4.9960036108132e-15,1
203.85,128,0,203.85,0.00066802486333444,1.4967309195105e-05,-4.4176480768708e-12,9.8948400443511e-11,7.0122396568073,0.038585611827531,-4.9960036108132e-15,1
203.9,128,0,203.9,0.00066802291689302,1.4967352797429e-05,-4.4176480768708e-12,9.8948400443511e-11,7.0103103762159,0.038585611827531,-4.9960036108132e-15,1
203.95,128,0,203.95,0.00066802097045159,1.4967396399753e-05,-4.4176480768708e-12,9.8948400443511e-11,7.0083810956246,0.038585611827531,-4.9960036108132e-15,1
204,128,0,204,0.00066801902401016,1.4967440002077e-05,-4.4176480768708e-12,9.8948400443511e-11,7.0064518150332,0.038585611827531,-4.9960036108132e-15,1
204.05,128,0,204.05,0.0006680201151297,1.4967415559297e-05,-4.0854850665576e-12,9.1527374392245e-11,7.0045225344418,0.038585611827573,-1.3988810110277e-14,1
204.1,128,0,204.1,0.00066802120624924,1.4967391116516e-05,-4.0854850665576e-12,9.1527374392245e-11,7.0025932538504,0.038585611827573,-1.3988810110277e-14,1
204.15,128,0,204.15,0.00066802229736877,1.4967366673736e-05,-4.0854850665576e-12,9.1527374392245e-11,7.000663973259,0.038585611827573,-1.3988810110277e-14,1
204.2,128,0,204.2,0.00066802338848831,1.4967342230955e-05,-4.0854850665576e-12,9.1527374392245e-11,6.9987346926677,0.038585611827573,-1.3988810110277e-14,1
204.25,128,0,204.25,0.00066802447960785,1.4967317788175e-05,-4.0854850665576e-12,9.1527374392245e-11,6.9968054120763,0.038585611827573,-1.3988810110277e-14,1
204.3,128,0,204.3,0.00066802557072739,1.4967293345394e-05,-4.0854850665576e-12,9.1527374392245e-11,6.9948761314849,0.038585611827573,-1.3988810110277e-14,1
204.35,128,0,204.35,0.00066802666184692,1.4967268902614e-05,-4.0854850665576e-12,9.1527374392245e-11,6.9929468508935,0.038585611827573,-1.3988810110277e-14,1
204.4,128,0,204.4,0.00066802775296646,1.4967244459833e-05,-4.0854850665576e-12,9.1527374392245e-11,6.9910175703021,0.038585611827573,-1.3988810110277e-14,1
204.45,128,0,204.45,0.000668028844086,1.4967220017052e-05,-4.0854850665576e-12,9.1527374392245e-11,6.9890882897108,0.038585611827573,-1.3988810110277e-14,1
204.5,128,0,204.5,0.00066802993520554,1.4967195574272e-05,-4.0854850665576e-12,9.1527374392245e-11,6.9871590091194,0.038585611827573,-1.3988810110277e-14,1
204.55,128,0,204.55,0.00066803102632507,1.4967171131491e-05,-4.0854850665576e-12,9.1527374392245e-11,6.985229728528,0.038585611827573,-1.3988810110277e-14,1
204.6,128,0,204.6,0.00066803211744461,1.4967146688711e-05,-4.0854850665576e-12,9.1527374392245e-11,6.9833004479366,0.038585611827573,-1.3988810110277e-14,1
204.65,128,0,204.65,0.00066803320856415,1.496712224593e-05,-4.0854850665576e-12,9.1527374392245e-11,6.9813711673453,0.038585611827573,-1.3988810110277e-14,1
204.7,128,0,204.7,0.00066803429968368,1.496709780315e-05,-4.0854850665576e-12,9.1527374392245e-11,6.9794418867539,0.038585611827573,-1.3988810110277e-14,1
204.75,128,0,204.75,0.00066803539080322,1.4967073360369e-05,-4.0854850665576e-12,9.1527374392245e-11,6.9775126061625,0.038585611827573,-1.3988810110277e-14,1
204.8,128,0,204.8,0.00066803648192276,1.4967048917588e-05,-4.0854850665576e-12,9.1527374392245e-11,6.9755833255711,0.038585611827573,-1.3988810110277e-14,1
204.85,128,0,204.85,0.0006680375730423,1.4967024474808e-05,-4.0854850665576e-12,9.1527374392245e-11,6.9736540449797,0.038585611827573,-1.3988810110277e-14,1
204.9,128,0,204.9,0.00066803866416183,1.4967000032027e-05,-4.0854850665576e-12,9.1527374392245e-11,6.9717247643884,0.038585611827573,-1.3988810110277e-14,1
204.95,128,0,204.95,0.00066803975528137,1.4966975589247e-05,-4.0854850665576e-12,9.1527374392245e-11,6.969795483797,0.038585611827573,-1.3988810110277e-14,1
205,128,0,205,0.00066804084640091,1.4966951146466e-05,-4.0854850665576e-12,9.1527374392245e-11,6.9678662032056,0.038585611827573,-1.3988810110277e-14,1
205.05,128,0,205.05,0.00066804027325987,1.4966963985453e-05,9.0926993046188e-12,-2.0368075709967e-10,6.9659369226142,0.038585611827544,-2.8865798640254e-15,1
205.1,128,0,205.1,0.00066803970011884,1.496697682444e-05,9.0926993046188e-12,-2.0368075709967e-10,6.9640076420228,0.038585611827544,-2.8865798640254e-15,1
205.15,128,0,205.15,0.00066803912697781,1.4966989663427e-05,9.0926993046188e-12,-2.0368075709967e-10,6.9620783614315,0.038585611827544,-2.8865798640254e-15,1
205.2,128,0,205.2,0.00066803855383678,1.4967002502414e-05,9.0926993046188e-12,-2.0368075709967e-10,6.9601490808401,0.038585611827544,-2.8865798640254e-15,1
205.25,128,0,205.25,0.00066803798069574,1.4967015341401e-05,9.0926993046188e-12,-2.0368075709967e-10,6.9582198002487,0.038585611827544,-2.8865798640254e-15,1
205.3,128,0,205.3,0.00066803740755471,1.4967028180388e-05,9.0926993046188e-12,-2.0368075709967e-10,6.9562905196573,0.038585611827544,-2.8865798640254e-15,1
205.35,128,0,205.35,0.00066803683441368,1.4967041019375e-05,9.0926993046188e-12,-2.0368075709967e-10,6.954361239066,0.038585611827544,-2.8865798640254e-15,1
205.4,128,0,205.4,0.00066803626127264,1.4967053858362e-05,9.0926993046188e-12,-2.0368075709967e-10,6.9524319584746,0.038585611827544,-2.8865798640254e-15,1
205.45,128,0,205.45,0.00066803568813161,1.4967066697348e-05,9.0926993046188e-12,-2.0368075709967e-10,6.9505026778832,0.038585611827544,-2.8865798640254e-15,1
205.5,128,0,205.5,0.00066803511499058,1.4967079536335e-05,9.0926993046188e-12,-2.0368075709967e-10,6.9485733972918,0.038585611827544,-2.8865798640254e-15,1
205.55,128,0,205.55,0.00066803454184954,1.4967092375322e-05,9.0926993046188e-12,-2.0368075709967e-10,6.9466441167004,0.038585611827544,-2.8865798640254e-15,1
205.6,128,0,205.6,0.00066803396870851,1.4967105214309e-05,9.0926993046188e-12,-2.0368075709967e-10,6.9447148361091,0.038585611827544,-2.8865798640254e-15,1
205.65,128,0,205.65,0.00066803339556748,1.4967118053296e-05,9.0926993046188e-12,-2.0368075709967e-10,6.9427855555177,0.038585611827544,-2.8865798640254e-15,1
205.7,128,0,205.7,0.00066803282242644,1.4967130892283e-05,9.0926993046188e-12,-2.0368075709967e-10,6.9408562749263,0.038585611827544,-2.8865798640254e-15,1
205.75,128,0,205.75,0.00066803224928541,1.496714373127e-05,9.0926993046188e-12,-2.0368075709967e-10,6.9389269943349,0.038585611827544,-2.8865798640254e-15,1
205.8,128,0,205.8,0.00066803167614438,1.4967156570257e-05,9.0926993046188e-12,-2.0368075709967e-10,6.9369977137436,0.038585611827544,-2.8865798640254e-15,1
205.85,128,0,205.85,0.00066803110300335,1.4967169409244e-05,9.0926993046188e-12,-2.0368075709967e-10,6.9350684331522,0.038585611827544,-2.8865798640254e-15,1
205.9,128,0,205.9,0.00066803052986231,1.4967182248231e-05,9.0926993046188e-12,-2.0368075709967e-10,6.9331391525608,0.038585611827544,-2.8865798640254e-15,1
205.95,128,0,205.95,0.00066802995672128,1.4967195087218e-05,9.0926993046188e-12,-2.0368075709967e-10,6.9312098719694,0.038585611827544,-2.8865798640254e-15,1
206,128,0,206,0.00066802938358025,1.4967207926204e-05,9.0926993046188e-12,-2.0368075709967e-10,6.9292805913781,0.038585611827544,-2.8865798640254e-15,1
206.05,128,0,206.05,0.00066802997143069,1.4967194758099e-05,-1.2927473711912e-11,2.8958029441544e-10,6.9273513107867,0.038585611827581,1.9984014443253e-15,1
206.1,128,0,206.1,0.00066803055928114,1.4967181589994e-05,-1.2927473711912e-11,2.8958029441544e-10,6.9254220301953,0.038585611827581,1.9984014443253e-15,1
206.15,128,0,206.15,0.00066803114713158,1.4967168421889e-05,-1.2927473711912e-11,2.8958029441544e-10,6.9234927496039,0.038585611827581,1.9984014443253e-15,1
206.2,128,0,206.2,0.00066803173498203,1.4967155253783e-05,-1.2927473711912e-11,2.8958029441544e-10,6.9215634690125,0.038585611827581,1.9984014443253e-15,1
206.25,128,0,206.25,0.00066803232283247,1.4967142085678e-05,-1.2927473711912e-11,2.8958029441544e-10,6.9196341884212,0.038585611827581,1.9984014443253e-15,1
206.3,128,0,206.3,0.00066803291068291,1.4967128917573e-05,-1.2927473711912e-11,2.8958029441544e-10,6.9177049078298,0.038585611827581,1.9984014443253e-15,1
206.35,128,0,206.35,0.00066803349853336,1.4967115749467e-05,-1.2927473711912e-11,2.8958029441544e-10,6.9157756272384,0.038585611827581,1.9984014443253e-15,1
206.4,128,0,206.4,0.0006680340863838,1.4967102581362e-05,-1.2927473711912e-11,2.8958029441544e-10,6.913846346647,0.038585611827581,1.9984014443253e-15,1
206.45,128,0,206.45,0.00066803467423425,1.4967089413257e-05,-1.2927473711912e-11,2.8958029441544e-10,6.9119170660556,0.038585611827581,1.9984014443253e-15,1
206.5,128,0,206.5,0.00066803526208469,1.4967076245152e-05,-1.2927473711912e-11,2.8958029441544e-10,6.9099877854643,0.038585611827581,1.9984014443253e-15,1
206.55,128,0,206.55,0.00066803584993514,1.4967063077046e-05,-1.2927473711912e-11,2.8958029441544e-10,6.9080585048729,0.038585611827581,1.9984014443253e-15,1
206.6,128,0,206.6,0.00066803643778558,1.4967049908941e-05,-1.2927473711912e-11,2.8958029441544e-10,6.9061292242815,0.038585611827581,1.9984014443253e-15,1
206.65,128,0,206.65,0.00066803702563603,1.4967036740836e-05,-1.2927473711912e-11,2.8958029441544e-10,6.9041999436901,0.038585611827581,1.9984014443253e-15,1
206.7,128,0,206.7,0.00066803761348647,1.496702357273e-05,-1.2927473711912e-11,2.8958029441544e-10,6.9022706630987,0.038585611827581,1.9984014443253e-15,1
206.75,128,0,206.75,0.00066803820133692,1.4967010404625e-05,-1.2927473711912e-11,2.8958029441544e-10,6.9003413825074,0.038585611827581,1.9984014443253e-15,1
206.8,128,0,206.8,0.00066803878918736,1.496699723652e-05,-1.2927473711912e-11,2.8958029441544e-10,6.898412101916,0.038585611827581,1.9984014443253e-15,1
206.85,128,0,206.85,0.00066803937703781,1.4966984068415e-05,-1.2927473711912e-11,2.8958029441544e-10,6.8964828213246,0.038585611827581,1.9984014443253e-15,1
206.9,128,0,206.9,0.00066803996488825,1.4966970900309e-05,-1.2927473711912e-11,2.8958029441544e-10,6.8945535407332,0.038585611827581,1.9984014443253e-15,1
206.95,128,0,206.95,0.0006680405527387,1.4966957732204e-05,-1.2927473711912e-11,2.8958029441544e-10,6.8926242601418,0.038585611827581,1.9984014443253e-15,1
207,128,0,207,0.00066804114058914,1.4966944564099e-05,-1.2927473711912e-11,2.8958029441544e-10,6.8906949795505,0.038585611827581,1.9984014443253e-15,1
207.05,128,0,207.05,0.00066804050692865,1.4966958758533e-05,1.4225954714293e-11,-3.1867099169472e-10,6.8887656989591,0.038585611827557,4.9960036108132e-15,1
207.1,128,0,207.1,0.00066803987326815,1.4966972952967e-05,1.4225954714293e-11,-3.1867099169472e-10,6.8868364183677,0.038585611827557,4.9960036108132e-15,1
207.15,128,0,207.15,0.00066803923960765,1.4966987147401e-05,1.4225954714293e-11,-3.1867099169472e-10,6.8849071377763,0.038585611827557,4.9960036108132e-15,1
207.2,128,0,207.2,0.00066803860594715,1.4967001341835e-05,1.4225954714293e-11,-3.1867099169472e-10,6.882977857185,0.038585611827557,4.9960036108132e-15,1
207.25,128,0,207.25,0.00066803797228666,1.4967015536269e-05,1.4225954714293e-11,-3.1867099169472e-10,6.8810485765936,0.038585611827557,4.9960036108132e-15,1
207.3,128,0,207.3,0.00066803733862616,1.4967029730703e-05,1.4225954714293e-11,-3.1867099169472e-10,6.8791192960022,0.038585611827557,4.9960036108132e-15,1
207.35,128,0,207.35,0.00066803670496566,1.4967043925137e-05,1.4225954714293e-11,-3.1867099169472e-10,6.8771900154108,0.038585611827557,4.9960036108132e-15,1
207.4,128,0,207.4,0.00066803607130516,1.496705811957e-05,1.4225954714293e-11,-3.1867099169472e-10,6.8752607348194,0.038585611827557,4.9960036108132e-15,1
207.45,128,0,207.45,0.00066803543764467,1.4967072314004e-05,1.4225954714293e-11,-3.1867099169472e-10,6.8733314542281,0.038585611827557,4.9960036108132e-15,1
207.5,128,0,207.5,0.00066803480398417,1.4967086508438e-05,1.4225954714293e-11,-3.1867099169472e-10,6.8714021736367,0.038585611827557,4.9960036108132e-15,1
207.55,128,0,207.55,0.00066803417032367,1.4967100702872e-05,1.4225954714293e-11,-3.1867099169472e-10,6.8694728930453,0.038585611827557,4.9960036108132e-15,1
207.6,128,0,207.6,0.00066803353666317,1.4967114897306e-05,1.4225954714293e-11,-3.1867099169472e-10,6.8675436124539,0.038585611827557,4.9960036108132e-15,1
207.65,128,0,207.65,0.00066803290300268,1.496712909174e-05,1.4225954714293e-11,-3.1867099169472e-10,6.8656143318626,0.038585611827557,4.9960036108132e-15,1
207.7,128,0,207.7,0.00066803226934218,1.4967143286174e-05,1.4225954714293e-11,-3.1867099169472e-10,6.8636850512712,0.038585611827557,4.9960036108132e-15,1
207.75,128,0,207.75,0.00066803163568168,1.4967157480608e-05,1.4225954714293e-11,-3.1867099169472e-10,6.8617557706798,0.038585611827557,4.9960036108132e-15,1
207.8,128,0,207.8,0.00066803100202118,1.4967171675042e-05,1.4225954714293e-11,-3.1867099169472e-10,6.8598264900884,0.038585611827557,4.9960036108132e-15,1
207.85,128,0,207.85,0.00066803036836069,1.4967185869476e-05,1.4225954714293e-11,-3.1867099169472e-10,6.857897209497,0.038585611827557,4.9960036108132e-15,1
207.9,128,0,207.9,0.00066802973470019,1.496720006391e-05,1.4225954714293e-11,-3.1867099169472e-10,6.8559679289057,0.038585611827557,4.9960036108132e-15,1
207.95,128,0,207.95,0.00066802910103969,1.4967214258344e-05,1.4225954714293e-11,-3.1867099169472e-10,6.8540386483143,0.038585611827557,4.9960036108132e-15,1
208,128,0,208,0.00066802846737919,1.4967228452778e-05,1.4225954714293e-11,-3.1867099169472e-10,6.8521093677229,0.038585611827557,4.9960036108132e-15,1
208.05,128,0,208.05,0.00066802888414939,1.496721911637e-05,-1.2506332080361e-11,2.8015465883327e-10,6.8501800871315,0.038585611827568,-8.1046280797636e-15,1
208.1,128,0,208.1,0.00066802930091959,1.4967209779962e-05,-1.2506332080361e-11,2.8015465883327e-10,6.8482508065402,0.038585611827568,-8.1046280797636e-15,1
208.15,128,0,208.15,0.00066802971768979,1.4967200443554e-05,-1.2506332080361e-11,2.8015465883327e-10,6.8463215259488,0.038585611827568,-8.1046280797636e-15,1
208.2,128,0,208.2,0.00066803013445999,1.4967191107145e-05,-1.2506332080361e-11,2.8015465883327e-10,6.8443922453574,0.038585611827568,-8.1046280797636e-15,1
208.25,128,0,208.25,0.00066803055123019,1.4967181770737e-05,-1.2506332080361e-11,2.8015465883327e-10,6.842462964766,0.038585611827568,-8.1046280797636e-15,1
208.3,128,0,208.3,0.00066803096800039,1.4967172434329e-05,-1.2506332080361e-11,2.8015465883327e-10,6.8405336841746,0.038585611827568,-8.1046280797636e-15,1
208.35,128,0,208.35,0.00066803138477059,1.4967163097921e-05,-1.2506332080361e-11,2.8015465883327e-10,6.8386044035833,0.038585611827568,-8.1046280797636e-15,1
208.4,128,0,208.4,0.00066803180154079,1.4967153761513e-05,-1.2506332080361e-11,2.8015465883327e-10,6.8366751229919,0.038585611827568,-8.1046280797636e-15,1
208.45,128,0,208.45,0.00066803221831099,1.4967144425104e-05,-1.2506332080361e-11,2.8015465883327e-10,6.8347458424005,0.038585611827568,-8.1046280797636e-15,1
208.5,128,0,208.5,0.00066803263508119,1.4967135088696e-05,-1.2506332080361e-11,2.8015465883327e-10,6.8328165618091,0.038585611827568,-8.1046280797636e-15,1
208.55,128,0,208.55,0.00066803305185139,1.4967125752288e-05,-1.2506332080361e-11,2.8015465883327e-10,6.8308872812178,0.038585611827568,-8.1046280797636e-15,1
208.6,128,0,208.6,0.00066803346862159,1.496711641588e-05,-1.2506332080361e-11,2.8015465883327e-10,6.8289580006264,0.038585611827568,-8.1046280797636e-15,1
208.65,128,0,208.65,0.00066803388539179,1.4967107079472e-05,-1.2506332080361e-11,2.8015465883327e-10,6.827028720035,0.038585611827568,-8.1046280797636e-15,1
208.7,128,0,208.7,0.00066803430216199,1.4967097743063e-05,-1.2506332080361e-11,2.8015465883327e-10,6.8250994394436,0.038585611827568,-8.1046280797636e-15,1
208.75,128,0,208.75,0.00066803471893219,1.4967088406655e-05,-1.2506332080361e-11,2.8015465883327e-10,6.8231701588522,0.038585611827568,-8.1046280797636e-15,1
208.8,128,0,208.8,0.00066803513570239,1.4967079070247e-05,-1.2506332080361e-11,2.8015465883327e-10,6.8212408782609,0.038585611827568,-8.1046280797636e-15,1
208.85,128,0,208.85,0.00066803555247259,1.4967069733839e-05,-1.2506332080361e-11,2.8015465883327e-10,6.8193115976695,0.038585611827568,-8.1046280797636e-15,1
208.9,128,0,208.9,0.00066803596924279,1.4967060397431e-05,-1.2506332080361e-11,2.8015465883327e-10,6.8173823170781,0.038585611827568,-8.1046280797636e-15,1
208.95,128,0,208.95,0.00066803638601299,1.4967051061022e-05,-1.2506332080361e-11,2.8015465883327e-10,6.8154530364867,0.038585611827568,-8.1046280797636e-15,1
209,128,0,209,0.00066803680278319,1.4967041724614e-05,-1.2506332080361e-11,2.8015465883327e-10,6.8135237558954,0.038585611827568,-8.1046280797636e-15,1
209.05,128,0,209.05,0.00066803664582373,1.4967045241016e-05,8.5765478773558e-12,-1.9212020442486e-10,6.811594475304,0.038585611827571,-9.7699626167014e-15,1
209.1,128,0,209.1,0.00066803648886427,1.4967048757418e-05,8.5765478773558e-12,-1.9212020442486e-10,6.8096651947126,0.038585611827571,-9.7699626167014e-15,1
209.15,128,0,209.15,0.00066803633190481,1.496705227382e-05,8.5765478773558e-12,-1.9212020442486e-10,6.8077359141212,0.038585611827571,-9.7699626167014e-15,1
209.2,128,0,209.2,0.00066803617494535,1.4967055790222e-05,8.5765478773558e-12,-1.9212020442486e-10,6.8058066335298,0.038585611827571,-9.7699626167014e-15,1
209.25,128,0,209.25,0.00066803601798589,1.4967059306624e-05,8.5765478773558e-12,-1.9212020442486e-10,6.8038773529385,0.038585611827571,-9.7699626167014e-15,1
209.3,128,0,209.3,0.00066803586102643,1.4967062823026e-05,8.5765478773558e-12,-1.9212020442486e-10,6.8019480723471,0.038585611827571,-9.7699626167014e-15,1
209.35,128,0,209.35,0.00066803570406697,1.4967066339427e-05,8.5765478773558e-12,-1.9212020442486e-10,6.8000187917557,0.038585611827571,-9.7699626167014e-15,1
209.4,128,0,209.4,0.00066803554710751,1.4967069855829e-05,8.5765478773558e-12,-1.9212020442486e-10,6.7980895111643,0.038585611827571,-9.7699626167014e-15,1
209.45,128,0,209.45,0.00066803539014805,1.4967073372231e-05,8.5765478773558e-12,-1.9212020442486e-10,6.7961602305729,0.038585611827571,-9.7699626167014e-15,1
209.5,128,0,209.5,0.00066803523318859,1.4967076888633e-05,8.5765478773558e-12,-1.9212020442486e-10,6.7942309499816,0.038585611827571,-9.7699626167014e-15,1
209.55,128,0,209.55,0.00066803507622913,1.4967080405035e-05,8.5765478773558e-12,-1.9212020442486e-10,6.7923016693902,0.038585611827571,-9.7699626167014e-15,1
209.6,128,0,209.6,0.00066803491926967,1.4967083921437e-05,8.5765478773558e-12,-1.9212020442486e-10,6.7903723887988,0.038585611827571,-9.7699626167014e-15,1
209.65,128,0,209.65,0.00066803476231021,1.4967087437839e-05,8.5765478773558e-12,-1.9212020442486e-10,6.7884431082074,0.038585611827571,-9.7699626167014e-15,1
209.7,128,0,209.7,0.00066803460535075,1.4967090954241e-05,8.5765478773558e-12,-1.9212020442486e-10,6.786513827616,0.038585611827571,-9.7699626167014e-15,1
209.75,128,0,209.75,0.00066803444839129,1.4967094470643e-05,8.5765478773558e-12,-1.9212020442486e-10,6.7845845470247,0.038585611827571,-9.7699626167014e-15,1
209.8,128,0,209.8,0.00066803429143183,1.4967097987045e-05,8.5765478773558e-12,-1.9212020442486e-10,6.7826552664333,0.038585611827571,-9.7699626167014e-15,1
209.85,128,0,209.85,0.00066803413447237,1.4967101503447e-05,8.5765478773558e-12,-1.9212020442486e-10,6.7807259858419,0.038585611827571,-9.7699626167014e-15,1
209.9,128,0,209.9,0.00066803397751291,1.4967105019848e-05,8.5765478773558e-12,-1.9212020442486e-10,6.7787967052505,0.038585611827571,-9.7699626167014e-15,1
209.95,128,0,209.95,0.00066803382055345,1.496710853625e-05,8.5765478773558e-12,-1.9212020442486e-10,6.7768674246592,0.038585611827571,-9.7699626167014e-15,1
210,128,0,210,0.00066803366359399,1.4967112052652e-05,8.5765478773558e-12,-1.9212020442486e-10,6.7749381440678,0.038585611827571,-9.7699626167014e-15,1
210.05,128,0,210.05,0.00066803355928461,1.4967114390097e-05,3.5178270288894e-13,-7.9016649015612e-12,6.7730088634764,0.038585611827548,-8.1046280797636e-15,1
210.1,128,0,210.1,0.00066803345497523,1.4967116727542e-05,3.5178270288894e-13,-7.9016649015612e-12,6.771079582885,0.038585611827548,-8.1046280797636e-15,1
210.15,128,0,210.15,0.00066803335066584,1.4967119064986e-05,3.5178270288894e-13,-7.9016649015612e-12,6.7691503022936,0.038585611827548,-8.1046280797636e-15,1
210.2,128,0,210.2,0.00066803324635646,1.4967121402431e-05,3.5178270288894e-13,-7.9016649015612e-12,6.7672210217023,0.038585611827548,-8.1046280797636e-15,1
210.25,128,0,210.25,0.00066803314204707,1.4967123739876e-05,3.5178270288894e-13,-7.9016649015612e-12,6.7652917411109,0.038585611827548,-8.1046280797636e-15,1
210.3,128,0,210.3,0.00066803303773769,1.496712607732e-05,3.5178270288894e-13,-7.9016649015612e-12,6.7633624605195,0.038585611827548,-8.1046280797636e-15,1
210.35,128,0,210.35,0.0006680329334283,1.4967128414765e-05,3.5178270288894e-13,-7.9016649015612e-12,6.7614331799281,0.038585611827548,-8.1046280797636e-15,1
210.4,128,0,210.4,0.00066803282911892,1.4967130752209e-05,3.5178270288894e-13,-7.9016649015612e-12,6.7595038993368,0.038585611827548,-8.1046280797636e-15,1
210.45,128,0,210.45,0.00066803272480953,1.4967133089654e-05,3.5178270288894e-13,-7.9016649015612e-12,6.7575746187454,0.038585611827548,-8.1046280797636e-15,1
210.5,128,0,210.5,0.00066803262050015,1.4967135427099e-05,3.5178270288894e-13,-7.9016649015612e-12,6.755645338154,0.038585611827548,-8.1046280797636e-15,1
210.55,128,0,210.55,0.00066803251619076,1.4967137764543e-05,3.5178270288894e-13,-7.9016649015612e-12,6.7537160575626,0.038585611827548,-8.1046280797636e-15,1
210.6,128,0,210.6,0.00066803241188138,1.4967140101988e-05,3.5178270288894e-13,-7.9016649015612e-12,6.7517867769713,0.038585611827548,-8.1046280797636e-15,1
210.65,128,0,210.65,0.00066803230757199,1.4967142439433e-05,3.5178270288894e-13,-7.9016649015612e-12,6.7498574963799,0.038585611827548,-8.1046280797636e-15,1
210.7,128,0,210.7,0.00066803220326261,1.4967144776877e-05,3.5178270288894e-13,-7.9016649015612e-12,6.7479282157885,0.038585611827548,-8.1046280797636e-15,1
210.75,128,0,210.75,0.00066803209895322,1.4967147114322e-05,3.5178270288894e-13,-7.9016649015612e-12,6.7459989351971,0.038585611827548,-8.1046280797636e-15,1
210.8,128,0,210.8,0.00066803199464384,1.4967149451767e-05,3.5178270288894e-13,-7.9016649015612e-12,6.7440696546057,0.038585611827548,-8.1046280797636e-15,1
210.85,128,0,210.85,0.00066803189033446,1.4967151789211e-05,3.5178270288894e-13,-7.9016649015612e-12,6.7421403740144,0.038585611827548,-8.1046280797636e-15,1
210.9,128,0,210.9,0.00066803178602507,1.4967154126656e-05,3.5178270288894e-13,-7.9016649015612e-12,6.740211093423,0.038585611827548,-8.1046280797636e-15,1
210.95,128,0,210.95,0.00066803168171569,1.4967156464101e-05,3.5178270288894e-13,-7.9016649015612e-12,6.7382818128316,0.038585611827548,-8.1046280797636e-15,1
211,128,0,211,0.0006680315774063,1.4967158801545e-05,3.5178270288894e-13,-7.9016649015612e-12,6.7363525322402,0.038585611827548,-8.1046280797636e-15,1
211.05,128,0,211.05,0.00066803184637381,1.4967152775631e-05,-1.3827533731849e-11,3.0977104396651e-10,6.7344232516489,0.038585611827556,-1.9984014443253e-15,1
211.1,128,0,211.1,0.00066803211534133,1.4967146749717e-05,-1.3827533731849e-11,3.0977104396651e-10,6.7324939710575,0.038585611827556,-1.9984014443253e-15,1
211.15,128,0,211.15,0.00066803238430884,1.4967140723803e-05,-1.3827533731849e-11,3.0977104396651e-10,6.7305646904661,0.038585611827556,-1.9984014443253e-15,1
211.2,128,0,211.2,0.00066803265327635,1.4967134697889e-05,-1.3827533731849e-11,3.0977104396651e-10,6.7286354098747,0.038585611827556,-1.9984014443253e-15,1
211.25,128,0,211.25,0.00066803292224386,1.4967128671975e-05,-1.3827533731849e-11,3.0977104396651e-10,6.7267061292833,0.038585611827556,-1.9984014443253e-15,1
211.3,128,0,211.3,0.00066803319121137,1.4967122646061e-05,-1.3827533731849e-11,3.0977104396651e-10,6.724776848692,0.038585611827556,-1.9984014443253e-15,1
211.35,128,0,211.35,0.00066803346017889,1.4967116620147e-05,-1.3827533731849e-11,3.0977104396651e-10,6.7228475681006,0.038585611827556,-1.9984014443253e-15,1
211.4,128,0,211.4,0.0006680337291464,1.4967110594233e-05,-1.3827533731849e-11,3.0977104396651e-10,6.7209182875092,0.038585611827556,-1.9984014443253e-15,1
211.45,128,0,211.45,0.00066803399811391,1.4967104568319e-05,-1.3827533731849e-11,3.0977104396651e-10,6.7189890069178,0.038585611827556,-1.9984014443253e-15,1
211.5,128,0,211.5,0.00066803426708142,1.4967098542405e-05,-1.3827533731849e-11,3.0977104396651e-10,6.7170597263265,0.038585611827556,-1.9984014443253e-15,1
211.55,128,0,211.55,0.00066803453604893,1.4967092516491e-05,-1.3827533731849e-11,3.0977104396651e-10,6.7151304457351,0.038585611827556,-1.9984014443253e-15,1
211.6,128,0,211.6,0.00066803480501645,1.4967086490577e-05,-1.3827533731849e-11,3.0977104396651e-10,6.7132011651437,0.038585611827556,-1.9984014443253e-15,1
211.65,128,0,211.65,0.00066803507398396,1.4967080464663e-05,-1.3827533731849e-11,3.0977104396651e-10,6.7112718845523,0.038585611827556,-1.9984014443253e-15,1
211.7,128,0,211.7,0.00066803534295147,1.4967074438749e-05,-1.3827533731849e-11,3.0977104396651e-10,6.7093426039609,0.038585611827556,-1.9984014443253e-15,1
211.75,128,0,211.75,0.00066803561191898,1.4967068412835e-05,-1.3827533731849e-11,3.0977104396651e-10,6.7074133233696,0.038585611827556,-1.9984014443253e-15,1
211.8,128,0,211.8,0.00066803588088649,1.4967062386921e-05,-1.3827533731849e-11,3.0977104396651e-10,6.7054840427782,0.038585611827556,-1.9984014443253e-15,1
211.85,128,0,211.85,0.00066803614985401,1.4967056361007e-05,-1.3827533731849e-11,3.0977104396651e-10,6.7035547621868,0.038585611827556,-1.9984014443253e-15,1
211.9,128,0,211.9,0.00066803641882152,1.4967050335093e-05,-1.3827533731849e-11,3.0977104396651e-10,6.7016254815954,0.038585611827556,-1.9984014443253e-15,1
211.95,128,0,211.95,0.00066803668778903,1.4967044309179e-05,-1.3827533731849e-11,3.0977104396651e-10,6.699696201004,0.038585611827556,-1.9984014443253e-15,1
212,128,0,212,0.00066803695675654,1.4967038283265e-05,-1.3827533731849e-11,3.0977104396651e-10,6.6977669204127,0.038585611827556,-1.9984014443253e-15,1
212.05,128,0,212.05,0.00066803728514308,1.4967030925244e-05,2.3449124751695e-11,-5.2527937082991e-10,6.6958376398213,0.03858561182756,1.1324274851177e-14,1
212.1,128,0,212.1,0.00066803761352962,1.4967023567223e-05,2.3449124751695e-11,-5.2527937082991e-10,6.6939083592299,0.03858561182756,1.1324274851177e-14,1
212.15,128,0,212.15,0.00066803794191616,1.4967016209202e-05,2.3449124751695e-11,-5.2527937082991e-10,6.6919790786385,0.03858561182756,1.1324274851177e-14,1
212.2,128,0,212.2,0.0006680382703027,1.4967008851181e-05,2.3449124751695e-11,-5.2527937082991e-10,6.6900497980472,0.03858561182756,1.1324274851177e-14,1
212.25,128,0,212.25,0.00066803859868924,1.4967001493159e-05,2.3449124751695e-11,-5.2527937082991e-10,6.6881205174558,0.03858561182756,1.1324274851177e-14,1
212.3,128,0,212.3,0.00066803892707578,1.4966994135138e-05,2.3449124751695e-11,-5.2527937082991e-10,6.6861912368644,0.03858561182756,1.1324274851177e-14,1
212.35,128,0,212.35,0.00066803925546233,1.4966986777117e-05,2.3449124751695e-11,-5.2527937082991e-10,6.684261956273,0.03858561182756,1.1324274851177e-14,1
212.4,128,0,212.4,0.00066803958384887,1.4966979419096e-05,2.3449124751695e-11,-5.2527937082991e-10,6.6823326756816,0.03858561182756,1.1324274851177e-14,1
212.45,128,0,212.45,0.00066803991223541,1.4966972061074e-05,2.3449124751695e-11,-5.2527937082991e-10,6.6804033950903,0.03858561182756,1.1324274851177e-14,1
212.5,128,0,212.5,0.00066804024062195,1.4966964703053e-05,2.3449124751695e-11,-5.2527937082991e-10,6.6784741144989,0.03858561182756,1.1324274851177e-14,1
212.55,128,0,212.55,0.00066804056900849,1.4966957345032e-05,2.3449124751695e-11,-5.2527937082991e-10,6.6765448339075,0.03858561182756,1.1324274851177e-14,1
212.6,128,0,212.6,0.00066804089739503,1.4966949987011e-05,2.3449124751695e-11,-5.2527937082991e-10,6.6746155533161,0.03858561182756,1.1324274851177e-14,1
212.65,128,0,212.65,0.00066804122578157,1.4966942628989e-05,2.3449124751695e-11,-5.2527937082991e-10,6.6726862727248,0.03858561182756,1.1324274851177e-14,1
212.7,128,0,212.7,0.00066804155416811,1.4966935270968e-05,2.3449124751695e-11,-5.2527937082991e-10,6.6707569921334,0.03858561182756,1.1324274851177e-14,1
212.75,128,0,212.75,0.00066804188255465,1.4966927912947e-05,2.3449124751695e-11,-5.2527937082991e-10,6.668827711542,0.03858561182756,1.1324274851177e-14,1
212.8,128,0,212.8,0.00066804221094119,1.4966920554926e-05,2.3449124751695e-11,-5.2527937082991e-10,6.6668984309506,0.03858561182756,1.1324274851177e-14,1
212.85,128,0,212.85,0.00066804253932773,1.4966913196905e-05,2.3449124751695e-11,-5.2527937082991e-10,6.6649691503592,0.03858561182756,1.1324274851177e-14,1
212.9,128,0,212.9,0.00066804286771427,1.4966905838883e-05,2.3449124751695e-11,-5.2527937082991e-10,6.6630398697679,0.03858561182756,1.1324274851177e-14,1
212.95,128,0,212.95,0.00066804319610081,1.4966898480862e-05,2.3449124751695e-11,-5.2527937082991e-10,6.6611105891765,0.03858561182756,1.1324274851177e-14,1
213,128,0,213,0.00066804352448735,1.4966891122841e-05,2.3449124751695e-11,-5.2527937082991e-10,6.6591813085851,0.03858561182756,1.1324274851177e-14,1
213.05,128,0,213.05,0.00066804257401762,1.4966912415189e-05,-3.1005788104683e-11,6.9456035637155e-10,6.6572520279937,0.038585611827579,3.663735981263e-15,1
213.1,128,0,213.1,0.00066804162354789,1.4966933707537e-05,-3.1005788104683e-11,6.9456035637155e-10,6.6553227474023,0.038585611827579,3.663735981263e-15,1
213.15,128,0,213.15,0.00066804067307817,1.4966954999885e-05,-3.1005788104683e-11,6.9456035637155e-10,6.653393466811,0.038585611827579,3.663735981263e-15,1
213.2,128,0,213.2,0.00066803972260844,1.4966976292233e-05,-3.1005788104683e-11,6.9456035637155e-10,6.6514641862196,0.038585611827579,3.663735981263e-15,1
213.25,128,0,213.25,0.00066803877213871,1.4966997584581e-05,-3.1005788104683e-11,6.9456035637155e-10,6.6495349056282,0.038585611827579,3.663735981263e-15,1
213.3,128,0,213.3,0.00066803782166899,1.4967018876929e-05,-3.1005788104683e-11,6.9456035637155e-10,6.6476056250368,0.038585611827579,3.663735981263e-15,1
213.35,128,0,213.35,0.00066803687119926,1.4967040169277e-05,-3.1005788104683e-11,6.9456035637155e-10,6.6456763444455,0.038585611827579,3.663735981263e-15,1
213.4,128,0,213.4,0.00066803592072953,1.4967061461625e-05,-3.1005788104683e-11,6.9456035637155e-10,6.6437470638541,0.038585611827579,3.663735981263e-15,1
213.45,128,0,213.45,0.0006680349702598,1.4967082753973e-05,-3.1005788104683e-11,6.9456035637155e-10,6.6418177832627,0.038585611827579,3.663735981263e-15,1
213.5,128,0,213.5,0.00066803401979008,1.4967104046321e-05,-3.1005788104683e-11,6.9456035637155e-10,6.6398885026713,0.038585611827579,3.663735981263e-15,1
213.55,128,0,213.55,0.00066803306932035,1.4967125338669e-05,-3.1005788104683e-11,6.9456035637155e-10,6.6379592220799,0.038585611827579,3.663735981263e-15,1
213.6,128,0,213.6,0.00066803211885062,1.4967146631017e-05,-3.1005788104683e-11,6.9456035637155e-10,6.6360299414886,0.038585611827579,3.663735981263e-15,1
213.65,128,0,213.65,0.00066803116838089,1.4967167923365e-05,-3.1005788104683e-11,6.9456035637155e-10,6.6341006608972,0.038585611827579,3.663735981263e-15,1
213.7,128,0,213.7,0.00066803021791117,1.4967189215713e-05,-3.1005788104683e-11,6.9456035637155e-10,6.6321713803058,0.038585611827579,3.663735981263e-15,1
213.75,128,0,213.75,0.00066802926744144,1.4967210508061e-05,-3.1005788104683e-11,6.9456035637155e-10,6.6302420997144,0.038585611827579,3.663735981263e-15,1
213.8,128,0,213.8,0.00066802831697171,1.4967231800409e-05,-3.1005788104683e-11,6.9456035637155e-10,6.628312819123,0.038585611827579,3.663735981263e-15,1
213.85,128,0,213.85,0.00066802736650199,1.4967253092757e-05,-3.1005788104683e-11,6.9456035637155e-10,6.6263835385317,0.038585611827579,3.663735981263e-15,1
213.9,128,0,213.9,0.00066802641603226,1.4967274385105e-05,-3.1005788104683e-11,6.9456035637155e-10,6.6244542579403,0.038585611827579,3.663735981263e-15,1
213.95,128,0,213.95,0.00066802546556253,1.4967295677453e-05,-3.1005788104683e-11,6.9456035637155e-10,6.6225249773489,0.038585611827579,3.663735981263e-15,1
214,128,0,214,0.0006680245150928,1.4967316969801e-05,-3.1005788104683e-11,6.9456035637155e-10,6.6205956967575,0.038585611827579,3.663735981263e-15,1
214.05,128,0,214.05,0.00066802546028632,1.4967295798132e-05,2.8209816489209e-11,-6.3194792678766e-10,6.6186664161662,0.038585611827536,9.3258734068513e-15,1
214.1,128,0,214.1,0.00066802640547983,1.4967274626463e-05,2.8209816489209e-11,-6.3194792678766e-10,6.6167371355748,0.038585611827536,9.3258734068513e-15,1
214.15,128,0,214.15,0.00066802735067334,1.4967253454794e-05,2.8209816489209e-11,-6.3194792678766e-10,6.6148078549834,0.038585611827536,9.3258734068513e-15,1
214.2,128,0,214.2,0.00066802829586685,1.4967232283124e-05,2.8209816489209e-11,-6.3194792678766e-10,6.612878574392,0.038585611827536,9.3258734068513e-15,1
214.25,128,0,214.25,0.00066802924106037,1.4967211111455e-05,2.8209816489209e-11,-6.3194792678766e-10,6.6109492938006,0.038585611827536,9.3258734068513e-15,1
214.3,128,0,214.3,0.00066803018625388,1.4967189939786e-05,2.8209816489209e-11,-6.3194792678766e-10,6.6090200132093,0.038585611827536,9.3258734068513e-15,1
214.35,128,0,214.35,0.00066803113144739,1.4967168768117e-05,2.8209816489209e-11,-6.3194792678766e-10,6.6070907326179,0.038585611827536,9.3258734068513e-15,1
214.4,128,0,214.4,0.0006680320766409,1.4967147596448e-05,2.8209816489209e-11,-6.3194792678766e-10,6.6051614520265,0.038585611827536,9.3258734068513e-15,1
214.45,128,0,214.45,0.00066803302183442,1.4967126424779e-05,2.8209816489209e-11,-6.3194792678766e-10,6.6032321714351,0.038585611827536,9.3258734068513e-15,1
214.5,128,0,214.5,0.00066803396702793,1.496710525311e-05,2.8209816489209e-11,-6.3194792678766e-10,6.6013028908438,0.038585611827536,9.3258734068513e-15,1
214.55,128,0,214.55,0.00066803491222144,1.4967084081441e-05,2.8209816489209e-11,-6.3194792678766e-10,6.5993736102524,0.038585611827536,9.3258734068513e-15,1
214.6,128,0,214.6,0.00066803585741495,1.4967062909771e-05,2.8209816489209e-11,-6.3194792678766e-10,6.597444329661,0.038585611827536,9.3258734068513e-15,1
214.65,128,0,214.65,0.00066803680260847,1.4967041738102e-05,2.8209816489209e-11,-6.3194792678766e-10,6.5955150490696,0.038585611827536,9.3258734068513e-15,1
214.7,128,0,214.7,0.00066803774780198,1.4967020566433e-05,2.8209816489209e-11,-6.3194792678766e-10,6.5935857684782,0.038585611827536,9.3258734068513e-15,1
214.75,128,0,214.75,0.00066803869299549,1.4966999394764e-05,2.8209816489209e-11,-6.3194792678766e-10,6.5916564878869,0.038585611827536,9.3258734068513e-15,1
214.8,128,0,214.8,0.000668039638189,1.4966978223095e-05,2.8209816489209e-11,-6.3194792678766e-10,6.5897272072955,0.038585611827536,9.3258734068513e-15,1
214.85,128,0,214.85,0.00066804058338252,1.4966957051426e-05,2.8209816489209e-11,-6.3194792678766e-10,6.5877979267041,0.038585611827536,9.3258734068513e-15,1
214.9,128,0,214.9,0.00066804152857603,1.4966935879757e-05,2.8209816489209e-11,-6.3194792678766e-10,6.5858686461127,0.038585611827536,9.3258734068513e-15,1
214.95,128,0,214.95,0.00066804247376954,1.4966914708088e-05,2.8209816489209e-11,-6.3194792678766e-10,6.5839393655214,0.038585611827536,9.3258734068513e-15,1
215,128,0,215,0.00066804341896305,1.4966893536418e-05,2.8209816489209e-11,-6.3194792678766e-10,6.58201008493,0.038585611827536,9.3258734068513e-15,1
215.05,128,0,215.05,0.00066804265619031,1.4966910622317e-05,-1.1727994530798e-11,2.6272423650336e-10,6.5800808043386,0.038585611827549,6.6613381477509e-15,1
215.1,128,0,215.1,0.00066804189341757,1.4966927708215e-05,-1.1727994530798e-11,2.6272423650336e-10,6.5781515237472,0.038585611827549,6.6613381477509e-15,1
215.15,128,0,215.15,0.00066804113064482,1.4966944794113e-05,-1.1727994530798e-11,2.6272423650336e-10,6.5762222431559,0.038585611827549,6.6613381477509e-15,1
215.2,128,0,215.2,0.00066804036787208,1.4966961880011e-05,-1.1727994530798e-11,2.6272423650336e-10,6.5742929625645,0.038585611827549,6.6613381477509e-15,1
215.25,128,0,215.25,0.00066803960509933,1.4966978965909e-05,-1.1727994530798e-11,2.6272423650336e-10,6.5723636819731,0.038585611827549,6.6613381477509e-15,1
215.3,128,0,215.3,0.00066803884232659,1.4966996051807e-05,-1.1727994530798e-11,2.6272423650336e-10,6.5704344013817,0.038585611827549,6.6613381477509e-15,1
215.35,128,0,215.35,0.00066803807955384,1.4967013137705e-05,-1.1727994530798e-11,2.6272423650336e-10,6.5685051207903,0.038585611827549,6.6613381477509e-15,1
215.4,128,0,215.4,0.0006680373167811,1.4967030223604e-05,-1.1727994530798e-11,2.6272423650336e-10,6.566575840199,0.038585611827549,6.6613381477509e-15,1
215.45,128,0,215.45,0.00066803655400835,1.4967047309502e-05,-1.1727994530798e-11,2.6272423650336e-10,6.5646465596076,0.038585611827549,6.6613381477509e-15,1
215.5,128,0,215.5,0.00066803579123561,1.49670643954e-05,-1.1727994530798e-11,2.6272423650336e-10,6.5627172790162,0.038585611827549,6.6613381477509e-15,1
215.55,128,0,215.55,0.00066803502846286,1.4967081481298e-05,-1.1727994530798e-11,2.6272423650336e-10,6.5607879984248,0.038585611827549,6.6613381477509e-15,1
215.6,128,0,215.6,0.00066803426569012,1.4967098567196e-05,-1.1727994530798e-11,2.6272423650336e-10,6.5588587178335,0.038585611827549,6.6613381477509e-15,1
215.65,128,0,215.65,0.00066803350291737,1.4967115653094e-05,-1.1727994530798e-11,2.6272423650336e-10,6.5569294372421,0.038585611827549,6.6613381477509e-15,1
215.7,128,0,215.7,0.00066803274014463,1.4967132738992e-05,-1.1727994530798e-11,2.6272423650336e-10,6.5550001566507,0.038585611827549,6.6613381477509e-15,1
215.75,128,0,215.75,0.00066803197737188,1.4967149824891e-05,-1.1727994530798e-11,2.6272423650336e-10,6.5530708760593,0.038585611827549,6.6613381477509e-15,1
215.8,128,0,215.8,0.00066803121459914,1.4967166910789e-05,-1.1727994530798e-11,2.6272423650336e-10,6.551141595468,0.038585611827549,6.6613381477509e-15,1
215.85,128,0,215.85,0.0006680304518264,1.4967183996687e-05,-1.1727994530798e-11,2.6272423650336e-10,6.5492123148766,0.038585611827549,6.6613381477509e-15,1
215.9,128,0,215.9,0.00066802968905365,1.4967201082585e-05,-1.1727994530798e-11,2.6272423650336e-10,6.5472830342852,0.038585611827549,6.6613381477509e-15,1
215.95,128,0,215.95,0.00066802892628091,1.4967218168483e-05,-1.1727994530798e-11,2.6272423650336e-10,6.5453537536938,0.038585611827549,6.6613381477509e-15,1
216,128,0,216,0.00066802816350816,1.4967235254381e-05,-1.1727994530798e-11,2.6272423650336e-10,6.5434244731025,0.038585611827549,6.6613381477509e-15,1
216.05,128,0,216.05,0.00066802862507124,1.4967224916102e-05,-4.5610730580045e-13,1.0236572958782e-11,6.5414951925111,0.038585611827571,-7.7715611723761e-15,1
216.1,128,0,216.1,0.00066802908663432,1.4967214577823e-05,-4.5610730580045e-13,1.0236572958782e-11,6.5395659119197,0.038585611827571,-7.7715611723761e-15,1
216.15,128,0,216.15,0.00066802954819739,1.4967204239544e-05,-4.5610730580045e-13,1.0236572958782e-11,6.5376366313283,0.038585611827571,-7.7715611723761e-15,1
216.2,128,0,216.2,0.00066803000976047,1.4967193901265e-05,-4.5610730580045e-13,1.0236572958782e-11,6.5357073507369,0.038585611827571,-7.7715611723761e-15,1
216.25,128,0,216.25,0.00066803047132355,1.4967183562986e-05,-4.5610730580045e-13,1.0236572958782e-11,6.5337780701456,0.038585611827571,-7.7715611723761e-15,1
216.3,128,0,216.3,0.00066803093288662,1.4967173224707e-05,-4.5610730580045e-13,1.0236572958782e-11,6.5318487895542,0.038585611827571,-7.7715611723761e-15,1
216.35,128,0,216.35,0.0006680313944497,1.4967162886428e-05,-4.5610730580045e-13,1.0236572958782e-11,6.5299195089628,0.038585611827571,-7.7715611723761e-15,1
216.4,128,0,216.4,0.00066803185601278,1.4967152548149e-05,-4.5610730580045e-13,1.0236572958782e-11,6.5279902283714,0.038585611827571,-7.7715611723761e-15,1
216.45,128,0,216.45,0.00066803231757585,1.496714220987e-05,-4.5610730580045e-13,1.0236572958782e-11,6.52606094778,0.038585611827571,-7.7715611723761e-15,1
216.5,128,0,216.5,0.00066803277913893,1.4967131871591e-05,-4.5610730580045e-13,1.0236572958782e-11,6.5241316671887,0.038585611827571,-7.7715611723761e-15,1
216.55,128,0,216.55,0.00066803324070201,1.4967121533311e-05,-4.5610730580045e-13,1.0236572958782e-11,6.5222023865973,0.038585611827571,-7.7715611723761e-15,1
216.6,128,0,216.6,0.00066803370226508,1.4967111195032e-05,-4.5610730580045e-13,1.0236572958782e-11,6.5202731060059,0.038585611827571,-7.7715611723761e-15,1
216.65,128,0,216.65,0.00066803416382816,1.4967100856753e-05,-4.5610730580045e-13,1.0236572958782e-11,6.5183438254145,0.038585611827571,-7.7715611723761e-15,1
216.7,128,0,216.7,0.00066803462539124,1.4967090518474e-05,-4.5610730580045e-13,1.0236572958782e-11,6.5164145448232,0.038585611827571,-7.7715611723761e-15,1
216.75,128,0,216.75,0.00066803508695431,1.4967080180195e-05,-4.5610730580045e-13,1.0236572958782e-11,6.5144852642318,0.038585611827571,-7.7715611723761e-15,1
216.8,128,0,216.8,0.00066803554851739,1.4967069841916e-05,-4.5610730580045e-13,1.0236572958782e-11,6.5125559836404,0.038585611827571,-7.7715611723761e-15,1
216.85,128,0,216.85,0.00066803601008047,1.4967059503637e-05,-4.5610730580045e-13,1.0236572958782e-11,6.510626703049,0.038585611827571,-7.7715611723761e-15,1
216.9,128,0,216.9,0.00066803647164355,1.4967049165358e-05,-4.5610730580045e-13,1.0236572958782e-11,6.5086974224576,0.038585611827571,-7.7715611723761e-15,1
216.95,128,0,216.95,0.00066803693320662,1.4967038827079e-05,-4.5610730580045e-13,1.0236572958782e-11,6.5067681418663,0.038585611827571,-7.7715611723761e-15,1
217,128,0,217,0.0006680373947697,1.49670284888e-05,-4.5610730580045e-13,1.0236572958782e-11,6.5048388612749,0.038585611827571,-7.7715611723761e-15,1
217.05,128,0,217.05,0.00066803694913212,1.496703846771e-05,3.0587985313716e-12,-6.8561924316863e-11,6.5029095806835,0.038585611827565,8.6597395920762e-15,1
217.1,128,0,217.1,0.00066803650349453,1.496704844662e-05,3.0587985313716e-12,-6.8561924316863e-11,6.5009803000921,0.038585611827565,8.6597395920762e-15,1
217.15,128,0,217.15,0.00066803605785695,1.496705842553e-05,3.0587985313716e-12,-6.8561924316863e-11,6.4990510195007,0.038585611827565,8.6597395920762e-15,1
217.2,128,0,217.2,0.00066803561221937,1.496706840444e-05,3.0587985313716e-12,-6.8561924316863e-11,6.4971217389094,0.038585611827565,8.6597395920762e-15,1
217.25,128,0,217.25,0.00066803516658179,1.496707838335e-05,3.0587985313716e-12,-6.8561924316863e-11,6.495192458318,0.038585611827565,8.6597395920762e-15,1
217.3,128,0,217.3,0.00066803472094421,1.496708836226e-05,3.0587985313716e-12,-6.8561924316863e-11,6.4932631777266,0.038585611827565,8.6597395920762e-15,1
217.35,128,0,217.35,0.00066803427530662,1.496709834117e-05,3.0587985313716e-12,-6.8561924316863e-11,6.4913338971352,0.038585611827565,8.6597395920762e-15,1
217.4,128,0,217.4,0.00066803382966904,1.496710832008e-05,3.0587985313716e-12,-6.8561924316863e-11,6.4894046165438,0.038585611827565,8.6597395920762e-15,1
217.45,128,0,217.45,0.00066803338403146,1.4967118298989e-05,3.0587985313716e-12,-6.8561924316863e-11,6.4874753359525,0.038585611827565,8.6597395920762e-15,1
217.5,128,0,217.5,0.00066803293839388,1.4967128277899e-05,3.0587985313716e-12,-6.8561924316863e-11,6.4855460553611,0.038585611827565,8.6597395920762e-15,1
217.55,128,0,217.55,0.0006680324927563,1.4967138256809e-05,3.0587985313716e-12,-6.8561924316863e-11,6.4836167747697,0.038585611827565,8.6597395920762e-15,1
217.6,128,0,217.6,0.00066803204711871,1.4967148235719e-05,3.0587985313716e-12,-6.8561924316863e-11,6.4816874941783,0.038585611827565,8.6597395920762e-15,1
217.65,128,0,217.65,0.00066803160148113,1.4967158214629e-05,3.0587985313716e-12,-6.8561924316863e-11,6.479758213587,0.038585611827565,8.6597395920762e-15,1
217.7,128,0,217.7,0.00066803115584355,1.4967168193539e-05,3.0587985313716e-12,-6.8561924316863e-11,6.4778289329956,0.038585611827565,8.6597395920762e-15,1
217.75,128,0,217.75,0.00066803071020597,1.4967178172449e-05,3.0587985313716e-12,-6.8561924316863e-11,6.4758996524042,0.038585611827565,8.6597395920762e-15,1
217.8,128,0,217.8,0.00066803026456839,1.4967188151359e-05,3.0587985313716e-12,-6.8561924316863e-11,6.4739703718128,0.038585611827565,8.6597395920762e-15,1
217.85,128,0,217.85,0.0006680298189308,1.4967198130269e-05,3.0587985313716e-12,-6.8561924316863e-11,6.4720410912214,0.038585611827565,8.6597395920762e-15,1
217.9,128,0,217.9,0.00066802937329322,1.4967208109179e-05,3.0587985313716e-12,-6.8561924316863e-11,6.4701118106301,0.038585611827565,8.6597395920762e-15,1
217.95,128,0,217.95,0.00066802892765564,1.4967218088089e-05,3.0587985313716e-12,-6.8561924316863e-11,6.4681825300387,0.038585611827565,8.6597395920762e-15,1
218,128,0,218,0.00066802848201806,1.4967228066999e-05,3.0587985313716e-12,-6.8561924316863e-11,6.4662532494473,0.038585611827565,8.6597395920762e-15,1
218.05,128,0,218.05,0.00066802974997217,1.4967199672784e-05,4.7174473655095e-12,-1.0559969043994e-10,6.4643239688559,0.038585611827563,1.809663530139e-14,1
218.1,128,0,218.1,0.00066803101792629,1.4967171278568e-05,4.7174473655095e-12,-1.0559969043994e-10,6.4623946882645,0.038585611827563,1.809663530139e-14,1
218.15,128,0,218.15,0.0006680322858804,1.4967142884352e-05,4.7174473655095e-12,-1.0559969043994e-10,6.4604654076732,0.038585611827563,1.809663530139e-14,1
218.2,128,0,218.2,0.00066803355383451,1.4967114490137e-05,4.7174473655095e-12,-1.0559969043994e-10,6.4585361270818,0.038585611827563,1.809663530139e-14,1
218.25,128,0,218.25,0.00066803482178863,1.4967086095921e-05,4.7174473655095e-12,-1.0559969043994e-10,6.4566068464904,0.038585611827563,1.809663530139e-14,1
218.3,128,0,218.3,0.00066803608974274,1.4967057701706e-05,4.7174473655095e-12,-1.0559969043994e-10,6.454677565899,0.038585611827563,1.809663530139e-14,1
218.35,128,0,218.35,0.00066803735769685,1.496702930749e-05,4.7174473655095e-12,-1.0559969043994e-10,6.4527482853077,0.038585611827563,1.809663530139e-14,1
218.4,128,0,218.4,0.00066803862565097,1.4967000913275e-05,4.7174473655095e-12,-1.0559969043994e-10,6.4508190047163,0.038585611827563,1.809663530139e-14,1
218.45,128,0,218.45,0.00066803989360508,1.4966972519059e-05,4.7174473655095e-12,-1.0559969043994e-10,6.4488897241249,0.038585611827563,1.809663530139e-14,1
218.5,128,0,218.5,0.0006680411615592,1.4966944124844e-05,4.7174473655095e-12,-1.0559969043994e-10,6.4469604435335,0.038585611827563,1.809663530139e-14,1
218.55,128,0,218.55,0.00066804242951331,1.4966915730628e-05,4.7174473655095e-12,-1.0559969043994e-10,6.4450311629421,0.038585611827563,1.809663530139e-14,1
218.6,128,0,218.6,0.00066804369746742,1.4966887336412e-05,4.7174473655095e-12,-1.0559969043994e-10,6.4431018823508,0.038585611827563,1.809663530139e-14,1
218.65,128,0,218.65,0.00066804496542154,1.4966858942197e-05,4.7174473655095e-12,-1.0559969043994e-10,6.4411726017594,0.038585611827563,1.809663530139e-14,1
218.7,128,0,218.7,0.00066804623337565,1.4966830547981e-05,4.7174473655095e-12,-1.0559969043994e-10,6.439243321168,0.038585611827563,1.809663530139e-14,1
218.75,128,0,218.75,0.00066804750132976,1.4966802153766e-05,4.7174473655095e-12,-1.0559969043994e-10,6.4373140405766,0.038585611827563,1.809663530139e-14,1
218.8,128,0,218.8,0.00066804876928388,1.496677375955e-05,4.7174473655095e-12,-1.0559969043994e-10,6.4353847599853,0.038585611827563,1.809663530139e-14,1
218.85,128,0,218.85,0.00066805003723799,1.4966745365335e-05,4.7174473655095e-12,-1.0559969043994e-10,6.4334554793939,0.038585611827563,1.809663530139e-14,1
218.9,128,0,218.9,0.00066805130519211,1.4966716971119e-05,4.7174473655095e-12,-1.0559969043994e-10,6.4315261988025,0.038585611827563,1.809663530139e-14,1
218.95,128,0,218.95,0.00066805257314622,1.4966688576904e-05,4.7174473655095e-12,-1.0559969043994e-10,6.4295969182111,0.038585611827563,1.809663530139e-14,1
219,128,0,219,0.00066805384110033,1.4966660182688e-05,4.7174473655095e-12,-1.0559969043994e-10,6.4276676376197,0.038585611827563,1.809663530139e-14,1
219.05,128,0,219.05,0.00066805029444691,1.4966739617305e-05,-1.4702596266787e-11,3.2914466189491e-10,6.4257383570284,0.038585611827561,1.5654144647215e-14,1
219.1,128,0,219.1,0.0006680467477935,1.4966819051921e-05,-1.4702596266787e-11,3.2914466189491e-10,6.423809076437,0.038585611827561,1.5654144647215e-14,1
219.15,128,0,219.15,0.00066804320114008,1.4966898486538e-05,-1.4702596266787e-11,3.2914466189491e-10,6.4218797958456,0.038585611827561,1.5654144647215e-14,1
219.2,128,0,219.2,0.00066803965448666,1.4966977921154e-05,-1.4702596266787e-11,3.2914466189491e-10,6.4199505152542,0.038585611827561,1.5654144647215e-14,1
219.25,128,0,219.25,0.00066803610783324,1.4967057355771e-05,-1.4702596266787e-11,3.2914466189491e-10,6.4180212346629,0.038585611827561,1.5654144647215e-14,1
219.3,128,0,219.3,0.00066803256117982,1.4967136790387e-05,-1.4702596266787e-11,3.2914466189491e-10,6.4160919540715,0.038585611827561,1.5654144647215e-14,1
219.35,128,0,219.35,0.0006680290145264,1.4967216225004e-05,-1.4702596266787e-11,3.2914466189491e-10,6.4141626734801,0.038585611827561,1.5654144647215e-14,1
219.4,128,0,219.4,0.00066802546787298,1.496729565962e-05,-1.4702596266787e-11,3.2914466189491e-10,6.4122333928887,0.038585611827561,1.5654144647215e-14,1
219.45,128,0,219.45,0.00066802192121956,1.4967375094237e-05,-1.4702596266787e-11,3.2914466189491e-10,6.4103041122973,0.038585611827561,1.5654144647215e-14,1
219.5,128,0,219.5,0.00066801837456614,1.4967454528854e-05,-1.4702596266787e-11,3.2914466189491e-10,6.408374831706,0.038585611827561,1.5654144647215e-14,1
219.55,128,0,219.55,0.00066801482791272,1.496753396347e-05,-1.4702596266787e-11,3.2914466189491e-10,6.4064455511146,0.038585611827561,1.5654144647215e-14,1
219.6,128,0,219.6,0.00066801128125931,1.4967613398087e-05,-1.4702596266787e-11,3.2914466189491e-10,6.4045162705232,0.038585611827561,1.5654144647215e-14,1
219.65,128,0,219.65,0.00066800773460589,1.4967692832703e-05,-1.4702596266787e-11,3.2914466189491e-10,6.4025869899318,0.038585611827561,1.5654144647215e-14,1
219.7,128,0,219.7,0.00066800418795247,1.496777226732e-05,-1.4702596266787e-11,3.2914466189491e-10,6.4006577093404,0.038585611827561,1.5654144647215e-14,1
219.75,128,0,219.75,0.00066800064129905,1.4967851701936e-05,-1.4702596266787e-11,3.2914466189491e-10,6.3987284287491,0.038585611827561,1.5654144647215e-14,1
219.8,128,0,219.8,0.00066799709464563,1.4967931136553e-05,-1.4702596266787e-11,3.2914466189491e-10,6.3967991481577,0.038585611827561,1.5654144647215e-14,1
219.85,128,0,219.85,0.00066799354799221,1.4968010571169e-05,-1.4702596266787e-11,3.2914466189491e-10,6.3948698675663,0.038585611827561,1.5654144647215e-14,1
219.9,128,0,219.9,0.00066799000133879,1.4968090005786e-05,-1.4702596266787e-11,3.2914466189491e-10,6.3929405869749,0.038585611827561,1.5654144647215e-14,1
219.95,128,0,219.95,0.00066798645468537,1.4968169440403e-05,-1.4702596266787e-11,3.2914466189491e-10,6.3910113063836,0.038585611827561,1.5654144647215e-14,1
220,128,0,220,0.00066798290803195,1.4968248875019e-05,-1.4702596266787e-11,3.2914466189491e-10,6.3890820257922,0.038585611827561,1.5654144647215e-14,1
220.05,128,0,220.05,0.00066798890757237,1.4968114491257e-05,1.2971701722679e-11,-2.9037041150367e-10,6.3871527452008,0.03858561182755,-9.9920072216264e-16,1
220.1,128,0,220.1,0.00066799490711278,1.4967980107494e-05,1.2971701722679e-11,-2.9037041150367e-10,6.3852234646094,0.03858561182755,-9.9920072216264e-16,1
220.15,128,0,220.15,0.0006680009066532,1.4967845723732e-05,1.2971701722679e-11,-2.9037041150367e-10,6.383294184018,0.03858561182755,-9.9920072216264e-16,1
220.2,128,0,220.2,0.00066800690619361,1.496771133997e-05,1.2971701722679e-11,-2.9037041150367e-10,6.3813649034267,0.03858561182755,-9.9920072216264e-16,1
220.25,128,0,220.25,0.00066801290573403,1.4967576956207e-05,1.2971701722679e-11,-2.9037041150367e-10,6.3794356228353,0.03858561182755,-9.9920072216264e-16,1
220.3,128,0,220.3,0.00066801890527444,1.4967442572445e-05,1.2971701722679e-11,-2.9037041150367e-10,6.3775063422439,0.03858561182755,-9.9920072216264e-16,1
220.35,128,0,220.35,0.00066802490481486,1.4967308188682e-05,1.2971701722679e-11,-2.9037041150367e-10,6.3755770616525,0.03858561182755,-9.9920072216264e-16,1
220.4,128,0,220.4,0.00066803090435527,1.496717380492e-05,1.2971701722679e-11,-2.9037041150367e-10,6.3736477810612,0.03858561182755,-9.9920072216264e-16,1
220.45,128,0,220.45,0.00066803690389569,1.4967039421158e-05,1.2971701722679e-11,-2.9037041150367e-10,6.3717185004698,0.03858561182755,-9.9920072216264e-16,1
220.5,128,0,220.5,0.0006680429034361,1.4966905037395e-05,1.2971701722679e-11,-2.9037041150367e-10,6.3697892198784,0.03858561182755,-9.9920072216264e-16,1
220.55,128,0,220.55,0.00066804890297652,1.4966770653633e-05,1.2971701722679e-11,-2.9037041150367e-10,6.367859939287,0.03858561182755,-9.9920072216264e-16,1
220.6,128,0,220.6,0.00066805490251693,1.496663626987e-05,1.2971701722679e-11,-2.9037041150367e-10,6.3659306586957,0.03858561182755,-9.9920072216264e-16,1
220.65,128,0,220.65,0.00066806090205735,1.4966501886108e-05,1.2971701722679e-11,-2.9037041150367e-10,6.3640013781043,0.03858561182755,-9.9920072216264e-16,1
220.7,128,0,220.7,0.00066806690159776,1.4966367502346e-05,1.2971701722679e-11,-2.9037041150367e-10,6.3620720975129,0.03858561182755,-9.9920072216264e-16,1
220.75,128,0,220.75,0.00066807290113818,1.4966233118583e-05,1.2971701722679e-11,-2.9037041150367e-10,6.3601428169215,0.03858561182755,-9.9920072216264e-16,1
220.8,128,0,220.8,0.00066807890067859,1.4966098734821e-05,1.2971701722679e-11,-2.9037041150367e-10,6.3582135363302,0.03858561182755,-9.9920072216264e-16,1
220.85,128,0,220.85,0.00066808490021901,1.4965964351058e-05,1.2971701722679e-11,-2.9037041150367e-10,6.3562842557388,0.03858561182755,-9.9920072216264e-16,1
220.9,128,0,220.9,0.00066809089975942,1.4965829967296e-05,1.2971701722679e-11,-2.9037041150367e-10,6.3543549751474,0.03858561182755,-9.9920072216264e-16,1
220.95,128,0,220.95,0.00066809689929984,1.4965695583534e-05,1.2971701722679e-11,-2.9037041150367e-10,6.352425694556,0.03858561182755,-9.9920072216264e-16,1
221,128,0,221,0.00066810289884025,1.4965561199771e-05,1.2971701722679e-11,-2.9037041150367e-10,6.3504964139646,0.03858561182755,-9.9920072216264e-16,1
221.05,128,0,221.05,0.00066809711589423,1.4965690735225e-05,-9.2545548074555e-12,2.0719603942903e-10,6.3485671333733,0.038585611827557,-1.6653345369377e-14,1
221.1,128,0,221.1,0.00066809133294821,1.4965820270679e-05,-9.2545548074555e-12,2.0719603942903e-10,6.3466378527819,0.038585611827557,-1.6653345369377e-14,1
221.15,128,0,221.15,0.00066808555000219,1.4965949806133e-05,-9.2545548074555e-12,2.0719603942903e-10,6.3447085721905,0.038585611827557,-1.6653345369377e-14,1
221.2,128,0,221.2,0.00066807976705617,1.4966079341587e-05,-9.2545548074555e-12,2.0719603942903e-10,6.3427792915991,0.038585611827557,-1.6653345369377e-14,1
221.25,128,0,221.25,0.00066807398411014,1.4966208877041e-05,-9.2545548074555e-12,2.0719603942903e-10,6.3408500110078,0.038585611827557,-1.6653345369377e-14,1
221.3,128,0,221.3,0.00066806820116412,1.4966338412494e-05,-9.2545548074555e-12,2.0719603942903e-10,6.3389207304164,0.038585611827557,-1.6653345369377e-14,1
221.35,128,0,221.35,0.0006680624182181,1.4966467947948e-05,-9.2545548074555e-12,2.0719603942903e-10,6.336991449825,0.038585611827557,-1.6653345369377e-14,1
221.4,128,0,221.4,0.00066805663527208,1.4966597483402e-05,-9.2545548074555e-12,2.0719603942903e-10,6.3350621692336,0.038585611827557,-1.6653345369377e-14,1
221.45,128,0,221.45,0.00066805085232605,1.4966727018856e-05,-9.2545548074555e-12,2.0719603942903e-10,6.3331328886422,0.038585611827557,-1.6653345369377e-14,1
221.5,128,0,221.5,0.00066804506938003,1.496685655431e-05,-9.2545548074555e-12,2.0719603942903e-10,6.3312036080509,0.038585611827557,-1.6653345369377e-14,1
221.55,128,0,221.55,0.00066803928643401,1.4966986089764e-05,-9.2545548074555e-12,2.0719603942903e-10,6.3292743274595,0.038585611827557,-1.6653345369377e-14,1
221.6,128,0,221.6,0.00066803350348799,1.4967115625218e-05,-9.2545548074555e-12,2.0719603942903e-10,6.3273450468681,0.038585611827557,-1.6653345369377e-14,1
221.65,128,0,221.65,0.00066802772054197,1.4967245160672e-05,-9.2545548074555e-12,2.0719603942903e-10,6.3254157662767,0.038585611827557,-1.6653345369377e-14,1
221.7,128,0,221.7,0.00066802193759594,1.4967374696126e-05,-9.2545548074555e-12,2.0719603942903e-10,6.3234864856854,0.038585611827557,-1.6653345369377e-14,1
221.75,128,0,221.75,0.00066801615464992,1.4967504231579e-05,-9.2545548074555e-12,2.0719603942903e-10,6.321557205094,0.038585611827557,-1.6653345369377e-14,1
221.8,128,0,221.8,0.0006680103717039,1.4967633767033e-05,-9.2545548074555e-12,2.0719603942903e-10,6.3196279245026,0.038585611827557,-1.6653345369377e-14,1
221.85,128,0,221.85,0.00066800458875788,1.4967763302487e-05,-9.2545548074555e-12,2.0719603942903e-10,6.3176986439112,0.038585611827557,-1.6653345369377e-14,1
221.9,128,0,221.9,0.00066799880581186,1.4967892837941e-05,-9.2545548074555e-12,2.0719603942903e-10,6.3157693633198,0.038585611827557,-1.6653345369377e-14,1
221.95,128,0,221.95,0.00066799302286583,1.4968022373395e-05,-9.2545548074555e-12,2.0719603942903e-10,6.3138400827285,0.038585611827557,-1.6653345369377e-14,1
222,128,0,222,0.00066798723991981,1.4968151908849e-05,-9.2545548074555e-12,2.0719603942903e-10,6.3119108021371,0.038585611827557,-1.6653345369377e-14,1
222.05,128,0,222.05,0.00066799186565687,1.4968048292814e-05,1.5320787665032e-11,-3.4314257438578e-10,6.3099815215457,0.038585611827555,-4.2188474935756e-15,1
222.1,128,0,222.1,0.00066799649139393,1.4967944676779e-05,1.5320787665032e-11,-3.4314257438578e-10,6.3080522409543,0.038585611827555,-4.2188474935756e-15,1
222.15,128,0,222.15,0.000668001117131,1.4967841060743e-05,1.5320787665032e-11,-3.4314257438578e-10,6.306122960363,0.038585611827555,-4.2188474935756e-15,1
222.2,128,0,222.2,0.00066800574286806,1.4967737444708e-05,1.5320787665032e-11,-3.4314257438578e-10,6.3041936797716,0.038585611827555,-4.2188474935756e-15,1
222.25,128,0,222.25,0.00066801036860512,1.4967633828673e-05,1.5320787665032e-11,-3.4314257438578e-10,6.3022643991802,0.038585611827555,-4.2188474935756e-15,1
222.3,128,0,222.3,0.00066801499434218,1.4967530212638e-05,1.5320787665032e-11,-3.4314257438578e-10,6.3003351185888,0.038585611827555,-4.2188474935756e-15,1
222.35,128,0,222.35,0.00066801962007924,1.4967426596603e-05,1.5320787665032e-11,-3.4314257438578e-10,6.2984058379974,0.038585611827555,-4.2188474935756e-15,1
222.4,128,0,222.4,0.0006680242458163,1.4967322980568e-05,1.5320787665032e-11,-3.4314257438578e-10,6.2964765574061,0.038585611827555,-4.2188474935756e-15,1
222.45,128,0,222.45,0.00066802887155337,1.4967219364532e-05,1.5320787665032e-11,-3.4314257438578e-10,6.2945472768147,0.038585611827555,-4.2188474935756e-15,1
222.5,128,0,222.5,0.00066803349729043,1.4967115748497e-05,1.5320787665032e-11,-3.4314257438578e-10,6.2926179962233,0.038585611827555,-4.2188474935756e-15,1
222.55,128,0,222.55,0.00066803812302749,1.4967012132462e-05,1.5320787665032e-11,-3.4314257438578e-10,6.2906887156319,0.038585611827555,-4.2188474935756e-15,1
222.6,128,0,222.6,0.00066804274876455,1.4966908516427e-05,1.5320787665032e-11,-3.4314257438578e-10,6.2887594350405,0.038585611827555,-4.2188474935756e-15,1
222.65,128,0,222.65,0.00066804737450161,1.4966804900392e-05,1.5320787665032e-11,-3.4314257438578e-10,6.2868301544492,0.038585611827555,-4.2188474935756e-15,1
222.7,128,0,222.7,0.00066805200023867,1.4966701284356e-05,1.5320787665032e-11,-3.4314257438578e-10,6.2849008738578,0.038585611827555,-4.2188474935756e-15,1
222.75,128,0,222.75,0.00066805662597574,1.4966597668321e-05,1.5320787665032e-11,-3.4314257438578e-10,6.2829715932664,0.038585611827555,-4.2188474935756e-15,1
222.8,128,0,222.8,0.0006680612517128,1.4966494052286e-05,1.5320787665032e-11,-3.4314257438578e-10,6.281042312675,0.038585611827555,-4.2188474935756e-15,1
222.85,128,0,222.85,0.00066806587744986,1.4966390436251e-05,1.5320787665032e-11,-3.4314257438578e-10,6.2791130320837,0.038585611827555,-4.2188474935756e-15,1
222.9,128,0,222.9,0.00066807050318692,1.4966286820216e-05,1.5320787665032e-11,-3.4314257438578e-10,6.2771837514923,0.038585611827555,-4.2188474935756e-15,1
222.95,128,0,222.95,0.00066807512892398,1.4966183204181e-05,1.5320787665032e-11,-3.4314257438578e-10,6.2752544709009,0.038585611827555,-4.2188474935756e-15,1
223,128,0,223,0.00066807975466104,1.4966079588145e-05,1.5320787665032e-11,-3.4314257438578e-10,6.2733251903095,0.038585611827555,-4.2188474935756e-15,1
223.05,128,0,223.05,0.00066807686349691,1.4966144349651e-05,-2.3625629536089e-11,5.2923674177005e-10,6.2713959097181,0.038585611827567,2.7755575615629e-15,1
223.1,128,0,223.1,0.00066807397233278,1.4966209111157e-05,-2.3625629536089e-11,5.2923674177005e-10,6.2694666291268,0.038585611827567,2.7755575615629e-15,1
223.15,128,0,223.15,0.00066807108116864,1.4966273872663e-05,-2.3625629536089e-11,5.2923674177005e-10,6.2675373485354,0.038585611827567,2.7755575615629e-15,1
223.2,128,0,223.2,0.00066806819000451,1.4966338634168e-05,-2.3625629536089e-11,5.2923674177005e-10,6.265608067944,0.038585611827567,2.7755575615629e-15,1
223.25,128,0,223.25,0.00066806529884038,1.4966403395674e-05,-2.3625629536089e-11,5.2923674177005e-10,6.2636787873526,0.038585611827567,2.7755575615629e-15,1
223.3,128,0,223.3,0.00066806240767624,1.496646815718e-05,-2.3625629536089e-11,5.2923674177005e-10,6.2617495067613,0.038585611827567,2.7755575615629e-15,1
223.35,128,0,223.35,0.00066805951651211,1.4966532918686e-05,-2.3625629536089e-11,5.2923674177005e-10,6.2598202261699,0.038585611827567,2.7755575615629e-15,1
223.4,128,0,223.4,0.00066805662534798,1.4966597680191e-05,-2.3625629536089e-11,5.2923674177005e-10,6.2578909455785,0.038585611827567,2.7755575615629e-15,1
223.45,128,0,223.45,0.00066805373418384,1.4966662441697e-05,-2.3625629536089e-11,5.2923674177005e-10,6.2559616649871,0.038585611827567,2.7755575615629e-15,1
223.5,128,0,223.5,0.00066805084301971,1.4966727203203e-05,-2.3625629536089e-11,5.2923674177005e-10,6.2540323843957,0.038585611827567,2.7755575615629e-15,1
223.55,128,0,223.55,0.00066804795185557,1.4966791964709e-05,-2.3625629536089e-11,5.2923674177005e-10,6.2521031038044,0.038585611827567,2.7755575615629e-15,1
223.6,128,0,223.6,0.00066804506069144,1.4966856726214e-05,-2.3625629536089e-11,5.2923674177005e-10,6.250173823213,0.038585611827567,2.7755575615629e-15,1
223.65,128,0,223.65,0.00066804216952731,1.496692148772e-05,-2.3625629536089e-11,5.2923674177005e-10,6.2482445426216,0.038585611827567,2.7755575615629e-15,1
223.7,128,0,223.7,0.00066803927836317,1.4966986249226e-05,-2.3625629536089e-11,5.2923674177005e-10,6.2463152620302,0.038585611827567,2.7755575615629e-15,1
223.75,128,0,223.75,0.00066803638719904,1.4967051010732e-05,-2.3625629536089e-11,5.2923674177005e-10,6.2443859814388,0.038585611827567,2.7755575615629e-15,1
223.8,128,0,223.8,0.00066803349603491,1.4967115772237e-05,-2.3625629536089e-11,5.2923674177005e-10,6.2424567008475,0.038585611827567,2.7755575615629e-15,1
223.85,128,0,223.85,0.00066803060487077,1.4967180533743e-05,-2.3625629536089e-11,5.2923674177005e-10,6.2405274202561,0.038585611827567,2.7755575615629e-15,1
223.9,128,0,223.9,0.00066802771370664,1.4967245295249e-05,-2.3625629536089e-11,5.2923674177005e-10,6.2385981396647,0.038585611827567,2.7755575615629e-15,1
223.95,128,0,223.95,0.00066802482254251,1.4967310056755e-05,-2.3625629536089e-11,5.2923674177005e-10,6.2366688590733,0.038585611827567,2.7755575615629e-15,1
224,128,0,224,0.00066802193137837,1.496737481826e-05,-2.3625629536089e-11,5.2923674177005e-10,6.234739578482,0.038585611827567,2.7755575615629e-15,1
224.05,128,0,224.05,0.00066802309480828,1.4967348757098e-05,2.2043523916521e-11,-4.9377307903241e-10,6.2328102978906,0.038585611827558,-5.5511151231258e-15,1
224.1,128,0,224.1,0.00066802425823819,1.4967322695936e-05,2.2043523916521e-11,-4.9377307903241e-10,6.2308810172992,0.038585611827558,-5.5511151231258e-15,1
224.15,128,0,224.15,0.00066802542166809,1.4967296634774e-05,2.2043523916521e-11,-4.9377307903241e-10,6.2289517367078,0.038585611827558,-5.5511151231258e-15,1
224.2,128,0,224.2,0.000668026585098,1.4967270573612e-05,2.2043523916521e-11,-4.9377307903241e-10,6.2270224561164,0.038585611827558,-5.5511151231258e-15,1
224.25,128,0,224.25,0.00066802774852791,1.496724451245e-05,2.2043523916521e-11,-4.9377307903241e-10,6.2250931755251,0.038585611827558,-5.5511151231258e-15,1
224.3,128,0,224.3,0.00066802891195781,1.4967218451288e-05,2.2043523916521e-11,-4.9377307903241e-10,6.2231638949337,0.038585611827558,-5.5511151231258e-15,1
224.35,128,0,224.35,0.00066803007538772,1.4967192390126e-05,2.2043523916521e-11,-4.9377307903241e-10,6.2212346143423,0.038585611827558,-5.5511151231258e-15,1
224.4,128,0,224.4,0.00066803123881763,1.4967166328964e-05,2.2043523916521e-11,-4.9377307903241e-10,6.2193053337509,0.038585611827558,-5.5511151231258e-15,1
224.45,128,0,224.45,0.00066803240224754,1.4967140267802e-05,2.2043523916521e-11,-4.9377307903241e-10,6.2173760531596,0.038585611827558,-5.5511151231258e-15,1
224.5,128,0,224.5,0.00066803356567744,1.496711420664e-05,2.2043523916521e-11,-4.9377307903241e-10,6.2154467725682,0.038585611827558,-5.5511151231258e-15,1
224.55,128,0,224.55,0.00066803472910735,1.4967088145478e-05,2.2043523916521e-11,-4.9377307903241e-10,6.2135174919768,0.038585611827558,-5.5511151231258e-15,1
224.6,128,0,224.6,0.00066803589253726,1.4967062084316e-05,2.2043523916521e-11,-4.9377307903241e-10,6.2115882113854,0.038585611827558,-5.5511151231258e-15,1
224.65,128,0,224.65,0.00066803705596716,1.4967036023153e-05,2.2043523916521e-11,-4.9377307903241e-10,6.209658930794,0.038585611827558,-5.5511151231258e-15,1
224.7,128,0,224.7,0.00066803821939707,1.4967009961991e-05,2.2043523916521e-11,-4.9377307903241e-10,6.2077296502027,0.038585611827558,-5.5511151231258e-15,1
224.75,128,0,224.75,0.00066803938282698,1.4966983900829e-05,2.2043523916521e-11,-4.9377307903241e-10,6.2058003696113,0.038585611827558,-5.5511151231258e-15,1
224.8,128,0,224.8,0.00066804054625688,1.4966957839667e-05,2.2043523916521e-11,-4.9377307903241e-10,6.2038710890199,0.038585611827558,-5.5511151231258e-15,1
224.85,128,0,224.85,0.00066804170968679,1.4966931778505e-05,2.2043523916521e-11,-4.9377307903241e-10,6.2019418084285,0.038585611827558,-5.5511151231258e-15,1
224.9,128,0,224.9,0.0006680428731167,1.4966905717343e-05,2.2043523916521e-11,-4.9377307903241e-10,6.2000125278372,0.038585611827558,-5.5511151231258e-15,1
224.95,128,0,224.95,0.00066804403654661,1.4966879656181e-05,2.2043523916521e-11,-4.9377307903241e-10,6.1980832472458,0.038585611827558,-5.5511151231258e-15,1
225,128,0,225,0.00066804519997651,1.4966853595019e-05,2.2043523916521e-11,-4.9377307903241e-10,6.1961539666544,0.038585611827558,-5.5511151231258e-15,1
225.05,128,0,225.05,0.00066804504923371,1.4966856972039e-05,-1.8985957573857e-11,4.2528941071417e-10,6.194224686063,0.038585611827581,-2.1094237467878e-15,1
225.1,128,0,225.1,0.00066804489849091,1.4966860349059e-05,-1.8985957573857e-11,4.2528941071417e-10,6.1922954054716,0.038585611827581,-2.1094237467878e-15,1
225.15,128,0,225.15,0.00066804474774811,1.496686372608e-05,-1.8985957573857e-11,4.2528941071417e-10,6.1903661248803,0.038585611827581,-2.1094237467878e-15,1
225.2,128,0,225.2,0.00066804459700531,1.49668671031e-05,-1.8985957573857e-11,4.2528941071417e-10,6.1884368442889,0.038585611827581,-2.1094237467878e-15,1
225.25,128,0,225.25,0.00066804444626251,1.496687048012e-05,-1.8985957573857e-11,4.2528941071417e-10,6.1865075636975,0.038585611827581,-2.1094237467878e-15,1
225.3,128,0,225.3,0.00066804429551971,1.496687385714e-05,-1.8985957573857e-11,4.2528941071417e-10,6.1845782831061,0.038585611827581,-2.1094237467878e-15,1
225.35,128,0,225.35,0.00066804414477691,1.496687723416e-05,-1.8985957573857e-11,4.2528941071417e-10,6.1826490025147,0.038585611827581,-2.1094237467878e-15,1
225.4,128,0,225.4,0.00066804399403411,1.4966880611181e-05,-1.8985957573857e-11,4.2528941071417e-10,6.1807197219234,0.038585611827581,-2.1094237467878e-15,1
225.45,128,0,225.45,0.0006680438432913,1.4966883988201e-05,-1.8985957573857e-11,4.2528941071417e-10,6.178790441332,0.038585611827581,-2.1094237467878e-15,1
225.5,128,0,225.5,0.0006680436925485,1.4966887365221e-05,-1.8985957573857e-11,4.2528941071417e-10,6.1768611607406,0.038585611827581,-2.1094237467878e-15,1
225.55,128,0,225.55,0.0006680435418057,1.4966890742241e-05,-1.8985957573857e-11,4.2528941071417e-10,6.1749318801492,0.038585611827581,-2.1094237467878e-15,1
225.6,128,0,225.6,0.0006680433910629,1.4966894119262e-05,-1.8985957573857e-11,4.2528941071417e-10,6.1730025995579,0.038585611827581,-2.1094237467878e-15,1
225.65,128,0,225.65,0.0006680432403201,1.4966897496282e-05,-1.8985957573857e-11,4.2528941071417e-10,6.1710733189665,0.038585611827581,-2.1094237467878e-15,1
225.7,128,0,225.7,0.0006680430895773,1.4966900873302e-05,-1.8985957573857e-11,4.2528941071417e-10,6.1691440383751,0.038585611827581,-2.1094237467878e-15,1
225.75,128,0,225.75,0.0006680429388345,1.4966904250322e-05,-1.8985957573857e-11,4.2528941071417e-10,6.1672147577837,0.038585611827581,-2.1094237467878e-15,1
225.8,128,0,225.8,0.0006680427880917,1.4966907627343e-05,-1.8985957573857e-11,4.2528941071417e-10,6.1652854771923,0.038585611827581,-2.1094237467878e-15,1
225.85,128,0,225.85,0.0006680426373489,1.4966911004363e-05,-1.8985957573857e-11,4.2528941071417e-10,6.163356196601,0.038585611827581,-2.1094237467878e-15,1
225.9,128,0,225.9,0.0006680424866061,1.4966914381383e-05,-1.8985957573857e-11,4.2528941071417e-10,6.1614269160096,0.038585611827581,-2.1094237467878e-15,1
225.95,128,0,225.95,0.0006680423358633,1.4966917758403e-05,-1.8985957573857e-11,4.2528941071417e-10,6.1594976354182,0.038585611827581,-2.1094237467878e-15,1
226,128,0,226,0.0006680421851205,1.4966921135423e-05,-1.8985957573857e-11,4.2528941071417e-10,6.1575683548268,0.038585611827581,-2.1094237467878e-15,1
226.05,128,0,226.05,0.00066804255531584,1.4966912842898e-05,1.8153809023784e-11,-4.0666316501891e-10,6.1556390742354,0.03858561182755,2.8865798640254e-15,1
226.1,128,0,226.1,0.00066804292551118,1.4966904550373e-05,1.8153809023784e-11,-4.0666316501891e-10,6.1537097936441,0.03858561182755,2.8865798640254e-15,1
226.15,128,0,226.15,0.00066804329570652,1.4966896257848e-05,1.8153809023784e-11,-4.0666316501891e-10,6.1517805130527,0.03858561182755,2.8865798640254e-15,1
226.2,128,0,226.2,0.00066804366590186,1.4966887965323e-05,1.8153809023784e-11,-4.0666316501891e-10,6.1498512324613,0.03858561182755,2.8865798640254e-15,1
226.25,128,0,226.25,0.0006680440360972,1.4966879672797e-05,1.8153809023784e-11,-4.0666316501891e-10,6.1479219518699,0.03858561182755,2.8865798640254e-15,1
226.3,128,0,226.3,0.00066804440629255,1.4966871380272e-05,1.8153809023784e-11,-4.0666316501891e-10,6.1459926712786,0.03858561182755,2.8865798640254e-15,1
226.35,128,0,226.35,0.00066804477648789,1.4966863087747e-05,1.8153809023784e-11,-4.0666316501891e-10,6.1440633906872,0.03858561182755,2.8865798640254e-15,1
226.4,128,0,226.4,0.00066804514668323,1.4966854795222e-05,1.8153809023784e-11,-4.0666316501891e-10,6.1421341100958,0.03858561182755,2.8865798640254e-15,1
226.45,128,0,226.45,0.00066804551687857,1.4966846502697e-05,1.8153809023784e-11,-4.0666316501891e-10,6.1402048295044,0.03858561182755,2.8865798640254e-15,1
226.5,128,0,226.5,0.00066804588707391,1.4966838210171e-05,1.8153809023784e-11,-4.0666316501891e-10,6.138275548913,0.03858561182755,2.8865798640254e-15,1
226.55,128,0,226.55,0.00066804625726925,1.4966829917646e-05,1.8153809023784e-11,-4.0666316501891e-10,6.1363462683217,0.03858561182755,2.8865798640254e-15,1
226.6,128,0,226.6,0.0006680466274646,1.4966821625121e-05,1.8153809023784e-11,-4.0666316501891e-10,6.1344169877303,0.03858561182755,2.8865798640254e-15,1
226.65,128,0,226.65,0.00066804699765994,1.4966813332596e-05,1.8153809023784e-11,-4.0666316501891e-10,6.1324877071389,0.03858561182755,2.8865798640254e-15,1
226.7,128,0,226.7,0.00066804736785528,1.4966805040071e-05,1.8153809023784e-11,-4.0666316501891e-10,6.1305584265475,0.03858561182755,2.8865798640254e-15,1
226.75,128,0,226.75,0.00066804773805062,1.4966796747545e-05,1.8153809023784e-11,-4.0666316501891e-10,6.1286291459562,0.03858561182755,2.8865798640254e-15,1
226.8,128,0,226.8,0.00066804810824596,1.496678845502e-05,1.8153809023784e-11,-4.0666316501891e-10,6.1266998653648,0.03858561182755,2.8865798640254e-15,1
226.85,128,0,226.85,0.0006680484784413,1.4966780162495e-05,1.8153809023784e-11,-4.0666316501891e-10,6.1247705847734,0.03858561182755,2.8865798640254e-15,1
226.9,128,0,226.9,0.00066804884863665,1.496677186997e-05,1.8153809023784e-11,-4.0666316501891e-10,6.122841304182,0.03858561182755,2.8865798640254e-15,1
226.95,128,0,226.95,0.00066804921883199,1.4966763577445e-05,1.8153809023784e-11,-4.0666316501891e-10,6.1209120235906,0.03858561182755,2.8865798640254e-15,1
227,128,0,227,0.00066804958902733,1.4966755284919e-05,1.8153809023784e-11,-4.0666316501891e-10,6.1189827429993,0.03858561182755,2.8865798640254e-15,1
227.05,128,0,227.05,0.00066804871695002,1.4966774820031e-05,-1.7398243189887e-11,3.8973873198329e-10,6.1170534624079,0.038585611827568,-3.0531133177192e-15,1
227.1,128,0,227.1,0.00066804784487271,1.4966794355143e-05,-1.7398243189887e-11,3.8973873198329e-10,6.1151241818165,0.038585611827568,-3.0531133177192e-15,1
227.15,128,0,227.15,0.0006680469727954,1.4966813890255e-05,-1.7398243189887e-11,3.8973873198329e-10,6.1131949012251,0.038585611827568,-3.0531133177192e-15,1
227.2,128,0,227.2,0.00066804610071809,1.4966833425367e-05,-1.7398243189887e-11,3.8973873198329e-10,6.1112656206338,0.038585611827568,-3.0531133177192e-15,1
227.25,128,0,227.25,0.00066804522864078,1.4966852960479e-05,-1.7398243189887e-11,3.8973873198329e-10,6.1093363400424,0.038585611827568,-3.0531133177192e-15,1
227.3,128,0,227.3,0.00066804435656348,1.4966872495591e-05,-1.7398243189887e-11,3.8973873198329e-10,6.107407059451,0.038585611827568,-3.0531133177192e-15,1
227.35,128,0,227.35,0.00066804348448617,1.4966892030703e-05,-1.7398243189887e-11,3.8973873198329e-10,6.1054777788596,0.038585611827568,-3.0531133177192e-15,1
227.4,128,0,227.4,0.00066804261240886,1.4966911565815e-05,-1.7398243189887e-11,3.8973873198329e-10,6.1035484982682,0.038585611827568,-3.0531133177192e-15,1
227.45,128,0,227.45,0.00066804174033155,1.4966931100927e-05,-1.7398243189887e-11,3.8973873198329e-10,6.1016192176769,0.038585611827568,-3.0531133177192e-15,1
227.5,128,0,227.5,0.00066804086825424,1.4966950636039e-05,-1.7398243189887e-11,3.8973873198329e-10,6.0996899370855,0.038585611827568,-3.0531133177192e-15,1
227.55,128,0,227.55,0.00066803999617693,1.4966970171151e-05,-1.7398243189887e-11,3.8973873198329e-10,6.0977606564941,0.038585611827568,-3.0531133177192e-15,1
227.6,128,0,227.6,0.00066803912409962,1.4966989706263e-05,-1.7398243189887e-11,3.8973873198329e-10,6.0958313759027,0.038585611827568,-3.0531133177192e-15,1
227.65,128,0,227.65,0.00066803825202231,1.4967009241375e-05,-1.7398243189887e-11,3.8973873198329e-10,6.0939020953114,0.038585611827568,-3.0531133177192e-15,1
227.7,128,0,227.7,0.00066803737994501,1.4967028776487e-05,-1.7398243189887e-11,3.8973873198329e-10,6.09197281472,0.038585611827568,-3.0531133177192e-15,1
227.75,128,0,227.75,0.0006680365078677,1.4967048311599e-05,-1.7398243189887e-11,3.8973873198329e-10,6.0900435341286,0.038585611827568,-3.0531133177192e-15,1
227.8,128,0,227.8,0.00066803563579039,1.4967067846711e-05,-1.7398243189887e-11,3.8973873198329e-10,6.0881142535372,0.038585611827568,-3.0531133177192e-15,1
227.85,128,0,227.85,0.00066803476371308,1.4967087381823e-05,-1.7398243189887e-11,3.8973873198329e-10,6.0861849729458,0.038585611827568,-3.0531133177192e-15,1
227.9,128,0,227.9,0.00066803389163577,1.4967106916935e-05,-1.7398243189887e-11,3.8973873198329e-10,6.0842556923545,0.038585611827568,-3.0531133177192e-15,1
227.95,128,0,227.95,0.00066803301955846,1.4967126452047e-05,-1.7398243189887e-11,3.8973873198329e-10,6.0823264117631,0.038585611827568,-3.0531133177192e-15,1
228,128,0,228,0.00066803214748115,1.4967145987159e-05,-1.7398243189887e-11,3.8973873198329e-10,6.0803971311717,0.038585611827568,-3.0531133177192e-15,1
228.05,128,0,228.05,0.00066803265035937,1.4967134722146e-05,1.6569039392844e-11,-3.7115978238138e-10,6.0784678505803,0.038585611827564,-2.3758772726978e-14,1
228.1,128,0,228.1,0.0006680331532376,1.4967123457132e-05,1.6569039392844e-11,-3.7115978238138e-10,6.0765385699889,0.038585611827564,-2.3758772726978e-14,1
228.15,128,0,228.15,0.00066803365611582,1.4967112192119e-05,1.6569039392844e-11,-3.7115978238138e-10,6.0746092893976,0.038585611827564,-2.3758772726978e-14,1
228.2,128,0,228.2,0.00066803415899404,1.4967100927106e-05,1.6569039392844e-11,-3.7115978238138e-10,6.0726800088062,0.038585611827564,-2.3758772726978e-14,1
228.25,128,0,228.25,0.00066803466187226,1.4967089662093e-05,1.6569039392844e-11,-3.7115978238138e-10,6.0707507282148,0.038585611827564,-2.3758772726978e-14,1
228.3,128,0,228.3,0.00066803516475048,1.496707839708e-05,1.6569039392844e-11,-3.7115978238138e-10,6.0688214476234,0.038585611827564,-2.3758772726978e-14,1
228.35,128,0,228.35,0.0006680356676287,1.4967067132067e-05,1.6569039392844e-11,-3.7115978238138e-10,6.0668921670321,0.038585611827564,-2.3758772726978e-14,1
228.4,128,0,228.4,0.00066803617050692,1.4967055867054e-05,1.6569039392844e-11,-3.7115978238138e-10,6.0649628864407,0.038585611827564,-2.3758772726978e-14,1
228.45,128,0,228.45,0.00066803667338514,1.4967044602041e-05,1.6569039392844e-11,-3.7115978238138e-10,6.0630336058493,0.038585611827564,-2.3758772726978e-14,1
228.5,128,0,228.5,0.00066803717626336,1.4967033337028e-05,1.6569039392844e-11,-3.7115978238138e-10,6.0611043252579,0.038585611827564,-2.3758772726978e-14,1
228.55,128,0,228.55,0.00066803767914159,1.4967022072015e-05,1.6569039392844e-11,-3.7115978238138e-10,6.0591750446666,0.038585611827564,-2.3758772726978e-14,1
228.6,128,0,228.6,0.00066803818201981,1.4967010807001e-05,1.6569039392844e-11,-3.7115978238138e-10,6.0572457640752,0.038585611827564,-2.3758772726978e-14,1
228.65,128,0,228.65,0.00066803868489803,1.4966999541988e-05,1.6569039392844e-11,-3.7115978238138e-10,6.0553164834838,0.038585611827564,-2.3758772726978e-14,1
228.7,128,0,228.7,0.00066803918777625,1.4966988276975e-05,1.6569039392844e-11,-3.7115978238138e-10,6.0533872028924,0.038585611827564,-2.3758772726978e-14,1
228.75,128,0,228.75,0.00066803969065447,1.4966977011962e-05,1.6569039392844e-11,-3.7115978238138e-10,6.051457922301,0.038585611827564,-2.3758772726978e-14,1
228.8,128,0,228.8,0.00066804019353269,1.4966965746949e-05,1.6569039392844e-11,-3.7115978238138e-10,6.0495286417097,0.038585611827564,-2.3758772726978e-14,1
228.85,128,0,228.85,0.00066804069641091,1.4966954481936e-05,1.6569039392844e-11,-3.7115978238138e-10,6.0475993611183,0.038585611827564,-2.3758772726978e-14,1
228.9,128,0,228.9,0.00066804119928913,1.4966943216923e-05,1.6569039392844e-11,-3.7115978238138e-10,6.0456700805269,0.038585611827564,-2.3758772726978e-14,1
228.95,128,0,228.95,0.00066804170216736,1.496693195191e-05,1.6569039392844e-11,-3.7115978238138e-10,6.0437407999355,0.038585611827564,-2.3758772726978e-14,1
229,128,0,229,0.00066804220504558,1.4966920686897e-05,1.6569039392844e-11,-3.7115978238138e-10,6.0418115193442,0.038585611827564,-2.3758772726978e-14,1
229.05,128,0,229.05,0.0006680422508599,1.4966919660632e-05,-1.6865284303323e-11,3.7780010517838e-10,6.0398822387528,0.038585611827548,-2.5313084961454e-14,1
229.1,128,0,229.1,0.00066804229667423,1.4966918634367e-05,-1.6865284303323e-11,3.7780010517838e-10,6.0379529581614,0.038585611827548,-2.5313084961454e-14,1
229.15,128,0,229.15,0.00066804234248855,1.4966917608102e-05,-1.6865284303323e-11,3.7780010517838e-10,6.03602367757,0.038585611827548,-2.5313084961454e-14,1
229.2,128,0,229.2,0.00066804238830288,1.4966916581837e-05,-1.6865284303323e-11,3.7780010517838e-10,6.0340943969786,0.038585611827548,-2.5313084961454e-14,1
229.25,128,0,229.25,0.00066804243411721,1.4966915555572e-05,-1.6865284303323e-11,3.7780010517838e-10,6.0321651163873,0.038585611827548,-2.5313084961454e-14,1
229.3,128,0,229.3,0.00066804247993153,1.4966914529307e-05,-1.6865284303323e-11,3.7780010517838e-10,6.0302358357959,0.038585611827548,-2.5313084961454e-14,1
229.35,128,0,229.35,0.00066804252574586,1.4966913503043e-05,-1.6865284303323e-11,3.7780010517838e-10,6.0283065552045,0.038585611827548,-2.5313084961454e-14,1
229.4,128,0,229.4,0.00066804257156018,1.4966912476778e-05,-1.6865284303323e-11,3.7780010517838e-10,6.0263772746131,0.038585611827548,-2.5313084961454e-14,1
229.45,128,0,229.45,0.00066804261737451,1.4966911450513e-05,-1.6865284303323e-11,3.7780010517838e-10,6.0244479940218,0.038585611827548,-2.5313084961454e-14,1
229.5,128,0,229.5,0.00066804266318884,1.4966910424248e-05,-1.6865284303323e-11,3.7780010517838e-10,6.0225187134304,0.038585611827548,-2.5313084961454e-14,1
229.55,128,0,229.55,0.00066804270900316,1.4966909397983e-05,-1.6865284303323e-11,3.7780010517838e-10,6.020589432839,0.038585611827548,-2.5313084961454e-14,1
229.6,128,0,229.6,0.00066804275481749,1.4966908371718e-05,-1.6865284303323e-11,3.7780010517838e-10,6.0186601522476,0.038585611827548,-2.5313084961454e-14,1
229.65,128,0,229.65,0.00066804280063181,1.4966907345453e-05,-1.6865284303323e-11,3.7780010517838e-10,6.0167308716562,0.038585611827548,-2.5313084961454e-14,1
229.7,128,0,229.7,0.00066804284644614,1.4966906319188e-05,-1.6865284303323e-11,3.7780010517838e-10,6.0148015910649,0.038585611827548,-2.5313084961454e-14,1
229.75,128,0,229.75,0.00066804289226047,1.4966905292924e-05,-1.6865284303323e-11,3.7780010517838e-10,6.0128723104735,0.038585611827548,-2.5313084961454e-14,1
229.8,128,0,229.8,0.00066804293807479,1.4966904266659e-05,-1.6865284303323e-11,3.7780010517838e-10,6.0109430298821,0.038585611827548,-2.5313084961454e-14,1
229.85,128,0,229.85,0.00066804298388912,1.4966903240394e-05,-1.6865284303323e-11,3.7780010517838e-10,6.0090137492907,0.038585611827548,-2.5313084961454e-14,1
229.9,128,0,229.9,0.00066804302970344,1.4966902214129e-05,-1.6865284303323e-11,3.7780010517838e-10,6.0070844686993,0.038585611827548,-2.5313084961454e-14,1
229.95,128,0,229.95,0.00066804307551777,1.4966901187864e-05,-1.6865284303323e-11,3.7780010517838e-10,6.005155188108,0.038585611827548,-2.5313084961454e-14,1
230,128,0,230,0.0006680431213321,1.4966900161599e-05,-1.6865284303323e-11,3.7780010517838e-10,6.0032259075166,0.038585611827548,-2.5313084961454e-14,1
230.05,128,0,230.05,0.00066804342942689,1.4966893260188e-05,1.7575998455323e-11,-3.9372506255829e-10,6.0012966269252,0.03858561182756,1.1546319456102e-14,1
230.1,128,0,230.1,0.00066804373752169,1.4966886358777e-05,1.7575998455323e-11,-3.9372506255829e-10,5.9993673463338,0.03858561182756,1.1546319456102e-14,1
230.15,128,0,230.15,0.00066804404561649,1.4966879457365e-05,1.7575998455323e-11,-3.9372506255829e-10,5.9974380657425,0.03858561182756,1.1546319456102e-14,1
230.2,128,0,230.2,0.00066804435371129,1.4966872555954e-05,1.7575998455323e-11,-3.9372506255829e-10,5.9955087851511,0.03858561182756,1.1546319456102e-14,1
230.25,128,0,230.25,0.00066804466180608,1.4966865654543e-05,1.7575998455323e-11,-3.9372506255829e-10,5.9935795045597,0.03858561182756,1.1546319456102e-14,1
230.3,128,0,230.3,0.00066804496990088,1.4966858753131e-05,1.7575998455323e-11,-3.9372506255829e-10,5.9916502239683,0.03858561182756,1.1546319456102e-14,1
230.35,128,0,230.35,0.00066804527799568,1.496685185172e-05,1.7575998455323e-11,-3.9372506255829e-10,5.9897209433769,0.03858561182756,1.1546319456102e-14,1
230.4,128,0,230.4,0.00066804558609048,1.4966844950309e-05,1.7575998455323e-11,-3.9372506255829e-10,5.9877916627856,0.03858561182756,1.1546319456102e-14,1
230.45,128,0,230.45,0.00066804589418528,1.4966838048897e-05,1.7575998455323e-11,-3.9372506255829e-10,5.9858623821942,0.03858561182756,1.1546319456102e-14,1
230.5,128,0,230.5,0.00066804620228007,1.4966831147486e-05,1.7575998455323e-11,-3.9372506255829e-10,5.9839331016028,0.03858561182756,1.1546319456102e-14,1
230.55,128,0,230.55,0.00066804651037487,1.4966824246075e-05,1.7575998455323e-11,-3.9372506255829e-10,5.9820038210114,0.03858561182756,1.1546319456102e-14,1
230.6,128,0,230.6,0.00066804681846967,1.4966817344664e-05,1.7575998455323e-11,-3.9372506255829e-10,5.98007454042,0.03858561182756,1.1546319456102e-14,1
230.65,128,0,230.65,0.00066804712656447,1.4966810443252e-05,1.7575998455323e-11,-3.9372506255829e-10,5.9781452598287,0.03858561182756,1.1546319456102e-14,1
230.7,128,0,230.7,0.00066804743465926,1.4966803541841e-05,1.7575998455323e-11,-3.9372506255829e-10,5.9762159792373,0.03858561182756,1.1546319456102e-14,1
230.75,128,0,230.75,0.00066804774275406,1.496679664043e-05,1.7575998455323e-11,-3.9372506255829e-10,5.9742866986459,0.03858561182756,1.1546319456102e-14,1
230.8,128,0,230.8,0.00066804805084886,1.4966789739018e-05,1.7575998455323e-11,-3.9372506255829e-10,5.9723574180545,0.03858561182756,1.1546319456102e-14,1
230.85,128,0,230.85,0.00066804835894366,1.4966782837607e-05,1.7575998455323e-11,-3.9372506255829e-10,5.9704281374632,0.03858561182756,1.1546319456102e-14,1
230.9,128,0,230.9,0.00066804866703846,1.4966775936196e-05,1.7575998455323e-11,-3.9372506255829e-10,5.9684988568718,0.03858561182756,1.1546319456102e-14,1
230.95,128,0,230.95,0.00066804897513325,1.4966769034784e-05,1.7575998455323e-11,-3.9372506255829e-10,5.9665695762804,0.03858561182756,1.1546319456102e-14,1
231,128,0,231,0.00066804928322805,1.4966762133373e-05,1.7575998455323e-11,-3.9372506255829e-10,5.964640295689,0.03858561182756,1.1546319456102e-14,1
231.05,128,0,231.05,0.00066804843304852,1.4966781178193e-05,-1.7288049914389e-11,3.8727127288598e-10,5.9627110150976,0.038585611827589,9.4368957093138e-15,1
231.1,128,0,231.1,0.00066804758286898,1.4966800223012e-05,-1.7288049914389e-11,3.8727127288598e-10,5.9607817345063,0.038585611827589,9.4368957093138e-15,1
231.15,128,0,231.15,0.00066804673268945,1.4966819267832e-05,-1.7288049914389e-11,3.8727127288598e-10,5.9588524539149,0.038585611827589,9.4368957093138e-15,1
231.2,128,0,231.2,0.00066804588250991,1.4966838312651e-05,-1.7288049914389e-11,3.8727127288598e-10,5.9569231733235,0.038585611827589,9.4368957093138e-15,1
231.25,128,0,231.25,0.00066804503233037,1.4966857357471e-05,-1.7288049914389e-11,3.8727127288598e-10,5.9549938927321,0.038585611827589,9.4368957093138e-15,1
231.3,128,0,231.3,0.00066804418215084,1.496687640229e-05,-1.7288049914389e-11,3.8727127288598e-10,5.9530646121407,0.038585611827589,9.4368957093138e-15,1
231.35,128,0,231.35,0.0006680433319713,1.496689544711e-05,-1.7288049914389e-11,3.8727127288598e-10,5.9511353315494,0.038585611827589,9.4368957093138e-15,1
231.4,128,0,231.4,0.00066804248179177,1.4966914491929e-05,-1.7288049914389e-11,3.8727127288598e-10,5.949206050958,0.038585611827589,9.4368957093138e-15,1
231.45,128,0,231.45,0.00066804163161223,1.4966933536749e-05,-1.7288049914389e-11,3.8727127288598e-10,5.9472767703666,0.038585611827589,9.4368957093138e-15,1
231.5,128,0,231.5,0.0006680407814327,1.4966952581568e-05,-1.7288049914389e-11,3.8727127288598e-10,5.9453474897752,0.038585611827589,9.4368957093138e-15,1
231.55,128,0,231.55,0.00066803993125316,1.4966971626388e-05,-1.7288049914389e-11,3.8727127288598e-10,5.9434182091839,0.038585611827589,9.4368957093138e-15,1
231.6,128,0,231.6,0.00066803908107363,1.4966990671207e-05,-1.7288049914389e-11,3.8727127288598e-10,5.9414889285925,0.038585611827589,9.4368957093138e-15,1
231.65,128,0,231.65,0.00066803823089409,1.4967009716027e-05,-1.7288049914389e-11,3.8727127288598e-10,5.9395596480011,0.038585611827589,9.4368957093138e-15,1
231.7,128,0,231.7,0.00066803738071455,1.4967028760846e-05,-1.7288049914389e-11,3.8727127288598e-10,5.9376303674097,0.038585611827589,9.4368957093138e-15,1
231.75,128,0,231.75,0.00066803653053502,1.4967047805666e-05,-1.7288049914389e-11,3.8727127288598e-10,5.9357010868183,0.038585611827589,9.4368957093138e-15,1
231.8,128,0,231.8,0.00066803568035548,1.4967066850485e-05,-1.7288049914389e-11,3.8727127288598e-10,5.933771806227,0.038585611827589,9.4368957093138e-15,1
231.85,128,0,231.85,0.00066803483017595,1.4967085895305e-05,-1.7288049914389e-11,3.8727127288598e-10,5.9318425256356,0.038585611827589,9.4368957093138e-15,1
231.9,128,0,231.9,0.00066803397999641,1.4967104940124e-05,-1.7288049914389e-11,3.8727127288598e-10,5.9299132450442,0.038585611827589,9.4368957093138e-15,1
231.95,128,0,231.95,0.00066803312981688,1.4967123984944e-05,-1.7288049914389e-11,3.8727127288598e-10,5.9279839644528,0.038585611827589,9.4368957093138e-15,1
232,128,0,232,0.00066803227963734,1.4967143029763e-05,-1.7288049914389e-11,3.8727127288598e-10,5.9260546838614,0.038585611827589,9.4368957093138e-15,1
232.05,128,0,232.05,0.00066803277272482,1.4967131983695e-05,1.6793348144714e-11,-3.7618846285062e-10,5.9241254032701,0.038585611827538,-2.1094237467878e-15,1
232.1,128,0,232.1,0.00066803326581231,1.4967120937627e-05,1.6793348144714e-11,-3.7618846285062e-10,5.9221961226787,0.038585611827538,-2.1094237467878e-15,1
232.15,128,0,232.15,0.00066803375889979,1.4967109891558e-05,1.6793348144714e-11,-3.7618846285062e-10,5.9202668420873,0.038585611827538,-2.1094237467878e-15,1
232.2,128,0,232.2,0.00066803425198727,1.496709884549e-05,1.6793348144714e-11,-3.7618846285062e-10,5.9183375614959,0.038585611827538,-2.1094237467878e-15,1
232.25,128,0,232.25,0.00066803474507475,1.4967087799422e-05,1.6793348144714e-11,-3.7618846285062e-10,5.9164082809046,0.038585611827538,-2.1094237467878e-15,1
232.3,128,0,232.3,0.00066803523816223,1.4967076753354e-05,1.6793348144714e-11,-3.7618846285062e-10,5.9144790003132,0.038585611827538,-2.1094237467878e-15,1
232.35,128,0,232.35,0.00066803573124972,1.4967065707286e-05,1.6793348144714e-11,-3.7618846285062e-10,5.9125497197218,0.038585611827538,-2.1094237467878e-15,1
232.4,128,0,232.4,0.0006680362243372,1.4967054661217e-05,1.6793348144714e-11,-3.7618846285062e-10,5.9106204391304,0.038585611827538,-2.1094237467878e-15,1
232.45,128,0,232.45,0.00066803671742468,1.4967043615149e-05,1.6793348144714e-11,-3.7618846285062e-10,5.908691158539,0.038585611827538,-2.1094237467878e-15,1
232.5,128,0,232.5,0.00066803721051216,1.4967032569081e-05,1.6793348144714e-11,-3.7618846285062e-10,5.9067618779477,0.038585611827538,-2.1094237467878e-15,1
232.55,128,0,232.55,0.00066803770359964,1.4967021523013e-05,1.6793348144714e-11,-3.7618846285062e-10,5.9048325973563,0.038585611827538,-2.1094237467878e-15,1
232.6,128,0,232.6,0.00066803819668713,1.4967010476944e-05,1.6793348144714e-11,-3.7618846285062e-10,5.9029033167649,0.038585611827538,-2.1094237467878e-15,1
232.65,128,0,232.65,0.00066803868977461,1.4966999430876e-05,1.6793348144714e-11,-3.7618846285062e-10,5.9009740361735,0.038585611827538,-2.1094237467878e-15,1
232.7,128,0,232.7,0.00066803918286209,1.4966988384808e-05,1.6793348144714e-11,-3.7618846285062e-10,5.8990447555822,0.038585611827538,-2.1094237467878e-15,1
232.75,128,0,232.75,0.00066803967594957,1.496697733874e-05,1.6793348144714e-11,-3.7618846285062e-10,5.8971154749908,0.038585611827538,-2.1094237467878e-15,1
232.8,128,0,232.8,0.00066804016903706,1.4966966292672e-05,1.6793348144714e-11,-3.7618846285062e-10,5.8951861943994,0.038585611827538,-2.1094237467878e-15,1
232.85,128,0,232.85,0.00066804066212454,1.4966955246603e-05,1.6793348144714e-11,-3.7618846285062e-10,5.893256913808,0.038585611827538,-2.1094237467878e-15,1
232.9,128,0,232.9,0.00066804115521202,1.4966944200535e-05,1.6793348144714e-11,-3.7618846285062e-10,5.8913276332167,0.038585611827538,-2.1094237467878e-15,1
232.95,128,0,232.95,0.0006680416482995,1.4966933154467e-05,1.6793348144714e-11,-3.7618846285062e-10,5.8893983526253,0.038585611827538,-2.1094237467878e-15,1
233,128,0,233,0.00066804214138698,1.4966922108399e-05,1.6793348144714e-11,-3.7618846285062e-10,5.8874690720339,0.038585611827538,-2.1094237467878e-15,1
233.05,128,0,233.05,0.00066804217698565,1.4966921311663e-05,-1.7590539048865e-11,3.9406040158687e-10,5.8855397914425,0.038585611827563,2.3314683517128e-15,1
233.1,128,0,233.1,0.00066804221258432,1.4966920514927e-05,-1.7590539048865e-11,3.9406040158687e-10,5.8836105108511,0.038585611827563,2.3314683517128e-15,1
233.15,128,0,233.15,0.00066804224818299,1.4966919718191e-05,-1.7590539048865e-11,3.9406040158687e-10,5.8816812302598,0.038585611827563,2.3314683517128e-15,1
233.2,128,0,233.2,0.00066804228378166,1.4966918921455e-05,-1.7590539048865e-11,3.9406040158687e-10,5.8797519496684,0.038585611827563,2.3314683517128e-15,1
233.25,128,0,233.25,0.00066804231938032,1.4966918124719e-05,-1.7590539048865e-11,3.9406040158687e-10,5.877822669077,0.038585611827563,2.3314683517128e-15,1
233.3,128,0,233.3,0.00066804235497899,1.4966917327984e-05,-1.7590539048865e-11,3.9406040158687e-10,5.8758933884856,0.038585611827563,2.3314683517128e-15,1
233.35,128,0,233.35,0.00066804239057766,1.4966916531248e-05,-1.7590539048865e-11,3.9406040158687e-10,5.8739641078943,0.038585611827563,2.3314683517128e-15,1
233.4,128,0,233.4,0.00066804242617633,1.4966915734512e-05,-1.7590539048865e-11,3.9406040158687e-10,5.8720348273029,0.038585611827563,2.3314683517128e-15,1
233.45,128,0,233.45,0.000668042461775,1.4966914937776e-05,-1.7590539048865e-11,3.9406040158687e-10,5.8701055467115,0.038585611827563,2.3314683517128e-15,1
233.5,128,0,233.5,0.00066804249737367,1.496691414104e-05,-1.7590539048865e-11,3.9406040158687e-10,5.8681762661201,0.038585611827563,2.3314683517128e-15,1
233.55,128,0,233.55,0.00066804253297233,1.4966913344304e-05,-1.7590539048865e-11,3.9406040158687e-10,5.8662469855287,0.038585611827563,2.3314683517128e-15,1
233.6,128,0,233.6,0.000668042568571,1.4966912547569e-05,-1.7590539048865e-11,3.9406040158687e-10,5.8643177049374,0.038585611827563,2.3314683517128e-15,1
233.65,128,0,233.65,0.00066804260416967,1.4966911750833e-05,-1.7590539048865e-11,3.9406040158687e-10,5.862388424346,0.038585611827563,2.3314683517128e-15,1
233.7,128,0,233.7,0.00066804263976834,1.4966910954097e-05,-1.7590539048865e-11,3.9406040158687e-10,5.8604591437546,0.038585611827563,2.3314683517128e-15,1
233.75,128,0,233.75,0.00066804267536701,1.4966910157361e-05,-1.7590539048865e-11,3.9406040158687e-10,5.8585298631632,0.038585611827563,2.3314683517128e-15,1
233.8,128,0,233.8,0.00066804271096568,1.4966909360625e-05,-1.7590539048865e-11,3.9406040158687e-10,5.8566005825719,0.038585611827563,2.3314683517128e-15,1
233.85,128,0,233.85,0.00066804274656434,1.4966908563889e-05,-1.7590539048865e-11,3.9406040158687e-10,5.8546713019805,0.038585611827563,2.3314683517128e-15,1
233.9,128,0,233.9,0.00066804278216301,1.4966907767154e-05,-1.7590539048865e-11,3.9406040158687e-10,5.8527420213891,0.038585611827563,2.3314683517128e-15,1
233.95,128,0,233.95,0.00066804281776168,1.4966906970418e-05,-1.7590539048865e-11,3.9406040158687e-10,5.8508127407977,0.038585611827563,2.3314683517128e-15,1
234,128,0,234,0.00066804285336035,1.4966906173682e-05,-1.7590539048865e-11,3.9406040158687e-10,5.8488834602063,0.038585611827563,2.3314683517128e-15,1
234.05,128,0,234.05,0.00066804323953405,1.4966897521748e-05,1.9849949779152e-11,-4.4469120210211e-10,5.846954179615,0.038585611827546,5.6621374255883e-15,1
234.1,128,0,234.1,0.00066804362570775,1.4966888869813e-05,1.9849949779152e-11,-4.4469120210211e-10,5.8450248990236,0.038585611827546,5.6621374255883e-15,1
234.15,128,0,234.15,0.00066804401188146,1.4966880217879e-05,1.9849949779152e-11,-4.4469120210211e-10,5.8430956184322,0.038585611827546,5.6621374255883e-15,1
234.2,128,0,234.2,0.00066804439805516,1.4966871565945e-05,1.9849949779152e-11,-4.4469120210211e-10,5.8411663378408,0.038585611827546,5.6621374255883e-15,1
234.25,128,0,234.25,0.00066804478422886,1.4966862914011e-05,1.9849949779152e-11,-4.4469120210211e-10,5.8392370572495,0.038585611827546,5.6621374255883e-15,1
234.3,128,0,234.3,0.00066804517040256,1.4966854262077e-05,1.9849949779152e-11,-4.4469120210211e-10,5.8373077766581,0.038585611827546,5.6621374255883e-15,1
234.35,128,0,234.35,0.00066804555657627,1.4966845610142e-05,1.9849949779152e-11,-4.4469120210211e-10,5.8353784960667,0.038585611827546,5.6621374255883e-15,1
234.4,128,0,234.4,0.00066804594274997,1.4966836958208e-05,1.9849949779152e-11,-4.4469120210211e-10,5.8334492154753,0.038585611827546,5.6621374255883e-15,1
234.45,128,0,234.45,0.00066804632892367,1.4966828306274e-05,1.9849949779152e-11,-4.4469120210211e-10,5.8315199348839,0.038585611827546,5.6621374255883e-15,1
234.5,128,0,234.5,0.00066804671509737,1.496681965434e-05,1.9849949779152e-11,-4.4469120210211e-10,5.8295906542926,0.038585611827546,5.6621374255883e-15,1
234.55,128,0,234.55,0.00066804710127108,1.4966811002406e-05,1.9849949779152e-11,-4.4469120210211e-10,5.8276613737012,0.038585611827546,5.6621374255883e-15,1
234.6,128,0,234.6,0.00066804748744478,1.4966802350471e-05,1.9849949779152e-11,-4.4469120210211e-10,5.8257320931098,0.038585611827546,5.6621374255883e-15,1
234.65,128,0,234.65,0.00066804787361848,1.4966793698537e-05,1.9849949779152e-11,-4.4469120210211e-10,5.8238028125184,0.038585611827546,5.6621374255883e-15,1
234.7,128,0,234.7,0.00066804825979218,1.4966785046603e-05,1.9849949779152e-11,-4.4469120210211e-10,5.8218735319271,0.038585611827546,5.6621374255883e-15,1
234.75,128,0,234.75,0.00066804864596588,1.4966776394669e-05,1.9849949779152e-11,-4.4469120210211e-10,5.8199442513357,0.038585611827546,5.6621374255883e-15,1
234.8,128,0,234.8,0.00066804903213959,1.4966767742735e-05,1.9849949779152e-11,-4.4469120210211e-10,5.8180149707443,0.038585611827546,5.6621374255883e-15,1
234.85,128,0,234.85,0.00066804941831329,1.49667590908e-05,1.9849949779152e-11,-4.4469120210211e-10,5.8160856901529,0.038585611827546,5.6621374255883e-15,1
234.9,128,0,234.9,0.00066804980448699,1.4966750438866e-05,1.9849949779152e-11,-4.4469120210211e-10,5.8141564095615,0.038585611827546,5.6621374255883e-15,1
234.95,128,0,234.95,0.00066805019066069,1.4966741786932e-05,1.9849949779152e-11,-4.4469120210211e-10,5.8122271289702,0.038585611827546,5.6621374255883e-15,1
235,128,0,235,0.0006680505768344,1.4966733134998e-05,1.9849949779152e-11,-4.4469120210211e-10,5.8102978483788,0.038585611827546,5.6621374255883e-15,1
235.05,128,0,235.05,0.000668049334965,1.4966760956491e-05,-2.7591416942863e-11,6.1810394270211e-10,5.8083685677874,0.038585611827575,1.1546319456102e-14,1
235.1,128,0,235.1,0.0006680480930956,1.4966788777984e-05,-2.7591416942863e-11,6.1810394270211e-10,5.806439287196,0.038585611827575,1.1546319456102e-14,1
235.15,128,0,235.15,0.00066804685122619,1.4966816599477e-05,-2.7591416942863e-11,6.1810394270211e-10,5.8045100066047,0.038585611827575,1.1546319456102e-14,1
235.2,128,0,235.2,0.00066804560935679,1.496684442097e-05,-2.7591416942863e-11,6.1810394270211e-10,5.8025807260133,0.038585611827575,1.1546319456102e-14,1
235.25,128,0,235.25,0.00066804436748739,1.4966872242463e-05,-2.7591416942863e-11,6.1810394270211e-10,5.8006514454219,0.038585611827575,1.1546319456102e-14,1
235.3,128,0,235.3,0.00066804312561799,1.4966900063956e-05,-2.7591416942863e-11,6.1810394270211e-10,5.7987221648305,0.038585611827575,1.1546319456102e-14,1
235.35,128,0,235.35,0.00066804188374859,1.4966927885449e-05,-2.7591416942863e-11,6.1810394270211e-10,5.7967928842391,0.038585611827575,1.1546319456102e-14,1
235.4,128,0,235.4,0.00066804064187919,1.4966955706942e-05,-2.7591416942863e-11,6.1810394270211e-10,5.7948636036478,0.038585611827575,1.1546319456102e-14,1
235.45,128,0,235.45,0.00066803940000979,1.4966983528435e-05,-2.7591416942863e-11,6.1810394270211e-10,5.7929343230564,0.038585611827575,1.1546319456102e-14,1
235.5,128,0,235.5,0.00066803815814039,1.4967011349928e-05,-2.7591416942863e-11,6.1810394270211e-10,5.791005042465,0.038585611827575,1.1546319456102e-14,1
235.55,128,0,235.55,0.00066803691627099,1.4967039171422e-05,-2.7591416942863e-11,6.1810394270211e-10,5.7890757618736,0.038585611827575,1.1546319456102e-14,1
235.6,128,0,235.6,0.00066803567440159,1.4967066992915e-05,-2.7591416942863e-11,6.1810394270211e-10,5.7871464812822,0.038585611827575,1.1546319456102e-14,1
235.65,128,0,235.65,0.00066803443253219,1.4967094814408e-05,-2.7591416942863e-11,6.1810394270211e-10,5.7852172006909,0.038585611827575,1.1546319456102e-14,1
235.7,128,0,235.7,0.00066803319066279,1.4967122635901e-05,-2.7591416942863e-11,6.1810394270211e-10,5.7832879200995,0.038585611827575,1.1546319456102e-14,1
235.75,128,0,235.75,0.00066803194879339,1.4967150457394e-05,-2.7591416942863e-11,6.1810394270211e-10,5.7813586395081,0.038585611827575,1.1546319456102e-14,1
235.8,128,0,235.8,0.00066803070692398,1.4967178278887e-05,-2.7591416942863e-11,6.1810394270211e-10,5.7794293589167,0.038585611827575,1.1546319456102e-14,1
235.85,128,0,235.85,0.00066802946505458,1.496720610038e-05,-2.7591416942863e-11,6.1810394270211e-10,5.7775000783253,0.038585611827575,1.1546319456102e-14,1
235.9,128,0,235.9,0.00066802822318518,1.4967233921873e-05,-2.7591416942863e-11,6.1810394270211e-10,5.775570797734,0.038585611827575,1.1546319456102e-14,1
235.95,128,0,235.95,0.00066802698131578,1.4967261743366e-05,-2.7591416942863e-11,6.1810394270211e-10,5.7736415171426,0.038585611827575,1.1546319456102e-14,1
236,128,0,236,0.00066802573944638,1.4967289564859e-05,-2.7591416942863e-11,6.1810394270211e-10,5.7717122365512,0.038585611827575,1.1546319456102e-14,1
236.05,128,0,236.05,0.00066802731987876,1.4967254158743e-05,4.1645305552776e-11,-9.3292354419089e-10,5.7697829559598,0.038585611827563,2.8865798640254e-15,1
236.1,128,0,236.1,0.00066802890031115,1.4967218752626e-05,4.1645305552776e-11,-9.3292354419089e-10,5.7678536753685,0.038585611827563,2.8865798640254e-15,1
236.15,128,0,236.15,0.00066803048074353,1.496718334651e-05,4.1645305552776e-11,-9.3292354419089e-10,5.7659243947771,0.038585611827563,2.8865798640254e-15,1
236.2,128,0,236.2,0.00066803206117591,1.4967147940394e-05,4.1645305552776e-11,-9.3292354419089e-10,5.7639951141857,0.038585611827563,2.8865798640254e-15,1
236.25,128,0,236.25,0.0006680336416083,1.4967112534277e-05,4.1645305552776e-11,-9.3292354419089e-10,5.7620658335943,0.038585611827563,2.8865798640254e-15,1
236.3,128,0,236.3,0.00066803522204068,1.4967077128161e-05,4.1645305552776e-11,-9.3292354419089e-10,5.7601365530029,0.038585611827563,2.8865798640254e-15,1
236.35,128,0,236.35,0.00066803680247306,1.4967041722045e-05,4.1645305552776e-11,-9.3292354419089e-10,5.7582072724116,0.038585611827563,2.8865798640254e-15,1
236.4,128,0,236.4,0.00066803838290545,1.4967006315928e-05,4.1645305552776e-11,-9.3292354419089e-10,5.7562779918202,0.038585611827563,2.8865798640254e-15,1
236.45,128,0,236.45,0.00066803996333783,1.4966970909812e-05,4.1645305552776e-11,-9.3292354419089e-10,5.7543487112288,0.038585611827563,2.8865798640254e-15,1
236.5,128,0,236.5,0.00066804154377021,1.4966935503696e-05,4.1645305552776e-11,-9.3292354419089e-10,5.7524194306374,0.038585611827563,2.8865798640254e-15,1
236.55,128,0,236.55,0.0006680431242026,1.4966900097579e-05,4.1645305552776e-11,-9.3292354419089e-10,5.7504901500461,0.038585611827563,2.8865798640254e-15,1
236.6,128,0,236.6,0.00066804470463498,1.4966864691463e-05,4.1645305552776e-11,-9.3292354419089e-10,5.7485608694547,0.038585611827563,2.8865798640254e-15,1
236.65,128,0,236.65,0.00066804628506736,1.4966829285347e-05,4.1645305552776e-11,-9.3292354419089e-10,5.7466315888633,0.038585611827563,2.8865798640254e-15,1
236.7,128,0,236.7,0.00066804786549974,1.496679387923e-05,4.1645305552776e-11,-9.3292354419089e-10,5.7447023082719,0.038585611827563,2.8865798640254e-15,1
236.75,128,0,236.75,0.00066804944593213,1.4966758473114e-05,4.1645305552776e-11,-9.3292354419089e-10,5.7427730276805,0.038585611827563,2.8865798640254e-15,1
236.8,128,0,236.8,0.00066805102636451,1.4966723066998e-05,4.1645305552776e-11,-9.3292354419089e-10,5.7408437470892,0.038585611827563,2.8865798640254e-15,1
236.85,128,0,236.85,0.00066805260679689,1.4966687660881e-05,4.1645305552776e-11,-9.3292354419089e-10,5.7389144664978,0.038585611827563,2.8865798640254e-15,1
236.9,128,0,236.9,0.00066805418722928,1.4966652254765e-05,4.1645305552776e-11,-9.3292354419089e-10,5.7369851859064,0.038585611827563,2.8865798640254e-15,1
236.95,128,0,236.95,0.00066805576766166,1.4966616848648e-05,4.1645305552776e-11,-9.3292354419089e-10,5.735055905315,0.038585611827563,2.8865798640254e-15,1
237,128,0,237,0.00066805734809404,1.4966581442532e-05,4.1645305552776e-11,-9.3292354419089e-10,5.7331266247237,0.038585611827563,2.8865798640254e-15,1
237.05,128,0,237.05,0.00066805631581922,1.4966604568827e-05,-4.2271002504844e-11,9.4695030501097e-10,5.7311973441323,0.038585611827551,-1.8207657603853e-14,1
237.1,128,0,237.1,0.00066805528354439,1.4966627695122e-05,-4.2271002504844e-11,9.4695030501097e-10,5.7292680635409,0.038585611827551,-1.8207657603853e-14,1
237.15,128,0,237.15,0.00066805425126957,1.4966650821417e-05,-4.2271002504844e-11,9.4695030501097e-10,5.7273387829495,0.038585611827551,-1.8207657603853e-14,1
237.2,128,0,237.2,0.00066805321899475,1.4966673947711e-05,-4.2271002504844e-11,9.4695030501097e-10,5.7254095023581,0.038585611827551,-1.8207657603853e-14,1
237.25,128,0,237.25,0.00066805218671992,1.4966697074006e-05,-4.2271002504844e-11,9.4695030501097e-10,5.7234802217668,0.038585611827551,-1.8207657603853e-14,1
237.3,128,0,237.3,0.0006680511544451,1.4966720200301e-05,-4.2271002504844e-11,9.4695030501097e-10,5.7215509411754,0.038585611827551,-1.8207657603853e-14,1
237.35,128,0,237.35,0.00066805012217027,1.4966743326596e-05,-4.2271002504844e-11,9.4695030501097e-10,5.719621660584,0.038585611827551,-1.8207657603853e-14,1
237.4,128,0,237.4,0.00066804908989545,1.4966766452891e-05,-4.2271002504844e-11,9.4695030501097e-10,5.7176923799926,0.038585611827551,-1.8207657603853e-14,1
237.45,128,0,237.45,0.00066804805762062,1.4966789579185e-05,-4.2271002504844e-11,9.4695030501097e-10,5.7157630994013,0.038585611827551,-1.8207657603853e-14,1
237.5,128,0,237.5,0.0006680470253458,1.496681270548e-05,-4.2271002504844e-11,9.4695030501097e-10,5.7138338188099,0.038585611827551,-1.8207657603853e-14,1
237.55,128,0,237.55,0.00066804599307098,1.4966835831775e-05,-4.2271002504844e-11,9.4695030501097e-10,5.7119045382185,0.038585611827551,-1.8207657603853e-14,1
237.6,128,0,237.6,0.00066804496079615,1.496685895807e-05,-4.2271002504844e-11,9.4695030501097e-10,5.7099752576271,0.038585611827551,-1.8207657603853e-14,1
237.65,128,0,237.65,0.00066804392852133,1.4966882084365e-05,-4.2271002504844e-11,9.4695030501097e-10,5.7080459770358,0.038585611827551,-1.8207657603853e-14,1
237.7,128,0,237.7,0.0006680428962465,1.496690521066e-05,-4.2271002504844e-11,9.4695030501097e-10,5.7061166964444,0.038585611827551,-1.8207657603853e-14,1
237.75,128,0,237.75,0.00066804186397168,1.4966928336954e-05,-4.2271002504844e-11,9.4695030501097e-10,5.704187415853,0.038585611827551,-1.8207657603853e-14,1
237.8,128,0,237.8,0.00066804083169685,1.4966951463249e-05,-4.2271002504844e-11,9.4695030501097e-10,5.7022581352616,0.038585611827551,-1.8207657603853e-14,1
237.85,128,0,237.85,0.00066803979942203,1.4966974589544e-05,-4.2271002504844e-11,9.4695030501097e-10,5.7003288546702,0.038585611827551,-1.8207657603853e-14,1
237.9,128,0,237.9,0.00066803876714721,1.4966997715839e-05,-4.2271002504844e-11,9.4695030501097e-10,5.6983995740789,0.038585611827551,-1.8207657603853e-14,1
237.95,128,0,237.95,0.00066803773487238,1.4967020842134e-05,-4.2271002504844e-11,9.4695030501097e-10,5.6964702934875,0.038585611827551,-1.8207657603853e-14,1
238,128,0,238,0.00066803670259756,1.4967043968428e-05,-4.2271002504844e-11,9.4695030501097e-10,5.6945410128961,0.038585611827551,-1.8207657603853e-14,1
238.05,128,0,238.05,0.00066803747081278,1.4967026758301e-05,3.0487083826043e-11,-6.8296447557309e-10,5.6926117323047,0.038585611827572,-7.2164496600635e-15,1
238.1,128,0,238.1,0.000668038239028,1.4967009548173e-05,3.0487083826043e-11,-6.8296447557309e-10,5.6906824517134,0.038585611827572,-7.2164496600635e-15,1
238.15,128,0,238.15,0.00066803900724323,1.4966992338046e-05,3.0487083826043e-11,-6.8296447557309e-10,5.688753171122,0.038585611827572,-7.2164496600635e-15,1
238.2,128,0,238.2,0.00066803977545845,1.4966975127918e-05,3.0487083826043e-11,-6.8296447557309e-10,5.6868238905306,0.038585611827572,-7.2164496600635e-15,1
238.25,128,0,238.25,0.00066804054367367,1.4966957917791e-05,3.0487083826043e-11,-6.8296447557309e-10,5.6848946099392,0.038585611827572,-7.2164496600635e-15,1
238.3,128,0,238.3,0.00066804131188889,1.4966940707663e-05,3.0487083826043e-11,-6.8296447557309e-10,5.6829653293478,0.038585611827572,-7.2164496600635e-15,1
238.35,128,0,238.35,0.00066804208010412,1.4966923497536e-05,3.0487083826043e-11,-6.8296447557309e-10,5.6810360487565,0.038585611827572,-7.2164496600635e-15,1
238.4,128,0,238.4,0.00066804284831934,1.4966906287408e-05,3.0487083826043e-11,-6.8296447557309e-10,5.6791067681651,0.038585611827572,-7.2164496600635e-15,1
238.45,128,0,238.45,0.00066804361653456,1.4966889077281e-05,3.0487083826043e-11,-6.8296447557309e-10,5.6771774875737,0.038585611827572,-7.2164496600635e-15,1
238.5,128,0,238.5,0.00066804438474978,1.4966871867153e-05,3.0487083826043e-11,-6.8296447557309e-10,5.6752482069823,0.038585611827572,-7.2164496600635e-15,1
238.55,128,0,238.55,0.00066804515296501,1.4966854657026e-05,3.0487083826043e-11,-6.8296447557309e-10,5.6733189263909,0.038585611827572,-7.2164496600635e-15,1
238.6,128,0,238.6,0.00066804592118023,1.4966837446898e-05,3.0487083826043e-11,-6.8296447557309e-10,5.6713896457996,0.038585611827572,-7.2164496600635e-15,1
238.65,128,0,238.65,0.00066804668939545,1.4966820236771e-05,3.0487083826043e-11,-6.8296447557309e-10,5.6694603652082,0.038585611827572,-7.2164496600635e-15,1
238.7,128,0,238.7,0.00066804745761067,1.4966803026643e-05,3.0487083826043e-11,-6.8296447557309e-10,5.6675310846168,0.038585611827572,-7.2164496600635e-15,1
238.75,128,0,238.75,0.0006680482258259,1.4966785816516e-05,3.0487083826043e-11,-6.8296447557309e-10,5.6656018040254,0.038585611827572,-7.2164496600635e-15,1
238.8,128,0,238.8,0.00066804899404112,1.4966768606388e-05,3.0487083826043e-11,-6.8296447557309e-10,5.663672523434,0.038585611827572,-7.2164496600635e-15,1
238.85,128,0,238.85,0.00066804976225634,1.4966751396261e-05,3.0487083826043e-11,-6.8296447557309e-10,5.6617432428427,0.038585611827572,-7.2164496600635e-15,1
238.9,128,0,238.9,0.00066805053047156,1.4966734186133e-05,3.0487083826043e-11,-6.8296447557309e-10,5.6598139622513,0.038585611827572,-7.2164496600635e-15,1
238.95,128,0,238.95,0.00066805129868679,1.4966716976006e-05,3.0487083826043e-11,-6.8296447557309e-10,5.6578846816599,0.038585611827572,-7.2164496600635e-15,1
239,128,0,239,0.00066805206690201,1.4966699765878e-05,3.0487083826043e-11,-6.8296447557309e-10,5.6559554010685,0.038585611827572,-7.2164496600635e-15,1
239.05,128,0,239.05,0.0006680512432341,1.4966718217498e-05,-1.9184426710436e-11,4.2977325825096e-10,5.6540261204771,0.038585611827559,2.0983215165415e-14,1
239.1,128,0,239.1,0.0006680504195662,1.4966736669117e-05,-1.9184426710436e-11,4.2977325825096e-10,5.6520968398858,0.038585611827559,2.0983215165415e-14,1
239.15,128,0,239.15,0.00066804959589829,1.4966755120737e-05,-1.9184426710436e-11,4.2977325825096e-10,5.6501675592944,0.038585611827559,2.0983215165415e-14,1
239.2,128,0,239.2,0.00066804877223038,1.4966773572356e-05,-1.9184426710436e-11,4.2977325825096e-10,5.648238278703,0.038585611827559,2.0983215165415e-14,1
239.25,128,0,239.25,0.00066804794856248,1.4966792023976e-05,-1.9184426710436e-11,4.2977325825096e-10,5.6463089981116,0.038585611827559,2.0983215165415e-14,1
239.3,128,0,239.3,0.00066804712489457,1.4966810475595e-05,-1.9184426710436e-11,4.2977325825096e-10,5.6443797175203,0.038585611827559,2.0983215165415e-14,1
239.35,128,0,239.35,0.00066804630122667,1.4966828927215e-05,-1.9184426710436e-11,4.2977325825096e-10,5.6424504369289,0.038585611827559,2.0983215165415e-14,1
239.4,128,0,239.4,0.00066804547755876,1.4966847378834e-05,-1.9184426710436e-11,4.2977325825096e-10,5.6405211563375,0.038585611827559,2.0983215165415e-14,1
239.45,128,0,239.45,0.00066804465389085,1.4966865830454e-05,-1.9184426710436e-11,4.2977325825096e-10,5.6385918757461,0.038585611827559,2.0983215165415e-14,1
239.5,128,0,239.5,0.00066804383022295,1.4966884282073e-05,-1.9184426710436e-11,4.2977325825096e-10,5.6366625951547,0.038585611827559,2.0983215165415e-14,1
239.55,128,0,239.55,0.00066804300655504,1.4966902733693e-05,-1.9184426710436e-11,4.2977325825096e-10,5.6347333145634,0.038585611827559,2.0983215165415e-14,1
239.6,128,0,239.6,0.00066804218288714,1.4966921185313e-05,-1.9184426710436e-11,4.2977325825096e-10,5.632804033972,0.038585611827559,2.0983215165415e-14,1
239.65,128,0,239.65,0.00066804135921923,1.4966939636932e-05,-1.9184426710436e-11,4.2977325825096e-10,5.6308747533806,0.038585611827559,2.0983215165415e-14,1
239.7,128,0,239.7,0.00066804053555132,1.4966958088552e-05,-1.9184426710436e-11,4.2977325825096e-10,5.6289454727892,0.038585611827559,2.0983215165415e-14,1
239.75,128,0,239.75,0.00066803971188342,1.4966976540171e-05,-1.9184426710436e-11,4.2977325825096e-10,5.6270161921979,0.038585611827559,2.0983215165415e-14,1
239.8,128,0,239.8,0.00066803888821551,1.4966994991791e-05,-1.9184426710436e-11,4.2977325825096e-10,5.6250869116065,0.038585611827559,2.0983215165415e-14,1
239.85,128,0,239.85,0.00066803806454761,1.496701344341e-05,-1.9184426710436e-11,4.2977325825096e-10,5.6231576310151,0.038585611827559,2.0983215165415e-14,1
239.9,128,0,239.9,0.0006680372408797,1.496703189503e-05,-1.9184426710436e-11,4.2977325825096e-10,5.6212283504237,0.038585611827559,2.0983215165415e-14,1
239.95,128,0,239.95,0.00066803641721179,1.4967050346649e-05,-1.9184426710436e-11,4.2977325825096e-10,5.6192990698323,0.038585611827559,2.0983215165415e-14,1
240,128,0,240,0.00066803559354389,1.4967068798269e-05,-1.9184426710436e-11,4.2977325825096e-10,5.617369789241,0.038585611827559,2.0983215165415e-14,1
240.05,128,0,240.05,0.00066803586577399,1.4967062700059e-05,1.4193564779538e-11,-3.179654380438e-10,5.6154405086496,0.038585611827568,1.587618925214e-14,1
240.1,128,0,240.1,0.00066803613800409,1.4967056601849e-05,1.4193564779538e-11,-3.179654380438e-10,5.6135112280582,0.038585611827568,1.587618925214e-14,1
240.15,128,0,240.15,0.00066803641023418,1.4967050503639e-05,1.4193564779538e-11,-3.179654380438e-10,5.6115819474668,0.038585611827568,1.587618925214e-14,1
240.2,128,0,240.2,0.00066803668246428,1.4967044405429e-05,1.4193564779538e-11,-3.179654380438e-10,5.6096526668754,0.038585611827568,1.587618925214e-14,1
240.25,128,0,240.25,0.00066803695469438,1.4967038307219e-05,1.4193564779538e-11,-3.179654380438e-10,5.6077233862841,0.038585611827568,1.587618925214e-14,1
240.3,128,0,240.3,0.00066803722692448,1.4967032209009e-05,1.4193564779538e-11,-3.179654380438e-10,5.6057941056927,0.038585611827568,1.587618925214e-14,1
240.35,128,0,240.35,0.00066803749915458,1.4967026110799e-05,1.4193564779538e-11,-3.179654380438e-10,5.6038648251013,0.038585611827568,1.587618925214e-14,1
240.4,128,0,240.4,0.00066803777138468,1.4967020012589e-05,1.4193564779538e-11,-3.179654380438e-10,5.6019355445099,0.038585611827568,1.587618925214e-14,1
240.45,128,0,240.45,0.00066803804361478,1.4967013914379e-05,1.4193564779538e-11,-3.179654380438e-10,5.6000062639186,0.038585611827568,1.587618925214e-14,1
240.5,128,0,240.5,0.00066803831584488,1.4967007816169e-05,1.4193564779538e-11,-3.179654380438e-10,5.5980769833272,0.038585611827568,1.587618925214e-14,1
240.55,128,0,240.55,0.00066803858807498,1.4967001717959e-05,1.4193564779538e-11,-3.179654380438e-10,5.5961477027358,0.038585611827568,1.587618925214e-14,1
240.6,128,0,240.6,0.00066803886030508,1.4966995619749e-05,1.4193564779538e-11,-3.179654380438e-10,5.5942184221444,0.038585611827568,1.587618925214e-14,1
240.65,128,0,240.65,0.00066803913253517,1.4966989521539e-05,1.4193564779538e-11,-3.179654380438e-10,5.592289141553,0.038585611827568,1.587618925214e-14,1
240.7,128,0,240.7,0.00066803940476527,1.4966983423329e-05,1.4193564779538e-11,-3.179654380438e-10,5.5903598609617,0.038585611827568,1.587618925214e-14,1
240.75,128,0,240.75,0.00066803967699537,1.4966977325119e-05,1.4193564779538e-11,-3.179654380438e-10,5.5884305803703,0.038585611827568,1.587618925214e-14,1
240.8,128,0,240.8,0.00066803994922547,1.4966971226909e-05,1.4193564779538e-11,-3.179654380438e-10,5.5865012997789,0.038585611827568,1.587618925214e-14,1
240.85,128,0,240.85,0.00066804022145557,1.4966965128699e-05,1.4193564779538e-11,-3.179654380438e-10,5.5845720191875,0.038585611827568,1.587618925214e-14,1
240.9,128,0,240.9,0.00066804049368567,1.4966959030489e-05,1.4193564779538e-11,-3.179654380438e-10,5.5826427385962,0.038585611827568,1.587618925214e-14,1
240.95,128,0,240.95,0.00066804076591577,1.4966952932279e-05,1.4193564779538e-11,-3.179654380438e-10,5.5807134580048,0.038585611827568,1.587618925214e-14,1
241,128,0,241,0.00066804103814587,1.4966946834069e-05,1.4193564779538e-11,-3.179654380438e-10,5.5787841774134,0.038585611827568,1.587618925214e-14,1
241.05,128,0,241.05,0.00066804137916701,1.4966939194606e-05,-1.3351153812599e-11,2.9908069116964e-10,5.576854896822,0.038585611827557,-3.3306690738755e-16,1
241.1,128,0,241.1,0.00066804172018815,1.4966931555144e-05,-1.3351153812599e-11,2.9908069116964e-10,5.5749256162306,0.038585611827557,-3.3306690738755e-16,1
241.15,128,0,241.15,0.0006680420612093,1.4966923915682e-05,-1.3351153812599e-11,2.9908069116964e-10,5.5729963356393,0.038585611827557,-3.3306690738755e-16,1
241.2,128,0,241.2,0.00066804240223044,1.496691627622e-05,-1.3351153812599e-11,2.9908069116964e-10,5.5710670550479,0.038585611827557,-3.3306690738755e-16,1
241.25,128,0,241.25,0.00066804274325158,1.4966908636758e-05,-1.3351153812599e-11,2.9908069116964e-10,5.5691377744565,0.038585611827557,-3.3306690738755e-16,1
241.3,128,0,241.3,0.00066804308427272,1.4966900997296e-05,-1.3351153812599e-11,2.9908069116964e-10,5.5672084938651,0.038585611827557,-3.3306690738755e-16,1
241.35,128,0,241.35,0.00066804342529387,1.4966893357834e-05,-1.3351153812599e-11,2.9908069116964e-10,5.5652792132738,0.038585611827557,-3.3306690738755e-16,1
241.4,128,0,241.4,0.00066804376631501,1.4966885718372e-05,-1.3351153812599e-11,2.9908069116964e-10,5.5633499326824,0.038585611827557,-3.3306690738755e-16,1
241.45,128,0,241.45,0.00066804410733615,1.496687807891e-05,-1.3351153812599e-11,2.9908069116964e-10,5.561420652091,0.038585611827557,-3.3306690738755e-16,1
241.5,128,0,241.5,0.00066804444835729,1.4966870439447e-05,-1.3351153812599e-11,2.9908069116964e-10,5.5594913714996,0.038585611827557,-3.3306690738755e-16,1
241.55,128,0,241.55,0.00066804478937844,1.4966862799985e-05,-1.3351153812599e-11,2.9908069116964e-10,5.5575620909082,0.038585611827557,-3.3306690738755e-16,1
241.6,128,0,241.6,0.00066804513039958,1.4966855160523e-05,-1.3351153812599e-11,2.9908069116964e-10,5.5556328103169,0.038585611827557,-3.3306690738755e-16,1
241.65,128,0,241.65,0.00066804547142072,1.4966847521061e-05,-1.3351153812599e-11,2.9908069116964e-10,5.5537035297255,0.038585611827557,-3.3306690738755e-16,1
241.7,128,0,241.7,0.00066804581244187,1.4966839881599e-05,-1.3351153812599e-11,2.9908069116964e-10,5.5517742491341,0.038585611827557,-3.3306690738755e-16,1
241.75,128,0,241.75,0.00066804615346301,1.4966832242137e-05,-1.3351153812599e-11,2.9908069116964e-10,5.5498449685427,0.038585611827557,-3.3306690738755e-16,1
241.8,128,0,241.8,0.00066804649448415,1.4966824602675e-05,-1.3351153812599e-11,2.9908069116964e-10,5.5479156879514,0.038585611827557,-3.3306690738755e-16,1
241.85,128,0,241.85,0.00066804683550529,1.4966816963213e-05,-1.3351153812599e-11,2.9908069116964e-10,5.54598640736,0.038585611827557,-3.3306690738755e-16,1
241.9,128,0,241.9,0.00066804717652644,1.496680932375e-05,-1.3351153812599e-11,2.9908069116964e-10,5.5440571267686,0.038585611827557,-3.3306690738755e-16,1
241.95,128,0,241.95,0.00066804751754758,1.4966801684288e-05,-1.3351153812599e-11,2.9908069116964e-10,5.5421278461772,0.038585611827557,-3.3306690738755e-16,1
242,128,0,242,0.00066804785856872,1.4966794044826e-05,-1.3351153812599e-11,2.9908069116964e-10,5.5401985655859,0.038585611827557,-3.3306690738755e-16,1
242.05,128,0,242.05,0.00066804775716584,1.4966796317201e-05,1.116542506622e-11,-2.5011823648432e-10,5.5382692849945,0.038585611827547,-1.6209256159527e-14,1
242.1,128,0,242.1,0.00066804765576296,1.4966798589576e-05,1.116542506622e-11,-2.5011823648432e-10,5.5363400044031,0.038585611827547,-1.6209256159527e-14,1
242.15,128,0,242.15,0.00066804755436008,1.4966800861951e-05,1.116542506622e-11,-2.5011823648432e-10,5.5344107238117,0.038585611827547,-1.6209256159527e-14,1
242.2,128,0,242.2,0.0006680474529572,1.4966803134326e-05,1.116542506622e-11,-2.5011823648432e-10,5.5324814432203,0.038585611827547,-1.6209256159527e-14,1
242.25,128,0,242.25,0.00066804735155432,1.49668054067e-05,1.116542506622e-11,-2.5011823648432e-10,5.530552162629,0.038585611827547,-1.6209256159527e-14,1
242.3,128,0,242.3,0.00066804725015144,1.4966807679075e-05,1.116542506622e-11,-2.5011823648432e-10,5.5286228820376,0.038585611827547,-1.6209256159527e-14,1
242.35,128,0,242.35,0.00066804714874856,1.496680995145e-05,1.116542506622e-11,-2.5011823648432e-10,5.5266936014462,0.038585611827547,-1.6209256159527e-14,1
242.4,128,0,242.4,0.00066804704734568,1.4966812223825e-05,1.116542506622e-11,-2.5011823648432e-10,5.5247643208548,0.038585611827547,-1.6209256159527e-14,1
242.45,128,0,242.45,0.0006680469459428,1.49668144962e-05,1.116542506622e-11,-2.5011823648432e-10,5.5228350402635,0.038585611827547,-1.6209256159527e-14,1
242.5,128,0,242.5,0.00066804684453992,1.4966816768574e-05,1.116542506622e-11,-2.5011823648432e-10,5.5209057596721,0.038585611827547,-1.6209256159527e-14,1
242.55,128,0,242.55,0.00066804674313704,1.4966819040949e-05,1.116542506622e-11,-2.5011823648432e-10,5.5189764790807,0.038585611827547,-1.6209256159527e-14,1
242.6,128,0,242.6,0.00066804664173416,1.4966821313324e-05,1.116542506622e-11,-2.5011823648432e-10,5.5170471984893,0.038585611827547,-1.6209256159527e-14,1
242.65,128,0,242.65,0.00066804654033127,1.4966823585699e-05,1.116542506622e-11,-2.5011823648432e-10,5.515117917898,0.038585611827547,-1.6209256159527e-14,1
242.7,128,0,242.7,0.00066804643892839,1.4966825858074e-05,1.116542506622e-11,-2.5011823648432e-10,5.5131886373066,0.038585611827547,-1.6209256159527e-14,1
242.75,128,0,242.75,0.00066804633752551,1.4966828130448e-05,1.116542506622e-11,-2.5011823648432e-10,5.5112593567152,0.038585611827547,-1.6209256159527e-14,1
242.8,128,0,242.8,0.00066804623612263,1.4966830402823e-05,1.116542506622e-11,-2.5011823648432e-10,5.5093300761238,0.038585611827547,-1.6209256159527e-14,1
242.85,128,0,242.85,0.00066804613471975,1.4966832675198e-05,1.116542506622e-11,-2.5011823648432e-10,5.5074007955324,0.038585611827547,-1.6209256159527e-14,1
242.9,128,0,242.9,0.00066804603331687,1.4966834947573e-05,1.116542506622e-11,-2.5011823648432e-10,5.5054715149411,0.038585611827547,-1.6209256159527e-14,1
242.95,128,0,242.95,0.00066804593191399,1.4966837219948e-05,1.116542506622e-11,-2.5011823648432e-10,5.5035422343497,0.038585611827547,-1.6209256159527e-14,1
243,128,0,243,0.00066804583051111,1.4966839492322e-05,1.116542506622e-11,-2.5011823648432e-10,5.5016129537583,0.038585611827547,-1.6209256159527e-14,1
243.05,128,0,243.05,0.00066804552156037,1.4966846412426e-05,-7.4389553011728e-12,1.6664090803999e-10,5.4996836731669,0.038585611827572,-3.885780586188e-15,1
243.1,128,0,243.1,0.00066804521260962,1.4966853332529e-05,-7.4389553011728e-12,1.6664090803999e-10,5.4977543925756,0.038585611827572,-3.885780586188e-15,1
243.15,128,0,243.15,0.00066804490365888,1.4966860252632e-05,-7.4389553011728e-12,1.6664090803999e-10,5.4958251119842,0.038585611827572,-3.885780586188e-15,1
243.2,128,0,243.2,0.00066804459470814,1.4966867172735e-05,-7.4389553011728e-12,1.6664090803999e-10,5.4938958313928,0.038585611827572,-3.885780586188e-15,1
243.25,128,0,243.25,0.0006680442857574,1.4966874092838e-05,-7.4389553011728e-12,1.6664090803999e-10,5.4919665508014,0.038585611827572,-3.885780586188e-15,1
243.3,128,0,243.3,0.00066804397680665,1.4966881012941e-05,-7.4389553011728e-12,1.6664090803999e-10,5.49003727021,0.038585611827572,-3.885780586188e-15,1
243.35,128,0,243.35,0.00066804366785591,1.4966887933044e-05,-7.4389553011728e-12,1.6664090803999e-10,5.4881079896187,0.038585611827572,-3.885780586188e-15,1
243.4,128,0,243.4,0.00066804335890517,1.4966894853147e-05,-7.4389553011728e-12,1.6664090803999e-10,5.4861787090273,0.038585611827572,-3.885780586188e-15,1
243.45,128,0,243.45,0.00066804304995442,1.496690177325e-05,-7.4389553011728e-12,1.6664090803999e-10,5.4842494284359,0.038585611827572,-3.885780586188e-15,1
243.5,128,0,243.5,0.00066804274100368,1.4966908693353e-05,-7.4389553011728e-12,1.6664090803999e-10,5.4823201478445,0.038585611827572,-3.885780586188e-15,1
243.55,128,0,243.55,0.00066804243205294,1.4966915613457e-05,-7.4389553011728e-12,1.6664090803999e-10,5.4803908672531,0.038585611827572,-3.885780586188e-15,1
243.6,128,0,243.6,0.00066804212310219,1.496692253356e-05,-7.4389553011728e-12,1.6664090803999e-10,5.4784615866618,0.038585611827572,-3.885780586188e-15,1
243.65,128,0,243.65,0.00066804181415145,1.4966929453663e-05,-7.4389553011728e-12,1.6664090803999e-10,5.4765323060704,0.038585611827572,-3.885780586188e-15,1
243.7,128,0,243.7,0.00066804150520071,1.4966936373766e-05,-7.4389553011728e-12,1.6664090803999e-10,5.474603025479,0.038585611827572,-3.885780586188e-15,1
243.75,128,0,243.75,0.00066804119624996,1.4966943293869e-05,-7.4389553011728e-12,1.6664090803999e-10,5.4726737448876,0.038585611827572,-3.885780586188e-15,1
243.8,128,0,243.8,0.00066804088729922,1.4966950213972e-05,-7.4389553011728e-12,1.6664090803999e-10,5.4707444642962,0.038585611827572,-3.885780586188e-15,1
243.85,128,0,243.85,0.00066804057834848,1.4966957134075e-05,-7.4389553011728e-12,1.6664090803999e-10,5.4688151837049,0.038585611827572,-3.885780586188e-15,1
243.9,128,0,243.9,0.00066804026939774,1.4966964054178e-05,-7.4389553011728e-12,1.6664090803999e-10,5.4668859031135,0.038585611827572,-3.885780586188e-15,1
243.95,128,0,243.95,0.00066803996044699,1.4966970974281e-05,-7.4389553011728e-12,1.6664090803999e-10,5.4649566225221,0.038585611827572,-3.885780586188e-15,1
244,128,0,244,0.00066803965149625,1.4966977894384e-05,-7.4389553011728e-12,1.6664090803999e-10,5.4630273419307,0.038585611827572,-3.885780586188e-15,1
244.05,128,0,244.05,0.00066803962711523,1.4966978441054e-05,7.5318264909966e-12,-1.6871996452038e-10,5.4610980613393,0.038585611827547,-9.9920072216264e-16,1
244.1,128,0,244.1,0.00066803960273421,1.4966978987724e-05,7.5318264909966e-12,-1.6871996452038e-10,5.459168780748,0.038585611827547,-9.9920072216264e-16,1
244.15,128,0,244.15,0.00066803957835319,1.4966979534394e-05,7.5318264909966e-12,-1.6871996452038e-10,5.4572395001566,0.038585611827547,-9.9920072216264e-16,1
244.2,128,0,244.2,0.00066803955397216,1.4966980081064e-05,7.5318264909966e-12,-1.6871996452038e-10,5.4553102195652,0.038585611827547,-9.9920072216264e-16,1
244.25,128,0,244.25,0.00066803952959114,1.4966980627733e-05,7.5318264909966e-12,-1.6871996452038e-10,5.4533809389738,0.038585611827547,-9.9920072216264e-16,1
244.3,128,0,244.3,0.00066803950521012,1.4966981174403e-05,7.5318264909966e-12,-1.6871996452038e-10,5.4514516583825,0.038585611827547,-9.9920072216264e-16,1
244.35,128,0,244.35,0.0006680394808291,1.4966981721073e-05,7.5318264909966e-12,-1.6871996452038e-10,5.4495223777911,0.038585611827547,-9.9920072216264e-16,1
244.4,128,0,244.4,0.00066803945644808,1.4966982267743e-05,7.5318264909966e-12,-1.6871996452038e-10,5.4475930971997,0.038585611827547,-9.9920072216264e-16,1
244.45,128,0,244.45,0.00066803943206706,1.4966982814412e-05,7.5318264909966e-12,-1.6871996452038e-10,5.4456638166083,0.038585611827547,-9.9920072216264e-16,1
244.5,128,0,244.5,0.00066803940768604,1.4966983361082e-05,7.5318264909966e-12,-1.6871996452038e-10,5.443734536017,0.038585611827547,-9.9920072216264e-16,1
244.55,128,0,244.55,0.00066803938330501,1.4966983907752e-05,7.5318264909966e-12,-1.6871996452038e-10,5.4418052554256,0.038585611827547,-9.9920072216264e-16,1
244.6,128,0,244.6,0.00066803935892399,1.4966984454422e-05,7.5318264909966e-12,-1.6871996452038e-10,5.4398759748342,0.038585611827547,-9.9920072216264e-16,1
244.65,128,0,244.65,0.00066803933454297,1.4966985001091e-05,7.5318264909966e-12,-1.6871996452038e-10,5.4379466942428,0.038585611827547,-9.9920072216264e-16,1
244.7,128,0,244.7,0.00066803931016195,1.4966985547761e-05,7.5318264909966e-12,-1.6871996452038e-10,5.4360174136514,0.038585611827547,-9.9920072216264e-16,1
244.75,128,0,244.75,0.00066803928578093,1.4966986094431e-05,7.5318264909966e-12,-1.6871996452038e-10,5.4340881330601,0.038585611827547,-9.9920072216264e-16,1
244.8,128,0,244.8,0.00066803926139991,1.4966986641101e-05,7.5318264909966e-12,-1.6871996452038e-10,5.4321588524687,0.038585611827547,-9.9920072216264e-16,1
244.85,128,0,244.85,0.00066803923701889,1.4966987187771e-05,7.5318264909966e-12,-1.6871996452038e-10,5.4302295718773,0.038585611827547,-9.9920072216264e-16,1
244.9,128,0,244.9,0.00066803921263786,1.496698773444e-05,7.5318264909966e-12,-1.6871996452038e-10,5.4283002912859,0.038585611827547,-9.9920072216264e-16,1
244.95,128,0,244.95,0.00066803918825684,1.496698828111e-05,7.5318264909966e-12,-1.6871996452038e-10,5.4263710106946,0.038585611827547,-9.9920072216264e-16,1
245,128,0,245,0.00066803916387582,1.496698882778e-05,7.5318264909966e-12,-1.6871996452038e-10,5.4244417301032,0.038585611827547,-9.9920072216264e-16,1
245.05,128,0,245.05,0.00066803962935116,1.4966978400413e-05,-1.0303902579678e-11,2.3081788913588e-10,5.4225124495118,0.03858561182759,-2.9976021664879e-15,1
245.1,128,0,245.1,0.0006680400948265,1.4966967973045e-05,-1.0303902579678e-11,2.3081788913588e-10,5.4205831689204,0.03858561182759,-2.9976021664879e-15,1
245.15,128,0,245.15,0.00066804056030183,1.4966957545678e-05,-1.0303902579678e-11,2.3081788913588e-10,5.4186538883291,0.03858561182759,-2.9976021664879e-15,1
245.2,128,0,245.2,0.00066804102577717,1.4966947118311e-05,-1.0303902579678e-11,2.3081788913588e-10,5.4167246077377,0.03858561182759,-2.9976021664879e-15,1
245.25,128,0,245.25,0.00066804149125251,1.4966936690943e-05,-1.0303902579678e-11,2.3081788913588e-10,5.4147953271463,0.03858561182759,-2.9976021664879e-15,1
245.3,128,0,245.3,0.00066804195672784,1.4966926263576e-05,-1.0303902579678e-11,2.3081788913588e-10,5.4128660465549,0.03858561182759,-2.9976021664879e-15,1
245.35,128,0,245.35,0.00066804242220318,1.4966915836209e-05,-1.0303902579678e-11,2.3081788913588e-10,5.4109367659635,0.03858561182759,-2.9976021664879e-15,1
245.4,128,0,245.4,0.00066804288767852,1.4966905408841e-05,-1.0303902579678e-11,2.3081788913588e-10,5.4090074853721,0.03858561182759,-2.9976021664879e-15,1
245.45,128,0,245.45,0.00066804335315386,1.4966894981474e-05,-1.0303902579678e-11,2.3081788913588e-10,5.4070782047808,0.03858561182759,-2.9976021664879e-15,1
245.5,128,0,245.5,0.00066804381862919,1.4966884554107e-05,-1.0303902579678e-11,2.3081788913588e-10,5.4051489241894,0.03858561182759,-2.9976021664879e-15,1
245.55,128,0,245.55,0.00066804428410453,1.4966874126739e-05,-1.0303902579678e-11,2.3081788913588e-10,5.403219643598,0.03858561182759,-2.9976021664879e-15,1
245.6,128,0,245.6,0.00066804474957987,1.4966863699372e-05,-1.0303902579678e-11,2.3081788913588e-10,5.4012903630066,0.03858561182759,-2.9976021664879e-15,1
245.65,128,0,245.65,0.0006680452150552,1.4966853272005e-05,-1.0303902579678e-11,2.3081788913588e-10,5.3993610824152,0.03858561182759,-2.9976021664879e-15,1
245.7,128,0,245.7,0.00066804568053054,1.4966842844638e-05,-1.0303902579678e-11,2.3081788913588e-10,5.3974318018239,0.03858561182759,-2.9976021664879e-15,1
245.75,128,0,245.75,0.00066804614600588,1.496683241727e-05,-1.0303902579678e-11,2.3081788913588e-10,5.3955025212325,0.03858561182759,-2.9976021664879e-15,1
245.8,128,0,245.8,0.00066804661148122,1.4966821989903e-05,-1.0303902579678e-11,2.3081788913588e-10,5.3935732406411,0.03858561182759,-2.9976021664879e-15,1
245.85,128,0,245.85,0.00066804707695655,1.4966811562536e-05,-1.0303902579678e-11,2.3081788913588e-10,5.3916439600497,0.03858561182759,-2.9976021664879e-15,1
245.9,128,0,245.9,0.00066804754243189,1.4966801135168e-05,-1.0303902579678e-11,2.3081788913588e-10,5.3897146794583,0.03858561182759,-2.9976021664879e-15,1
245.95,128,0,245.95,0.00066804800790723,1.4966790707801e-05,-1.0303902579678e-11,2.3081788913588e-10,5.387785398867,0.03858561182759,-2.9976021664879e-15,1
246,128,0,246,0.00066804847338256,1.4966780280434e-05,-1.0303902579678e-11,2.3081788913588e-10,5.3858561182756,0.03858561182759,-2.9976021664879e-15,1
246.05,128,0,246.05,0.00066804840607307,1.4966781788597e-05,1.1926677951073e-11,-2.6717866516732e-10,5.3839268376842,0.038585611827558,9.9920072216264e-16,1
246.1,128,0,246.1,0.00066804833876357,1.4966783296761e-05,1.1926677951073e-11,-2.6717866516732e-10,5.3819975570928,0.038585611827558,9.9920072216264e-16,1
246.15,128,0,246.15,0.00066804827145408,1.4966784804924e-05,1.1926677951073e-11,-2.6717866516732e-10,5.3800682765015,0.038585611827558,9.9920072216264e-16,1
246.2,128,0,246.2,0.00066804820414458,1.4966786313088e-05,1.1926677951073e-11,-2.6717866516732e-10,5.3781389959101,0.038585611827558,9.9920072216264e-16,1
246.25,128,0,246.25,0.00066804813683509,1.4966787821251e-05,1.1926677951073e-11,-2.6717866516732e-10,5.3762097153187,0.038585611827558,9.9920072216264e-16,1
246.3,128,0,246.3,0.00066804806952559,1.4966789329415e-05,1.1926677951073e-11,-2.6717866516732e-10,5.3742804347273,0.038585611827558,9.9920072216264e-16,1
246.35,128,0,246.35,0.0006680480022161,1.4966790837579e-05,1.1926677951073e-11,-2.6717866516732e-10,5.3723511541359,0.038585611827558,9.9920072216264e-16,1
246.4,128,0,246.4,0.0006680479349066,1.4966792345742e-05,1.1926677951073e-11,-2.6717866516732e-10,5.3704218735446,0.038585611827558,9.9920072216264e-16,1
246.45,128,0,246.45,0.00066804786759711,1.4966793853906e-05,1.1926677951073e-11,-2.6717866516732e-10,5.3684925929532,0.038585611827558,9.9920072216264e-16,1
246.5,128,0,246.5,0.00066804780028761,1.4966795362069e-05,1.1926677951073e-11,-2.6717866516732e-10,5.3665633123618,0.038585611827558,9.9920072216264e-16,1
246.55,128,0,246.55,0.00066804773297812,1.4966796870233e-05,1.1926677951073e-11,-2.6717866516732e-10,5.3646340317704,0.038585611827558,9.9920072216264e-16,1
246.6,128,0,246.6,0.00066804766566862,1.4966798378396e-05,1.1926677951073e-11,-2.6717866516732e-10,5.3627047511791,0.038585611827558,9.9920072216264e-16,1
246.65,128,0,246.65,0.00066804759835913,1.496679988656e-05,1.1926677951073e-11,-2.6717866516732e-10,5.3607754705877,0.038585611827558,9.9920072216264e-16,1
246.7,128,0,246.7,0.00066804753104963,1.4966801394723e-05,1.1926677951073e-11,-2.6717866516732e-10,5.3588461899963,0.038585611827558,9.9920072216264e-16,1
246.75,128,0,246.75,0.00066804746374014,1.4966802902887e-05,1.1926677951073e-11,-2.6717866516732e-10,5.3569169094049,0.038585611827558,9.9920072216264e-16,1
246.8,128,0,246.8,0.00066804739643064,1.4966804411051e-05,1.1926677951073e-11,-2.6717866516732e-10,5.3549876288135,0.038585611827558,9.9920072216264e-16,1
246.85,128,0,246.85,0.00066804732912115,1.4966805919214e-05,1.1926677951073e-11,-2.6717866516732e-10,5.3530583482222,0.038585611827558,9.9920072216264e-16,1
246.9,128,0,246.9,0.00066804726181165,1.4966807427378e-05,1.1926677951073e-11,-2.6717866516732e-10,5.3511290676308,0.038585611827558,9.9920072216264e-16,1
246.95,128,0,246.95,0.00066804719450216,1.4966808935541e-05,1.1926677951073e-11,-2.6717866516732e-10,5.3491997870394,0.038585611827558,9.9920072216264e-16,1
247,128,0,247,0.00066804712719266,1.4966810443705e-05,1.1926677951073e-11,-2.6717866516732e-10,5.347270506448,0.038585611827558,9.9920072216264e-16,1
247.05,128,0,247.05,0.00066804664097153,1.4966821335116e-05,-1.1842938904587e-11,2.6530126218766e-10,5.3453412258567,0.038585611827581,3.441691376338e-15,1
247.1,128,0,247.1,0.0006680461547504,1.4966832226528e-05,-1.1842938904587e-11,2.6530126218766e-10,5.3434119452653,0.038585611827581,3.441691376338e-15,1
247.15,128,0,247.15,0.00066804566852926,1.496684311794e-05,-1.1842938904587e-11,2.6530126218766e-10,5.3414826646739,0.038585611827581,3.441691376338e-15,1
247.2,128,0,247.2,0.00066804518230813,1.4966854009352e-05,-1.1842938904587e-11,2.6530126218766e-10,5.3395533840825,0.038585611827581,3.441691376338e-15,1
247.25,128,0,247.25,0.00066804469608699,1.4966864900763e-05,-1.1842938904587e-11,2.6530126218766e-10,5.3376241034911,0.038585611827581,3.441691376338e-15,1
247.3,128,0,247.3,0.00066804420986586,1.4966875792175e-05,-1.1842938904587e-11,2.6530126218766e-10,5.3356948228998,0.038585611827581,3.441691376338e-15,1
247.35,128,0,247.35,0.00066804372364473,1.4966886683587e-05,-1.1842938904587e-11,2.6530126218766e-10,5.3337655423084,0.038585611827581,3.441691376338e-15,1
247.4,128,0,247.4,0.00066804323742359,1.4966897574998e-05,-1.1842938904587e-11,2.6530126218766e-10,5.331836261717,0.038585611827581,3.441691376338e-15,1
247.45,128,0,247.45,0.00066804275120246,1.496690846641e-05,-1.1842938904587e-11,2.6530126218766e-10,5.3299069811256,0.038585611827581,3.441691376338e-15,1
247.5,128,0,247.5,0.00066804226498132,1.4966919357822e-05,-1.1842938904587e-11,2.6530126218766e-10,5.3279777005342,0.038585611827581,3.441691376338e-15,1
247.55,128,0,247.55,0.00066804177876019,1.4966930249233e-05,-1.1842938904587e-11,2.6530126218766e-10,5.3260484199429,0.038585611827581,3.441691376338e-15,1
247.6,128,0,247.6,0.00066804129253906,1.4966941140645e-05,-1.1842938904587e-11,2.6530126218766e-10,5.3241191393515,0.038585611827581,3.441691376338e-15,1
247.65,128,0,247.65,0.00066804080631792,1.4966952032057e-05,-1.1842938904587e-11,2.6530126218766e-10,5.3221898587601,0.038585611827581,3.441691376338e-15,1
247.7,128,0,247.7,0.00066804032009679,1.4966962923468e-05,-1.1842938904587e-11,2.6530126218766e-10,5.3202605781687,0.038585611827581,3.441691376338e-15,1
247.75,128,0,247.75,0.00066803983387565,1.496697381488e-05,-1.1842938904587e-11,2.6530126218766e-10,5.3183312975773,0.038585611827581,3.441691376338e-15,1
247.8,128,0,247.8,0.00066803934765452,1.4966984706292e-05,-1.1842938904587e-11,2.6530126218766e-10,5.316402016986,0.038585611827581,3.441691376338e-15,1
247.85,128,0,247.85,0.00066803886143339,1.4966995597704e-05,-1.1842938904587e-11,2.6530126218766e-10,5.3144727363946,0.038585611827581,3.441691376338e-15,1
247.9,128,0,247.9,0.00066803837521225,1.4967006489115e-05,-1.1842938904587e-11,2.6530126218766e-10,5.3125434558032,0.038585611827581,3.441691376338e-15,1
247.95,128,0,247.95,0.00066803788899112,1.4967017380527e-05,-1.1842938904587e-11,2.6530126218766e-10,5.3106141752118,0.038585611827581,3.441691376338e-15,1
248,128,0,248,0.00066803740276998,1.4967028271939e-05,-1.1842938904587e-11,2.6530126218766e-10,5.3086848946204,0.038585611827581,3.441691376338e-15,1
248.05,128,0,248.05,0.00066803754022458,1.4967025192912e-05,1.130559091562e-11,-2.5325932252832e-10,5.3067556140291,0.038585611827542,1.0436096431476e-14,1
248.1,128,0,248.1,0.00066803767767918,1.4967022113885e-05,1.130559091562e-11,-2.5325932252832e-10,5.3048263334377,0.038585611827542,1.0436096431476e-14,1
248.15,128,0,248.15,0.00066803781513378,1.4967019034859e-05,1.130559091562e-11,-2.5325932252832e-10,5.3028970528463,0.038585611827542,1.0436096431476e-14,1
248.2,128,0,248.2,0.00066803795258837,1.4967015955832e-05,1.130559091562e-11,-2.5325932252832e-10,5.3009677722549,0.038585611827542,1.0436096431476e-14,1
248.25,128,0,248.25,0.00066803809004297,1.4967012876805e-05,1.130559091562e-11,-2.5325932252832e-10,5.2990384916636,0.038585611827542,1.0436096431476e-14,1
248.3,128,0,248.3,0.00066803822749757,1.4967009797779e-05,1.130559091562e-11,-2.5325932252832e-10,5.2971092110722,0.038585611827542,1.0436096431476e-14,1
248.35,128,0,248.35,0.00066803836495217,1.4967006718752e-05,1.130559091562e-11,-2.5325932252832e-10,5.2951799304808,0.038585611827542,1.0436096431476e-14,1
248.4,128,0,248.4,0.00066803850240677,1.4967003639726e-05,1.130559091562e-11,-2.5325932252832e-10,5.2932506498894,0.038585611827542,1.0436096431476e-14,1
248.45,128,0,248.45,0.00066803863986136,1.4967000560699e-05,1.130559091562e-11,-2.5325932252832e-10,5.2913213692981,0.038585611827542,1.0436096431476e-14,1
248.5,128,0,248.5,0.00066803877731596,1.4966997481672e-05,1.130559091562e-11,-2.5325932252832e-10,5.2893920887067,0.038585611827542,1.0436096431476e-14,1
248.55,128,0,248.55,0.00066803891477056,1.4966994402646e-05,1.130559091562e-11,-2.5325932252832e-10,5.2874628081153,0.038585611827542,1.0436096431476e-14,1
248.6,128,0,248.6,0.00066803905222516,1.4966991323619e-05,1.130559091562e-11,-2.5325932252832e-10,5.2855335275239,0.038585611827542,1.0436096431476e-14,1
248.65,128,0,248.65,0.00066803918967975,1.4966988244592e-05,1.130559091562e-11,-2.5325932252832e-10,5.2836042469325,0.038585611827542,1.0436096431476e-14,1
248.7,128,0,248.7,0.00066803932713435,1.4966985165566e-05,1.130559091562e-11,-2.5325932252832e-10,5.2816749663412,0.038585611827542,1.0436096431476e-14,1
248.75,128,0,248.75,0.00066803946458895,1.4966982086539e-05,1.130559091562e-11,-2.5325932252832e-10,5.2797456857498,0.038585611827542,1.0436096431476e-14,1
248.8,128,0,248.8,0.00066803960204355,1.4966979007513e-05,1.130559091562e-11,-2.5325932252832e-10,5.2778164051584,0.038585611827542,1.0436096431476e-14,1
248.85,128,0,248.85,0.00066803973949815,1.4966975928486e-05,1.130559091562e-11,-2.5325932252832e-10,5.275887124567,0.038585611827542,1.0436096431476e-14,1
248.9,128,0,248.9,0.00066803987695274,1.4966972849459e-05,1.130559091562e-11,-2.5325932252832e-10,5.2739578439757,0.038585611827542,1.0436096431476e-14,1
248.95,128,0,248.95,0.00066804001440734,1.4966969770433e-05,1.130559091562e-11,-2.5325932252832e-10,5.2720285633843,0.038585611827542,1.0436096431476e-14,1
249,128,0,249,0.00066804015186194,1.4966966691406e-05,1.130559091562e-11,-2.5325932252832e-10,5.2700992827929,0.038585611827542,1.0436096431476e-14,1
249.05,128,0,249.05,0.00066804055067953,1.4966957757412e-05,-1.1800575456131e-11,2.6435167871054e-10,5.2681700022015,0.038585611827548,-5.5511151231258e-16,1
249.1,128,0,249.1,0.00066804094949713,1.4966948823419e-05,-1.1800575456131e-11,2.6435167871054e-10,5.2662407216102,0.038585611827548,-5.5511151231258e-16,1
249.15,128,0,249.15,0.00066804134831473,1.4966939889425e-05,-1.1800575456131e-11,2.6435167871054e-10,5.2643114410188,0.038585611827548,-5.5511151231258e-16,1
249.2,128,0,249.2,0.00066804174713232,1.4966930955431e-05,-1.1800575456131e-11,2.6435167871054e-10,5.2623821604274,0.038585611827548,-5.5511151231258e-16,1
249.25,128,0,249.25,0.00066804214594992,1.4966922021438e-05,-1.1800575456131e-11,2.6435167871054e-10,5.260452879836,0.038585611827548,-5.5511151231258e-16,1
249.3,128,0,249.3,0.00066804254476752,1.4966913087444e-05,-1.1800575456131e-11,2.6435167871054e-10,5.2585235992446,0.038585611827548,-5.5511151231258e-16,1
249.35,128,0,249.35,0.00066804294358511,1.496690415345e-05,-1.1800575456131e-11,2.6435167871054e-10,5.2565943186533,0.038585611827548,-5.5511151231258e-16,1
249.4,128,0,249.4,0.00066804334240271,1.4966895219457e-05,-1.1800575456131e-11,2.6435167871054e-10,5.2546650380619,0.038585611827548,-5.5511151231258e-16,1
249.45,128,0,249.45,0.00066804374122031,1.4966886285463e-05,-1.1800575456131e-11,2.6435167871054e-10,5.2527357574705,0.038585611827548,-5.5511151231258e-16,1
249.5,128,0,249.5,0.0006680441400379,1.4966877351469e-05,-1.1800575456131e-11,2.6435167871054e-10,5.2508064768791,0.038585611827548,-5.5511151231258e-16,1
249.55,128,0,249.55,0.0006680445388555,1.4966868417476e-05,-1.1800575456131e-11,2.6435167871054e-10,5.2488771962878,0.038585611827548,-5.5511151231258e-16,1
249.6,128,0,249.6,0.0006680449376731,1.4966859483482e-05,-1.1800575456131e-11,2.6435167871054e-10,5.2469479156964,0.038585611827548,-5.5511151231258e-16,1
249.65,128,0,249.65,0.00066804533649069,1.4966850549488e-05,-1.1800575456131e-11,2.6435167871054e-10,5.245018635105,0.038585611827548,-5.5511151231258e-16,1
249.7,128,0,249.7,0.00066804573530829,1.4966841615495e-05,-1.1800575456131e-11,2.6435167871054e-10,5.2430893545136,0.038585611827548,-5.5511151231258e-16,1
249.75,128,0,249.75,0.00066804613412589,1.4966832681501e-05,-1.1800575456131e-11,2.6435167871054e-10,5.2411600739223,0.038585611827548,-5.5511151231258e-16,1
249.8,128,0,249.8,0.00066804653294348,1.4966823747507e-05,-1.1800575456131e-11,2.6435167871054e-10,5.2392307933309,0.038585611827548,-5.5511151231258e-16,1
249.85,128,0,249.85,0.00066804693176108,1.4966814813514e-05,-1.1800575456131e-11,2.6435167871054e-10,5.2373015127395,0.038585611827548,-5.5511151231258e-16,1
249.9,128,0,249.9,0.00066804733057868,1.496680587952e-05,-1.1800575456131e-11,2.6435167871054e-10,5.2353722321481,0.038585611827548,-5.5511151231258e-16,1
249.95,128,0,249.95,0.00066804772939627,1.4966796945526e-05,-1.1800575456131e-11,2.6435167871054e-10,5.2334429515567,0.038585611827548,-5.5511151231258e-16,1
250,128,0,250,0.00066804812821387,1.4966788011533e-05,-1.1800575456131e-11,2.6435167871054e-10,5.2315136709654,0.038585611827548,-5.5511151231258e-16,1
250.05,128,0,250.05,0.00066804808852534,1.4966788901098e-05,1.2328056362687e-11,-2.7617382949247e-10,5.229584390374,0.038585611827572,-1.0991207943789e-14,1
250.1,128,0,250.1,0.00066804804883682,1.4966789790664e-05,1.2328056362687e-11,-2.7617382949247e-10,5.2276551097826,0.038585611827572,-1.0991207943789e-14,1
250.15,128,0,250.15,0.00066804800914829,1.496679068023e-05,1.2328056362687e-11,-2.7617382949247e-10,5.2257258291912,0.038585611827572,-1.0991207943789e-14,1
250.2,128,0,250.2,0.00066804796945976,1.4966791569795e-05,1.2328056362687e-11,-2.7617382949247e-10,5.2237965485999,0.038585611827572,-1.0991207943789e-14,1
250.25,128,0,250.25,0.00066804792977124,1.4966792459361e-05,1.2328056362687e-11,-2.7617382949247e-10,5.2218672680085,0.038585611827572,-1.0991207943789e-14,1
250.3,128,0,250.3,0.00066804789008271,1.4966793348927e-05,1.2328056362687e-11,-2.7617382949247e-10,5.2199379874171,0.038585611827572,-1.0991207943789e-14,1
250.35,128,0,250.35,0.00066804785039418,1.4966794238492e-05,1.2328056362687e-11,-2.7617382949247e-10,5.2180087068257,0.038585611827572,-1.0991207943789e-14,1
250.4,128,0,250.4,0.00066804781070566,1.4966795128058e-05,1.2328056362687e-11,-2.7617382949247e-10,5.2160794262343,0.038585611827572,-1.0991207943789e-14,1
250.45,128,0,250.45,0.00066804777101713,1.4966796017624e-05,1.2328056362687e-11,-2.7617382949247e-10,5.214150145643,0.038585611827572,-1.0991207943789e-14,1
250.5,128,0,250.5,0.00066804773132861,1.4966796907189e-05,1.2328056362687e-11,-2.7617382949247e-10,5.2122208650516,0.038585611827572,-1.0991207943789e-14,1
250.55,128,0,250.55,0.00066804769164008,1.4966797796755e-05,1.2328056362687e-11,-2.7617382949247e-10,5.2102915844602,0.038585611827572,-1.0991207943789e-14,1
250.6,128,0,250.6,0.00066804765195155,1.4966798686321e-05,1.2328056362687e-11,-2.7617382949247e-10,5.2083623038688,0.038585611827572,-1.0991207943789e-14,1
250.65,128,0,250.65,0.00066804761226303,1.4966799575886e-05,1.2328056362687e-11,-2.7617382949247e-10,5.2064330232774,0.038585611827572,-1.0991207943789e-14,1
250.7,128,0,250.7,0.0006680475725745,1.4966800465452e-05,1.2328056362687e-11,-2.7617382949247e-10,5.2045037426861,0.038585611827572,-1.0991207943789e-14,1
250.75,128,0,250.75,0.00066804753288597,1.4966801355018e-05,1.2328056362687e-11,-2.7617382949247e-10,5.2025744620947,0.038585611827572,-1.0991207943789e-14,1
250.8,128,0,250.8,0.00066804749319745,1.4966802244583e-05,1.2328056362687e-11,-2.7617382949247e-10,5.2006451815033,0.038585611827572,-1.0991207943789e-14,1
250.85,128,0,250.85,0.00066804745350892,1.4966803134149e-05,1.2328056362687e-11,-2.7617382949247e-10,5.1987159009119,0.038585611827572,-1.0991207943789e-14,1
250.9,128,0,250.9,0.00066804741382039,1.4966804023715e-05,1.2328056362687e-11,-2.7617382949247e-10,5.1967866203206,0.038585611827572,-1.0991207943789e-14,1
250.95,128,0,250.95,0.00066804737413187,1.496680491328e-05,1.2328056362687e-11,-2.7617382949247e-10,5.1948573397292,0.038585611827572,-1.0991207943789e-14,1
251,128,0,251,0.00066804733444334,1.4966805802846e-05,1.2328056362687e-11,-2.7617382949247e-10,5.1929280591378,0.038585611827572,-1.0991207943789e-14,1
251.05,128,0,251.05,0.00066804678921686,1.496681801573e-05,-1.087293797899e-11,2.4357884071823e-10,5.1909987785464,0.038585611827579,-9.8809849191639e-15,1
251.1,128,0,251.1,0.00066804624399037,1.4966830228614e-05,-1.087293797899e-11,2.4357884071823e-10,5.189069497955,0.038585611827579,-9.8809849191639e-15,1
251.15,128,0,251.15,0.00066804569876389,1.4966842441498e-05,-1.087293797899e-11,2.4357884071823e-10,5.1871402173637,0.038585611827579,-9.8809849191639e-15,1
251.2,128,0,251.2,0.0006680451535374,1.4966854654382e-05,-1.087293797899e-11,2.4357884071823e-10,5.1852109367723,0.038585611827579,-9.8809849191639e-15,1
251.25,128,0,251.25,0.00066804460831092,1.4966866867266e-05,-1.087293797899e-11,2.4357884071823e-10,5.1832816561809,0.038585611827579,-9.8809849191639e-15,1
251.3,128,0,251.3,0.00066804406308443,1.4966879080149e-05,-1.087293797899e-11,2.4357884071823e-10,5.1813523755895,0.038585611827579,-9.8809849191639e-15,1
251.35,128,0,251.35,0.00066804351785795,1.4966891293033e-05,-1.087293797899e-11,2.4357884071823e-10,5.1794230949981,0.038585611827579,-9.8809849191639e-15,1
251.4,128,0,251.4,0.00066804297263146,1.4966903505917e-05,-1.087293797899e-11,2.4357884071823e-10,5.1774938144068,0.038585611827579,-9.8809849191639e-15,1
251.45,128,0,251.45,0.00066804242740498,1.4966915718801e-05,-1.087293797899e-11,2.4357884071823e-10,5.1755645338154,0.038585611827579,-9.8809849191639e-15,1
251.5,128,0,251.5,0.00066804188217849,1.4966927931685e-05,-1.087293797899e-11,2.4357884071823e-10,5.173635253224,0.038585611827579,-9.8809849191639e-15,1
251.55,128,0,251.55,0.00066804133695201,1.4966940144569e-05,-1.087293797899e-11,2.4357884071823e-10,5.1717059726326,0.038585611827579,-9.8809849191639e-15,1
251.6,128,0,251.6,0.00066804079172552,1.4966952357453e-05,-1.087293797899e-11,2.4357884071823e-10,5.1697766920412,0.038585611827579,-9.8809849191639e-15,1
251.65,128,0,251.65,0.00066804024649904,1.4966964570337e-05,-1.087293797899e-11,2.4357884071823e-10,5.1678474114499,0.038585611827579,-9.8809849191639e-15,1
251.7,128,0,251.7,0.00066803970127255,1.4966976783221e-05,-1.087293797899e-11,2.4357884071823e-10,5.1659181308585,0.038585611827579,-9.8809849191639e-15,1
251.75,128,0,251.75,0.00066803915604607,1.4966988996105e-05,-1.087293797899e-11,2.4357884071823e-10,5.1639888502671,0.038585611827579,-9.8809849191639e-15,1
251.8,128,0,251.8,0.00066803861081958,1.4967001208989e-05,-1.087293797899e-11,2.4357884071823e-10,5.1620595696757,0.038585611827579,-9.8809849191639e-15,1
251.85,128,0,251.85,0.0006680380655931,1.4967013421873e-05,-1.087293797899e-11,2.4357884071823e-10,5.1601302890843,0.038585611827579,-9.8809849191639e-15,1
251.9,128,0,251.9,0.00066803752036661,1.4967025634757e-05,-1.087293797899e-11,2.4357884071823e-10,5.158201008493,0.038585611827579,-9.8809849191639e-15,1
251.95,128,0,251.95,0.00066803697514013,1.496703784764e-05,-1.087293797899e-11,2.4357884071823e-10,5.1562717279016,0.038585611827579,-9.8809849191639e-15,1
252,128,0,252,0.00066803642991364,1.4967050060524e-05,-1.087293797899e-11,2.4357884071823e-10,5.1543424473102,0.038585611827579,-9.8809849191639e-15,1
252.05,128,0,252.05,0.00066803680291029,1.4967041705118e-05,6.508159151205e-12,-1.4579544223633e-10,5.1524131667188,0.038585611827544,5.6621374255883e-15,1
252.1,128,0,252.1,0.00066803717590693,1.4967033349711e-05,6.508159151205e-12,-1.4579544223633e-10,5.1504838861275,0.038585611827544,5.6621374255883e-15,1
252.15,128,0,252.15,0.00066803754890358,1.4967024994305e-05,6.508159151205e-12,-1.4579544223633e-10,5.1485546055361,0.038585611827544,5.6621374255883e-15,1
252.2,128,0,252.2,0.00066803792190022,1.4967016638898e-05,6.508159151205e-12,-1.4579544223633e-10,5.1466253249447,0.038585611827544,5.6621374255883e-15,1
252.25,128,0,252.25,0.00066803829489687,1.4967008283492e-05,6.508159151205e-12,-1.4579544223633e-10,5.1446960443533,0.038585611827544,5.6621374255883e-15,1
252.3,128,0,252.3,0.00066803866789351,1.4966999928085e-05,6.508159151205e-12,-1.4579544223633e-10,5.1427667637619,0.038585611827544,5.6621374255883e-15,1
252.35,128,0,252.35,0.00066803904089016,1.4966991572679e-05,6.508159151205e-12,-1.4579544223633e-10,5.1408374831706,0.038585611827544,5.6621374255883e-15,1
252.4,128,0,252.4,0.0006680394138868,1.4966983217272e-05,6.508159151205e-12,-1.4579544223633e-10,5.1389082025792,0.038585611827544,5.6621374255883e-15,1
252.45,128,0,252.45,0.00066803978688345,1.4966974861866e-05,6.508159151205e-12,-1.4579544223633e-10,5.1369789219878,0.038585611827544,5.6621374255883e-15,1
252.5,128,0,252.5,0.00066804015988009,1.4966966506459e-05,6.508159151205e-12,-1.4579544223633e-10,5.1350496413964,0.038585611827544,5.6621374255883e-15,1
252.55,128,0,252.55,0.00066804053287674,1.4966958151052e-05,6.508159151205e-12,-1.4579544223633e-10,5.1331203608051,0.038585611827544,5.6621374255883e-15,1
252.6,128,0,252.6,0.00066804090587338,1.4966949795646e-05,6.508159151205e-12,-1.4579544223633e-10,5.1311910802137,0.038585611827544,5.6621374255883e-15,1
252.65,128,0,252.65,0.00066804127887003,1.4966941440239e-05,6.508159151205e-12,-1.4579544223633e-10,5.1292617996223,0.038585611827544,5.6621374255883e-15,1
252.7,128,0,252.7,0.00066804165186667,1.4966933084833e-05,6.508159151205e-12,-1.4579544223633e-10,5.1273325190309,0.038585611827544,5.6621374255883e-15,1
252.75,128,0,252.75,0.00066804202486332,1.4966924729426e-05,6.508159151205e-12,-1.4579544223633e-10,5.1254032384395,0.038585611827544,5.6621374255883e-15,1
252.8,128,0,252.8,0.00066804239785996,1.496691637402e-05,6.508159151205e-12,-1.4579544223633e-10,5.1234739578482,0.038585611827544,5.6621374255883e-15,1
252.85,128,0,252.85,0.00066804277085661,1.4966908018613e-05,6.508159151205e-12,-1.4579544223633e-10,5.1215446772568,0.038585611827544,5.6621374255883e-15,1
252.9,128,0,252.9,0.00066804314385325,1.4966899663207e-05,6.508159151205e-12,-1.4579544223633e-10,5.1196153966654,0.038585611827544,5.6621374255883e-15,1
252.95,128,0,252.95,0.0006680435168499,1.49668913078e-05,6.508159151205e-12,-1.4579544223633e-10,5.117686116074,0.038585611827544,5.6621374255883e-15,1
253,128,0,253,0.00066804388984654,1.4966882952394e-05,6.508159151205e-12,-1.4579544223633e-10,5.1157568354827,0.038585611827544,5.6621374255883e-15,1
253.05,128,0,253.05,0.00066804365798696,1.4966888147476e-05,4.3044406957521e-13,-9.6542606704458e-12,5.1138275548913,0.038585611827542,2.9309887850104e-14,1
253.1,128,0,253.1,0.00066804342612737,1.4966893342558e-05,4.3044406957521e-13,-9.6542606704458e-12,5.1118982742999,0.038585611827542,2.9309887850104e-14,1
253.15,128,0,253.15,0.00066804319426779,1.496689853764e-05,4.3044406957521e-13,-9.6542606704458e-12,5.1099689937085,0.038585611827542,2.9309887850104e-14,1
253.2,128,0,253.2,0.0006680429624082,1.4966903732723e-05,4.3044406957521e-13,-9.6542606704458e-12,5.1080397131171,0.038585611827542,2.9309887850104e-14,1
253.25,128,0,253.25,0.00066804273054861,1.4966908927805e-05,4.3044406957521e-13,-9.6542606704458e-12,5.1061104325258,0.038585611827542,2.9309887850104e-14,1
253.3,128,0,253.3,0.00066804249868903,1.4966914122887e-05,4.3044406957521e-13,-9.6542606704458e-12,5.1041811519344,0.038585611827542,2.9309887850104e-14,1
253.35,128,0,253.35,0.00066804226682944,1.4966919317969e-05,4.3044406957521e-13,-9.6542606704458e-12,5.102251871343,0.038585611827542,2.9309887850104e-14,1
253.4,128,0,253.4,0.00066804203496985,1.4966924513051e-05,4.3044406957521e-13,-9.6542606704458e-12,5.1003225907516,0.038585611827542,2.9309887850104e-14,1
253.45,128,0,253.45,0.00066804180311027,1.4966929708134e-05,4.3044406957521e-13,-9.6542606704458e-12,5.0983933101603,0.038585611827542,2.9309887850104e-14,1
253.5,128,0,253.5,0.00066804157125068,1.4966934903216e-05,4.3044406957521e-13,-9.6542606704458e-12,5.0964640295689,0.038585611827542,2.9309887850104e-14,1
253.55,128,0,253.55,0.00066804133939109,1.4966940098298e-05,4.3044406957521e-13,-9.6542606704458e-12,5.0945347489775,0.038585611827542,2.9309887850104e-14,1
253.6,128,0,253.6,0.00066804110753151,1.496694529338e-05,4.3044406957521e-13,-9.6542606704458e-12,5.0926054683861,0.038585611827542,2.9309887850104e-14,1
253.65,128,0,253.65,0.00066804087567192,1.4966950488463e-05,4.3044406957521e-13,-9.6542606704458e-12,5.0906761877947,0.038585611827542,2.9309887850104e-14,1
253.7,128,0,253.7,0.00066804064381234,1.4966955683545e-05,4.3044406957521e-13,-9.6542606704458e-12,5.0887469072034,0.038585611827542,2.9309887850104e-14,1
253.75,128,0,253.75,0.00066804041195275,1.4966960878627e-05,4.3044406957521e-13,-9.6542606704458e-12,5.086817626612,0.038585611827542,2.9309887850104e-14,1
253.8,128,0,253.8,0.00066804018009316,1.4966966073709e-05,4.3044406957521e-13,-9.6542606704458e-12,5.0848883460206,0.038585611827542,2.9309887850104e-14,1
253.85,128,0,253.85,0.00066803994823358,1.4966971268792e-05,4.3044406957521e-13,-9.6542606704458e-12,5.0829590654292,0.038585611827542,2.9309887850104e-14,1
253.9,128,0,253.9,0.00066803971637399,1.4966976463874e-05,4.3044406957521e-13,-9.6542606704458e-12,5.0810297848379,0.038585611827542,2.9309887850104e-14,1
253.95,128,0,253.95,0.0006680394845144,1.4966981658956e-05,4.3044406957521e-13,-9.6542606704458e-12,5.0791005042465,0.038585611827542,2.9309887850104e-14,1
254,128,0,254,0.00066803925265482,1.4966986854038e-05,4.3044406957521e-13,-9.6542606704458e-12,5.0771712236551,0.038585611827542,2.9309887850104e-14,1
254.05,128,0,254.05,0.00066804034689501,1.4966962341047e-05,-3.997308386692e-12,8.9554317299197e-11,5.0752419430637,0.038585611827562,1.3156142841808e-14,1
254.1,128,0,254.1,0.00066804144113521,1.4966937828055e-05,-3.997308386692e-12,8.9554317299197e-11,5.0733126624724,0.038585611827562,1.3156142841808e-14,1
254.15,128,0,254.15,0.0006680425353754,1.4966913315063e-05,-3.997308386692e-12,8.9554317299197e-11,5.071383381881,0.038585611827562,1.3156142841808e-14,1
254.2,128,0,254.2,0.00066804362961559,1.4966888802072e-05,-3.997308386692e-12,8.9554317299197e-11,5.0694541012896,0.038585611827562,1.3156142841808e-14,1
254.25,128,0,254.25,0.00066804472385579,1.496686428908e-05,-3.997308386692e-12,8.9554317299197e-11,5.0675248206982,0.038585611827562,1.3156142841808e-14,1
254.3,128,0,254.3,0.00066804581809598,1.4966839776088e-05,-3.997308386692e-12,8.9554317299197e-11,5.0655955401068,0.038585611827562,1.3156142841808e-14,1
254.35,128,0,254.35,0.00066804691233618,1.4966815263097e-05,-3.997308386692e-12,8.9554317299197e-11,5.0636662595155,0.038585611827562,1.3156142841808e-14,1
254.4,128,0,254.4,0.00066804800657637,1.4966790750105e-05,-3.997308386692e-12,8.9554317299197e-11,5.0617369789241,0.038585611827562,1.3156142841808e-14,1
254.45,128,0,254.45,0.00066804910081656,1.4966766237113e-05,-3.997308386692e-12,8.9554317299197e-11,5.0598076983327,0.038585611827562,1.3156142841808e-14,1
254.5,128,0,254.5,0.00066805019505676,1.4966741724122e-05,-3.997308386692e-12,8.9554317299197e-11,5.0578784177413,0.038585611827562,1.3156142841808e-14,1
254.55,128,0,254.55,0.00066805128929695,1.496671721113e-05,-3.997308386692e-12,8.9554317299197e-11,5.05594913715,0.038585611827562,1.3156142841808e-14,1
254.6,128,0,254.6,0.00066805238353715,1.4966692698138e-05,-3.997308386692e-12,8.9554317299197e-11,5.0540198565586,0.038585611827562,1.3156142841808e-14,1
254.65,128,0,254.65,0.00066805347777734,1.4966668185147e-05,-3.997308386692e-12,8.9554317299197e-11,5.0520905759672,0.038585611827562,1.3156142841808e-14,1
254.7,128,0,254.7,0.00066805457201753,1.4966643672155e-05,-3.997308386692e-12,8.9554317299197e-11,5.0501612953758,0.038585611827562,1.3156142841808e-14,1
254.75,128,0,254.75,0.00066805566625773,1.4966619159163e-05,-3.997308386692e-12,8.9554317299197e-11,5.0482320147845,0.038585611827562,1.3156142841808e-14,1
254.8,128,0,254.8,0.00066805676049792,1.4966594646172e-05,-3.997308386692e-12,8.9554317299197e-11,5.0463027341931,0.038585611827562,1.3156142841808e-14,1
254.85,128,0,254.85,0.00066805785473811,1.496657013318e-05,-3.997308386692e-12,8.9554317299197e-11,5.0443734536017,0.038585611827562,1.3156142841808e-14,1
254.9,128,0,254.9,0.00066805894897831,1.4966545620188e-05,-3.997308386692e-12,8.9554317299197e-11,5.0424441730103,0.038585611827562,1.3156142841808e-14,1
254.95,128,0,254.95,0.0006680600432185,1.4966521107197e-05,-3.997308386692e-12,8.9554317299197e-11,5.0405148924189,0.038585611827562,1.3156142841808e-14,1
255,128,0,255,0.0006680611374587,1.4966496594205e-05,-3.997308386692e-12,8.9554317299197e-11,5.0385856118276,0.038585611827562,1.3156142841808e-14,1
255.05,128,0,255.05,0.00066805888103817,1.4966547139447e-05,4.5261736787467e-13,-1.012277659123e-11,5.0366563312362,0.038585611827565,-8.4376949871512e-15,1
255.1,128,0,255.1,0.00066805662461765,1.4966597684689e-05,4.5261736787467e-13,-1.012277659123e-11,5.0347270506448,0.038585611827565,-8.4376949871512e-15,1
255.15,128,0,255.15,0.00066805436819712,1.496664822993e-05,4.5261736787467e-13,-1.012277659123e-11,5.0327977700534,0.038585611827565,-8.4376949871512e-15,1
255.2,128,0,255.2,0.0006680521117766,1.4966698775172e-05,4.5261736787467e-13,-1.012277659123e-11,5.0308684894621,0.038585611827565,-8.4376949871512e-15,1
255.25,128,0,255.25,0.00066804985535607,1.4966749320414e-05,4.5261736787467e-13,-1.012277659123e-11,5.0289392088707,0.038585611827565,-8.4376949871512e-15,1
255.3,128,0,255.3,0.00066804759893555,1.4966799865656e-05,4.5261736787467e-13,-1.012277659123e-11,5.0270099282793,0.038585611827565,-8.4376949871512e-15,1
255.35,128,0,255.35,0.00066804534251502,1.4966850410897e-05,4.5261736787467e-13,-1.012277659123e-11,5.0250806476879,0.038585611827565,-8.4376949871512e-15,1
255.4,128,0,255.4,0.0006680430860945,1.4966900956139e-05,4.5261736787467e-13,-1.012277659123e-11,5.0231513670965,0.038585611827565,-8.4376949871512e-15,1
255.45,128,0,255.45,0.00066804082967397,1.4966951501381e-05,4.5261736787467e-13,-1.012277659123e-11,5.0212220865052,0.038585611827565,-8.4376949871512e-15,1
255.5,128,0,255.5,0.00066803857325345,1.4967002046623e-05,4.5261736787467e-13,-1.012277659123e-11,5.0192928059138,0.038585611827565,-8.4376949871512e-15,1
255.55,128,0,255.55,0.00066803631683292,1.4967052591865e-05,4.5261736787467e-13,-1.012277659123e-11,5.0173635253224,0.038585611827565,-8.4376949871512e-15,1
255.6,128,0,255.6,0.0006680340604124,1.4967103137106e-05,4.5261736787467e-13,-1.012277659123e-11,5.015434244731,0.038585611827565,-8.4376949871512e-15,1
255.65,128,0,255.65,0.00066803180399187,1.4967153682348e-05,4.5261736787467e-13,-1.012277659123e-11,5.0135049641397,0.038585611827565,-8.4376949871512e-15,1
255.7,128,0,255.7,0.00066802954757135,1.496720422759e-05,4.5261736787467e-13,-1.012277659123e-11,5.0115756835483,0.038585611827565,-8.4376949871512e-15,1
255.75,128,0,255.75,0.00066802729115082,1.4967254772832e-05,4.5261736787467e-13,-1.012277659123e-11,5.0096464029569,0.038585611827565,-8.4376949871512e-15,1
255.8,128,0,255.8,0.0006680250347303,1.4967305318074e-05,4.5261736787467e-13,-1.012277659123e-11,5.0077171223655,0.038585611827565,-8.4376949871512e-15,1
255.85,128,0,255.85,0.00066802277830977,1.4967355863315e-05,4.5261736787467e-13,-1.012277659123e-11,5.0057878417741,0.038585611827565,-8.4376949871512e-15,1
255.9,128,0,255.9,0.00066802052188925,1.4967406408557e-05,4.5261736787467e-13,-1.012277659123e-11,5.0038585611828,0.038585611827565,-8.4376949871512e-15,1
255.95,128,0,255.95,0.00066801826546872,1.4967456953799e-05,4.5261736787467e-13,-1.012277659123e-11,5.0019292805914,0.038585611827565,-8.4376949871512e-15,1
256,128,0,256,0.0006680160090482,1.4967507499041e-05,4.5261736787467e-13,-1.012277659123e-11,5,0.038585611827565,-8.4376949871512e-15,1
