x,y,z,id,xi,xv,jvx,jix,xie,xve,Di,Dv,K0_dist,super_saturation,void_nucleation_rate
0,0,0,0,0,3.7e-11,-2.1704627987075e-15,-2.2559862594337e-15,0,3.7e-11,1,0.000181,1.6794355318329e-22,1,4.3037883693406e-07
1,0,0,1,2.2525973851489e-15,4.897278703382e-11,-2.161427915024e-15,-2.2469492624424e-15,0,3.7e-11,1,0.000181,1.8556921330217e-22,0.98722966521914,4.0144201213271e-07
2,0,0,2,4.4961577755024e-15,6.0895664590841e-11,-2.1546539720799e-15,-2.2401715187015e-15,0,3.7e-11,1,0.000181,2.0496268332108e-22,0.97445983506641,3.7411263778332e-07
3,0,0,3,6.7306811780475e-15,7.2768651363783e-11,-2.1456250093031e-15,-2.2311345339352e-15,0,3.7e-11,1,0.000181,2.2629239132196e-22,0.96169101370722,3.4832165912575e-07
4,0,0,4,8.956167601693e-15,8.4591766054514e-11,-2.1365994321503e-15,-2.2220975587935e-15,0,3.7e-11,1,0.000181,2.4974188636861e-22,0.94892370526712,3.2400198728507e-07
5,0,0,5,1.1172617057246e-14,9.6365027373173e-11,-2.1275772420602e-15,-2.2130605951654e-15,0,3.7e-11,1,0.000181,2.7551110325817e-22,0.93615841381187,3.0108848365822e-07
6,0,0,6,1.3380029557388e-14,1.0808845403731e-10,-2.1185584403143e-15,-2.204023644916e-15,0,3.7e-11,1,0.000181,3.0381772415635e-22,0.92339564332755,2.7951794292209e-07
7,0,0,7,1.5578405116651e-14,1.19762064771e-10,-2.1095430280366e-15,-2.1949867098868e-15,0,3.7e-11,1,0.000181,3.3489864372077e-22,0.91063589770057,2.5922907471275e-07
8,0,0,8,1.7767743751391e-14,1.31385878304e-10,-2.1005310061942e-15,-2.1859497918953e-15,0,3.7e-11,1,0.000181,3.6901154469534e-22,0.89787968069786,2.4016248402659e-07
9,0,0,9,1.9948045479771e-14,1.4295991337087e-10,-2.0915223755978e-15,-2.1769128927356e-15,0,3.7e-11,1,0.000181,4.0643659135266e-22,0.8851274959469,2.2226065039327e-07
10,0,0,10,2.211931032173e-14,1.5448418871009e-10,-2.0825171369004e-15,-2.1678760141781e-15,0,3.7e-11,1,0.000181,4.47478248571e-22,0.87237984691586,2.0546790587234e-07
11,0,0,11,2.4281538298964e-14,1.6595872306321e-10,-2.0735152905987e-15,-2.1588391579699e-15,0,3.7e-11,1,0.000181,4.9246723475773e-22,0.85963723689362,1.8973041192414e-07
12,0,0,12,2.6434729434902e-14,1.77383535174e-10,-2.0645168370334e-15,-2.149802325835e-15,0,3.7e-11,1,0.000181,5.4176261727247e-22,0.84690016896997,1.749961352073e-07
13,0,0,13,2.8578883754682e-14,1.8875864378756e-10,-2.055521776388e-15,-2.1407655194737e-15,0,3.7e-11,1,0.000181,5.9575405945997e-22,0.83416914601567,1.6121482235402e-07
14,0,0,14,3.0714001285128e-14,2.0008406764947e-10,-2.0465301086905e-15,-2.1317287405638e-15,0,3.7e-11,1,0.000181,6.548642288748e-22,0.82144467066257,1.4833797377535e-07
15,0,0,15,3.2840082054726e-14,2.1135982550493e-10,-2.0375418338142e-15,-2.1226919907597e-15,0,3.7e-11,1,0.000181,7.1955137676823e-22,0.80872724528394,1.3631881654841e-07
16,0,0,16,3.4957126093604e-14,2.2258593609788e-10,-2.0285569514738e-15,-2.1136552716931e-15,0,3.7e-11,1,0.000181,7.9031209940967e-22,0.7960173719744,1.2511227643707e-07
17,0,0,17,3.7065133433508e-14,2.3376241817017e-10,-2.0195754612294e-15,-2.1046185849731e-15,0,3.7e-11,1,0.000181,8.6768429233294e-22,0.78331555252996,1.1467494909843e-07
18,0,0,18,3.9164104107777e-14,2.4488929046068e-10,-2.0083533676391e-15,-2.0933227744744e-15,0,3.7e-11,1,0.000181,9.5225030912856e-22,0.77062228842858,1.0496507052716e-07
19,0,0,19,4.1254038151322e-14,2.5596657170446e-10,-2.0016226544967e-15,-2.0865453148944e-15,0,3.7e-11,1,0.000181,1.0446403369486e-21,0.75793808081005,9.594248678828e-08
20,0,0,20,4.3334935600604e-14,2.6699428063188e-10,-1.9926513363528e-15,-2.0775087346408e-15,0,3.7e-11,1,0.000181,1.1455360014482e-21,0.74526343045638,8.7568623090776e-08
21,0,0,21,4.5406796493613e-14,2.779724359678e-10,-1.9814419540152e-15,-2.0662130637196e-15,0,3.7e-11,1,0.000181,1.2556742144569e-21,0.73259883777185,7.9806452252526e-08
22,0,0,22,4.7469620869842e-14,2.8890105643065e-10,-1.9747188652106e-15,-2.0594356912994e-15,0,3.7e-11,1,0.000181,1.3758512782548e-21,0.71994480276336,7.2620462607702e-08
23,0,0,23,4.9523408770267e-14,2.9978016073166e-10,-1.9657577096297e-15,-2.0503992311827e-15,0,3.7e-11,1,0.000181,1.5069272609177e-21,0.70730182502075,6.597662540678e-08
24,0,0,24,5.1568160237326e-14,3.1060976757394e-10,-1.9567999387279e-15,-2.0413628140459e-15,0,3.7e-11,1,0.000181,1.649830657795e-21,0.69467040369674,5.9842361759028e-08
25,0,0,25,5.3603875314893e-14,3.2138989565163e-10,-1.947845550829e-15,-2.0323264413195e-15,0,3.7e-11,1,0.000181,1.8055633547898e-21,0.68205103748741,5.4186509167329e-08
26,0,0,26,5.5630554048261e-14,3.3212056364913e-10,-1.9388945441036e-15,-2.0232901144121e-15,0,3.7e-11,1,0.000181,1.9752059097229e-21,0.66944422461275,4.8979287704083e-08
27,0,0,27,5.7648196484118e-14,3.4280179024015e-10,-1.9277105374316e-15,-2.0119947723218e-15,0,3.7e-11,1,0.000181,2.1599231686761e-21,0.65685046279659,4.4192265876125e-08
28,0,0,28,5.9656802670525e-14,3.5343359408692e-10,-1.9210026660768e-15,-2.0052176035806e-15,0,3.7e-11,1,0.000181,2.360970234831e-21,0.64427024924699,3.9798326227009e-08
29,0,0,29,6.1656372656894e-14,3.6401599383933e-10,-1.912061790349e-15,-1.9961814223655e-15,0,3.7e-11,1,0.000181,2.5796988079293e-21,0.6317040806368,3.5771630723481e-08
30,0,0,30,6.364690649397e-14,3.7454900813411e-10,-1.9031242869384e-15,-1.9871452923879e-15,0,3.7e-11,1,0.000181,2.8175639131042e-21,0.61915245308399,3.2087585972291e-08
31,0,0,31,6.5628404233803e-14,3.8503265559393e-10,-1.8941901532483e-15,-1.9781092149487e-15,0,3.7e-11,1,0.000181,3.0761310384307e-21,0.60661586213198,2.8722808313119e-08
32,0,0,32,6.7600865929735e-14,3.9546695482662e-10,-1.8830272206055e-15,-1.9668141939798e-15,0,3.7e-11,1,0.000181,3.3570837011519e-21,0.59409480273002,2.5655088832329e-08
33,0,0,33,6.9564291636372e-14,4.0585192442429e-10,-1.8763319838878e-15,-1.9600372227842e-15,0,3.7e-11,1,0.000181,3.662231463123e-21,0.58158976921376,2.2863358341577e-08
34,0,0,34,7.1518681409565e-14,4.161875829625e-10,-1.8674079422652e-15,-1.9510013105553e-15,0,3.7e-11,1,0.000181,3.9935184165899e-21,0.56910125528563,2.0327652364213e-08
35,0,0,35,7.3464035306393e-14,4.2647394899945e-10,-1.8562576117783e-15,-1.9397065013138e-15,0,3.7e-11,1,0.000181,4.3530321619803e-21,0.55662975399527,1.8029076171737e-08
36,0,0,36,7.5400353385136e-14,4.3671104107508e-10,-1.8495699291201e-15,-1.9329296598886e-15,0,3.7e-11,1,0.000181,4.7430132999153e-21,0.54417575772037,1.5949769911548e-08
37,0,0,37,7.7327635705258e-14,4.4689887771032e-10,-1.8406559507385e-15,-1.9238939238222e-15,0,3.7e-11,1,0.000181,5.1658654601652e-21,0.53173975814694,1.4072873866091e-08
38,0,0,38,7.9245882327385e-14,4.5703747740619e-10,-1.8295181844631e-15,-1.912599339735e-15,0,3.7e-11,1,0.000181,5.6241658907496e-21,0.51932224624984,1.2382493882764e-08
39,0,0,39,8.1155093313286e-14,4.67126858643e-10,-1.8228380320775e-15,-1.905822635997e-15,0,3.7e-11,1,0.000181,6.1206766308303e-21,0.50692371227368,1.0863667012824e-08
40,0,0,40,8.305526872585e-14,4.7716703987951e-10,-1.8139340840366e-15,-1.8967870864866e-15,0,3.7e-11,1,0.000181,6.6583562914515e-21,0.49454464571318,9.5023273962432e-09
41,0,0,41,8.4946408629069e-14,4.8715803955211e-10,-1.8050334714314e-15,-1.8877516013758e-15,0,3.7e-11,1,0.000181,7.2403724685455e-21,0.482185535294,8.2852724287734e-09
42,0,0,42,8.6828513088014e-14,4.9709987607401e-10,-1.7961361900068e-15,-1.878716181738e-15,0,3.7e-11,1,0.000181,7.8701148129362e-21,0.46984686895336,7.2001292460112e-09
43,0,0,43,8.870158216882e-14,5.0699256783436e-10,-1.7872422353592e-15,-1.8696808286267e-15,0,3.7e-11,1,0.000181,8.55120878233e-21,0.4575291338209,6.2353215583405e-09
44,0,0,44,9.0565615938659e-14,5.1683613319749e-10,-1.7783516029349e-15,-1.8606455430754e-15,0,3.7e-11,1,0.000181,9.2875301004847e-21,0.44523281619922,5.3800368693485e-09
45,0,0,45,9.2420614465727e-14,5.2663059050206e-10,-1.7694642880337e-15,-1.8516103260974e-15,0,3.7e-11,1,0.000181,1.0083219948877e-20,0.43295840154487,4.6241941092452e-09
46,0,0,46,9.4266577819219e-14,5.3637595806024e-10,-1.7605802858048e-15,-1.8425751786866e-15,0,3.7e-11,1,0.000181,1.0942700916245e-20,0.42070637444898,3.9584117135146e-09
47,0,0,47,9.6103506069314e-14,5.460722541569e-10,-1.751699591252e-15,-1.8335401018171e-15,0,3.7e-11,1,0.000181,1.1870693731375e-20,0.40847721861819,3.3739761759194e-09
48,0,0,48,9.793139928715e-14,5.557194970488e-10,-1.7428221992315e-15,-1.8245050964435e-15,0,3.7e-11,1,0.000181,1.287223480436e-20,0.39627141685582,2.8628111037114e-09
49,0,0,49,9.975025754481e-14,5.6531770496376e-10,-1.7339481044515e-15,-1.8154701635009e-15,0,3.7e-11,1,0.000181,1.3952694601417e-20,0.38408945104245,2.4174468016496e-09
50,0,0,50,1.015600809153e-13,5.7486689609986e-10,-1.7228601144229e-15,-1.8041766005717e-15,0,3.7e-11,1,0.000181,1.5117796877973e-20,0.37193180211706,2.0309904102839e-09
51,0,0,51,1.0336086947252e-13,5.8436708862465e-10,-1.716209784715e-15,-1.797400518552e-15,0,3.7e-11,1,0.000181,1.6373638794391e-20,0.3597989500581,1.6970966226304e-09
52,0,0,52,1.0515262329128e-13,5.9381830067429e-10,-1.7073455484441e-15,-1.7883658083198e-15,0,3.7e-11,1,0.000181,1.7726711938136e-20,0.34769137386442,1.4099390021566e-09
53,0,0,53,1.0693534244722e-13,6.032205503528e-10,-1.6984845867841e-15,-1.7793311740663e-15,0,3.7e-11,1,0.000181,1.9183924275546e-20,0.33560955153624,1.1641819237548e-09
54,0,0,54,1.0870902701685e-13,6.1257385573123e-10,-1.6896268937147e-15,-1.7702966166311e-15,0,3.7e-11,1,0.000181,2.0752623055612e-20,0.32355396005653,9.5495315812668e-10
55,0,0,55,1.1047367707752e-13,6.2187823484686e-10,-1.6807724630698e-15,-1.7612621368344e-15,0,3.7e-11,1,0.000181,2.2440618687216e-20,0.31152507537206,7.7781711874785e-10
56,0,0,56,1.1222929270734e-13,6.3113370570241e-10,-1.6719212885387e-15,-1.7522277354783e-15,0,3.7e-11,1,0.000181,2.4256209610246e-20,0.29952337237463,6.2874878936068e-10
57,0,0,57,1.1397587398527e-13,6.4034028626522e-10,-1.6630733636664e-15,-1.7431934133459e-15,0,3.7e-11,1,0.000181,2.6208208179758e-20,0.28754932488225,5.0410834871046e-10
58,0,0,58,1.15713420991e-13,6.494979944665e-10,-1.6542286818548e-15,-1.7341591712015e-15,0,3.7e-11,1,0.000181,2.8305967580996e-20,0.27560340562052,4.0061650801897e-10
59,0,0,59,1.1744193380498e-13,6.5860684820049e-10,-1.6453872363623e-15,-1.7251250097915e-15,0,3.7e-11,1,0.000181,3.0559409791485e-20,0.26368608620395,3.153305754889e-10
60,0,0,60,1.1916141250841e-13,6.6766686532369e-10,-1.6343399700679e-15,-1.7138324226688e-15,0,3.7e-11,1,0.000181,3.2979054604731e-20,0.25179783711733,2.4562126094819e-10
61,0,0,61,1.208718571832e-13,6.7667806365407e-10,-1.6277140266518e-15,-1.7070569320677e-15,0,3.7e-11,1,0.000181,3.557604972808e-20,0.23993912769701,1.8915023258034e-10
62,0,0,62,1.2257326791195e-13,6.8564046097029e-10,-1.618882248237e-15,-1.6980230171547e-15,0,3.7e-11,1,0.000181,3.83622019652e-20,0.22811042611256,1.4384843655335e-10
63,0,0,63,1.2426564477789e-13,6.9455407501053e-10,-1.6100536775798e-15,-1.6889891856459e-15,0,3.7e-11,1,0.000181,4.1350009491324e-20,0.21631219934572,1.0789518924373e-10
64,0,0,64,1.2594898786494e-13,7.0341892347229e-10,-1.6012283075651e-15,-1.6799554384619e-15,0,3.7e-11,1,0.000181,4.4552695226846e-20,0.20454491317653,7.9698050726106e-11
65,0,0,65,1.2762329725778e-13,7.1223502401214e-10,-1.5924061304314e-15,-1.6709217761077e-15,0,3.7e-11,1,0.000181,4.7984241312108e-20,0.19280903216624,5.7873487099227e-11
66,0,0,66,1.2928857304162e-13,7.2100239424366e-10,-1.5835871384443e-15,-1.6618881992033e-15,0,3.7e-11,1,0.000181,5.1659424683256e-20,0.18110501963266,4.1228328307062e-11
67,0,0,67,1.309448153023e-13,7.2972105173723e-10,-1.5747713237318e-15,-1.6528547083509e-15,0,3.7e-11,1,0.000181,5.5593853745807e-20,0.16943333763485,2.8742027228735e-11
68,0,0,68,1.3259202412622e-13,7.3839101401923e-10,-1.5659586782788e-15,-1.6438213041356e-15,0,3.7e-11,1,0.000181,5.9804006139134e-20,0.15779444695489,1.9549724910387e-11
69,0,0,69,1.3423019960039e-13,7.470122985713e-10,-1.5571491939349e-15,-1.6347879871245e-15,0,3.7e-11,1,0.000181,6.4307267581401e-20,0.14618880707961,1.2926126119612e-11
70,0,0,70,1.3585934181235e-13,7.5558492282955e-10,-1.5483428624077e-15,-1.6257547578678e-15,0,3.7e-11,1,0.000181,6.9121971780502e-20,0.13461687618239,8.2701887678384e-12
71,0,0,71,1.374794508502e-13,7.6410890418382e-10,-1.5395396752687e-15,-1.6167216168984e-15,0,3.7e-11,1,0.000181,7.4267441392418e-20,0.12307911110536,5.090630264996e-12
72,0,0,72,1.3909052680254e-13,7.725842599769e-10,-1.530739623953e-15,-1.607688564732e-15,0,3.7e-11,1,0.000181,7.9764030003908e-20,0.11157596734119,2.9922535705403e-12
73,0,0,73,1.4069256975848e-13,7.8101100750378e-10,-1.521942699753e-15,-1.5986556018672e-15,0,3.7e-11,1,0.000181,8.5633165111796e-20,0.10010789901501,1.663095643238e-12
74,0,0,74,1.4228557980764e-13,7.8938916401088e-10,-1.513148893829e-15,-1.5896227287858e-15,0,3.7e-11,1,0.000181,9.1897392066111e-20,0.088675358866446,8.6240124496471e-13
75,0,0,75,1.4386955704009e-13,7.9771874669529e-10,-1.5043581972043e-15,-1.5805899459527e-15,0,3.7e-11,1,0.000181,9.8580418939141e-20,0.077278798232109,4.0942574109499e-13
76,0,0,76,1.4544450154635e-13,8.0599977270406e-10,-1.4955706007666e-15,-1.5715572538166e-15,0,3.7e-11,1,0.000181,1.0570716227696e-19,0.065918667027474,1.7307184283315e-13
77,0,0,77,1.470104134174e-13,8.1423225913341e-10,-1.4867860952641e-15,-1.562524652809e-15,0,3.7e-11,1,0.000181,1.1330379368423e-19,0.054595413729241,6.2367449677789e-14
78,0,0,78,1.4856729274463e-13,8.2241622302799e-10,-1.478004671315e-15,-1.5534921433449e-15,0,3.7e-11,1,0.000181,1.2139778718716e-19,0.043309485357313,1.779537611812e-14
79,0,0,79,1.5011513961982e-13,8.3055168138016e-10,-1.4692263194023e-15,-1.5444597258225e-15,0,3.7e-11,1,0.000181,1.3001796731306e-19,0.032061327457691,3.4917130032868e-15
80,0,0,80,1.5165395413517e-13,8.3863865112921e-10,-1.4604510298729e-15,-1.5354274006248e-15,0,3.7e-11,1,0.000181,1.3919455781868e-19,0.020851384084779,3.397631857178e-16
81,0,0,81,1.5318373638322e-13,8.4667714916066e-10,-1.4516787929437e-15,-1.526395168118e-15,0,3.7e-11,1,0.000181,1.4895923099257e-19,0.0096800977834827,5.3265141704133e-18
82,0,0,82,1.5470448645689e-13,8.5466719230552e-10,-1.4429095986941e-15,-1.5173630286519e-15,0,3.7e-11,1,0.000181,1.5934515744979e-19,-0.0014520904276924,nan
83,0,0,83,1.5621620444943e-13,8.6260879733952e-10,-1.434143437074e-15,-1.5083309825609e-15,0,3.7e-11,1,0.000181,1.7038705633008e-19,-0.012544741074839,nan
84,0,0,84,1.5771889045441e-13,8.705019809824e-10,-1.4253802978985e-15,-1.499299030163e-15,0,3.7e-11,1,0.000181,1.8212124580327e-19,-0.023597416245579,nan
85,0,0,85,1.5921254456572e-13,8.783467598972e-10,-1.4166201708533e-15,-1.4902671717602e-15,0,3.7e-11,1,0.000181,1.9458569377791e-19,-0.034609679606458,nan
86,0,0,86,1.6069716687753e-13,8.8614315068952e-10,-1.405674231936e-15,-1.4789774813727e-15,0,3.7e-11,1,0.000181,2.0782006870143e-19,-0.045581096419585,nan
87,0,0,87,1.6217275748429e-13,8.9389116990682e-10,-1.3991089112533e-15,-1.4722037380715e-15,0,3.7e-11,1,0.000181,2.218657903321e-19,-0.056511233560333,nan
88,0,0,88,1.6363931648072e-13,9.0159083403765e-10,-1.390357757415e-15,-1.4631721633125e-15,0,3.7e-11,1,0.000181,2.3676608035504e-19,-0.067399659534554,nan
89,0,0,89,1.6509684396178e-13,9.09242159511e-10,-1.3816095731462e-15,-1.4541406836014e-15,0,3.7e-11,1,0.000181,2.5256601270589e-19,-0.07824594449547,nan
90,0,0,90,1.6654534002265e-13,9.1684516269553e-10,-1.372864347489e-15,-1.4451092991636e-15,0,3.7e-11,1,0.000181,2.6931256345805e-19,-0.089049660260202,nan
91,0,0,91,1.6798480475875e-13,9.2439985989891e-10,-1.3641220693471e-15,-1.4360780102083e-15,0,3.7e-11,1,0.000181,2.870546601201e-19,-0.099810380326985,nan
92,0,0,92,1.6941523826568e-13,9.3190626736707e-10,-1.355382727504e-15,-1.4270468169302e-15,0,3.7e-11,1,0.000181,3.058432301822e-19,-0.1105276798923,nan
93,0,0,93,1.7083664063923e-13,9.3936440128356e-10,-1.3466463106146e-15,-1.4180157195092e-15,0,3.7e-11,1,0.000181,3.2573124874124e-19,-0.12120113586713,nan
94,0,0,94,1.7224901197535e-13,9.4677427776873e-10,-1.3357298852229e-15,-1.4067269827798e-15,0,3.7e-11,1,0.000181,3.4677378502614e-19,-0.13183032689432,nan
95,0,0,95,1.7365235237017e-13,9.5413591287918e-10,-1.3291822056688e-15,-1.3999538128788e-15,0,3.7e-11,1,0.000181,3.6902804763608e-19,-0.14241483336452,nan
96,0,0,96,1.7504666191995e-13,9.6144932260695e-10,-1.3204544942922e-15,-1.3909230039547e-15,0,3.7e-11,1,0.000181,3.9255342829604e-19,-0.15295423743292,nan
97,0,0,97,1.7643194072105e-13,9.6871452287887e-10,-1.3117296612196e-15,-1.3818922914563e-15,0,3.7e-11,1,0.000181,4.1741154392542e-19,-0.16344812303647,nan
98,0,0,98,1.7780818886998e-13,9.7593152955592e-10,-1.3030076944813e-15,-1.3728616754889e-15,0,3.7e-11,1,0.000181,4.4366627680753e-19,-0.17389607590872,nan
99,0,0,99,1.7917540646333e-13,9.8310035843245e-10,-1.2942885819713e-15,-1.3638311561449e-15,0,3.7e-11,1,0.000181,4.7138381263941e-19,-0.18429768359801,nan
100,0,0,100,1.8053359359776e-13,9.9022102523556e-10,-1.285572311481e-15,-1.3548007335008e-15,0,3.7e-11,1,0.000181,5.0063267623367e-19,-0.19465253548287,nan
101,0,0,101,1.8188275037003e-13,9.9729354562442e-10,-1.2768588706608e-15,-1.345770407619e-15,0,3.7e-11,1,0.000181,5.3148376463641e-19,-0.20496022278748,nan
102,0,0,102,1.8322287687691e-13,1.0043179351896e-09,-1.2681482470438e-15,-1.3367401785487e-15,0,3.7e-11,1,0.000181,5.6401037741783e-19,-0.21522033859894,nan
103,0,0,103,1.8455397321525e-13,1.0112942094523e-09,-1.2572639100345e-15,-1.325452528403e-15,0,3.7e-11,1,0.000181,5.9828824388534e-19,-0.22543247788318,nan
104,0,0,104,1.8587603948191e-13,1.0182223838639e-09,-1.2507354009671e-15,-1.3186800109668e-15,0,3.7e-11,1,0.000181,6.3439554696228e-19,-0.2355962375002,nan
105,0,0,105,1.8718907577376e-13,1.0251024738051e-09,-1.24203315297e-15,-1.3096500724831e-15,0,3.7e-11,1,0.000181,6.7241294346909e-19,-0.24571121622053,nan
106,0,0,106,1.8849308218766e-13,1.0319344945853e-09,-1.2333336711103e-15,-1.3006202308658e-15,0,3.7e-11,1,0.000181,7.1242358053836e-19,-0.25577701474112,nan
107,0,0,107,1.8978805882048e-13,1.0387184614419e-09,-1.2246369423194e-15,-1.2915904860944e-15,0,3.7e-11,1,0.000181,7.5451310788985e-19,-0.26579323570149,nan
108,0,0,108,1.9107400576904e-13,1.0454543895398e-09,-1.2159429534154e-15,-1.282560838135e-15,0,3.7e-11,1,0.000181,7.9876968568716e-19,-0.27575948369896,nan
109,0,0,109,1.9235092313012e-13,1.0521422939706e-09,-1.2072516911038e-15,-1.2735312869407e-15,0,3.7e-11,1,0.000181,8.4528398769368e-19,-0.28567536530293,nan
110,0,0,110,1.9361881100045e-13,1.0587821897521e-09,-1.1985631419541e-15,-1.2645018324492e-15,0,3.7e-11,1,0.000181,8.9414919944257e-19,-0.29554048907257,nan
111,0,0,111,1.9487766947669e-13,1.0653740918274e-09,-1.1898772924309e-15,-1.2554724745874e-15,0,3.7e-11,1,0.000181,9.454610111327e-19,-0.30535446557179,nan
112,0,0,112,1.9612749865542e-13,1.0719180150645e-09,-1.181194128892e-15,-1.246443213268e-15,0,3.7e-11,1,0.000181,9.9931760496109e-19,-0.31511690738318,nan
113,0,0,113,1.9736829863311e-13,1.0784139742556e-09,-1.1703439306379e-15,-1.2351567722274e-15,0,3.7e-11,1,0.000181,1.0558196366016e-18,-0.32482742912486,nan
114,0,0,114,1.9860006950613e-13,1.0848619841163e-09,-1.1638358045623e-15,-1.228384979842e-15,0,3.7e-11,1,0.000181,1.1150702105398e-18,-0.33448564746542,nan
115,0,0,115,1.9982281137075e-13,1.0912620592855e-09,-1.1551606159018e-15,-1.2193560074957e-15,0,3.7e-11,1,0.000181,1.1771748489745e-18,-0.34409118113787,nan
116,0,0,116,2.0103652432307e-13,1.0976142143238e-09,-1.1464880574629e-15,-1.2103271312132e-15,0,3.7e-11,1,0.000181,1.2422414539995e-18,-0.35364365095639,nan
117,0,0,117,2.0224120845906e-13,1.103918463714e-09,-1.137818115033e-15,-1.201298350843e-15,0,3.7e-11,1,0.000181,1.3103802627819e-18,-0.36314267983019,nan
118,0,0,118,2.0343686387454e-13,1.1101748218597e-09,-1.1291507742718e-15,-1.1922696662209e-15,0,3.7e-11,1,0.000181,1.3817037954565e-18,-0.37258789277865,nan
119,0,0,119,2.0462349066515e-13,1.1163833030848e-09,-1.1204860207393e-15,-1.1832410771703e-15,0,3.7e-11,1,0.000181,1.4563267954634e-18,-0.38197891694634,nan
120,0,0,120,2.0580108892633e-13,1.1225439216334e-09,-1.1118238398762e-15,-1.1742125835021e-15,0,3.7e-11,1,0.000181,1.5343661620605e-18,-0.39131538161748,nan
121,0,0,121,2.0696965875335e-13,1.1286566916683e-09,-1.1031642170184e-15,-1.1651841850155e-15,0,3.7e-11,1,0.000181,1.6159408747519e-18,-0.40059691823066,nan
122,0,0,122,2.0812920024126e-13,1.1347216272713e-09,-1.0945071373926e-15,-1.1561558814967e-15,0,3.7e-11,1,0.000181,1.7011719093817e-18,-0.4098231603933,nan
123,0,0,123,2.0927971348488e-13,1.140738742442e-09,-1.0858525861134e-15,-1.1471276727202e-15,0,3.7e-11,1,0.000181,1.7901821456526e-18,-0.41899374389617,nan
124,0,0,124,2.104211985788e-13,1.1467080510975e-09,-1.0750379296536e-15,-1.1358425446185e-15,0,3.7e-11,1,0.000181,1.883096265843e-18,-0.42810830672785,nan
125,0,0,125,2.1155365561739e-13,1.1526295670716e-09,-1.0685510085231e-15,-1.1290715384333e-15,0,3.7e-11,1,0.000181,1.9800406445051e-18,-0.4371664890888,nan
126,0,0,126,2.126770846946e-13,1.1585033041138e-09,-1.0599039517849e-15,-1.1200436122698e-15,0,3.7e-11,1,0.000181,2.0811432289465e-18,-0.44616793340315,nan
127,0,0,127,2.1379148590437e-13,1.1643292758903e-09,-1.0512593629108e-15,-1.1110157799703e-15,0,3.7e-11,1,0.000181,2.1865334103092e-18,-0.45511228434006,nan
128,0,0,128,2.1489685934027e-13,1.1701074959819e-09,-1.0426172263601e-15,-1.1019880411082e-15,0,3.7e-11,1,0.000181,2.2963418850797e-18,-0.46399918882107,nan
129,0,0,129,2.1599320509553e-13,1.1758379778839e-09,-1.0339775266123e-15,-1.0929603953875e-15,0,3.7e-11,1,0.000181,2.4107005068829e-18,-0.47282829603569,nan
130,0,0,130,2.1708052326313e-13,1.1815207350052e-09,-1.0253402480423e-15,-1.083932842501e-15,0,3.7e-11,1,0.000181,2.5297421284316e-18,-0.48159925745551,nan
131,0,0,131,2.1815881393568e-13,1.1871557806684e-09,-1.0167053749217e-15,-1.0749053821296e-15,0,3.7e-11,1,0.000181,2.6536004335262e-18,-0.49031172684788,nan
132,0,0,132,2.1922807720551e-13,1.1927431281085e-09,-1.0080728914199e-15,-1.0658780139439e-15,0,3.7e-11,1,0.000181,2.7824097590227e-18,-0.49896536028972,nan
133,0,0,133,2.2028831316457e-13,1.198282790473e-09,-9.9944278160446e-16,-1.0568507376029e-15,0,3.7e-11,1,0.000181,2.9163049067097e-18,-0.50755981618093,nan
134,0,0,134,2.2133952190451e-13,1.2037747808207e-09,-9.9081502944176e-16,-1.0478235527546e-15,0,3.7e-11,1,0.000181,3.0554209450651e-18,-0.51609475525801,nan
135,0,0,135,2.2238170351659e-13,1.2092191121218e-09,-9.821896187971e-16,-1.0387964590359e-15,0,3.7e-11,1,0.000181,3.1998930008861e-18,-0.52456984060744,nan
136,0,0,136,2.234148580917e-13,1.2146157972567e-09,-9.7356653343744e-16,-1.0297694560736e-15,0,3.7e-11,1,0.000181,3.3498560408183e-18,-0.53298473767893,nan
137,0,0,137,2.2443898572036e-13,1.219964849016e-09,-9.6494575703224e-16,-1.0207425434825e-15,0,3.7e-11,1,0.000181,3.5054446428384e-18,-0.54133911429861,nan
138,0,0,138,2.2545408649269e-13,1.2252662800997e-09,-9.5632727315665e-16,-1.011715720868e-15,0,3.7e-11,1,0.000181,3.6667927577767e-18,-0.5496326406812,nan
139,0,0,139,2.2646016049843e-13,1.2305201031167e-09,-9.4771106527983e-16,-1.0026889878245e-15,0,3.7e-11,1,0.000181,3.834033460998e-18,-0.55786498944399,nan
140,0,0,140,2.2745720782687e-13,1.2357263305841e-09,-9.3909711678319e-16,-9.9366234393627e-16,0,3.7e-11,1,0.000181,4.007298694393e-18,-0.56603583561965,nan
141,0,0,141,2.2844522856692e-13,1.2408849749271e-09,-9.3048541094544e-16,-9.8463578877608e-16,0,3.7e-11,1,0.000181,4.1867189988684e-18,-0.57414485666831,nan
142,0,0,142,2.2942422280702e-13,1.2459960484781e-09,-9.2187593095844e-16,-9.7560932190782e-16,0,3.7e-11,1,0.000181,4.3724232375575e-18,-0.58219173249088,nan
143,0,0,143,2.3039419063519e-13,1.2510595634761e-09,-9.1326865991046e-16,-9.6658294288449e-16,0,3.7e-11,1,0.000181,4.5645383100117e-18,-0.59017614544152,nan
144,0,0,144,2.31355132139e-13,1.2560755320666e-09,-9.0466358079887e-16,-9.5755665124968e-16,0,3.7e-11,1,0.000181,4.7631888576696e-18,-0.59809778034037,nan
145,0,0,145,2.3230704740553e-13,1.2610439663008e-09,-8.9606067653184e-16,-9.4853044653567e-16,0,3.7e-11,1,0.000181,4.9684969609396e-18,-0.60595632448529,nan
146,0,0,146,2.3324993652141e-13,1.2659648781351e-09,-8.8745992991853e-16,-9.3950432826568e-16,0,3.7e-11,1,0.000181,5.1805818282697e-18,-0.61375146766519,nan
147,0,0,147,2.3418379957278e-13,1.2708382794306e-09,-8.7886132368266e-16,-9.3047829595421e-16,0,3.7e-11,1,0.000181,5.3995594776173e-18,-0.6214829021722,nan
148,0,0,148,2.351086366453e-13,1.2756641819526e-09,-8.7026484045164e-16,-9.2145234910548e-16,0,3.7e-11,1,0.000181,5.6255424107736e-18,-0.62915032281316,nan
149,0,0,149,2.3602444782411e-13,1.2804425973702e-09,-8.6167046277146e-16,-9.12426487212e-16,0,3.7e-11,1,0.000181,5.8586392810338e-18,-0.63675342692183,nan
150,0,0,150,2.3693123319383e-13,1.2851735372558e-09,-8.5307817309511e-16,-9.0340070976042e-16,0,3.7e-11,1,0.000181,6.0989545547467e-18,-0.64429191437035,nan
151,0,0,151,2.378289928386e-13,1.2898570130843e-09,-8.4448795377903e-16,-8.9437501622525e-16,0,3.7e-11,1,0.000181,6.3465881673164e-18,-0.65176548758231,nan
152,0,0,152,2.3871772684199e-13,1.2944930362332e-09,-8.3589978710553e-16,-8.8534940607296e-16,0,3.7e-11,1,0.000181,6.6016351742682e-18,-0.65917385154349,nan
153,0,0,153,2.3959743528704e-13,1.2990816179814e-09,-8.2731365525604e-16,-8.763238787593e-16,0,3.7e-11,1,0.000181,6.8641853980308e-18,-0.66651671381396,nan
154,0,0,154,2.4046811825625e-13,1.3036227695093e-09,-8.1872954033754e-16,-8.6729843373294e-16,0,3.7e-11,1,0.000181,7.1343230711244e-18,-0.67379378453981,nan
155,0,0,155,2.4132977583156e-13,1.3081165018982e-09,-8.1014742437185e-16,-8.5827307043307e-16,0,3.7e-11,1,0.000181,7.4121264764852e-18,-0.68100477646332,nan
156,0,0,156,2.4218240809433e-13,1.3125628261297e-09,-8.0156728928017e-16,-8.4924778828879e-16,0,3.7e-11,1,0.000181,7.69766758569e-18,-0.68814940493638,nan
157,0,0,157,2.4302601512537e-13,1.3169617530851e-09,-7.9084487837085e-16,-8.3796629884984e-16,0,3.7e-11,1,0.000181,7.9910116958853e-18,-0.69522738792999,nan
158,0,0,158,2.4386059700488e-13,1.3213132935454e-09,-7.8441288906181e-16,-8.3119746514136e-16,0,3.7e-11,1,0.000181,8.2922170662562e-18,-0.70223844604553,nan
159,0,0,159,2.4468615381247e-13,1.3256174581904e-09,-7.7583858738016e-16,-8.2217242295498e-16,0,3.7e-11,1,0.000181,8.6013345549086e-18,-0.70918230252595,nan
160,0,0,160,2.4550268562717e-13,1.3298742575985e-09,-7.6726619347368e-16,-8.1314745955656e-16,0,3.7e-11,1,0.000181,8.9184072570656e-18,-0.71605868326896,nan
161,0,0,161,2.4631019252738e-13,1.3340837022461e-09,-7.5869568886306e-16,-8.0412257433316e-16,0,3.7e-11,1,0.000181,9.2434701455133e-18,-0.72286731683524,nan
162,0,0,162,2.4710867459089e-13,1.3382458025072e-09,-7.501270549883e-16,-7.9509776666259e-16,0,3.7e-11,1,0.000181,9.5765497142583e-18,-0.72960793446075,nan
163,0,0,163,2.4789813189485e-13,1.3423605686531e-09,-7.4156027320749e-16,-7.8607303591497e-16,0,3.7e-11,1,0.000181,9.9176636263853e-18,-0.73628027006642,nan
164,0,0,164,2.4867856451579e-13,1.3464280108517e-09,-7.3299532480345e-16,-7.7704838145234e-16,0,3.7e-11,1,0.000181,1.0266820367128e-17,-0.74288406026893,nan
165,0,0,165,2.4944997252959e-13,1.3504481391674e-09,-7.2443219098484e-16,-7.6802380262787e-16,0,3.7e-11,1,0.000181,1.0624018903187e-17,-0.74941904439097,nan
166,0,0,166,2.5021235601149e-13,1.3544209635603e-09,-7.158708528747e-16,-7.5899929878865e-16,0,3.7e-11,1,0.000181,1.0989248349357e-17,-0.75588496447172,nan
167,0,0,167,2.5096571503605e-13,1.3583464938861e-09,-7.0517167658482e-16,-7.4771877342669e-16,0,3.7e-11,1,0.000181,1.1362487643514e-17,-0.76228156527718,nan
168,0,0,168,2.5171004967717e-13,1.3622247398955e-09,-6.9875348792529e-16,-7.4095051340734e-16,0,3.7e-11,1,0.000181,1.1743705231076e-17,-0.76860859430964,nan
169,0,0,169,2.524453600081e-13,1.3660557112339e-09,-6.9019742296917e-16,-7.3192623051965e-16,0,3.7e-11,1,0.000181,1.2132858760008e-17,-0.77486580181794,nan
170,0,0,170,2.5317164610138e-13,1.3698394174408e-09,-6.81643077488e-16,-7.2290201992142e-16,0,3.7e-11,1,0.000181,1.2529894787479e-17,-0.78105294080791,nan
171,0,0,171,2.5388890802886e-13,1.3735758679498e-09,-6.7309043224715e-16,-7.1387788092095e-16,0,3.7e-11,1,0.000181,1.2934748499291e-17,-0.78716976705038,nan
172,0,0,172,2.545971458617e-13,1.3772650720879e-09,-6.6453946793502e-16,-7.048538128173e-16,0,3.7e-11,1,0.000181,1.3347343443169e-17,-0.79321603909148,nan
173,0,0,173,2.5529635967037e-13,1.3809070390749e-09,-6.5599016516755e-16,-6.9582981490384e-16,0,3.7e-11,1,0.000181,1.3767591277024e-17,-0.79919151826269,nan
174,0,0,174,2.559865495246e-13,1.3845017780237e-09,-6.4744250449331e-16,-6.8680588646749e-16,0,3.7e-11,1,0.000181,1.4195391533288e-17,-0.80509596869009,nan
175,0,0,175,2.5666771549342e-13,1.388049297939e-09,-6.3889646639215e-16,-6.7778202678468e-16,0,3.7e-11,1,0.000181,1.4630631400409e-17,-0.81092915730323,nan
176,0,0,176,2.5733985764513e-13,1.3915496077179e-09,-6.3035203127325e-16,-6.6875823512636e-16,0,3.7e-11,1,0.000181,1.5073185522566e-17,-0.81669085384426,nan
177,0,0,177,2.580029760473e-13,1.3950027161487e-09,-6.2180917948289e-16,-6.5973451075846e-16,0,3.7e-11,1,0.000181,1.5522915818676e-17,-0.82238083087751,nan
178,0,0,178,2.5865707076675e-13,1.398408631911e-09,-6.1326789129537e-16,-6.5071085293821e-16,0,3.7e-11,1,0.000181,1.5979671321712e-17,-0.82799886379814,nan
179,0,0,179,2.5930214186957e-13,1.4017673635752e-09,-6.0472814691638e-16,-6.4168726091577e-16,0,3.7e-11,1,0.000181,1.6443288039345e-17,-0.8335447308417,nan
180,0,0,180,2.5993818942107e-13,1.4050789196022e-09,-5.961899264988e-16,-6.3266373393566e-16,0,3.7e-11,1,0.000181,1.6913588836879e-17,-0.83901821309174,nan
181,0,0,181,2.6056521348582e-13,1.4083433083427e-09,-5.8765321012032e-16,-6.2364027123573e-16,0,3.7e-11,1,0.000181,1.7390383343425e-17,-0.84441909448896,nan
182,0,0,182,2.6118321412764e-13,1.4115605380375e-09,-5.7911797780054e-16,-6.1461687204654e-16,0,3.7e-11,1,0.000181,1.7873467882215e-17,-0.84974716184012,nan
183,0,0,183,2.6179219140953e-13,1.4147306168166e-09,-5.7058420949365e-16,-6.0559353559242e-16,0,3.7e-11,1,0.000181,1.8362625425915e-17,-0.85500220482577,nan
184,0,0,184,2.6239214539375e-13,1.4178535526991e-09,-5.5991902724568e-16,-5.9431445205554e-16,0,3.7e-11,1,0.000181,1.8857625577749e-17,-0.86018401600897,nan
185,0,0,185,2.6298307614176e-13,1.4209293535927e-09,-5.535209844406e-16,-5.8754704775877e-16,0,3.7e-11,1,0.000181,1.9358224579201e-17,-0.86529239084326,nan
186,0,0,186,2.6356498371423e-13,1.4239580272937e-09,-5.4499148729902e-16,-5.7852389479718e-16,0,3.7e-11,1,0.000181,1.9864165345001e-17,-0.8703271276811,nan
187,0,0,187,2.6413786817104e-13,1.4269395814861e-09,-5.3646337338323e-16,-5.6950080140794e-16,0,3.7e-11,1,0.000181,2.037517752604e-17,-0.87528802778191,nan
188,0,0,188,2.6470172957124e-13,1.4298740237414e-09,-5.2793662208506e-16,-5.6047776675579e-16,0,3.7e-11,1,0.000181,2.0890977600818e-17,-0.88017489533265,nan
189,0,0,189,2.6525656797308e-13,1.4327613615185e-09,-5.1728006875256e-16,-5.491990548809e-16,0,3.7e-11,1,0.000181,2.1411268995928e-17,-0.88498753743945,nan
190,0,0,190,2.6580238343403e-13,1.4356016021647e-09,-5.1088712698523e-16,-5.4243187055783e-16,0,3.7e-11,1,0.000181,2.1935742236042e-17,-0.88972576410715,nan
191,0,0,191,2.6633917601071e-13,1.438394752913e-09,-5.0236434194793e-16,-5.334090073423e-16,0,3.7e-11,1,0.000181,2.2464075123786e-17,-0.89438938830025,nan
192,0,0,192,2.6686694575892e-13,1.4411408208833e-09,-4.9384283784791e-16,-5.2438619961249e-16,0,3.7e-11,1,0.000181,2.2995932949796e-17,-0.89897822592784,nan
193,0,0,193,2.6738569273362e-13,1.4438398130812e-09,-4.8532259406281e-16,-5.1536344653497e-16,0,3.7e-11,1,0.000181,2.3530968733197e-17,-0.90349209585099,nan
194,0,0,194,2.6789541698894e-13,1.4464917363986e-09,-4.7680358991931e-16,-5.0634074727003e-16,0,3.7e-11,1,0.000181,2.4068823492653e-17,-0.90793081988986,nan
195,0,0,195,2.6839611857817e-13,1.4490965976126e-09,-4.6828580469173e-16,-4.9731810097312e-16,0,3.7e-11,1,0.000181,2.460912654804e-17,-0.91229422283059,nan
196,0,0,196,2.6888779755375e-13,1.4516544033859e-09,-4.5976921760541e-16,-4.8829550679486e-16,0,3.7e-11,1,0.000181,2.5151495852747e-17,-0.91658213243226,nan
197,0,0,197,2.6937045396725e-13,1.4541651602662e-09,-4.5125380783044e-16,-4.7927296387998e-16,0,3.7e-11,1,0.000181,2.5695538356468e-17,-0.92079437943364,nan
198,0,0,198,2.698440878694e-13,1.4566288746859e-09,-4.4273955449127e-16,-4.702504713692e-16,0,3.7e-11,1,0.000181,2.6240850398323e-17,-0.92493079756016,nan
199,0,0,199,2.7030869931008e-13,1.4590455529619e-09,-4.3422643666381e-16,-4.6122802839716e-16,0,3.7e-11,1,0.000181,2.678701812999e-17,-0.92899122352995,nan
200,0,0,200,2.7076428833827e-13,1.4614152012953e-09,-4.2571443337683e-16,-4.5220563409489e-16,0,3.7e-11,1,0.000181,2.7333617968495e-17,-0.93297549706049,nan
201,0,0,201,2.712108550021e-13,1.4637378257714e-09,-4.1720352360429e-16,-4.4318328758815e-16,0,3.7e-11,1,0.000181,2.788021707818e-17,-0.93688346087532,nan
202,0,0,202,2.7164839934881e-13,1.4660134323588e-09,-4.0869368628557e-16,-4.3416098799725e-16,0,3.7e-11,1,0.000181,2.8426373881297e-17,-0.94071496071011,nan
203,0,0,203,2.7207692142477e-13,1.4682420269098e-09,-4.001849003126e-16,-4.2513873443948e-16,0,3.7e-11,1,0.000181,2.8971638596555e-17,-0.94446984531814,nan
204,0,0,204,2.7249642127546e-13,1.4704236151601e-09,-3.9167714452893e-16,-4.1611652602748e-16,0,3.7e-11,1,0.000181,2.9515553804903e-17,-0.94814796647651,nan
205,0,0,205,2.7290689894547e-13,1.4725582027279e-09,-3.831703977404e-16,-4.0709436186882e-16,0,3.7e-11,1,0.000181,3.0057655041689e-17,-0.95174917899229,nan
206,0,0,206,2.7330835447848e-13,1.4746457951147e-09,-3.7466463870342e-16,-3.9807224106668e-16,0,3.7e-11,1,0.000181,3.059747141427e-17,-0.95527334070811,nan
207,0,0,207,2.737007879173e-13,1.4766863977041e-09,-3.6615984613968e-16,-3.8905016272034e-16,0,3.7e-11,1,0.000181,3.1134526244073e-17,-0.95872031250767,nan
208,0,0,208,2.7408419930382e-13,1.4786800157621e-09,-3.5765599872626e-16,-3.800281259263e-16,0,3.7e-11,1,0.000181,3.1668337731971e-17,-0.96208995832108,nan
209,0,0,209,2.7445858867901e-13,1.4806266544368e-09,-3.4915307510219e-16,-3.7100612977397e-16,0,3.7e-11,1,0.000181,3.2198419645815e-17,-0.96538214513097,nan
210,0,0,210,2.7482395608295e-13,1.4825263187582e-09,-3.4065105387179e-16,-3.6198417335377e-16,0,3.7e-11,1,0.000181,3.272428202882e-17,-0.9685967429765,nan
211,0,0,211,2.751803015548e-13,1.4843790136378e-09,-3.3214991359131e-16,-3.5296225574866e-16,0,3.7e-11,1,0.000181,3.3245431927464e-17,-0.97173362496008,nan
212,0,0,212,2.7552762513281e-13,1.4861847438687e-09,-3.2364963278778e-16,-3.4394037603735e-16,0,3.7e-11,1,0.000181,3.3761374137467e-17,-0.97479266725066,nan
213,0,0,213,2.7586592685428e-13,1.487943514125e-09,-3.1515018995789e-16,-3.3491853329773e-16,0,3.7e-11,1,0.000181,3.4271611966322e-17,-0.97777374909003,nan
214,0,0,214,2.7619520675562e-13,1.4896553289621e-09,-3.0665156354737e-16,-3.2589672660228e-16,0,3.7e-11,1,0.000181,3.4775648010826e-17,-0.98067675279642,nan
215,0,0,215,2.7651546487227e-13,1.491320192816e-09,-2.9815373198117e-16,-3.1687495502201e-16,0,3.7e-11,1,0.000181,3.5272984947943e-17,-0.98350156377044,nan
216,0,0,216,2.7682670123879e-13,1.4929381100036e-09,-2.8965667364381e-16,-3.078532176205e-16,0,3.7e-11,1,0.000181,3.5763126337292e-17,-0.9862480704984,nan
217,0,0,217,2.7712891588875e-13,1.4945090847222e-09,-2.8116036689046e-16,-2.9883151346272e-16,0,3.7e-11,1,0.000181,3.6245577433502e-17,-0.98891616455675,nan
218,0,0,218,2.7742210885481e-13,1.4960331210492e-09,-2.72664790054e-16,-2.898098416074e-16,0,3.7e-11,1,0.000181,3.6719846006599e-17,-0.99150574061713,nan
219,0,0,219,2.777062801687e-13,1.4975102229424e-09,-2.6416992142447e-16,-2.8078820111223e-16,0,3.7e-11,1,0.000181,3.7185443168568e-17,-0.99401669644862,nan
220,0,0,220,2.7798142986117e-13,1.4989403942396e-09,-2.5355229842592e-16,-2.6951119315286e-16,0,3.7e-11,1,0.000181,3.7641884204165e-17,-0.99644893292522,nan
221,0,0,221,2.7824755796205e-13,1.5003236386539e-09,-2.471822191969e-16,-2.6274501041707e-16,0,3.7e-11,1,0.000181,3.8088689404036e-17,-0.99880235414336,nan
222,0,0,222,2.7850466450022e-13,1.5016599597566e-09,-2.386893383963e-16,-2.5372345831371e-16,0,3.7e-11,1,0.000181,3.8525384898157e-17,-1.0010768678931,nan
223,0,0,223,2.7875274950357e-13,1.5029493610199e-09,-2.3019707867804e-16,-2.4470193376964e-16,0,3.7e-11,1,0.000181,3.8951503487591e-17,-1.0032723844967,nan
224,0,0,224,2.7899181299909e-13,1.5041918457998e-09,-2.217054181838e-16,-2.3568043582803e-16,0,3.7e-11,1,0.000181,3.9366585472536e-17,-1.0053888172798,nan
225,0,0,225,2.7922185501276e-13,1.5053874173315e-09,-2.1321433504372e-16,-2.2665896352842e-16,0,3.7e-11,1,0.000181,3.9770179474612e-17,-1.0074260826889,nan
226,0,0,226,2.7944287556964e-13,1.506536078729e-09,-2.0472380735531e-16,-2.1763751590932e-16,0,3.7e-11,1,0.000181,4.0161843251359e-17,-1.0093841002962,nan
227,0,0,227,2.796548746938e-13,1.5076378329856e-09,-1.9623381318928e-16,-2.0861609200784e-16,0,3.7e-11,1,0.000181,4.0541144500877e-17,-1.0112627928033,nan
228,0,0,228,2.7985785240835e-13,1.508692682973e-09,-1.877443306027e-16,-1.9959469085606e-16,0,3.7e-11,1,0.000181,4.0907661654589e-17,-1.013062086043,nan
229,0,0,229,2.8005180873543e-13,1.5097006314419e-09,-1.7925533762946e-16,-1.9057331148602e-16,0,3.7e-11,1,0.000181,4.126098465608e-17,-1.0147819089823,nan
230,0,0,230,2.8023674369623e-13,1.5106616810213e-09,-1.7076681227647e-16,-1.8155195292818e-16,0,3.7e-11,1,0.000181,4.1600715724014e-17,-1.0164221937259,nan
231,0,0,231,2.8041265731095e-13,1.5115758342187e-09,-1.6227873253899e-16,-1.7253061420975e-16,0,3.7e-11,1,0.000181,4.1926470097144e-17,-1.0179828755196,nan
232,0,0,232,2.8057954959881e-13,1.5124430934203e-09,-1.5379107639236e-16,-1.6350929435471e-16,0,3.7e-11,1,0.000181,4.2237876759462e-17,-1.0194638927494,nan
233,0,0,233,2.8073742057808e-13,1.51326346089e-09,-1.453038217857e-16,-1.5448799238766e-16,0,3.7e-11,1,0.000181,4.2534579143589e-17,-1.0208651869485,nan
234,0,0,234,2.8088627026602e-13,1.5140369387701e-09,-1.3681694666141e-16,-1.4546670733318e-16,0,3.7e-11,1,0.000181,4.2816235810525e-17,-1.022186702797,nan
235,0,0,235,2.8102609867895e-13,1.5147635290811e-09,-1.2833042894423e-16,-1.3644543820899e-16,0,3.7e-11,1,0.000181,4.308252110396e-17,-1.0234283881241,nan
236,0,0,236,2.8115690583217e-13,1.5154432337213e-09,-1.1984424653717e-16,-1.2742418403585e-16,0,3.7e-11,1,0.000181,4.3333125777387e-17,-1.0245901939111,nan
237,0,0,237,2.8127869174003e-13,1.5160760544668e-09,-1.1135837734146e-16,-1.1840294383168e-16,0,3.7e-11,1,0.000181,4.3567757592331e-17,-1.025672074292,nan
238,0,0,238,2.8139145641587e-13,1.5166619929718e-09,-1.0287279923166e-16,-1.093817166128e-16,0,3.7e-11,1,0.000181,4.3786141886059e-17,-1.0266739865569,nan
239,0,0,239,2.8149519987207e-13,1.5172010507681e-09,-9.4387490080871e-17,-1.0036050139389e-16,0,3.7e-11,1,0.000181,4.3988022107262e-17,-1.0275958911526,nan
240,0,0,240,2.8158992212001e-13,1.5176932292651e-09,-8.5902427742839e-17,-9.1339297189243e-17,0,3.7e-11,1,0.000181,4.4173160318202e-17,-1.0284377516846,nan
241,0,0,241,2.816756231701e-13,1.51813852975e-09,-7.7417590067437e-17,-8.2318103012749e-17,0,3.7e-11,1,0.000181,4.4341337661991e-17,-1.0291995349184,nan
242,0,0,242,2.8175230303173e-13,1.5185369533875e-09,-6.8932954893158e-17,-7.329691787708e-17,0,3.7e-11,1,0.000181,4.4492354793686e-17,-1.0298812107802,nan
243,0,0,243,2.8181996171334e-13,1.5188885012198e-09,-6.0448500046065e-17,-6.4275740792488e-17,0,3.7e-11,1,0.000181,4.462603227403e-17,-1.0304827523599,nan
244,0,0,244,2.8187859922236e-13,1.5191931741667e-09,-5.1964203351625e-17,-5.5254570769628e-17,0,3.7e-11,1,0.000181,4.4742210924741e-17,-1.0310041359096,nan
245,0,0,245,2.8192821556522e-13,1.5194509730253e-09,-4.3480042624073e-17,-4.6233406819154e-17,0,3.7e-11,1,0.000181,4.4840752144372e-17,-1.0314453408467,nan
246,0,0,246,2.8196881074739e-13,1.5196618984701e-09,-3.4995995674504e-17,-3.7212247950711e-17,0,3.7e-11,1,0.000181,4.4921538183855e-17,-1.0318063497537,nan
247,0,0,247,2.8200038477332e-13,1.5198259510532e-09,-2.6512040305326e-17,-2.8191093173338e-17,0,3.7e-11,1,0.000181,4.4984472380971e-17,-1.0320871483791,nan
248,0,0,248,2.820229376465e-13,1.5199431312039e-09,-1.8028154319396e-17,-1.9169941495268e-17,0,3.7e-11,1,0.000181,4.5029479353088e-17,-1.0322877256377,nan
249,0,0,249,2.8203646936938e-13,1.5200134392288e-09,-9.544315514483e-18,-1.0148791925134e-17,0,3.7e-11,1,0.000181,4.5056505147627e-17,-1.0324080736117,nan
250,0,0,250,2.8204097994347e-13,1.5200368753118e-09,-1.0605016337063e-18,-1.1276434582452e-18,0,3.7e-11,1,0.000181,4.5065517349847e-17,-1.0324481875516,nan
251,0,0,251,2.8203646936924e-13,1.520013439514e-09,7.4233094613859e-18,7.8935048840418e-18,0,3.7e-11,1,0.000181,4.5056505147627e-17,-1.0324080658814,nan
252,0,0,252,2.8202293764622e-13,1.5199431317744e-09,1.5907139950418e-17,1.6914654082186e-17,0,3.7e-11,1,0.000181,4.5029479353088e-17,-1.0322877101767,nan
253,0,0,253,2.8200038477291e-13,1.5198259519089e-09,2.4391012076497e-17,2.5935805140275e-17,0,3.7e-11,1,0.000181,4.4984472380971e-17,-1.0320871251895,nan
254,0,0,254,2.8196881074684e-13,1.5196618996109e-09,3.2874948041554e-17,3.4956959049875e-17,0,3.7e-11,1,0.000181,4.4921538183855e-17,-1.0318063188386,nan
255,0,0,255,2.8192821556453e-13,1.519450974451e-09,4.1358970045727e-17,4.3978116802755e-17,0,3.7e-11,1,0.000181,4.4840752144372e-17,-1.0314453022102,nan
256,0,0,256,2.8187859922153e-13,1.5191931758771e-09,4.9843100285109e-17,5.2999279389068e-17,0,3.7e-11,1,0.000181,4.4742210924741e-17,-1.0310040895569,nan
257,0,0,257,2.8181996171237e-13,1.5188885032148e-09,5.8327360953248e-17,6.2020447800583e-17,0,3.7e-11,1,0.000181,4.462603227403e-17,-1.0304826982973,nan
258,0,0,258,2.8175230303063e-13,1.5185369556667e-09,6.6811774232615e-17,7.1041623026845e-17,0,3.7e-11,1,0.000181,4.4492354793686e-17,-1.0298811490153,nan
259,0,0,259,2.8167562316885e-13,1.5181385323131e-09,7.5296362307625e-17,8.0062806057404e-17,0,3.7e-11,1,0.000181,4.4341337661991e-17,-1.0291994654592,nan
260,0,0,260,2.8158992211863e-13,1.5176932321118e-09,8.3781147344578e-17,8.9083997880997e-17,0,3.7e-11,1,0.000181,4.4173160318202e-17,-1.028437674541,nan
261,0,0,261,2.8149519987055e-13,1.5172010538979e-09,9.2266151510821e-17,9.8105199485759e-17,0,3.7e-11,1,0.000181,4.3988022107262e-17,-1.0275958063348,nan
262,0,0,262,2.8139145641421e-13,1.5166619963845e-09,1.0075139696143e-16,1.0712641185881e-16,0,3.7e-11,1,0.000181,4.3786141886059e-17,-1.026673894076,nan
263,0,0,263,2.8127869173823e-13,1.5160760581618e-09,1.0923690584203e-16,1.1614763598546e-16,0,3.7e-11,1,0.000181,4.3567757592331e-17,-1.0256719741605,nan
264,0,0,264,2.8115690583024e-13,1.515443237698e-09,1.1772270028674e-16,1.2516887285062e-16,0,3.7e-11,1,0.000181,4.3333125777387e-17,-1.0245900861427,nan
265,0,0,265,2.8102609867688e-13,1.5147635333391e-09,1.26208802418e-16,1.3419012343998e-16,0,3.7e-11,1,0.000181,4.308252110396e-17,-1.0234282727335,nan
266,0,0,266,2.8088627026382e-13,1.5140369433089e-09,1.3469523434265e-16,1.4321138873462e-16,0,3.7e-11,1,0.000181,4.2816235810525e-17,-1.0221865797995,nan
267,0,0,267,2.8073742057574e-13,1.5132634657088e-09,1.4318201816009e-16,1.522326697158e-16,0,3.7e-11,1,0.000181,4.2534579143589e-17,-1.0208650563609,nan
268,0,0,268,2.8057954959633e-13,1.5124430985185e-09,1.5166917594647e-16,1.6125396736278e-16,0,3.7e-11,1,0.000181,4.2237876759462e-17,-1.0194637545888,nan
269,0,0,269,2.8041265730833e-13,1.5115758395957e-09,1.6015672976972e-16,1.7027528265358e-16,0,3.7e-11,1,0.000181,4.1926470097144e-17,-1.0179827298049,nan
270,0,0,270,2.8023674369347e-13,1.5106616866762e-09,1.6864470167654e-16,1.7929661656604e-16,0,3.7e-11,1,0.000181,4.1600715724014e-17,-1.0164220404771,nan
271,0,0,271,2.8005180873253e-13,1.5097006373741e-09,1.7713311370324e-16,1.8831797007335e-16,0,3.7e-11,1,0.000181,4.126098465608e-17,-1.0147817482194,nan
272,0,0,272,2.7985785240531e-13,1.5086926891816e-09,1.8562198786119e-16,1.973393441477e-16,0,3.7e-11,1,0.000181,4.0907661654589e-17,-1.0130619177885,nan
273,0,0,273,2.7965487469062e-13,1.5076378394698e-09,1.9411134614029e-16,2.0636073976347e-16,0,3.7e-11,1,0.000181,4.0541144500877e-17,-1.0112626170805,nan
274,0,0,274,2.7944287556633e-13,1.5065360854879e-09,2.0260121051538e-16,2.153821578872e-16,0,3.7e-11,1,0.000181,4.0161843251359e-17,-1.0093839171288,nan
275,0,0,275,2.7922185500931e-13,1.5053874243641e-09,2.1109160293519e-16,2.2440359948602e-16,0,3.7e-11,1,0.000181,3.9770179474612e-17,-1.0074258921015,nan
276,0,0,276,2.789918129955e-13,1.5041918531053e-09,2.1958254533427e-16,2.3342506552604e-16,0,3.7e-11,1,0.000181,3.9366585472536e-17,-1.0053886192983,nan
277,0,0,277,2.7875274949984e-13,1.5029493685972e-09,2.2807405962184e-16,2.4244655696734e-16,0,3.7e-11,1,0.000181,3.8951503487591e-17,-1.0032721791484,nan
278,0,0,278,2.7850466449635e-13,1.5016599676046e-09,2.3656616767705e-16,2.5146807476976e-16,0,3.7e-11,1,0.000181,3.8525384898157e-17,-1.001076655206,nan
279,0,0,279,2.7824755795805e-13,1.5003236467716e-09,2.4505889136121e-16,2.6048961989399e-16,0,3.7e-11,1,0.000181,3.8088689404036e-17,-0.99880213414733,nan
280,0,0,280,2.7798142985702e-13,1.4989404026258e-09,2.5355224990492e-16,2.695111932914e-16,0,3.7e-11,1,0.000181,3.7641884204165e-17,-0.99644870565133,nan
281,0,0,281,2.7770628016441e-13,1.497510231596e-09,2.6204626407534e-16,2.7853279591538e-16,0,3.7e-11,1,0.000181,3.7185443168568e-17,-0.99401646192947,nan
282,0,0,282,2.7742210885039e-13,1.4960331299688e-09,2.7054095927977e-16,2.8755442871732e-16,0,3.7e-11,1,0.000181,3.6719846006599e-17,-0.99150549888624,nan
283,0,0,283,2.7712891588419e-13,1.4945090939066e-09,2.7903635726304e-16,2.9657609264374e-16,0,3.7e-11,1,0.000181,3.6245577433502e-17,-0.98891591564918,nan
284,0,0,284,2.7682670123409e-13,1.4929381194515e-09,2.8753247973899e-16,3.0559778863856e-16,0,3.7e-11,1,0.000181,3.5763126337292e-17,-0.98624781444905,nan
285,0,0,285,2.7651546486744e-13,1.491320202526e-09,2.9602934839752e-16,3.1461951764084e-16,0,3.7e-11,1,0.000181,3.5272984947943e-17,-0.98350130061603,nan
286,0,0,286,2.7619520675064e-13,1.4896553389329e-09,3.0452698488285e-16,3.2364128059064e-16,0,3.7e-11,1,0.000181,3.4775648010826e-17,-0.98067648257398,nan
287,0,0,287,2.7586592684917e-13,1.4879435243551e-09,3.1515014318755e-16,3.3491853343688e-16,0,3.7e-11,1,0.000181,3.4271611966322e-17,-0.97777347183834,nan
288,0,0,288,2.7552762512756e-13,1.4861847543566e-09,3.2152464779616e-16,3.4168491206139e-16,0,3.7e-11,1,0.000181,3.3761374137467e-17,-0.97479238300951,nan
289,0,0,289,2.7518030154942e-13,1.4843790243821e-09,3.3002471736137e-16,3.5070678244309e-16,0,3.7e-11,1,0.000181,3.3245431927464e-17,-0.97173333377016,nan
290,0,0,290,2.7482395607742e-13,1.4825263297573e-09,3.3852564103998e-16,3.5972869048837e-16,0,3.7e-11,1,0.000181,3.272428202882e-17,-0.96859644487975,nan
291,0,0,291,2.7445858867334e-13,1.4806266656891e-09,3.4702744031663e-16,3.6875063711851e-16,0,3.7e-11,1,0.000181,3.2198419645815e-17,-0.96538184017037,nan
292,0,0,292,2.7408419929801e-13,1.4786800272659e-09,3.5553013663282e-16,3.7777262325077e-16,0,3.7e-11,1,0.000181,3.1668337731971e-17,-0.96208964654142,nan
293,0,0,293,2.7370078791136e-13,1.4766864094577e-09,3.640337514031e-16,3.8679464979916e-16,0,3.7e-11,1,0.000181,3.1134526244073e-17,-0.95871999395426,nan
294,0,0,294,2.7330835447241e-13,1.4746458071165e-09,3.7253830599053e-16,3.9581671767185e-16,0,3.7e-11,1,0.000181,3.059747141427e-17,-0.95527301542753,nan
295,0,0,295,2.7290689893925e-13,1.4725582149761e-09,3.8104382173601e-16,4.0483882777578e-16,0,3.7e-11,1,0.000181,3.0057655041689e-17,-0.95174884703241,nan
296,0,0,296,2.7249642126911e-13,1.4704236276528e-09,3.8955031992248e-16,4.1386098101105e-16,0,3.7e-11,1,0.000181,2.9515553804903e-17,-0.94814762788587,nan
297,0,0,297,2.7207692141828e-13,1.4682420396453e-09,3.9805782180476e-16,4.228831782757e-16,0,3.7e-11,1,0.000181,2.8971638596555e-17,-0.94446950014642,nan
298,0,0,298,2.7164839934218e-13,1.4660134453351e-09,4.0656634858959e-16,4.3190542046418e-16,0,3.7e-11,1,0.000181,2.8426373881297e-17,-0.9407146090084,nan
299,0,0,299,2.7121085499534e-13,1.4637378389866e-09,4.150759214439e-16,4.4092770846244e-16,0,3.7e-11,1,0.000181,2.788021707818e-17,-0.93688310269587,nan
300,0,0,300,2.7076428833137e-13,1.4614152147476e-09,4.2358656148518e-16,4.4995004315701e-16,0,3.7e-11,1,0.000181,2.7333617968495e-17,-0.93297513245661,nan
301,0,0,301,2.7030869930305e-13,1.459045566649e-09,4.3209828978755e-16,4.589724254278e-16,0,3.7e-11,1,0.000181,2.678701812999e-17,-0.92899085255604,nan
302,0,0,302,2.6984408786224e-13,1.4566288886059e-09,4.4061112738841e-16,4.6799485615025e-16,0,3.7e-11,1,0.000181,2.6240850398323e-17,-0.92493042027207,nan
303,0,0,303,2.6937045395994e-13,1.454165174417e-09,4.4912509526798e-16,4.7701733619496e-16,0,3.7e-11,1,0.000181,2.5695538356468e-17,-0.92079399588816,nan
304,0,0,304,2.6888779754631e-13,1.4516544177654e-09,4.5764021436546e-16,4.8603986642809e-16,0,3.7e-11,1,0.000181,2.5151495852747e-17,-0.91658174268705,nan
305,0,0,305,2.683961185706e-13,1.4490966122185e-09,4.6615650556704e-16,4.9506244770993e-16,0,3.7e-11,1,0.000181,2.460912654804e-17,-0.91229382694462,nan
306,0,0,306,2.6789541698124e-13,1.4464917512288e-09,4.7467398971327e-16,5.0408508089716e-16,0,3.7e-11,1,0.000181,2.4068823492653e-17,-0.90793041792319,nan
307,0,0,307,2.6738569272578e-13,1.4438398281334e-09,4.8319268759405e-16,5.1310776684057e-16,0,3.7e-11,1,0.000181,2.3530968733197e-17,-0.90349168786461,nan
308,0,0,308,2.6686694575094e-13,1.4411408361552e-09,4.9171261994603e-16,5.2213050638634e-16,0,3.7e-11,1,0.000181,2.2995932949796e-17,-0.89897781198375,nan
309,0,0,309,2.663391760026e-13,1.4383947684023e-09,5.0023380745672e-16,5.3115330037416e-16,0,3.7e-11,1,0.000181,2.2464075123786e-17,-0.89438896846151,nan
310,0,0,310,2.6580238342579e-13,1.4356016178689e-09,5.0875627076168e-16,5.4017614964031e-16,0,3.7e-11,1,0.000181,2.1935742236042e-17,-0.88972533843789,nan
311,0,0,311,2.652565679647e-13,1.4327613774353e-09,5.1728003044064e-16,5.4919905501438e-16,0,3.7e-11,1,0.000181,2.1411268995928e-17,-0.88498710600485,nan
312,0,0,312,2.6470172956273e-13,1.4298740398683e-09,5.2580510702001e-16,5.5822201732074e-16,0,3.7e-11,1,0.000181,2.0890977600818e-17,-0.88017445819888,nan
313,0,0,313,2.6413786816235e-13,1.4269395978215e-09,5.3433152101244e-16,5.672450374841e-16,0,3.7e-11,1,0.000181,2.037517752604e-17,-0.87528758498811,nan
314,0,0,314,2.6356498370533e-13,1.4239580438354e-09,5.4285929275795e-16,5.7626811610566e-16,0,3.7e-11,1,0.000181,1.9864165345001e-17,-0.87032667927871,nan
315,0,0,315,2.6298307613265e-13,1.4209293703382e-09,5.5138844265555e-16,5.8529125409883e-16,0,3.7e-11,1,0.000181,1.9358224579201e-17,-0.86529193690155,nan
316,0,0,316,2.6239214538443e-13,1.4178535696458e-09,5.5991899100678e-16,5.9431445226455e-16,0,3.7e-11,1,0.000181,1.8857625577749e-17,-0.86018355659825,nan
317,0,0,317,2.617921914e-13,1.4147306339619e-09,5.6845095805673e-16,6.033377113991e-16,0,3.7e-11,1,0.000181,1.8362625425915e-17,-0.85500174001746,nan
318,0,0,318,2.611832141179e-13,1.4115605553787e-09,5.7698436398463e-16,6.1236103229067e-16,0,3.7e-11,1,0.000181,1.7873467882215e-17,-0.84974669170654,nan
319,0,0,319,2.6056521347588e-13,1.4083433258771e-09,5.8551922891249e-16,6.2138441572304e-16,0,3.7e-11,1,0.000181,1.7390383343425e-17,-0.84441861910331,nan
320,0,0,320,2.5993818941092e-13,1.4050789373269e-09,5.9405557290143e-16,6.3040786247289e-16,0,3.7e-11,1,0.000181,1.6913588836879e-17,-0.83901773252824,nan
321,0,0,321,2.5930214185921e-13,1.4017673814877e-09,6.0259341594529e-16,6.3943137331086e-16,0,3.7e-11,1,0.000181,1.6443288039345e-17,-0.83354424517576,nan
322,0,0,322,2.5865707075619e-13,1.3984086500083e-09,6.1113277797881e-16,6.4845494900133e-16,0,3.7e-11,1,0.000181,1.5979671321712e-17,-0.82799837310574,nan
323,0,0,323,2.5800297603653e-13,1.3950027344279e-09,6.1967367887653e-16,6.5747859030139e-16,0,3.7e-11,1,0.000181,1.5522915818676e-17,-0.82238033523549,nan
324,0,0,324,2.5733985763415e-13,1.3915496261762e-09,6.2821613844022e-16,6.665022979617e-16,0,3.7e-11,1,0.000181,1.5073185522566e-17,-0.81669035333096,nan
325,0,0,325,2.5666771548223e-13,1.3880493165735e-09,6.3676017641013e-16,6.7552607272723e-16,0,3.7e-11,1,0.000181,1.4630631400409e-17,-0.8109286519976,nan
326,0,0,326,2.5598654951321e-13,1.3845017968314e-09,6.4530581246212e-16,6.8454991533531e-16,0,3.7e-11,1,0.000181,1.4195391533288e-17,-0.80509545867204,nan
327,0,0,327,2.5529635965877e-13,1.3809070580529e-09,6.5385306620168e-16,6.9357382651577e-16,0,3.7e-11,1,0.000181,1.3767591277024e-17,-0.79919100361245,nan
328,0,0,328,2.545971458499e-13,1.3772650912331e-09,6.645394380074e-16,7.0485381302389e-16,0,3.7e-11,1,0.000181,1.3347343443169e-17,-0.79321551989027,nan
329,0,0,329,2.5388890801684e-13,1.3735758872593e-09,6.7095250482473e-16,7.1162185748232e-16,0,3.7e-11,1,0.000181,1.2934748499291e-17,-0.78716924338049,nan
330,0,0,330,2.5317164608916e-13,1.3698394369114e-09,6.7950472857905e-16,7.2064597869254e-16,0,3.7e-11,1,0.000181,1.2529894787479e-17,-0.78105241275241,nan
331,0,0,331,2.5244535999568e-13,1.3660557308624e-09,6.8805864775526e-16,7.2967017132666e-16,0,3.7e-11,1,0.000181,1.2132858760008e-17,-0.77486526946073,nan
332,0,0,332,2.5171004966454e-13,1.362224759679e-09,6.9661428161284e-16,7.3869443607817e-16,0,3.7e-11,1,0.000181,1.1743705231076e-17,-0.76860805773471,nan
333,0,0,333,2.509657150232e-13,1.3583465138213e-09,7.051716493312e-16,7.477187736349e-16,0,3.7e-11,1,0.000181,1.1362487643514e-17,-0.76228102456976,nan
334,0,0,334,2.5021235599844e-13,1.3544209836441e-09,7.1373077002773e-16,7.5674318467539e-16,0,3.7e-11,1,0.000181,1.0989248349357e-17,-0.75588441971716,nan
335,0,0,335,2.4944997251633e-13,1.3504481593967e-09,7.2229166274694e-16,7.6576766987134e-16,0,3.7e-11,1,0.000181,1.0624018903187e-17,-0.7494184956755,nan
336,0,0,336,2.4867856450232e-13,1.3464280312232e-09,7.3085434645081e-16,7.7479222988735e-16,0,3.7e-11,1,0.000181,1.0266820367128e-17,-0.74288350767967,nan
337,0,0,337,2.4789813188117e-13,1.3423605891634e-09,7.3941884003279e-16,7.8381686537874e-16,0,3.7e-11,1,0.000181,9.9176636263853e-18,-0.73627971369136,nan
338,0,0,338,2.4710867457701e-13,1.3382458231532e-09,7.4798516230514e-16,7.9284157699377e-16,0,3.7e-11,1,0.000181,9.5765497142583e-18,-0.72960737438844,nan
339,0,0,339,2.463101925133e-13,1.3340837230244e-09,7.5655333200889e-16,8.0186636537342e-16,0,3.7e-11,1,0.000181,9.2434701455133e-18,-0.72286675315536,nan
340,0,0,340,2.4550268561289e-13,1.3298742785059e-09,7.6512336779521e-16,8.1089123115e-16,0,3.7e-11,1,0.000181,8.9184072570656e-18,-0.71605811607115,nan
341,0,0,341,2.4468615379798e-13,1.3256174792234e-09,7.7369528825224e-16,8.1991617494671e-16,0,3.7e-11,1,0.000181,8.6013345549086e-18,-0.70918173190142,nan
342,0,0,342,2.4386059699018e-13,1.3213133147007e-09,7.8226911187802e-16,8.289411973789e-16,0,3.7e-11,1,0.000181,8.2922170662562e-18,-0.70223787208558,nan
343,0,0,343,2.4302601511047e-13,1.3169617743593e-09,7.9084485709059e-16,8.3796629905341e-16,0,3.7e-11,1,0.000181,7.9910116958853e-18,-0.69522681072704,nan
344,0,0,344,2.4218240807923e-13,1.3125628475193e-09,8.0156726877591e-16,8.4924778849155e-16,0,3.7e-11,1,0.000181,7.69766758569e-18,-0.68814882458303,nan
345,0,0,345,2.4132977581626e-13,1.3081165233999e-09,8.0800218556366e-16,8.5601674251382e-16,0,3.7e-11,1,0.000181,7.4121264764852e-18,-0.68100419305291,nan
346,0,0,346,2.4046811824075e-13,1.3036227911195e-09,8.1658380523821e-16,8.6504208547041e-16,0,3.7e-11,1,0.000181,7.1343230711244e-18,-0.67379319816558,nan
347,0,0,347,2.3959743527133e-13,1.2990816396966e-09,8.2516741935482e-16,8.7406751001173e-16,0,3.7e-11,1,0.000181,6.8641853980308e-18,-0.66651612456957,nan
348,0,0,348,2.3871772682608e-13,1.29449305805e-09,8.3375304591968e-16,8.8309301670223e-16,0,3.7e-11,1,0.000181,6.6016351742682e-18,-0.65917325952257,nan
349,0,0,349,2.3782899282249e-13,1.2898570349993e-09,8.4234070285017e-16,8.9211860609362e-16,0,3.7e-11,1,0.000181,6.3465881673164e-18,-0.65176489287952,nan
350,0,0,350,2.3693123317752e-13,1.2851735592654e-09,8.5093040797644e-16,9.0114427873298e-16,0,3.7e-11,1,0.000181,6.0989545547467e-18,-0.64429131708084,nan
351,0,0,351,2.3602444780759e-13,1.2804426194709e-09,8.5952217904728e-16,9.1017003515568e-16,0,3.7e-11,1,0.000181,5.8586392810338e-18,-0.63675282714088,nan
352,0,0,352,2.3510863662858e-13,1.2756642041408e-09,8.6811603372634e-16,9.1919587588941e-16,0,3.7e-11,1,0.000181,5.6255424107736e-18,-0.62914972063723,nan
353,0,0,353,2.3418379955587e-13,1.2708383017027e-09,8.7671198957379e-16,9.2822180145217e-16,0,3.7e-11,1,0.000181,5.3995594776173e-18,-0.62148229769782,nan
354,0,0,354,2.3324993650429e-13,1.2659649004875e-09,8.8531006407928e-16,9.3724781235085e-16,0,3.7e-11,1,0.000181,5.1805818282697e-18,-0.61375086098927,nan
355,0,0,355,2.323070473882e-13,1.26104398873e-09,8.9391027462902e-16,9.4627390908426e-16,0,3.7e-11,1,0.000181,4.9684969609396e-18,-0.60595571570526,nan
356,0,0,356,2.3135513212147e-13,1.2560755545689e-09,9.0251263852101e-16,9.5530009214172e-16,0,3.7e-11,1,0.000181,4.7631888576696e-18,-0.59809716955421,nan
357,0,0,357,2.3039419061747e-13,1.2510595860478e-09,9.1326864774214e-16,9.6658294308543e-16,0,3.7e-11,1,0.000181,4.5645383100117e-18,-0.59017553274724,nan
358,0,0,358,2.2942422278909e-13,1.2459960711157e-09,9.1972389509591e-16,9.7335271913519e-16,0,3.7e-11,1,0.000181,4.3724232375575e-18,-0.58219111798647,nan
359,0,0,359,2.2844522854879e-13,1.240884997627e-09,9.2833282191597e-16,9.8237916399996e-16,0,3.7e-11,1,0.000181,4.1867189988684e-18,-0.57414424045172,nan
360,0,0,360,2.2745720780854e-13,1.2357263533426e-09,9.3694397036693e-16,9.914056970455e-16,0,3.7e-11,1,0.000181,4.007298694393e-18,-0.56603521778889,nan
361,0,0,361,2.264601604799e-13,1.2305201259301e-09,9.4555735729046e-16,1.0004323187113e-15,0,3.7e-11,1,0.000181,3.834033460998e-18,-0.55786437009765,nan
362,0,0,362,2.2545408647396e-13,1.2252663029645e-09,9.5417299942612e-16,1.0094590294263e-15,0,3.7e-11,1,0.000181,3.6667927577767e-18,-0.54963201991854,nan
363,0,0,363,2.2443898570143e-13,1.2199648719284e-09,9.6279091341272e-16,1.0184858296094e-15,0,3.7e-11,1,0.000181,3.5054446428384e-18,-0.54133849221893,nan
364,0,0,364,2.2341485807257e-13,1.214615820213e-09,9.7141111580744e-16,1.0275127196683e-15,0,3.7e-11,1,0.000181,3.3498560408183e-18,-0.53298411438186,nan
365,0,0,365,2.2238170349726e-13,1.2092191351183e-09,9.8218961192616e-16,1.0387964592349e-15,0,3.7e-11,1,0.000181,3.1998930008861e-18,-0.52456921619237,nan
366,0,0,366,2.2133952188499e-13,1.2037748038539e-09,9.8865845152608e-16,1.0455667709951e-15,0,3.7e-11,1,0.000181,3.0554209450651e-18,-0.51609412982473,nan
367,0,0,367,2.2028831314485e-13,1.198282813539e-09,9.9728561745999e-16,1.0545939330265e-15,0,3.7e-11,1,0.000181,2.9163049067097e-18,-0.50755918982907,nan
368,0,0,368,2.1922807718558e-13,1.1927431512038e-09,1.005915137025e-15,1.0636211864608e-15,0,3.7e-11,1,0.000181,2.7824097590227e-18,-0.49896473311929,nan
369,0,0,369,2.1815881391556e-13,1.1871558037891e-09,1.0167053707273e-15,1.0749053823284e-15,0,3.7e-11,1,0.000181,2.6536004335262e-18,-0.49031109895895,nan
370,0,0,370,2.170805232428e-13,1.1815207581477e-09,1.0231813011756e-15,1.0816759689461e-15,0,3.7e-11,1,0.000181,2.5297421284316e-18,-0.48159862894807,nan
371,0,0,371,2.1599320507501e-13,1.1758380010445e-09,1.0318179775742e-15,1.0907034986735e-15,0,3.7e-11,1,0.000181,2.4107005068829e-18,-0.47282766700971,nan
372,0,0,372,2.1489685931955e-13,1.1701075191569e-09,1.0404570712286e-15,1.0997311211563e-15,0,3.7e-11,1,0.000181,2.2963418850797e-18,-0.46399855937655,nan
373,0,0,373,2.1379148588345e-13,1.164329299076e-09,1.0490985977897e-15,1.1087588367047e-15,0,3.7e-11,1,0.000181,2.1865334103092e-18,-0.45511165457707,nan
374,0,0,374,2.1267708467348e-13,1.1585033273064e-09,1.0577425728045e-15,1.1177866456175e-15,0,3.7e-11,1,0.000181,2.0811432289465e-18,-0.44616730342193,nan
375,0,0,375,2.1155365559609e-13,1.1526295902676e-09,1.0663890117155e-15,1.126814548182e-15,0,3.7e-11,1,0.000181,1.9800406445051e-18,-0.43716585898987,nan
376,0,0,376,2.1042119855756e-13,1.1467080742936e-09,1.0772005485998e-15,1.1380995583773e-15,0,3.7e-11,1,0.000181,1.883096265843e-18,-0.42810767663482,nan
377,0,0,377,2.0927971346371e-13,1.1407387656344e-09,1.0836893425068e-15,1.1448706352303e-15,0,3.7e-11,1,0.000181,1.7901821456526e-18,-0.41899311391269,nan
378,0,0,378,2.0812920022016e-13,1.1347216504563e-09,1.0923432647093e-15,1.1538988203574e-15,0,3.7e-11,1,0.000181,1.7011719093817e-18,-0.40982253061964,nan
379,0,0,379,2.0696965873233e-13,1.1286567148423e-09,1.1009997115207e-15,1.162927100169e-15,0,3.7e-11,1,0.000181,1.6159408747519e-18,-0.40059628876715,nan
380,0,0,380,2.0580108890538e-13,1.1225439447926e-09,1.1096586978529e-15,1.1719554748932e-15,0,3.7e-11,1,0.000181,1.5343661620605e-18,-0.39131475256449,nan
381,0,0,381,2.0462349064427e-13,1.1163833262255e-09,1.1204860245073e-15,1.183241077098e-15,0,3.7e-11,1,0.000181,1.4563267954634e-18,-0.38197828840418,nan
382,0,0,382,2.0343686385373e-13,1.1101748449782e-09,1.1269843481744e-15,1.1900125099332e-15,0,3.7e-11,1,0.000181,1.3817037954565e-18,-0.37258726484751,nan
383,0,0,383,2.0224120843833e-13,1.1039184868066e-09,1.1356510414404e-15,1.1990411706453e-15,0,3.7e-11,1,0.000181,1.3103802627819e-18,-0.36314205261026,nan
384,0,0,384,2.010365243024e-13,1.0976142373868e-09,1.1443203327759e-15,1.2080699270625e-15,0,3.7e-11,1,0.000181,1.2422414539995e-18,-0.35364302454788,nan
385,0,0,385,1.9982281135016e-13,1.0912620823151e-09,1.1529922365448e-15,1.2170987793518e-15,0,3.7e-11,1,0.000181,1.1771748489745e-18,-0.3440905556409,nan
386,0,0,386,1.9860006948561e-13,1.0848620071089e-09,1.1616667669929e-15,1.2261277276682e-15,0,3.7e-11,1,0.000181,1.1150702105398e-18,-0.33448502297999,nan
387,0,0,387,1.9736829861266e-13,1.0784139972074e-09,1.1703439382589e-15,1.2351567721537e-15,0,3.7e-11,1,0.000181,1.0558196366016e-18,-0.32482680575106,nan
388,0,0,388,1.9612749863505e-13,1.071918037972e-09,1.1790237643665e-15,1.2441859129377e-15,0,3.7e-11,1,0.000181,9.9931760496109e-19,-0.31511628522042,nan
389,0,0,389,1.9487766945639e-13,1.0653741146868e-09,1.187706259227e-15,1.2532151501367e-15,0,3.7e-11,1,0.000181,9.454610111327e-19,-0.30535384471975,nan
390,0,0,390,1.9361881098023e-13,1.0587822125597e-09,1.196391436635e-15,1.2622444838541e-15,0,3.7e-11,1,0.000181,8.9414919944257e-19,-0.29553986963107,nan
391,0,0,391,1.9235092310997e-13,1.0521423167228e-09,1.2072517015551e-15,1.2735312868665e-15,0,3.7e-11,1,0.000181,8.4528398769368e-19,-0.28567474737105,nan
392,0,0,392,1.9107400574896e-13,1.0454544122329e-09,1.2137698936933e-15,1.2803034411932e-15,0,3.7e-11,1,0.000181,7.9876968568716e-19,-0.27575886737599,nan
393,0,0,393,1.8978805880048e-13,1.0387184840722e-09,1.222463200355e-15,1.2893330649564e-15,0,3.7e-11,1,0.000181,7.5451310788985e-19,-0.26579262108622,nan
394,0,0,394,1.8849308216774e-13,1.0319345171492e-09,1.2311592435933e-15,1.2983627855212e-15,0,3.7e-11,1,0.000181,7.1242358053836e-19,-0.25577640193157,nan
395,0,0,395,1.871890757539e-13,1.0251024962989e-09,1.2398580366145e-15,1.3073926029241e-15,0,3.7e-11,1,0.000181,6.7241294346909e-19,-0.2457106053151,nan
396,0,0,396,1.8587603946213e-13,1.0182224062841e-09,1.248559592518e-15,1.3164225171901e-15,0,3.7e-11,1,0.000181,6.3439554696228e-19,-0.23559562859761,nan
397,0,0,397,1.8455397319555e-13,1.0112942317951e-09,1.257263924276e-15,1.3254525283293e-15,0,3.7e-11,1,0.000181,5.9828824388534e-19,-0.22543187108156,nan
398,0,0,398,1.8322287685728e-13,1.0043179574514e-09,1.2659710447496e-15,1.3344826363382e-15,0,3.7e-11,1,0.000181,5.6401037741783e-19,-0.21521973399586,nan
399,0,0,399,1.8188275035047e-13,9.9729356780174e-10,1.2746809666751e-15,1.3435128411995e-15,0,3.7e-11,1,0.000181,5.3148376463641e-19,-0.20495962047994,nan
400,0,0,400,1.8053359357828e-13,9.9022104732477e-10,1.2855723278334e-15,1.3548007334261e-15,0,3.7e-11,1,0.000181,5.0063267623367e-19,-0.19465193556792,nan
401,0,0,401,1.7917540644392e-13,9.8310038042997e-10,1.2921092652271e-15,1.361573541341e-15,0,3.7e-11,1,0.000181,4.7138381263941e-19,-0.18429708617231,nan
402,0,0,402,1.7780818885065e-13,9.7593155145821e-10,1.3008276667208e-15,1.3706040365171e-15,0,3.7e-11,1,0.000181,4.4366627680753e-19,-0.17389548106789,nan
403,0,0,403,1.7643194070179e-13,9.687145446824e-10,1.3095489194033e-15,1.3796346283364e-15,0,3.7e-11,1,0.000181,4.1741154392542e-19,-0.16344753087603,nan
404,0,0,404,1.7504666190076e-13,9.6144934430817e-10,1.3182730354026e-15,1.388665316711e-15,0,3.7e-11,1,0.000181,3.9255342829604e-19,-0.15295364804862,nan
405,0,0,405,1.7365235235106e-13,9.541359344746e-10,1.3270000267201e-15,1.3976961015393e-15,0,3.7e-11,1,0.000181,3.6902804763608e-19,-0.1424142468508,nan
406,0,0,406,1.7224901195632e-13,9.4677429925488e-10,1.3357299052371e-15,1.4067269827047e-15,0,3.7e-11,1,0.000181,3.4677378502614e-19,-0.13182974334527,nan
407,0,0,407,1.7083664062027e-13,9.3936442265695e-10,1.3444626827159e-15,1.4157579600757e-15,0,3.7e-11,1,0.000181,3.2573124874124e-19,-0.12120055537657,nan
408,0,0,408,1.6941523824679e-13,9.3190628862428e-10,1.3553827489238e-15,1.4270468168551e-15,0,3.7e-11,1,0.000181,3.058432301822e-19,-0.11052710255327,nan
409,0,0,409,1.6798480473994e-13,9.2439988103649e-10,1.3619369809334e-15,1.4338202028361e-15,0,3.7e-11,1,0.000181,2.870546601201e-19,-0.099809806232239,nan
410,0,0,410,1.6654534000392e-13,9.1684518371008e-10,1.3706785245563e-15,1.4428514678896e-15,0,3.7e-11,1,0.000181,2.6931256345805e-19,-0.089049089501762,nan
411,0,0,411,1.6509684394312e-13,9.0924218039915e-10,1.3794230129002e-15,1.4518828284759e-15,0,3.7e-11,1,0.000181,2.5256601270589e-19,-0.078245377164638,nan
412,0,0,412,1.6363931646214e-13,9.0159085479605e-10,1.3881704570874e-15,1.4609142843894e-15,0,3.7e-11,1,0.000181,2.3676608035504e-19,-0.067399095721995,nan
413,0,0,413,1.6217275746578e-13,8.9389119053214e-10,1.3969208681119e-15,1.469945835408e-15,0,3.7e-11,1,0.000181,2.218657903321e-19,-0.056510673355581,nan
414,0,0,414,1.6069716685909e-13,8.8614317117847e-10,1.4056742568426e-15,1.478977481297e-15,0,3.7e-11,1,0.000181,2.0782006870143e-19,-0.0455805399119,nan
415,0,0,415,1.5921254454736e-13,8.7834678024649e-10,1.4144306340166e-15,1.4880092218042e-15,0,3.7e-11,1,0.000181,1.9458569377791e-19,-0.034609126884573,nan
416,0,0,416,1.5771889043613e-13,8.7050200118879e-10,1.4253803241278e-15,1.4992990300864e-15,0,3.7e-11,1,0.000181,1.8212124580327e-19,-0.023596867397468,nan
417,0,0,417,1.5621620443123e-13,8.6260881739979e-10,1.431952395992e-15,1.5060729855891e-15,0,3.7e-11,1,0.000181,1.7038705633008e-19,-0.012544196187252,nan
418,0,0,418,1.5470448643877e-13,8.5466721221647e-10,1.4407178016191e-15,1.515105008286e-15,0,3.7e-11,1,0.000181,1.5934515744979e-19,-0.0014515495870871,nan
419,0,0,419,1.5318373636517e-13,8.4667716891912e-10,1.4516788209017e-15,1.5263951680413e-15,0,3.7e-11,1,0.000181,1.4895923099257e-19,0.0096806344912098,5.3281136934724e-18
420,0,0,420,1.516539541172e-13,8.3863867073203e-10,1.4582577132273e-15,1.5331693337177e-15,0,3.7e-11,1,0.000181,1.3919455781868e-19,0.020851916574497,3.3981017656744e-16
421,0,0,421,1.5011513960193e-13,8.3055170082423e-10,1.469226348484e-15,1.5444597257454e-15,0,3.7e-11,1,0.000181,1.3001796731306e-19,0.032061855645451,3.4920245314562e-15
422,0,0,422,1.4856729272681e-13,8.2241624231024e-10,1.4758098252075e-15,1.5512340302521e-15,0,3.7e-11,1,0.000181,1.2139778718716e-19,0.043310009159774,1.7796541690999e-14
423,0,0,423,1.4701041339966e-13,8.1423227825078e-10,1.486786125449e-15,1.562524652732e-15,0,3.7e-11,1,0.000181,1.1330379368423e-19,0.054595933064088,6.2370662558218e-14
424,0,0,424,1.4544450152869e-13,8.0599979165353e-10,1.4933742155726e-15,1.5692990949281e-15,0,3.7e-11,1,0.000181,1.0570716227696e-19,0.065919181813171,1.7307916244607e-13
425,0,0,425,1.438695570225e-13,7.9771876547387e-10,1.5021610389455e-15,1.5783317643218e-15,0,3.7e-11,1,0.000181,9.8580418939141e-20,0.077279308387543,4.094403783549e-13
426,0,0,426,1.4228557979013e-13,7.893891826156e-10,1.5131489256305e-15,1.5896227287086e-15,0,3.7e-11,1,0.000181,9.1897392066111e-20,0.088675864311464,8.6242786581728e-13
427,0,0,427,1.4069256974105e-13,7.8101102593171e-10,1.5197439884794e-15,1.5963973750838e-15,0,3.7e-11,1,0.000181,8.5633165111796e-20,0.10010839967024,1.6631406863706e-12
428,0,0,428,1.3909052678518e-13,7.7258427822513e-10,1.5285401328004e-15,1.6054303155472e-15,0,3.7e-11,1,0.000181,7.9764030003908e-20,0.11157646312816,2.9923255756406e-12
429,0,0,429,1.3747945083292e-13,7.6410892224947e-10,1.5373394020347e-15,1.6144633454343e-15,0,3.7e-11,1,0.000181,7.4267441392418e-20,0.1230796019463,5.0907402080928e-12
430,0,0,430,1.3585934179515e-13,7.5558494070978e-10,1.548342896288e-15,1.6257547577902e-15,0,3.7e-11,1,0.000181,6.9121971780502e-20,0.13461736200036,8.270350400493e-12
431,0,0,431,1.3423019958327e-13,7.4701231626329e-10,1.5549473500633e-15,1.6325296714847e-15,0,3.7e-11,1,0.000181,6.4307267581401e-20,0.14618928779856,1.2926356308746e-11
432,0,0,432,1.3259202410918e-13,7.3839103152021e-10,1.5637560459201e-15,1.641562966608e-15,0,3.7e-11,1,0.000181,5.9804006139134e-20,0.15779492249985,1.955004397568e-11
433,0,0,433,1.3094481528533e-13,7.2972106904446e-10,1.5725679008202e-15,1.6505963490746e-15,0,3.7e-11,1,0.000181,5.5593853745807e-20,0.1694338079317,2.8742459274158e-11
434,0,0,434,1.2928857302473e-13,7.2100241135444e-10,1.583587174307e-15,1.6618881991252e-15,0,3.7e-11,1,0.000181,5.1659424683256e-20,0.18110548460814,4.1228901543661e-11
435,0,0,435,1.2762329724097e-13,7.1223504092378e-10,1.5902011203555e-15,1.6686633737688e-15,0,3.7e-11,1,0.000181,4.7984241312108e-20,0.1928094917481,5.7874234155975e-11
436,0,0,436,1.2594898784821e-13,7.0341894018216e-10,1.6012283443822e-15,1.6799554383838e-15,0,3.7e-11,1,0.000181,4.4552695226846e-20,0.20454536729338,7.9699008945404e-11
437,0,0,437,1.2426564476123e-13,6.9455409151602e-10,1.6078470724945e-15,1.6867307408536e-15,0,3.7e-11,1,0.000181,4.1350009491324e-20,0.21631264792708,1.0789640095856e-10
438,0,0,438,1.2257326789548e-13,6.8564047726929e-10,1.6188822858423e-15,1.6980230168904e-15,0,3.7e-11,1,0.000181,3.83622019652e-20,0.22811086908421,1.4384994932705e-10
439,0,0,439,1.20871857167e-13,6.7667807974436e-10,1.6255058188503e-15,1.7047984452799e-15,0,3.7e-11,1,0.000181,3.557604972808e-20,0.23993956498838,1.8915209945261e-10
440,0,0,440,1.1916141249248e-13,6.6766688120276e-10,1.634340008467e-15,1.7138324224043e-15,0,3.7e-11,1,0.000181,3.2979054604731e-20,0.25179826866065,2.4562354064011e-10
441,0,0,441,1.1744193378931e-13,6.5860686386587e-10,1.6453872753184e-15,1.7251250095271e-15,0,3.7e-11,1,0.000181,3.0559409791485e-20,0.26368651193229,3.1533333256737e-10
442,0,0,442,1.1571342097559e-13,6.4949800991574e-10,1.6520180566293e-15,1.7319006229869e-15,0,3.7e-11,1,0.000181,2.8305967580996e-20,0.27560382546775,4.0061981303195e-10
443,0,0,443,1.1397587397013e-13,6.4034030149591e-10,1.6608619291583e-15,1.7409348450168e-15,0,3.7e-11,1,0.000181,2.6208208179758e-20,0.2875497387831,5.0411227828373e-10
444,0,0,444,1.1222929269247e-13,6.3113372071216e-10,1.6697090430701e-15,1.7499691472231e-15,0,3.7e-11,1,0.000181,2.4256209610246e-20,0.29952378026473,6.2875342625367e-10
445,0,0,445,1.104736770629e-13,6.2187824963333e-10,1.6785594049986e-15,1.759003528846e-15,0,3.7e-11,1,0.000181,2.2440618687216e-20,0.31152547718793,7.7782255186358e-10
446,0,0,446,1.0870902700251e-13,6.1257387029209e-10,1.6896269348084e-15,1.7702966163663e-15,0,3.7e-11,1,0.000181,2.0752623055612e-20,0.32355435573547,9.5495948247259e-10
447,0,0,447,1.0693534243314e-13,6.0322056468578e-10,1.6962698987263e-15,1.7770725272086e-15,0,3.7e-11,1,0.000181,1.9183924275546e-20,0.3356099410165,1.1641892403537e-09
448,0,0,448,1.0515262327746e-13,5.9381831477712e-10,1.7051300430741e-15,1.7861071423353e-15,0,3.7e-11,1,0.000181,1.7726711938136e-20,0.34769175708513,1.409947417902e-09
449,0,0,449,1.0336086945897e-13,5.8436710249513e-10,1.7139934605343e-15,1.7951418336526e-15,0,3.7e-11,1,0.000181,1.6373638794391e-20,0.35979932695934,1.6971062500834e-09
450,0,0,450,1.0156008090201e-13,5.748669097358e-10,1.7228601570214e-15,1.8041766003067e-15,0,3.7e-11,1,0.000181,1.5117796877973e-20,0.37193217263979,2.0310013674067e-09
451,0,0,451,9.9750257531789e-14,5.6531771836301e-10,1.7339481475316e-15,1.8154701632357e-15,0,3.7e-11,1,0.000181,1.3952694601417e-20,0.38408981512861,2.4174592114783e-09
452,0,0,452,9.7931399274394e-14,5.5571951020925e-10,1.7406034099947e-15,1.8222463561162e-15,0,3.7e-11,1,0.000181,1.287223480436e-20,0.39627177444838,2.8628250939602e-09
453,0,0,453,9.6103506056823e-14,5.4607226707648e-10,1.7516996350829e-15,1.833540101552e-15,0,3.7e-11,1,0.000181,1.1870693731375e-20,0.408477569661,3.3739918785076e-09
454,0,0,454,9.4266577806994e-14,5.363759707369e-10,1.7605803300009e-15,1.8425751784214e-15,0,3.7e-11,1,0.000181,1.0942700916245e-20,0.42070671888684,3.9584292640225e-09
455,0,0,455,9.2420614453767e-14,5.2663060293379e-10,1.7694643325877e-15,1.8516103258321e-15,0,3.7e-11,1,0.000181,1.0083219948877e-20,0.43295873932362,4.6242136463007e-09
456,0,0,456,9.0565615926964e-14,5.1683614538233e-10,1.7761295081976e-15,1.8583867320977e-15,0,3.7e-11,1,0.000181,9.2875301004847e-21,0.44523314726571,5.3800585339233e-09
457,0,0,457,8.870158215739e-14,5.0699257977039e-10,1.78724228061e-15,1.8696808283614e-15,0,3.7e-11,1,0.000181,8.55120878233e-21,0.45752945812297,6.2353454929676e-09
458,0,0,458,8.682851307685e-14,4.9709988775933e-10,1.79391243514e-15,1.8764573369173e-15,0,3.7e-11,1,0.000181,7.8701148129362e-21,0.46984718643989,7.2001555939151e-09
459,0,0,459,8.494640861817e-14,4.8715805098487e-10,1.8050335173518e-15,1.8877516011103e-15,0,3.7e-11,1,0.000181,7.2403724685455e-21,0.48218584591484,8.2853013329088e-09
460,0,0,460,8.3055268715217e-14,4.7716705105789e-10,1.8117086645162e-15,1.8945282088637e-15,0,3.7e-11,1,0.000181,6.6583562914515e-21,0.4945449494193,9.5023589982572e-09
461,0,0,461,8.1155093302918e-14,4.6712686956522e-10,1.8206117786269e-15,1.903563742376e-15,0,3.7e-11,1,0.000181,6.1206766308303e-21,0.50692400901697,1.0863701451896e-08
462,0,0,462,7.9245882317283e-14,4.5703748807052e-10,1.8295182312573e-15,1.9125993394695e-15,0,3.7e-11,1,0.000181,5.6241658907496e-21,0.51932253598345,1.2382531294406e-08
463,0,0,463,7.7327635695421e-14,4.4689888811506e-10,1.8384280264034e-15,1.9216349990357e-15,0,3.7e-11,1,0.000181,5.1658654601652e-21,0.53174004082508,1.4072914380784e-08
464,0,0,464,7.5400353375565e-14,4.3671105121858e-10,1.8495699765895e-15,1.932929659623e-15,0,3.7e-11,1,0.000181,4.7430132999153e-21,0.54417603329823,1.5949813653303e-08
465,0,0,465,7.3464035297088e-14,4.2647395888009e-10,1.8562576594629e-15,1.9397065010481e-15,0,3.7e-11,1,0.000181,4.3530321619803e-21,0.5566300224292,1.8029123256576e-08
466,0,0,466,7.1518681400525e-14,4.1618759257872e-10,1.8651775046143e-15,1.9487423411747e-15,0,3.7e-11,1,0.000181,3.9935184165899e-21,0.56910151653317,2.032770289854e-08
467,0,0,467,6.9564291627597e-14,4.0585193377454e-10,1.8763320321964e-15,1.9600372225185e-15,0,3.7e-11,1,0.000181,3.662231463123e-21,0.58159002323348,2.2863412420403e-08
468,0,0,468,6.7600865921226e-14,3.9546696390942e-10,1.8830272691137e-15,1.9668141937141e-15,0,3.7e-11,1,0.000181,3.3570837011519e-21,0.59409504948163,2.5655146537444e-08
469,0,0,469,6.562840422556e-14,3.8503266440783e-10,1.8919571947938e-15,1.9758502036828e-15,0,3.7e-11,1,0.000181,3.0761310384307e-21,0.60661610157632,2.8722869711122e-08
470,0,0,470,6.3646906485993e-14,3.745490166777e-10,1.90312433602e-15,1.9871452921221e-15,0,3.7e-11,1,0.000181,2.8175639131042e-21,0.61915268518299,3.2087651112514e-08
471,0,0,471,6.1656372649183e-14,3.6401600211125e-10,1.9098271477044e-15,1.9939223847506e-15,0,3.7e-11,1,0.000181,2.5796988079293e-21,0.63170430535358,3.5771699635829e-08
472,0,0,472,5.9656802663079e-14,3.5343360208584e-10,1.9210027156354e-15,2.0052176033147e-15,0,3.7e-11,1,0.000181,2.360970234831e-21,0.64427046654579,3.9798398919666e-08
473,0,0,473,5.7648196476938e-14,3.4280179796479e-10,1.9277105871602e-15,2.0119947720559e-15,0,3.7e-11,1,0.000181,2.1599231686761e-21,0.65685067264284,4.4192342333154e-08
474,0,0,474,5.5630554041347e-14,3.3212057109826e-10,1.9366573704501e-15,2.0210310397416e-15,0,3.7e-11,1,0.000181,1.9752059097229e-21,0.66944442697311,4.8979367882957e-08
475,0,0,475,5.3603875308245e-14,3.2138990282407e-10,1.9478456010426e-15,2.0323264410535e-15,0,3.7e-11,1,0.000181,1.8055633547898e-21,0.6820512323297,5.4186592996265e-08
476,0,0,476,5.1568160230944e-14,3.1060977446852e-10,1.9545610750327e-15,2.0391037163795e-15,0,3.7e-11,1,0.000181,1.649830657795e-21,0.69467059098985,5.9842449134219e-08
477,0,0,477,4.9523408764151e-14,2.997801673473e-10,1.9657577602405e-15,2.0503992309168e-15,0,3.7e-11,1,0.000181,1.5069272609177e-21,0.70730200473494,6.5976716189688e-08
478,0,0,478,4.7469620863992e-14,2.8890106276628e-10,1.9747189160085e-15,2.0594356910335e-15,0,3.7e-11,1,0.000181,1.3758512782548e-21,0.71994497487001,7.2620556621988e-08
479,0,0,479,4.5406796488029e-14,2.779724420224e-10,1.9814420049469e-15,2.0662130634537e-15,0,3.7e-11,1,0.000181,1.2556742144569e-21,0.73259900224363,7.9806549281078e-08
480,0,0,480,4.3334935595286e-14,2.669942864045e-10,1.9926513874973e-15,2.0775087343749e-15,0,3.7e-11,1,0.000181,1.1455360014482e-21,0.74526358726722,8.7568722872534e-08
481,0,0,481,4.1254038146269e-14,2.5596657719417e-10,2.0016227058027e-15,2.0865453146285e-15,0,3.7e-11,1,0.000181,1.0446403369486e-21,0.75793822993516,9.5942589014988e-08
482,0,0,482,3.916410410299e-14,2.4488929566661e-10,2.0083534190612e-15,2.0933227742085e-15,0,3.7e-11,1,0.000181,9.5225030912856e-22,0.77062242984424,1.0496517483984e-07
483,0,0,483,3.7065133428988e-14,2.337624230915e-10,2.0195755128348e-15,2.1046185847072e-15,0,3.7e-11,1,0.000181,8.6768429233294e-22,0.78331568621368,1.1467505508398e-07
484,0,0,484,3.495712608935e-14,2.2258594073381e-10,2.0285570032164e-15,2.1136552714273e-15,0,3.7e-11,1,0.000181,7.9031209940967e-22,0.79601749790489,1.2511238362468e-07
485,0,0,485,3.2840082050737e-14,2.1135982985471e-10,2.037541885686e-15,2.1226919904938e-15,0,3.7e-11,1,0.000181,7.1955137676823e-22,0.80872736344119,1.3631892440592e-07
486,0,0,486,3.0714001281405e-14,2.0008407171242e-10,2.0465301606837e-15,2.1317287402979e-15,0,3.7e-11,1,0.000181,6.548642288748e-22,0.82144478102772,1.4833808170538e-07
487,0,0,487,2.8578883751225e-14,1.8875864756302e-10,2.0555218284931e-15,2.1407655192078e-15,0,3.7e-11,1,0.000181,5.9575405945997e-22,0.83416924857112,1.6121492969014e-07
488,0,0,488,2.6434729431711e-14,1.7738353866136e-10,2.0645168892425e-15,2.149802325569e-15,0,3.7e-11,1,0.000181,5.4176261727247e-22,0.84690026369942,1.7499624121015e-07
489,0,0,489,2.4281538296039e-14,1.6595872626192e-10,2.0735153429032e-15,2.158839157704e-15,0,3.7e-11,1,0.000181,4.9246723475773e-22,0.85963732378202,1.8973051577732e-07
490,0,0,490,2.2119310319071e-14,1.5448419161964e-10,2.082517189292e-15,2.1678760139122e-15,0,3.7e-11,1,0.000181,4.47478248571e-22,0.87237992594942,2.0546800667829e-07
491,0,0,491,1.9948045477378e-14,1.4295991599079e-10,2.0915224280691e-15,2.1769128924697e-15,0,3.7e-11,1,0.000181,4.0643659135266e-22,0.88512756711304,2.2226074716899e-07
492,0,0,492,1.7767743749264e-14,1.3138588063388e-10,2.1005310587361e-15,2.1859497916294e-15,0,3.7e-11,1,0.000181,3.6901154469534e-22,0.8978797439852,2.401625756993e-07
493,0,0,493,1.5578405114789e-14,1.1976206681046e-10,2.1095430806404e-15,2.1949867096209e-15,0,3.7e-11,1,0.000181,3.3489864372077e-22,0.91063595309906,2.5922916011574e-07
494,0,0,494,1.3380029555793e-14,1.0808845578602e-10,2.1185584929722e-15,2.2040236446501e-15,0,3.7e-11,1,0.000181,3.0381772415635e-22,0.92339569082837,2.7951802079011e-07
495,0,0,495,1.1172617055917e-14,9.6365028830864e-11,2.1275772947634e-15,2.2130605948994e-15,0,3.7e-11,1,0.000181,2.7551110325817e-22,0.93615845340745,3.0108855262305e-07
496,0,0,496,8.9561676006294e-15,8.4591767220946e-11,2.1365994848904e-15,2.2220975585276e-15,0,3.7e-11,1,0.000181,2.4974188636861e-22,0.94892373695115,3.2400204587095e-07
497,0,0,497,6.7306811772497e-15,7.2768652238771e-11,2.1456250620718e-15,2.2311345336693e-15,0,3.7e-11,1,0.000181,2.2629239132196e-22,0.96169103747466,3.483217057448e-07
498,0,0,498,4.4961577749706e-15,6.0895665174244e-11,2.1546540248686e-15,2.2401715184356e-15,0,3.7e-11,1,0.000181,2.0496268332108e-22,0.97445985091347,3.7411267073088e-07
499,0,0,499,2.252597384883e-15,4.8972787325545e-11,2.1614279678222e-15,2.2469492621765e-15,0,3.7e-11,1,0.000181,1.8556921330217e-22,0.9872296731433,4.0144202958265e-07
500,0,0,500,0,3.7e-11,2.170462851511e-15,2.2559862591678e-15,0,3.7e-11,1,0.000181,1.6794355318329e-22,1,4.3037883693406e-07
